trial_id,model_name,params,avg_f1,std_f1,avg_kappa,std_kappa,avg_accuracy,std_accuracy,f1_overall,kappa_overall,accuracy_overall,balanced_accuracy,roc_auc_overall,weighted_roc,roc_avg,confusion_matrix,y_pred,y_actual
209,randomforest,"{'criterion': 'gini', 'max_features': 'sqrt', 'n_estimators': 29}",0.6532878782822779,0.1813608257925553,0.27788860361002904,0.3149787608293062,0.6484595657478721,0.17550598008366258,0.6303448275862069,0.26119402985074625,0.6305970149253731,0.6305970149253731,"{0: 0.5993539763867232, 1: 0.599353976386723}","{0: 0.5993539763867232, 1: 0.599353976386723}",0.599353976386723,"[[81 53]
 [46 88]]","[1. 0. 0. 0. 0. 1. 0. 1. 1. 0. 0. 0. 1. 1. 0. 0. 0. 0. 0. 0. 0. 1. 0. 0.
 0. 1. 1. 1. 1. 1. 1. 0. 0. 1. 1. 0. 0. 0. 1. 0. 1. 0. 1. 1. 0. 0. 1. 0.
 0. 0. 1. 0. 0. 1. 1. 0. 1. 1. 0. 1. 1. 0. 1. 0. 0. 0. 1. 1. 1. 1. 0. 1.
 1. 1. 0. 1. 1. 0. 0. 1. 0. 1. 1. 1. 0. 1. 1. 1. 1. 1. 1. 1. 0. 1. 1. 1.
 0. 0. 1. 1. 1. 1. 1. 1. 0. 0. 0. 1. 0. 1. 1. 0. 0. 1. 1. 0. 1. 0. 0. 0.
 1. 1. 0. 1. 1. 1. 1. 1. 0. 0. 0. 1. 1. 0. 1. 1. 0. 1. 0. 1. 1. 0. 0. 0.
 1. 1. 0. 0. 1. 1. 1. 0. 0. 1. 0. 1. 1. 0. 1. 0. 1. 1. 0. 0. 1. 1. 0. 1.
 1. 1. 0. 1. 1. 0. 0. 1. 1. 0. 1. 0. 0. 0. 1. 1. 0. 0. 1. 1. 1. 0. 1. 0.
 1. 1. 0. 0. 0. 1. 0. 0. 1. 0. 1. 1. 0. 0. 0. 1. 1. 1. 0. 1. 1. 0. 0. 0.
 0. 1. 0. 1. 0. 0. 0. 0. 1. 1. 1. 0. 0. 0. 1. 1. 1. 1. 1. 1. 0. 1. 0. 0.
 1. 1. 0. 0. 1. 1. 1. 1. 0. 0. 1. 0. 1. 0. 0. 1. 0. 1. 0. 1. 0. 0. 1. 0.
 1. 0. 1. 0.]","[0. 1. 0. 0. 0. 1. 1. 1. 0. 0. 0. 0. 0. 1. 0. 0. 1. 1. 0. 0. 0. 0. 0. 1.
 0. 0. 1. 0. 1. 0. 0. 1. 0. 1. 1. 0. 0. 0. 1. 0. 0. 0. 1. 1. 1. 0. 1. 0.
 1. 0. 1. 1. 0. 1. 1. 1. 1. 0. 1. 0. 0. 1. 1. 1. 0. 0. 0. 1. 1. 0. 1. 1.
 0. 0. 1. 0. 0. 1. 0. 1. 0. 1. 1. 1. 0. 1. 0. 1. 1. 1. 1. 1. 1. 1. 1. 0.
 0. 0. 1. 1. 1. 0. 0. 1. 1. 1. 0. 0. 0. 1. 1. 1. 0. 0. 0. 0. 1. 1. 1. 0.
 1. 0. 0. 1. 1. 0. 0. 0. 0. 1. 0. 0. 1. 1. 0. 1. 1. 1. 0. 1. 1. 0. 1. 0.
 1. 1. 0. 0. 0. 1. 1. 0. 1. 1. 0. 1. 0. 0. 0. 1. 1. 1. 0. 1. 0. 1. 1. 0.
 1. 0. 0. 1. 1. 0. 0. 1. 0. 1. 1. 0. 0. 1. 0. 0. 1. 1. 0. 1. 1. 0. 0. 0.
 0. 1. 1. 0. 0. 1. 0. 0. 1. 0. 1. 1. 1. 0. 0. 0. 1. 1. 0. 0. 0. 0. 1. 0.
 0. 1. 0. 1. 1. 1. 1. 0. 0. 0. 0. 1. 1. 1. 1. 0. 1. 1. 1. 1. 0. 1. 0. 0.
 1. 0. 0. 1. 1. 1. 1. 1. 0. 0. 1. 1. 1. 0. 0. 1. 0. 1. 0. 0. 1. 0. 1. 0.
 1. 0. 0. 0.]"
829,randomforest,"{'criterion': 'gini', 'max_features': 'sqrt', 'n_estimators': 67}",0.6202105337014677,0.1902610835565392,0.23708756364185005,0.3722726182345621,0.6113598543034027,0.19983657782895456,0.5895293790030631,0.17910447761194026,0.5895522388059702,0.5895522388059702,"{0: 0.6032523947427044, 1: 0.6032523947427044}","{0: 0.6032523947427044, 1: 0.6032523947427044}",0.6032523947427044,"[[78 56]
 [54 80]]","[1. 0. 0. 0. 0. 1. 0. 1. 1. 0. 0. 0. 1. 0. 0. 0. 0. 0. 0. 1. 0. 1. 0. 0.
 0. 0. 1. 1. 1. 1. 1. 0. 0. 0. 1. 0. 1. 0. 1. 0. 0. 0. 1. 1. 0. 0. 1. 1.
 0. 0. 1. 0. 1. 1. 1. 1. 1. 1. 0. 1. 0. 0. 1. 1. 0. 0. 0. 1. 1. 1. 0. 0.
 1. 1. 0. 1. 1. 0. 0. 0. 1. 1. 1. 0. 0. 1. 0. 1. 1. 1. 1. 1. 0. 1. 1. 1.
 0. 0. 1. 1. 0. 1. 0. 0. 0. 0. 0. 0. 0. 1. 0. 0. 0. 1. 1. 0. 1. 0. 0. 0.
 0. 1. 1. 1. 1. 1. 1. 1. 0. 0. 0. 1. 1. 0. 1. 1. 0. 0. 0. 1. 0. 0. 1. 0.
 1. 0. 0. 0. 1. 1. 1. 0. 1. 0. 0. 1. 1. 0. 0. 0. 1. 1. 0. 0. 1. 1. 0. 1.
 1. 1. 0. 1. 1. 0. 0. 1. 1. 0. 1. 0. 0. 0. 1. 1. 0. 1. 1. 1. 0. 0. 0. 1.
 1. 1. 1. 0. 0. 1. 0. 1. 0. 0. 1. 1. 0. 1. 0. 0. 1. 1. 0. 1. 1. 1. 1. 0.
 1. 1. 0. 1. 0. 0. 0. 0. 1. 1. 1. 0. 0. 0. 1. 1. 1. 1. 1. 1. 0. 1. 0. 0.
 1. 1. 0. 0. 1. 1. 1. 1. 0. 1. 1. 0. 1. 0. 0. 1. 0. 1. 0. 1. 0. 0. 1. 1.
 1. 0. 1. 0.]","[0. 1. 0. 0. 0. 1. 1. 1. 0. 0. 0. 0. 0. 1. 0. 0. 1. 1. 0. 0. 0. 0. 0. 1.
 0. 0. 1. 0. 1. 0. 0. 1. 0. 1. 1. 0. 0. 0. 1. 0. 0. 0. 1. 1. 1. 0. 1. 0.
 1. 0. 1. 1. 0. 1. 1. 1. 1. 0. 1. 0. 0. 1. 1. 1. 0. 0. 0. 1. 1. 0. 1. 1.
 0. 0. 1. 0. 0. 1. 0. 1. 0. 1. 1. 1. 0. 1. 0. 1. 1. 1. 1. 1. 1. 1. 1. 0.
 0. 0. 1. 1. 1. 0. 0. 1. 1. 1. 0. 0. 0. 1. 1. 1. 0. 0. 0. 0. 1. 1. 1. 0.
 1. 0. 0. 1. 1. 0. 0. 0. 0. 1. 0. 0. 1. 1. 0. 1. 1. 1. 0. 1. 1. 0. 1. 0.
 1. 1. 0. 0. 0. 1. 1. 0. 1. 1. 0. 1. 0. 0. 0. 1. 1. 1. 0. 1. 0. 1. 1. 0.
 1. 0. 0. 1. 1. 0. 0. 1. 0. 1. 1. 0. 0. 1. 0. 0. 1. 1. 0. 1. 1. 0. 0. 0.
 0. 1. 1. 0. 0. 1. 0. 0. 1. 0. 1. 1. 1. 0. 0. 0. 1. 1. 0. 0. 0. 0. 1. 0.
 0. 1. 0. 1. 1. 1. 1. 0. 0. 0. 0. 1. 1. 1. 1. 0. 1. 1. 1. 1. 0. 1. 0. 0.
 1. 0. 0. 1. 1. 1. 1. 1. 0. 0. 1. 1. 1. 0. 0. 1. 0. 1. 0. 0. 1. 0. 1. 0.
 1. 0. 0. 0.]"
228,randomforest,"{'criterion': 'gini', 'max_features': 'log2', 'n_estimators': 285}",0.6082398333457002,0.20292362550862197,0.23581588703635017,0.3665712068430106,0.6020602996913481,0.20287765243983794,0.5819964349376114,0.16417910447761197,0.582089552238806,0.5820895522388059,"{0: 0.5878257963911784, 1: 0.5878257963911784}","{0: 0.5878257963911784, 1: 0.5878257963911784}",0.5878257963911784,"[[76 58]
 [54 80]]","[1. 0. 0. 0. 0. 1. 0. 1. 1. 0. 0. 0. 1. 0. 0. 0. 1. 0. 0. 0. 0. 1. 0. 0.
 0. 0. 1. 1. 1. 1. 1. 0. 0. 0. 1. 0. 0. 0. 1. 0. 0. 0. 1. 0. 0. 0. 1. 0.
 0. 0. 1. 0. 1. 1. 1. 1. 1. 1. 0. 1. 0. 0. 1. 0. 0. 0. 1. 1. 1. 1. 0. 0.
 0. 1. 0. 1. 1. 0. 0. 0. 1. 1. 1. 0. 0. 1. 1. 1. 1. 1. 1. 1. 0. 1. 1. 1.
 0. 0. 1. 1. 0. 1. 0. 1. 0. 0. 0. 1. 0. 1. 0. 0. 0. 1. 1. 0. 1. 0. 0. 0.
 1. 1. 1. 1. 1. 1. 1. 1. 1. 0. 0. 1. 1. 0. 1. 1. 0. 0. 0. 1. 1. 0. 1. 0.
 1. 0. 0. 0. 1. 1. 1. 0. 1. 1. 0. 1. 1. 0. 1. 0. 1. 1. 0. 0. 1. 1. 0. 1.
 1. 1. 0. 1. 1. 0. 0. 1. 1. 0. 1. 1. 0. 0. 1. 1. 0. 0. 1. 1. 1. 0. 1. 1.
 1. 1. 0. 1. 1. 1. 0. 0. 0. 0. 1. 1. 0. 0. 0. 0. 1. 1. 0. 1. 1. 0. 0. 0.
 1. 1. 0. 0. 0. 0. 0. 0. 1. 1. 1. 0. 1. 0. 1. 1. 1. 1. 1. 1. 0. 1. 0. 0.
 1. 1. 0. 0. 1. 1. 1. 1. 0. 1. 1. 0. 1. 0. 0. 1. 0. 0. 0. 1. 0. 0. 1. 1.
 1. 0. 1. 0.]","[0. 1. 0. 0. 0. 1. 1. 1. 0. 0. 0. 0. 0. 1. 0. 0. 1. 1. 0. 0. 0. 0. 0. 1.
 0. 0. 1. 0. 1. 0. 0. 1. 0. 1. 1. 0. 0. 0. 1. 0. 0. 0. 1. 1. 1. 0. 1. 0.
 1. 0. 1. 1. 0. 1. 1. 1. 1. 0. 1. 0. 0. 1. 1. 1. 0. 0. 0. 1. 1. 0. 1. 1.
 0. 0. 1. 0. 0. 1. 0. 1. 0. 1. 1. 1. 0. 1. 0. 1. 1. 1. 1. 1. 1. 1. 1. 0.
 0. 0. 1. 1. 1. 0. 0. 1. 1. 1. 0. 0. 0. 1. 1. 1. 0. 0. 0. 0. 1. 1. 1. 0.
 1. 0. 0. 1. 1. 0. 0. 0. 0. 1. 0. 0. 1. 1. 0. 1. 1. 1. 0. 1. 1. 0. 1. 0.
 1. 1. 0. 0. 0. 1. 1. 0. 1. 1. 0. 1. 0. 0. 0. 1. 1. 1. 0. 1. 0. 1. 1. 0.
 1. 0. 0. 1. 1. 0. 0. 1. 0. 1. 1. 0. 0. 1. 0. 0. 1. 1. 0. 1. 1. 0. 0. 0.
 0. 1. 1. 0. 0. 1. 0. 0. 1. 0. 1. 1. 1. 0. 0. 0. 1. 1. 0. 0. 0. 0. 1. 0.
 0. 1. 0. 1. 1. 1. 1. 0. 0. 0. 0. 1. 1. 1. 1. 0. 1. 1. 1. 1. 0. 1. 0. 0.
 1. 0. 0. 1. 1. 1. 1. 1. 0. 0. 1. 1. 1. 0. 0. 1. 0. 1. 0. 0. 1. 0. 1. 0.
 1. 0. 0. 0.]"
742,randomforest,"{'criterion': 'gini', 'max_features': 'sqrt', 'n_estimators': 441}",0.6121538485838506,0.19815603148307853,0.23571113155545076,0.3625817654411821,0.6052083109542786,0.20331924193033676,0.5930059212817833,0.18656716417910446,0.5932835820895522,0.5932835820895522,"{0: 0.5921697482735576, 1: 0.5921697482735576}","{0: 0.5921697482735576, 1: 0.5921697482735576}",0.5921697482735576,"[[76 58]
 [51 83]]","[1. 0. 0. 0. 0. 1. 0. 1. 1. 0. 0. 0. 1. 0. 0. 0. 1. 0. 0. 0. 0. 1. 0. 0.
 0. 0. 1. 1. 1. 1. 1. 0. 0. 0. 1. 0. 0. 0. 1. 0. 0. 0. 1. 0. 0. 0. 1. 1.
 0. 0. 1. 0. 0. 1. 1. 1. 1. 1. 0. 1. 0. 0. 1. 0. 0. 0. 1. 1. 1. 1. 0. 0.
 1. 1. 0. 1. 1. 0. 1. 0. 1. 1. 1. 0. 0. 1. 0. 1. 1. 1. 1. 1. 0. 1. 1. 1.
 0. 0. 1. 1. 0. 1. 0. 0. 0. 0. 0. 1. 0. 1. 0. 0. 0. 1. 1. 0. 1. 0. 0. 0.
 0. 1. 1. 1. 1. 1. 1. 1. 1. 0. 0. 1. 1. 0. 1. 1. 0. 1. 0. 1. 1. 0. 1. 0.
 1. 0. 0. 0. 1. 1. 1. 0. 1. 1. 0. 1. 1. 0. 1. 0. 1. 1. 0. 0. 1. 1. 0. 1.
 1. 1. 0. 1. 1. 0. 0. 1. 1. 0. 1. 0. 0. 1. 1. 1. 0. 0. 1. 1. 0. 0. 1. 1.
 1. 1. 1. 0. 1. 1. 0. 0. 0. 0. 1. 1. 0. 0. 0. 0. 1. 1. 0. 1. 1. 1. 1. 0.
 1. 1. 0. 1. 0. 0. 0. 0. 1. 1. 1. 0. 1. 0. 1. 1. 1. 1. 1. 1. 0. 1. 0. 0.
 1. 1. 0. 0. 1. 1. 1. 1. 0. 1. 1. 0. 1. 0. 0. 1. 0. 1. 0. 1. 0. 0. 1. 1.
 1. 0. 1. 0.]","[0. 1. 0. 0. 0. 1. 1. 1. 0. 0. 0. 0. 0. 1. 0. 0. 1. 1. 0. 0. 0. 0. 0. 1.
 0. 0. 1. 0. 1. 0. 0. 1. 0. 1. 1. 0. 0. 0. 1. 0. 0. 0. 1. 1. 1. 0. 1. 0.
 1. 0. 1. 1. 0. 1. 1. 1. 1. 0. 1. 0. 0. 1. 1. 1. 0. 0. 0. 1. 1. 0. 1. 1.
 0. 0. 1. 0. 0. 1. 0. 1. 0. 1. 1. 1. 0. 1. 0. 1. 1. 1. 1. 1. 1. 1. 1. 0.
 0. 0. 1. 1. 1. 0. 0. 1. 1. 1. 0. 0. 0. 1. 1. 1. 0. 0. 0. 0. 1. 1. 1. 0.
 1. 0. 0. 1. 1. 0. 0. 0. 0. 1. 0. 0. 1. 1. 0. 1. 1. 1. 0. 1. 1. 0. 1. 0.
 1. 1. 0. 0. 0. 1. 1. 0. 1. 1. 0. 1. 0. 0. 0. 1. 1. 1. 0. 1. 0. 1. 1. 0.
 1. 0. 0. 1. 1. 0. 0. 1. 0. 1. 1. 0. 0. 1. 0. 0. 1. 1. 0. 1. 1. 0. 0. 0.
 0. 1. 1. 0. 0. 1. 0. 0. 1. 0. 1. 1. 1. 0. 0. 0. 1. 1. 0. 0. 0. 0. 1. 0.
 0. 1. 0. 1. 1. 1. 1. 0. 0. 0. 0. 1. 1. 1. 1. 0. 1. 1. 1. 1. 0. 1. 0. 0.
 1. 0. 0. 1. 1. 1. 1. 1. 0. 0. 1. 1. 1. 0. 0. 1. 0. 1. 0. 0. 1. 0. 1. 0.
 1. 0. 0. 0.]"
804,randomforest,"{'criterion': 'gini', 'max_features': 'sqrt', 'n_estimators': 565}",0.6107208507537941,0.20206524428873207,0.23283231279516456,0.35889411880188693,0.6045401712236389,0.20599956695582441,0.5932326115713986,0.18656716417910446,0.5932835820895522,0.5932835820895522,"{0: 0.5924760525729561, 1: 0.5924760525729561}","{0: 0.5924760525729561, 1: 0.5924760525729561}",0.5924760525729561,"[[78 56]
 [53 81]]","[1. 0. 0. 0. 0. 1. 0. 1. 1. 0. 0. 0. 1. 0. 0. 0. 1. 0. 0. 0. 0. 1. 0. 0.
 0. 0. 1. 1. 1. 1. 1. 0. 0. 0. 1. 0. 0. 0. 1. 0. 0. 0. 1. 0. 0. 0. 1. 0.
 0. 0. 1. 0. 1. 1. 1. 1. 1. 1. 0. 1. 0. 0. 1. 1. 0. 0. 1. 1. 1. 1. 0. 0.
 1. 1. 0. 1. 1. 0. 0. 0. 1. 1. 1. 0. 0. 1. 0. 1. 1. 1. 1. 1. 0. 1. 1. 1.
 0. 0. 1. 1. 0. 1. 0. 0. 0. 0. 0. 1. 0. 1. 0. 0. 0. 1. 1. 0. 1. 0. 0. 0.
 0. 1. 1. 1. 1. 1. 1. 1. 1. 0. 0. 1. 1. 0. 1. 1. 0. 1. 0. 1. 1. 0. 0. 0.
 0. 0. 0. 0. 1. 1. 1. 0. 1. 1. 0. 1. 1. 0. 1. 0. 1. 1. 0. 0. 1. 1. 0. 1.
 1. 1. 0. 1. 1. 0. 0. 1. 1. 0. 1. 0. 0. 1. 1. 1. 0. 0. 1. 1. 0. 0. 1. 1.
 1. 1. 1. 0. 1. 1. 0. 0. 0. 0. 1. 1. 0. 0. 0. 0. 1. 1. 0. 1. 1. 1. 0. 0.
 1. 1. 0. 1. 0. 0. 0. 0. 1. 1. 1. 0. 1. 0. 1. 1. 1. 1. 1. 1. 0. 1. 0. 0.
 1. 1. 0. 0. 1. 1. 1. 1. 0. 0. 1. 0. 1. 0. 0. 1. 0. 1. 0. 1. 0. 0. 1. 1.
 1. 0. 1. 0.]","[0. 1. 0. 0. 0. 1. 1. 1. 0. 0. 0. 0. 0. 1. 0. 0. 1. 1. 0. 0. 0. 0. 0. 1.
 0. 0. 1. 0. 1. 0. 0. 1. 0. 1. 1. 0. 0. 0. 1. 0. 0. 0. 1. 1. 1. 0. 1. 0.
 1. 0. 1. 1. 0. 1. 1. 1. 1. 0. 1. 0. 0. 1. 1. 1. 0. 0. 0. 1. 1. 0. 1. 1.
 0. 0. 1. 0. 0. 1. 0. 1. 0. 1. 1. 1. 0. 1. 0. 1. 1. 1. 1. 1. 1. 1. 1. 0.
 0. 0. 1. 1. 1. 0. 0. 1. 1. 1. 0. 0. 0. 1. 1. 1. 0. 0. 0. 0. 1. 1. 1. 0.
 1. 0. 0. 1. 1. 0. 0. 0. 0. 1. 0. 0. 1. 1. 0. 1. 1. 1. 0. 1. 1. 0. 1. 0.
 1. 1. 0. 0. 0. 1. 1. 0. 1. 1. 0. 1. 0. 0. 0. 1. 1. 1. 0. 1. 0. 1. 1. 0.
 1. 0. 0. 1. 1. 0. 0. 1. 0. 1. 1. 0. 0. 1. 0. 0. 1. 1. 0. 1. 1. 0. 0. 0.
 0. 1. 1. 0. 0. 1. 0. 0. 1. 0. 1. 1. 1. 0. 0. 0. 1. 1. 0. 0. 0. 0. 1. 0.
 0. 1. 0. 1. 1. 1. 1. 0. 0. 0. 0. 1. 1. 1. 1. 0. 1. 1. 1. 1. 0. 1. 0. 0.
 1. 0. 0. 1. 1. 1. 1. 1. 0. 0. 1. 1. 1. 0. 0. 1. 0. 1. 0. 0. 1. 0. 1. 0.
 1. 0. 0. 0.]"
982,randomforest,"{'criterion': 'gini', 'max_features': 'sqrt', 'n_estimators': 341}",0.6232485394978033,0.1915121275302644,0.23236381207802545,0.35896313553471504,0.6144160032768904,0.19802062630853978,0.6006072507973649,0.20149253731343286,0.6007462686567164,0.6007462686567164,"{0: 0.5972098462909334, 1: 0.5972098462909334}","{0: 0.5972098462909334, 1: 0.5972098462909334}",0.5972098462909334,"[[78 56]
 [51 83]]","[1. 0. 0. 0. 0. 1. 0. 1. 1. 0. 0. 0. 1. 0. 0. 0. 1. 0. 0. 0. 0. 1. 0. 0.
 0. 0. 1. 1. 1. 1. 1. 0. 0. 0. 1. 0. 1. 0. 1. 0. 1. 0. 1. 0. 0. 0. 1. 1.
 0. 0. 1. 0. 0. 1. 1. 1. 1. 1. 0. 1. 0. 0. 1. 1. 0. 0. 1. 1. 1. 1. 0. 0.
 1. 1. 0. 1. 1. 0. 0. 0. 0. 1. 1. 0. 0. 1. 0. 1. 1. 1. 1. 1. 0. 1. 1. 1.
 0. 0. 1. 1. 0. 1. 0. 1. 0. 0. 0. 1. 0. 1. 0. 0. 0. 1. 1. 0. 1. 0. 0. 0.
 0. 1. 1. 1. 1. 1. 1. 1. 1. 0. 0. 1. 1. 0. 1. 1. 0. 1. 0. 1. 1. 0. 1. 0.
 1. 0. 0. 0. 1. 1. 1. 0. 1. 1. 0. 1. 1. 0. 1. 0. 1. 1. 0. 0. 1. 1. 0. 1.
 1. 1. 0. 1. 1. 0. 0. 1. 1. 0. 1. 0. 0. 1. 1. 1. 0. 0. 1. 1. 0. 0. 0. 1.
 0. 1. 1. 0. 1. 1. 0. 1. 0. 0. 1. 1. 0. 0. 0. 0. 1. 1. 0. 1. 1. 1. 0. 0.
 1. 1. 0. 1. 0. 0. 0. 0. 1. 1. 1. 0. 1. 0. 1. 1. 1. 1. 1. 1. 0. 1. 0. 0.
 1. 1. 0. 0. 1. 1. 0. 1. 0. 0. 1. 0. 1. 0. 0. 1. 0. 1. 0. 1. 0. 0. 1. 1.
 1. 0. 1. 0.]","[0. 1. 0. 0. 0. 1. 1. 1. 0. 0. 0. 0. 0. 1. 0. 0. 1. 1. 0. 0. 0. 0. 0. 1.
 0. 0. 1. 0. 1. 0. 0. 1. 0. 1. 1. 0. 0. 0. 1. 0. 0. 0. 1. 1. 1. 0. 1. 0.
 1. 0. 1. 1. 0. 1. 1. 1. 1. 0. 1. 0. 0. 1. 1. 1. 0. 0. 0. 1. 1. 0. 1. 1.
 0. 0. 1. 0. 0. 1. 0. 1. 0. 1. 1. 1. 0. 1. 0. 1. 1. 1. 1. 1. 1. 1. 1. 0.
 0. 0. 1. 1. 1. 0. 0. 1. 1. 1. 0. 0. 0. 1. 1. 1. 0. 0. 0. 0. 1. 1. 1. 0.
 1. 0. 0. 1. 1. 0. 0. 0. 0. 1. 0. 0. 1. 1. 0. 1. 1. 1. 0. 1. 1. 0. 1. 0.
 1. 1. 0. 0. 0. 1. 1. 0. 1. 1. 0. 1. 0. 0. 0. 1. 1. 1. 0. 1. 0. 1. 1. 0.
 1. 0. 0. 1. 1. 0. 0. 1. 0. 1. 1. 0. 0. 1. 0. 0. 1. 1. 0. 1. 1. 0. 0. 0.
 0. 1. 1. 0. 0. 1. 0. 0. 1. 0. 1. 1. 1. 0. 0. 0. 1. 1. 0. 0. 0. 0. 1. 0.
 0. 1. 0. 1. 1. 1. 1. 0. 0. 0. 0. 1. 1. 1. 1. 0. 1. 1. 1. 1. 0. 1. 0. 0.
 1. 0. 0. 1. 1. 1. 1. 1. 0. 0. 1. 1. 1. 0. 0. 1. 0. 1. 0. 0. 1. 0. 1. 0.
 1. 0. 0. 0.]"
754,randomforest,"{'criterion': 'gini', 'max_features': 'sqrt', 'n_estimators': 143}",0.6085613346646053,0.20211297775113019,0.23232069271315983,0.3881103426673111,0.6003780120715604,0.2115422206052473,0.5857689897653693,0.17164179104477617,0.585820895522388,0.585820895522388,"{0: 0.5916128313655602, 1: 0.5916128313655603}","{0: 0.5916128313655602, 1: 0.5916128313655603}",0.5916128313655603,"[[77 57]
 [54 80]]","[1. 0. 0. 0. 0. 1. 0. 1. 1. 0. 0. 0. 1. 0. 0. 0. 0. 0. 0. 0. 0. 1. 0. 0.
 0. 0. 1. 1. 1. 1. 1. 0. 0. 0. 1. 0. 0. 0. 1. 0. 0. 0. 1. 0. 0. 0. 1. 1.
 0. 0. 1. 1. 1. 1. 1. 1. 1. 1. 0. 1. 0. 0. 1. 1. 0. 0. 1. 1. 1. 1. 0. 0.
 0. 1. 0. 1. 1. 0. 0. 0. 1. 1. 1. 0. 0. 1. 0. 1. 1. 1. 1. 1. 0. 1. 1. 1.
 0. 0. 1. 1. 0. 1. 1. 0. 0. 0. 0. 1. 0. 1. 0. 0. 0. 1. 1. 0. 1. 0. 0. 0.
 0. 1. 1. 1. 1. 1. 1. 1. 0. 0. 0. 1. 1. 0. 1. 1. 0. 1. 0. 1. 1. 0. 1. 0.
 0. 0. 0. 0. 1. 1. 1. 0. 1. 0. 0. 1. 1. 0. 1. 0. 1. 1. 0. 0. 1. 1. 0. 1.
 1. 1. 0. 1. 1. 0. 0. 1. 1. 0. 1. 0. 0. 1. 1. 1. 0. 0. 1. 1. 0. 0. 1. 1.
 1. 1. 1. 1. 0. 1. 0. 0. 0. 0. 1. 1. 0. 0. 0. 1. 1. 1. 0. 1. 1. 1. 1. 0.
 1. 1. 0. 0. 0. 0. 0. 0. 1. 1. 1. 0. 1. 0. 1. 1. 1. 1. 1. 1. 0. 1. 0. 0.
 1. 1. 0. 0. 1. 1. 1. 1. 0. 1. 1. 0. 1. 0. 0. 1. 0. 0. 0. 1. 0. 0. 1. 0.
 1. 0. 1. 0.]","[0. 1. 0. 0. 0. 1. 1. 1. 0. 0. 0. 0. 0. 1. 0. 0. 1. 1. 0. 0. 0. 0. 0. 1.
 0. 0. 1. 0. 1. 0. 0. 1. 0. 1. 1. 0. 0. 0. 1. 0. 0. 0. 1. 1. 1. 0. 1. 0.
 1. 0. 1. 1. 0. 1. 1. 1. 1. 0. 1. 0. 0. 1. 1. 1. 0. 0. 0. 1. 1. 0. 1. 1.
 0. 0. 1. 0. 0. 1. 0. 1. 0. 1. 1. 1. 0. 1. 0. 1. 1. 1. 1. 1. 1. 1. 1. 0.
 0. 0. 1. 1. 1. 0. 0. 1. 1. 1. 0. 0. 0. 1. 1. 1. 0. 0. 0. 0. 1. 1. 1. 0.
 1. 0. 0. 1. 1. 0. 0. 0. 0. 1. 0. 0. 1. 1. 0. 1. 1. 1. 0. 1. 1. 0. 1. 0.
 1. 1. 0. 0. 0. 1. 1. 0. 1. 1. 0. 1. 0. 0. 0. 1. 1. 1. 0. 1. 0. 1. 1. 0.
 1. 0. 0. 1. 1. 0. 0. 1. 0. 1. 1. 0. 0. 1. 0. 0. 1. 1. 0. 1. 1. 0. 0. 0.
 0. 1. 1. 0. 0. 1. 0. 0. 1. 0. 1. 1. 1. 0. 0. 0. 1. 1. 0. 0. 0. 0. 1. 0.
 0. 1. 0. 1. 1. 1. 1. 0. 0. 0. 0. 1. 1. 1. 1. 0. 1. 1. 1. 1. 0. 1. 0. 0.
 1. 0. 0. 1. 1. 1. 1. 1. 0. 0. 1. 1. 1. 0. 0. 1. 0. 1. 0. 0. 1. 0. 1. 0.
 1. 0. 0. 0.]"
264,randomforest,"{'criterion': 'gini', 'max_features': 'sqrt', 'n_estimators': 327}",0.6129711005040438,0.20771045239893168,0.23093541368464318,0.38414404907976546,0.6055017096851775,0.2130848528996272,0.5931419657655399,0.18656716417910446,0.5932835820895522,0.5932835820895522,"{0: 0.6023613276899086, 1: 0.6023613276899087}","{0: 0.6023613276899086, 1: 0.6023613276899087}",0.6023613276899087,"[[77 57]
 [52 82]]","[1. 0. 0. 0. 0. 1. 0. 1. 1. 0. 1. 0. 1. 0. 0. 0. 1. 0. 0. 0. 0. 1. 0. 0.
 0. 0. 1. 1. 1. 1. 1. 0. 0. 0. 1. 0. 0. 0. 1. 0. 0. 0. 1. 0. 0. 0. 1. 0.
 0. 0. 1. 0. 1. 1. 1. 1. 1. 1. 0. 1. 0. 0. 1. 1. 0. 0. 1. 1. 1. 1. 0. 0.
 1. 1. 0. 1. 1. 0. 0. 0. 1. 1. 1. 0. 0. 1. 0. 1. 1. 1. 1. 1. 0. 1. 1. 1.
 0. 0. 1. 1. 0. 1. 0. 1. 0. 0. 0. 1. 0. 1. 0. 0. 0. 1. 1. 0. 1. 0. 0. 0.
 0. 1. 1. 1. 1. 1. 1. 1. 0. 0. 0. 1. 1. 0. 1. 1. 0. 1. 0. 1. 1. 0. 1. 0.
 1. 0. 0. 0. 1. 1. 1. 0. 1. 1. 0. 1. 1. 0. 1. 0. 1. 1. 0. 0. 1. 1. 0. 1.
 1. 1. 0. 1. 1. 1. 0. 1. 1. 0. 1. 0. 0. 1. 1. 1. 0. 0. 1. 1. 0. 0. 1. 1.
 0. 1. 1. 1. 1. 1. 0. 0. 0. 0. 1. 1. 0. 0. 0. 0. 1. 1. 0. 1. 1. 1. 0. 0.
 1. 1. 0. 1. 0. 0. 0. 0. 1. 1. 1. 0. 0. 0. 1. 1. 1. 1. 1. 1. 0. 1. 0. 0.
 1. 1. 0. 0. 1. 1. 0. 1. 0. 0. 1. 0. 1. 0. 0. 1. 0. 1. 0. 1. 0. 0. 1. 1.
 1. 0. 1. 0.]","[0. 1. 0. 0. 0. 1. 1. 1. 0. 0. 0. 0. 0. 1. 0. 0. 1. 1. 0. 0. 0. 0. 0. 1.
 0. 0. 1. 0. 1. 0. 0. 1. 0. 1. 1. 0. 0. 0. 1. 0. 0. 0. 1. 1. 1. 0. 1. 0.
 1. 0. 1. 1. 0. 1. 1. 1. 1. 0. 1. 0. 0. 1. 1. 1. 0. 0. 0. 1. 1. 0. 1. 1.
 0. 0. 1. 0. 0. 1. 0. 1. 0. 1. 1. 1. 0. 1. 0. 1. 1. 1. 1. 1. 1. 1. 1. 0.
 0. 0. 1. 1. 1. 0. 0. 1. 1. 1. 0. 0. 0. 1. 1. 1. 0. 0. 0. 0. 1. 1. 1. 0.
 1. 0. 0. 1. 1. 0. 0. 0. 0. 1. 0. 0. 1. 1. 0. 1. 1. 1. 0. 1. 1. 0. 1. 0.
 1. 1. 0. 0. 0. 1. 1. 0. 1. 1. 0. 1. 0. 0. 0. 1. 1. 1. 0. 1. 0. 1. 1. 0.
 1. 0. 0. 1. 1. 0. 0. 1. 0. 1. 1. 0. 0. 1. 0. 0. 1. 1. 0. 1. 1. 0. 0. 0.
 0. 1. 1. 0. 0. 1. 0. 0. 1. 0. 1. 1. 1. 0. 0. 0. 1. 1. 0. 0. 0. 0. 1. 0.
 0. 1. 0. 1. 1. 1. 1. 0. 0. 0. 0. 1. 1. 1. 1. 0. 1. 1. 1. 1. 0. 1. 0. 0.
 1. 0. 0. 1. 1. 1. 1. 1. 0. 0. 1. 1. 1. 0. 0. 1. 0. 1. 0. 0. 1. 0. 1. 0.
 1. 0. 0. 0.]"
597,randomforest,"{'criterion': 'gini', 'max_features': 'sqrt', 'n_estimators': 27}",0.6157678073297143,0.1610035411044435,0.22906090162764037,0.3031990517787762,0.6082124827084504,0.16416747546269234,0.5894607843137256,0.17910447761194026,0.5895522388059702,0.5895522388059702,"{0: 0.6040877701047004, 1: 0.6040877701047004}","{0: 0.6040877701047004, 1: 0.6040877701047004}",0.6040877701047004,"[[81 53]
 [57 77]]","[1. 0. 0. 0. 0. 1. 0. 1. 1. 1. 0. 0. 1. 0. 0. 0. 1. 0. 0. 0. 0. 1. 0. 0.
 0. 1. 1. 1. 1. 1. 1. 0. 0. 0. 1. 0. 0. 0. 0. 0. 0. 0. 1. 1. 0. 0. 1. 1.
 0. 0. 0. 1. 0. 1. 1. 0. 1. 1. 0. 1. 0. 0. 1. 1. 0. 0. 1. 1. 1. 1. 0. 0.
 0. 1. 0. 1. 1. 0. 0. 0. 0. 1. 1. 0. 0. 1. 0. 1. 1. 1. 1. 1. 0. 1. 0. 1.
 0. 0. 0. 1. 0. 1. 0. 1. 1. 0. 0. 0. 0. 1. 0. 0. 0. 1. 1. 0. 1. 0. 0. 0.
 1. 1. 0. 1. 1. 1. 1. 1. 1. 0. 0. 1. 1. 0. 1. 1. 0. 0. 0. 0. 1. 0. 0. 0.
 0. 0. 0. 0. 1. 1. 1. 0. 1. 1. 0. 1. 1. 0. 1. 0. 1. 1. 0. 1. 1. 1. 0. 0.
 0. 1. 0. 1. 1. 0. 0. 1. 1. 1. 1. 0. 0. 1. 1. 1. 0. 0. 1. 1. 0. 0. 0. 1.
 0. 1. 0. 0. 1. 1. 0. 1. 0. 0. 0. 1. 0. 0. 0. 0. 1. 1. 0. 1. 1. 1. 0. 0.
 1. 1. 0. 0. 0. 0. 0. 0. 1. 1. 1. 0. 0. 1. 1. 1. 1. 1. 1. 1. 0. 1. 0. 0.
 1. 1. 0. 0. 1. 1. 1. 1. 0. 1. 1. 0. 1. 0. 0. 1. 0. 1. 0. 1. 0. 0. 1. 1.
 1. 0. 1. 0.]","[0. 1. 0. 0. 0. 1. 1. 1. 0. 0. 0. 0. 0. 1. 0. 0. 1. 1. 0. 0. 0. 0. 0. 1.
 0. 0. 1. 0. 1. 0. 0. 1. 0. 1. 1. 0. 0. 0. 1. 0. 0. 0. 1. 1. 1. 0. 1. 0.
 1. 0. 1. 1. 0. 1. 1. 1. 1. 0. 1. 0. 0. 1. 1. 1. 0. 0. 0. 1. 1. 0. 1. 1.
 0. 0. 1. 0. 0. 1. 0. 1. 0. 1. 1. 1. 0. 1. 0. 1. 1. 1. 1. 1. 1. 1. 1. 0.
 0. 0. 1. 1. 1. 0. 0. 1. 1. 1. 0. 0. 0. 1. 1. 1. 0. 0. 0. 0. 1. 1. 1. 0.
 1. 0. 0. 1. 1. 0. 0. 0. 0. 1. 0. 0. 1. 1. 0. 1. 1. 1. 0. 1. 1. 0. 1. 0.
 1. 1. 0. 0. 0. 1. 1. 0. 1. 1. 0. 1. 0. 0. 0. 1. 1. 1. 0. 1. 0. 1. 1. 0.
 1. 0. 0. 1. 1. 0. 0. 1. 0. 1. 1. 0. 0. 1. 0. 0. 1. 1. 0. 1. 1. 0. 0. 0.
 0. 1. 1. 0. 0. 1. 0. 0. 1. 0. 1. 1. 1. 0. 0. 0. 1. 1. 0. 0. 0. 0. 1. 0.
 0. 1. 0. 1. 1. 1. 1. 0. 0. 0. 0. 1. 1. 1. 1. 0. 1. 1. 1. 1. 0. 1. 0. 0.
 1. 0. 0. 1. 1. 1. 1. 1. 0. 0. 1. 1. 1. 0. 0. 1. 0. 1. 0. 0. 1. 0. 1. 0.
 1. 0. 0. 0.]"
936,randomforest,"{'criterion': 'gini', 'max_features': 'sqrt', 'n_estimators': 429}",0.6160090782336723,0.21096856672310124,0.22882749143417191,0.3982623966553286,0.6070155296465781,0.21811038170436667,0.5856766807337149,0.17164179104477617,0.585820895522388,0.585820895522388,"{0: 0.5943138783693473, 1: 0.5943138783693472}","{0: 0.5943138783693473, 1: 0.5943138783693472}",0.5943138783693472,"[[76 58]
 [53 81]]","[1. 0. 0. 0. 0. 1. 0. 1. 1. 0. 0. 0. 1. 0. 0. 0. 1. 0. 0. 0. 0. 1. 0. 0.
 0. 0. 1. 1. 1. 1. 1. 0. 0. 0. 1. 0. 1. 0. 1. 0. 0. 0. 1. 0. 0. 0. 1. 1.
 0. 0. 1. 0. 1. 1. 1. 1. 1. 1. 0. 1. 0. 0. 1. 1. 0. 0. 1. 1. 1. 1. 0. 0.
 1. 1. 0. 1. 1. 0. 0. 0. 1. 1. 1. 0. 0. 1. 0. 1. 1. 1. 1. 1. 0. 1. 1. 1.
 0. 0. 1. 1. 0. 1. 0. 0. 0. 0. 0. 1. 0. 1. 0. 0. 0. 1. 1. 0. 1. 0. 0. 0.
 0. 1. 1. 1. 1. 1. 1. 1. 1. 0. 0. 1. 1. 0. 1. 1. 0. 1. 0. 1. 1. 0. 1. 0.
 0. 0. 0. 0. 1. 1. 1. 0. 1. 0. 0. 1. 1. 0. 1. 0. 1. 1. 0. 0. 1. 1. 0. 1.
 1. 1. 0. 1. 1. 0. 0. 1. 1. 0. 1. 0. 0. 1. 1. 1. 0. 0. 1. 1. 0. 0. 0. 1.
 1. 1. 1. 0. 1. 1. 0. 0. 0. 0. 1. 1. 0. 0. 0. 0. 1. 1. 0. 1. 1. 1. 0. 0.
 1. 1. 0. 1. 0. 0. 0. 0. 1. 1. 1. 0. 1. 0. 1. 1. 1. 1. 1. 1. 0. 1. 0. 0.
 1. 1. 0. 0. 1. 1. 1. 1. 0. 1. 1. 0. 1. 0. 0. 1. 0. 1. 0. 1. 0. 0. 1. 1.
 1. 0. 1. 0.]","[0. 1. 0. 0. 0. 1. 1. 1. 0. 0. 0. 0. 0. 1. 0. 0. 1. 1. 0. 0. 0. 0. 0. 1.
 0. 0. 1. 0. 1. 0. 0. 1. 0. 1. 1. 0. 0. 0. 1. 0. 0. 0. 1. 1. 1. 0. 1. 0.
 1. 0. 1. 1. 0. 1. 1. 1. 1. 0. 1. 0. 0. 1. 1. 1. 0. 0. 0. 1. 1. 0. 1. 1.
 0. 0. 1. 0. 0. 1. 0. 1. 0. 1. 1. 1. 0. 1. 0. 1. 1. 1. 1. 1. 1. 1. 1. 0.
 0. 0. 1. 1. 1. 0. 0. 1. 1. 1. 0. 0. 0. 1. 1. 1. 0. 0. 0. 0. 1. 1. 1. 0.
 1. 0. 0. 1. 1. 0. 0. 0. 0. 1. 0. 0. 1. 1. 0. 1. 1. 1. 0. 1. 1. 0. 1. 0.
 1. 1. 0. 0. 0. 1. 1. 0. 1. 1. 0. 1. 0. 0. 0. 1. 1. 1. 0. 1. 0. 1. 1. 0.
 1. 0. 0. 1. 1. 0. 0. 1. 0. 1. 1. 0. 0. 1. 0. 0. 1. 1. 0. 1. 1. 0. 0. 0.
 0. 1. 1. 0. 0. 1. 0. 0. 1. 0. 1. 1. 1. 0. 0. 0. 1. 1. 0. 0. 0. 0. 1. 0.
 0. 1. 0. 1. 1. 1. 1. 0. 0. 0. 0. 1. 1. 1. 1. 0. 1. 1. 1. 1. 0. 1. 0. 0.
 1. 0. 0. 1. 1. 1. 1. 1. 0. 0. 1. 1. 1. 0. 0. 1. 0. 1. 0. 0. 1. 0. 1. 0.
 1. 0. 0. 0.]"
953,randomforest,"{'criterion': 'gini', 'max_features': 'sqrt', 'n_estimators': 203}",0.6152863017402865,0.1923830777943264,0.2272123160626435,0.35342514208024167,0.6081281341866019,0.19757320846238416,0.5968128378001895,0.19402985074626866,0.5970149253731343,0.5970149253731343,"{0: 0.5986021385609267, 1: 0.5986021385609267}","{0: 0.5986021385609267, 1: 0.5986021385609267}",0.5986021385609267,"[[77 57]
 [51 83]]","[1. 0. 0. 0. 0. 1. 0. 1. 1. 0. 0. 0. 1. 0. 0. 0. 1. 0. 0. 0. 0. 1. 0. 0.
 0. 0. 1. 1. 1. 1. 1. 0. 0. 0. 1. 0. 0. 0. 1. 0. 0. 0. 1. 1. 0. 0. 1. 1.
 0. 0. 1. 0. 1. 1. 1. 1. 1. 1. 0. 1. 0. 0. 1. 0. 0. 0. 1. 1. 1. 1. 0. 0.
 0. 1. 0. 1. 1. 0. 0. 0. 1. 1. 1. 1. 0. 1. 0. 1. 1. 1. 1. 1. 0. 1. 1. 1.
 0. 0. 1. 1. 0. 1. 0. 0. 0. 0. 0. 1. 0. 1. 0. 0. 0. 1. 1. 0. 1. 0. 0. 0.
 0. 1. 1. 1. 1. 1. 1. 1. 1. 0. 0. 1. 1. 0. 1. 1. 0. 1. 0. 1. 1. 0. 0. 0.
 1. 0. 0. 0. 1. 1. 1. 0. 1. 0. 0. 1. 1. 0. 1. 0. 1. 1. 0. 0. 1. 1. 0. 1.
 1. 1. 0. 1. 1. 0. 0. 1. 1. 0. 1. 0. 0. 1. 1. 1. 0. 0. 1. 1. 0. 0. 1. 1.
 1. 1. 1. 0. 1. 1. 0. 0. 0. 0. 1. 1. 0. 0. 0. 0. 1. 1. 0. 1. 1. 1. 0. 0.
 1. 1. 0. 1. 0. 1. 0. 0. 1. 1. 1. 0. 1. 0. 1. 1. 1. 1. 1. 1. 0. 1. 0. 0.
 1. 1. 0. 0. 1. 1. 1. 1. 0. 1. 1. 0. 1. 0. 0. 1. 0. 1. 0. 1. 0. 0. 1. 1.
 1. 0. 1. 0.]","[0. 1. 0. 0. 0. 1. 1. 1. 0. 0. 0. 0. 0. 1. 0. 0. 1. 1. 0. 0. 0. 0. 0. 1.
 0. 0. 1. 0. 1. 0. 0. 1. 0. 1. 1. 0. 0. 0. 1. 0. 0. 0. 1. 1. 1. 0. 1. 0.
 1. 0. 1. 1. 0. 1. 1. 1. 1. 0. 1. 0. 0. 1. 1. 1. 0. 0. 0. 1. 1. 0. 1. 1.
 0. 0. 1. 0. 0. 1. 0. 1. 0. 1. 1. 1. 0. 1. 0. 1. 1. 1. 1. 1. 1. 1. 1. 0.
 0. 0. 1. 1. 1. 0. 0. 1. 1. 1. 0. 0. 0. 1. 1. 1. 0. 0. 0. 0. 1. 1. 1. 0.
 1. 0. 0. 1. 1. 0. 0. 0. 0. 1. 0. 0. 1. 1. 0. 1. 1. 1. 0. 1. 1. 0. 1. 0.
 1. 1. 0. 0. 0. 1. 1. 0. 1. 1. 0. 1. 0. 0. 0. 1. 1. 1. 0. 1. 0. 1. 1. 0.
 1. 0. 0. 1. 1. 0. 0. 1. 0. 1. 1. 0. 0. 1. 0. 0. 1. 1. 0. 1. 1. 0. 0. 0.
 0. 1. 1. 0. 0. 1. 0. 0. 1. 0. 1. 1. 1. 0. 0. 0. 1. 1. 0. 0. 0. 0. 1. 0.
 0. 1. 0. 1. 1. 1. 1. 0. 0. 0. 0. 1. 1. 1. 1. 0. 1. 1. 1. 1. 0. 1. 0. 0.
 1. 0. 0. 1. 1. 1. 1. 1. 0. 0. 1. 1. 1. 0. 0. 1. 0. 1. 0. 0. 1. 0. 1. 0.
 1. 0. 0. 0.]"
737,randomforest,"{'criterion': 'gini', 'max_features': 'sqrt', 'n_estimators': 57}",0.6185747266698925,0.1837875814809645,0.22662697320903413,0.32671158657700494,0.6147070279630763,0.18317720221517747,0.5931419657655399,0.18656716417910446,0.5932835820895522,0.5932835820895522,"{0: 0.6206838939630207, 1: 0.6206838939630207}","{0: 0.6206838939630207, 1: 0.6206838939630207}",0.6206838939630207,"[[77 57]
 [52 82]]","[1. 0. 0. 0. 0. 1. 0. 1. 1. 0. 0. 0. 1. 0. 0. 0. 0. 0. 0. 0. 0. 1. 1. 0.
 0. 0. 1. 1. 1. 1. 1. 0. 0. 0. 1. 1. 0. 0. 1. 0. 0. 0. 1. 0. 0. 0. 1. 1.
 0. 0. 1. 0. 1. 1. 1. 1. 1. 1. 0. 1. 1. 0. 1. 0. 0. 0. 1. 1. 1. 0. 0. 0.
 1. 1. 0. 1. 1. 0. 0. 0. 1. 1. 1. 0. 0. 1. 1. 1. 1. 1. 1. 1. 0. 1. 1. 1.
 0. 1. 1. 1. 0. 1. 0. 0. 1. 0. 0. 1. 0. 1. 0. 0. 0. 1. 1. 0. 1. 0. 0. 0.
 0. 1. 1. 1. 1. 1. 1. 1. 1. 0. 0. 1. 1. 0. 1. 0. 0. 1. 0. 1. 1. 0. 1. 0.
 1. 0. 0. 0. 1. 1. 1. 0. 1. 1. 0. 1. 0. 0. 0. 0. 1. 1. 0. 0. 1. 1. 0. 1.
 1. 1. 0. 1. 1. 0. 0. 1. 1. 1. 1. 0. 0. 0. 1. 1. 0. 0. 1. 1. 0. 0. 1. 1.
 0. 1. 1. 0. 0. 1. 0. 0. 1. 0. 1. 1. 0. 0. 0. 0. 1. 1. 0. 1. 1. 1. 1. 0.
 1. 1. 0. 1. 0. 0. 0. 0. 1. 1. 1. 0. 1. 1. 0. 1. 1. 1. 1. 1. 0. 1. 0. 0.
 1. 1. 0. 0. 1. 1. 0. 1. 0. 1. 1. 0. 1. 0. 0. 1. 0. 0. 0. 1. 1. 0. 1. 0.
 1. 0. 1. 0.]","[0. 1. 0. 0. 0. 1. 1. 1. 0. 0. 0. 0. 0. 1. 0. 0. 1. 1. 0. 0. 0. 0. 0. 1.
 0. 0. 1. 0. 1. 0. 0. 1. 0. 1. 1. 0. 0. 0. 1. 0. 0. 0. 1. 1. 1. 0. 1. 0.
 1. 0. 1. 1. 0. 1. 1. 1. 1. 0. 1. 0. 0. 1. 1. 1. 0. 0. 0. 1. 1. 0. 1. 1.
 0. 0. 1. 0. 0. 1. 0. 1. 0. 1. 1. 1. 0. 1. 0. 1. 1. 1. 1. 1. 1. 1. 1. 0.
 0. 0. 1. 1. 1. 0. 0. 1. 1. 1. 0. 0. 0. 1. 1. 1. 0. 0. 0. 0. 1. 1. 1. 0.
 1. 0. 0. 1. 1. 0. 0. 0. 0. 1. 0. 0. 1. 1. 0. 1. 1. 1. 0. 1. 1. 0. 1. 0.
 1. 1. 0. 0. 0. 1. 1. 0. 1. 1. 0. 1. 0. 0. 0. 1. 1. 1. 0. 1. 0. 1. 1. 0.
 1. 0. 0. 1. 1. 0. 0. 1. 0. 1. 1. 0. 0. 1. 0. 0. 1. 1. 0. 1. 1. 0. 0. 0.
 0. 1. 1. 0. 0. 1. 0. 0. 1. 0. 1. 1. 1. 0. 0. 0. 1. 1. 0. 0. 0. 0. 1. 0.
 0. 1. 0. 1. 1. 1. 1. 0. 0. 0. 0. 1. 1. 1. 1. 0. 1. 1. 1. 1. 0. 1. 0. 0.
 1. 0. 0. 1. 1. 1. 1. 1. 0. 0. 1. 1. 1. 0. 0. 1. 0. 1. 0. 0. 1. 0. 1. 0.
 1. 0. 0. 0.]"
402,randomforest,"{'criterion': 'gini', 'max_features': 'sqrt', 'n_estimators': 577}",0.6123955071037613,0.18345910812736452,0.22627563386528934,0.3452130272990435,0.6036094449904933,0.19150473329576664,0.5894607843137256,0.17910447761194026,0.5895522388059702,0.5895522388059702,"{0: 0.5903040766317665, 1: 0.5903040766317665}","{0: 0.5903040766317665, 1: 0.5903040766317665}",0.5903040766317665,"[[77 57]
 [53 81]]","[1. 0. 0. 0. 0. 1. 0. 1. 1. 0. 0. 0. 1. 0. 0. 0. 1. 0. 0. 0. 0. 1. 0. 0.
 0. 0. 1. 1. 1. 1. 1. 0. 0. 0. 1. 0. 1. 0. 1. 0. 0. 0. 1. 0. 0. 0. 1. 1.
 0. 0. 1. 0. 1. 1. 1. 1. 1. 1. 0. 1. 0. 0. 1. 1. 0. 0. 1. 1. 1. 1. 0. 0.
 0. 1. 0. 1. 1. 0. 0. 0. 1. 1. 1. 0. 0. 1. 0. 1. 1. 1. 1. 1. 0. 1. 1. 1.
 0. 0. 1. 1. 0. 1. 0. 0. 0. 0. 0. 0. 0. 1. 0. 0. 0. 1. 1. 0. 1. 0. 0. 0.
 0. 1. 1. 1. 1. 1. 1. 1. 1. 0. 0. 1. 1. 0. 1. 1. 0. 1. 0. 1. 1. 0. 0. 0.
 1. 0. 0. 0. 1. 1. 1. 0. 1. 1. 0. 1. 1. 0. 1. 0. 1. 1. 0. 0. 1. 1. 0. 1.
 1. 1. 0. 1. 1. 0. 0. 1. 1. 0. 1. 0. 0. 1. 1. 1. 0. 0. 1. 1. 0. 0. 1. 1.
 1. 1. 1. 0. 0. 1. 0. 1. 0. 0. 1. 1. 0. 0. 0. 0. 1. 1. 0. 1. 1. 1. 0. 0.
 1. 1. 0. 0. 0. 0. 0. 0. 1. 1. 1. 0. 1. 0. 1. 1. 1. 1. 1. 1. 0. 1. 0. 0.
 1. 1. 0. 0. 1. 1. 1. 1. 0. 1. 1. 0. 1. 0. 0. 1. 0. 1. 0. 1. 0. 0. 1. 1.
 1. 0. 1. 0.]","[0. 1. 0. 0. 0. 1. 1. 1. 0. 0. 0. 0. 0. 1. 0. 0. 1. 1. 0. 0. 0. 0. 0. 1.
 0. 0. 1. 0. 1. 0. 0. 1. 0. 1. 1. 0. 0. 0. 1. 0. 0. 0. 1. 1. 1. 0. 1. 0.
 1. 0. 1. 1. 0. 1. 1. 1. 1. 0. 1. 0. 0. 1. 1. 1. 0. 0. 0. 1. 1. 0. 1. 1.
 0. 0. 1. 0. 0. 1. 0. 1. 0. 1. 1. 1. 0. 1. 0. 1. 1. 1. 1. 1. 1. 1. 1. 0.
 0. 0. 1. 1. 1. 0. 0. 1. 1. 1. 0. 0. 0. 1. 1. 1. 0. 0. 0. 0. 1. 1. 1. 0.
 1. 0. 0. 1. 1. 0. 0. 0. 0. 1. 0. 0. 1. 1. 0. 1. 1. 1. 0. 1. 1. 0. 1. 0.
 1. 1. 0. 0. 0. 1. 1. 0. 1. 1. 0. 1. 0. 0. 0. 1. 1. 1. 0. 1. 0. 1. 1. 0.
 1. 0. 0. 1. 1. 0. 0. 1. 0. 1. 1. 0. 0. 1. 0. 0. 1. 1. 0. 1. 1. 0. 0. 0.
 0. 1. 1. 0. 0. 1. 0. 0. 1. 0. 1. 1. 1. 0. 0. 0. 1. 1. 0. 0. 0. 0. 1. 0.
 0. 1. 0. 1. 1. 1. 1. 0. 0. 0. 0. 1. 1. 1. 1. 0. 1. 1. 1. 1. 0. 1. 0. 0.
 1. 0. 0. 1. 1. 1. 1. 1. 0. 0. 1. 1. 1. 0. 0. 1. 0. 1. 0. 0. 1. 0. 1. 0.
 1. 0. 0. 0.]"
657,randomforest,"{'criterion': 'gini', 'max_features': None, 'n_estimators': 281}",0.6131167280212584,0.18505984186348534,0.22587680773365615,0.3309816593131464,0.6067390755898819,0.18931754941647871,0.5968128378001895,0.19402985074626866,0.5970149253731343,0.5970149253731343,"{0: 0.5924760525729562, 1: 0.5924760525729561}","{0: 0.5924760525729562, 1: 0.5924760525729561}",0.5924760525729561,"[[77 57]
 [51 83]]","[1. 0. 0. 0. 0. 1. 0. 1. 1. 0. 0. 1. 1. 0. 0. 0. 0. 0. 0. 0. 0. 1. 0. 0.
 0. 0. 1. 1. 1. 1. 1. 0. 0. 0. 1. 1. 0. 0. 1. 0. 0. 0. 1. 1. 0. 0. 1. 0.
 0. 0. 1. 0. 0. 1. 1. 1. 1. 1. 0. 1. 1. 0. 1. 0. 0. 0. 1. 1. 1. 1. 0. 0.
 1. 1. 0. 1. 1. 0. 0. 0. 1. 1. 1. 0. 0. 1. 0. 1. 1. 1. 1. 1. 0. 1. 1. 1.
 0. 0. 1. 1. 0. 1. 1. 0. 0. 0. 0. 1. 0. 1. 0. 0. 0. 1. 1. 0. 1. 0. 0. 0.
 1. 1. 1. 1. 1. 1. 1. 1. 1. 0. 0. 1. 1. 0. 1. 1. 0. 0. 0. 1. 1. 0. 1. 0.
 1. 0. 0. 0. 0. 1. 1. 0. 1. 1. 0. 1. 1. 0. 1. 0. 1. 1. 0. 0. 1. 1. 0. 1.
 1. 1. 0. 1. 1. 0. 0. 1. 1. 0. 1. 0. 0. 1. 1. 1. 0. 0. 1. 1. 1. 0. 1. 1.
 0. 1. 1. 0. 0. 1. 0. 1. 1. 0. 1. 1. 0. 0. 0. 0. 1. 1. 0. 1. 1. 1. 0. 0.
 1. 1. 0. 1. 0. 0. 0. 0. 1. 1. 1. 0. 0. 0. 1. 1. 1. 1. 1. 1. 0. 1. 0. 0.
 1. 1. 0. 0. 1. 1. 1. 1. 0. 0. 1. 0. 1. 0. 0. 1. 0. 1. 0. 1. 0. 0. 1. 1.
 1. 0. 1. 0.]","[0. 1. 0. 0. 0. 1. 1. 1. 0. 0. 0. 0. 0. 1. 0. 0. 1. 1. 0. 0. 0. 0. 0. 1.
 0. 0. 1. 0. 1. 0. 0. 1. 0. 1. 1. 0. 0. 0. 1. 0. 0. 0. 1. 1. 1. 0. 1. 0.
 1. 0. 1. 1. 0. 1. 1. 1. 1. 0. 1. 0. 0. 1. 1. 1. 0. 0. 0. 1. 1. 0. 1. 1.
 0. 0. 1. 0. 0. 1. 0. 1. 0. 1. 1. 1. 0. 1. 0. 1. 1. 1. 1. 1. 1. 1. 1. 0.
 0. 0. 1. 1. 1. 0. 0. 1. 1. 1. 0. 0. 0. 1. 1. 1. 0. 0. 0. 0. 1. 1. 1. 0.
 1. 0. 0. 1. 1. 0. 0. 0. 0. 1. 0. 0. 1. 1. 0. 1. 1. 1. 0. 1. 1. 0. 1. 0.
 1. 1. 0. 0. 0. 1. 1. 0. 1. 1. 0. 1. 0. 0. 0. 1. 1. 1. 0. 1. 0. 1. 1. 0.
 1. 0. 0. 1. 1. 0. 0. 1. 0. 1. 1. 0. 0. 1. 0. 0. 1. 1. 0. 1. 1. 0. 0. 0.
 0. 1. 1. 0. 0. 1. 0. 0. 1. 0. 1. 1. 1. 0. 0. 0. 1. 1. 0. 0. 0. 0. 1. 0.
 0. 1. 0. 1. 1. 1. 1. 0. 0. 0. 0. 1. 1. 1. 1. 0. 1. 1. 1. 1. 0. 1. 0. 0.
 1. 0. 0. 1. 1. 1. 1. 1. 0. 0. 1. 1. 1. 0. 0. 1. 0. 1. 0. 0. 1. 0. 1. 0.
 1. 0. 0. 0.]"
215,randomforest,"{'criterion': 'gini', 'max_features': 'log2', 'n_estimators': 29}",0.6302945923465524,0.17936938885921544,0.22422878433971297,0.33538198253400153,0.6223965643824515,0.17466158443387245,0.5969251336898397,0.19402985074626866,0.5970149253731343,0.5970149253731343,"{0: 0.6046446870126978, 1: 0.6046446870126978}","{0: 0.6046446870126978, 1: 0.6046446870126978}",0.6046446870126978,"[[78 56]
 [52 82]]","[1. 0. 0. 0. 0. 1. 0. 1. 1. 0. 0. 0. 1. 0. 0. 0. 1. 0. 0. 0. 0. 1. 0. 0.
 0. 0. 1. 1. 1. 1. 1. 0. 0. 1. 1. 1. 1. 0. 1. 0. 1. 0. 1. 1. 0. 0. 1. 1.
 0. 0. 1. 0. 0. 1. 1. 1. 1. 1. 0. 1. 0. 0. 1. 1. 0. 0. 0. 1. 1. 1. 0. 0.
 1. 1. 0. 1. 1. 0. 0. 0. 1. 1. 1. 1. 0. 1. 1. 0. 1. 1. 1. 1. 0. 1. 1. 1.
 0. 0. 1. 1. 0. 1. 1. 1. 1. 0. 0. 1. 0. 1. 0. 0. 0. 1. 1. 0. 1. 0. 0. 0.
 0. 0. 1. 1. 1. 1. 1. 1. 0. 0. 0. 1. 1. 0. 1. 1. 0. 0. 0. 1. 0. 0. 0. 0.
 1. 0. 0. 0. 0. 1. 1. 0. 0. 1. 0. 1. 1. 0. 1. 0. 1. 1. 0. 0. 1. 1. 0. 1.
 1. 0. 1. 0. 1. 0. 0. 1. 1. 0. 1. 0. 0. 0. 1. 1. 0. 1. 1. 1. 0. 0. 0. 1.
 0. 1. 0. 1. 1. 1. 0. 1. 1. 0. 1. 1. 0. 0. 0. 1. 1. 1. 0. 1. 1. 0. 1. 0.
 1. 1. 0. 1. 0. 0. 0. 0. 0. 1. 1. 1. 0. 0. 1. 1. 1. 1. 1. 1. 0. 1. 0. 0.
 1. 0. 0. 0. 1. 1. 0. 1. 0. 1. 1. 0. 1. 0. 0. 1. 0. 1. 0. 1. 0. 0. 1. 1.
 1. 0. 1. 0.]","[0. 1. 0. 0. 0. 1. 1. 1. 0. 0. 0. 0. 0. 1. 0. 0. 1. 1. 0. 0. 0. 0. 0. 1.
 0. 0. 1. 0. 1. 0. 0. 1. 0. 1. 1. 0. 0. 0. 1. 0. 0. 0. 1. 1. 1. 0. 1. 0.
 1. 0. 1. 1. 0. 1. 1. 1. 1. 0. 1. 0. 0. 1. 1. 1. 0. 0. 0. 1. 1. 0. 1. 1.
 0. 0. 1. 0. 0. 1. 0. 1. 0. 1. 1. 1. 0. 1. 0. 1. 1. 1. 1. 1. 1. 1. 1. 0.
 0. 0. 1. 1. 1. 0. 0. 1. 1. 1. 0. 0. 0. 1. 1. 1. 0. 0. 0. 0. 1. 1. 1. 0.
 1. 0. 0. 1. 1. 0. 0. 0. 0. 1. 0. 0. 1. 1. 0. 1. 1. 1. 0. 1. 1. 0. 1. 0.
 1. 1. 0. 0. 0. 1. 1. 0. 1. 1. 0. 1. 0. 0. 0. 1. 1. 1. 0. 1. 0. 1. 1. 0.
 1. 0. 0. 1. 1. 0. 0. 1. 0. 1. 1. 0. 0. 1. 0. 0. 1. 1. 0. 1. 1. 0. 0. 0.
 0. 1. 1. 0. 0. 1. 0. 0. 1. 0. 1. 1. 1. 0. 0. 0. 1. 1. 0. 0. 0. 0. 1. 0.
 0. 1. 0. 1. 1. 1. 1. 0. 0. 0. 0. 1. 1. 1. 1. 0. 1. 1. 1. 1. 0. 1. 0. 0.
 1. 0. 0. 1. 1. 1. 1. 1. 0. 0. 1. 1. 1. 0. 0. 1. 0. 1. 0. 0. 1. 0. 1. 0.
 1. 0. 0. 0.]"
717,AdaBoost,"{'algorithm': 'SAMME', 'learning_rate': 1.079591836734694, 'n_estimators': 96}",0.6221632621598365,0.17862324579497196,0.2240929072167465,0.3218971571162665,0.6168837248474346,0.17347340608921316,0.5818799799409373,0.16417910447761197,0.582089552238806,0.5820895522388059,"{0: 0.5852082869235911, 1: 0.5852082869235911}","{0: 0.5852082869235911, 1: 0.5852082869235911}",0.5852082869235911,"[[75 59]
 [53 81]]","[1. 0. 0. 0. 1. 1. 0. 1. 1. 0. 0. 0. 1. 0. 0. 0. 0. 0. 0. 0. 0. 1. 0. 0.
 1. 0. 1. 1. 1. 1. 1. 0. 0. 0. 1. 0. 0. 0. 1. 0. 0. 0. 1. 1. 0. 0. 1. 1.
 0. 0. 1. 1. 0. 0. 1. 1. 0. 1. 0. 1. 1. 1. 1. 0. 0. 0. 0. 1. 1. 1. 0. 1.
 1. 1. 0. 1. 1. 0. 1. 0. 0. 1. 1. 0. 0. 1. 0. 1. 1. 1. 1. 1. 0. 1. 1. 1.
 0. 0. 0. 0. 1. 1. 0. 1. 1. 0. 0. 1. 0. 1. 1. 0. 0. 1. 1. 0. 1. 1. 0. 0.
 1. 1. 1. 0. 0. 1. 1. 1. 1. 0. 0. 1. 0. 0. 1. 1. 0. 0. 0. 1. 1. 0. 1. 0.
 1. 1. 0. 0. 0. 1. 1. 0. 1. 1. 0. 1. 1. 0. 1. 0. 1. 0. 0. 0. 1. 1. 1. 1.
 1. 1. 1. 1. 1. 0. 0. 1. 0. 1. 0. 1. 0. 1. 0. 1. 0. 0. 1. 1. 0. 1. 1. 1.
 1. 1. 0. 1. 1. 1. 0. 0. 1. 0. 1. 1. 1. 0. 1. 0. 0. 1. 0. 1. 1. 0. 0. 0.
 1. 0. 0. 0. 0. 1. 0. 0. 0. 1. 1. 1. 0. 1. 0. 1. 1. 1. 1. 1. 0. 1. 0. 0.
 1. 1. 0. 0. 1. 1. 0. 1. 0. 1. 1. 0. 1. 0. 0. 1. 0. 0. 0. 1. 0. 1. 1. 0.
 1. 0. 1. 0.]","[0. 1. 0. 0. 0. 1. 1. 1. 0. 0. 0. 0. 0. 1. 0. 0. 1. 1. 0. 0. 0. 0. 0. 1.
 0. 0. 1. 0. 1. 0. 0. 1. 0. 1. 1. 0. 0. 0. 1. 0. 0. 0. 1. 1. 1. 0. 1. 0.
 1. 0. 1. 1. 0. 1. 1. 1. 1. 0. 1. 0. 0. 1. 1. 1. 0. 0. 0. 1. 1. 0. 1. 1.
 0. 0. 1. 0. 0. 1. 0. 1. 0. 1. 1. 1. 0. 1. 0. 1. 1. 1. 1. 1. 1. 1. 1. 0.
 0. 0. 1. 1. 1. 0. 0. 1. 1. 1. 0. 0. 0. 1. 1. 1. 0. 0. 0. 0. 1. 1. 1. 0.
 1. 0. 0. 1. 1. 0. 0. 0. 0. 1. 0. 0. 1. 1. 0. 1. 1. 1. 0. 1. 1. 0. 1. 0.
 1. 1. 0. 0. 0. 1. 1. 0. 1. 1. 0. 1. 0. 0. 0. 1. 1. 1. 0. 1. 0. 1. 1. 0.
 1. 0. 0. 1. 1. 0. 0. 1. 0. 1. 1. 0. 0. 1. 0. 0. 1. 1. 0. 1. 1. 0. 0. 0.
 0. 1. 1. 0. 0. 1. 0. 0. 1. 0. 1. 1. 1. 0. 0. 0. 1. 1. 0. 0. 0. 0. 1. 0.
 0. 1. 0. 1. 1. 1. 1. 0. 0. 0. 0. 1. 1. 1. 1. 0. 1. 1. 1. 1. 0. 1. 0. 0.
 1. 0. 0. 1. 1. 1. 1. 1. 0. 0. 1. 1. 1. 0. 0. 1. 0. 1. 0. 0. 1. 0. 1. 0.
 1. 0. 0. 0.]"
908,randomforest,"{'criterion': 'gini', 'max_features': 'sqrt', 'n_estimators': 31}",0.6154396685416083,0.19967518984168317,0.22250404008147853,0.39201321929258165,0.6078862464447142,0.20595624739670523,0.5780703587600139,0.15671641791044777,0.5783582089552238,0.5783582089552239,"{0: 0.5726498106482513, 1: 0.5726498106482513}","{0: 0.5726498106482513, 1: 0.5726498106482513}",0.5726498106482513,"[[74 60]
 [53 81]]","[1. 0. 0. 0. 0. 1. 0. 1. 1. 1. 0. 0. 1. 0. 0. 0. 1. 0. 0. 0. 0. 1. 0. 0.
 1. 1. 1. 1. 1. 1. 1. 0. 0. 0. 1. 0. 1. 0. 1. 1. 1. 1. 0. 0. 0. 0. 1. 0.
 0. 0. 1. 0. 1. 1. 1. 1. 1. 1. 0. 1. 0. 0. 1. 0. 0. 0. 1. 1. 1. 1. 0. 0.
 0. 1. 0. 0. 1. 0. 0. 0. 1. 1. 1. 0. 0. 1. 0. 1. 1. 1. 0. 0. 0. 1. 1. 1.
 0. 0. 1. 1. 0. 1. 1. 0. 0. 0. 0. 0. 0. 1. 0. 0. 0. 1. 1. 0. 1. 0. 0. 0.
 1. 0. 1. 1. 1. 1. 1. 1. 0. 0. 0. 1. 1. 0. 1. 1. 0. 1. 0. 1. 1. 0. 1. 0.
 1. 0. 0. 0. 1. 1. 1. 0. 1. 1. 0. 1. 1. 0. 0. 0. 1. 1. 0. 1. 1. 1. 0. 1.
 1. 0. 0. 1. 1. 1. 0. 1. 1. 0. 1. 0. 0. 0. 1. 1. 0. 0. 0. 1. 0. 0. 1. 1.
 1. 1. 1. 1. 0. 1. 0. 0. 1. 0. 1. 1. 0. 1. 0. 0. 1. 1. 0. 1. 1. 1. 1. 0.
 1. 1. 1. 1. 0. 0. 0. 0. 1. 1. 1. 1. 1. 0. 1. 1. 1. 1. 1. 1. 0. 1. 0. 0.
 1. 1. 0. 0. 1. 1. 0. 1. 0. 1. 1. 0. 1. 0. 0. 1. 0. 0. 0. 1. 0. 0. 1. 1.
 1. 0. 1. 0.]","[0. 1. 0. 0. 0. 1. 1. 1. 0. 0. 0. 0. 0. 1. 0. 0. 1. 1. 0. 0. 0. 0. 0. 1.
 0. 0. 1. 0. 1. 0. 0. 1. 0. 1. 1. 0. 0. 0. 1. 0. 0. 0. 1. 1. 1. 0. 1. 0.
 1. 0. 1. 1. 0. 1. 1. 1. 1. 0. 1. 0. 0. 1. 1. 1. 0. 0. 0. 1. 1. 0. 1. 1.
 0. 0. 1. 0. 0. 1. 0. 1. 0. 1. 1. 1. 0. 1. 0. 1. 1. 1. 1. 1. 1. 1. 1. 0.
 0. 0. 1. 1. 1. 0. 0. 1. 1. 1. 0. 0. 0. 1. 1. 1. 0. 0. 0. 0. 1. 1. 1. 0.
 1. 0. 0. 1. 1. 0. 0. 0. 0. 1. 0. 0. 1. 1. 0. 1. 1. 1. 0. 1. 1. 0. 1. 0.
 1. 1. 0. 0. 0. 1. 1. 0. 1. 1. 0. 1. 0. 0. 0. 1. 1. 1. 0. 1. 0. 1. 1. 0.
 1. 0. 0. 1. 1. 0. 0. 1. 0. 1. 1. 0. 0. 1. 0. 0. 1. 1. 0. 1. 1. 0. 0. 0.
 0. 1. 1. 0. 0. 1. 0. 0. 1. 0. 1. 1. 1. 0. 0. 0. 1. 1. 0. 0. 0. 0. 1. 0.
 0. 1. 0. 1. 1. 1. 1. 0. 0. 0. 0. 1. 1. 1. 1. 0. 1. 1. 1. 1. 0. 1. 0. 0.
 1. 0. 0. 1. 1. 1. 1. 1. 0. 0. 1. 1. 1. 0. 0. 1. 0. 1. 0. 0. 1. 0. 1. 0.
 1. 0. 0. 0.]"
137,randomforest,"{'criterion': 'gini', 'max_features': 'sqrt', 'n_estimators': 111}",0.6076799765162879,0.21670211673949363,0.2219611243454551,0.3908798770810789,0.6007313680196744,0.21381199883452148,0.5895293790030631,0.17910447761194026,0.5895522388059702,0.5895522388059702,"{0: 0.5840666072621966, 1: 0.5840666072621965}","{0: 0.5840666072621966, 1: 0.5840666072621965}",0.5840666072621965,"[[78 56]
 [54 80]]","[1. 0. 0. 0. 0. 1. 0. 1. 1. 0. 0. 0. 1. 0. 0. 0. 0. 0. 0. 0. 0. 1. 0. 0.
 0. 0. 1. 1. 1. 1. 1. 0. 0. 0. 1. 0. 1. 0. 1. 0. 0. 0. 1. 0. 0. 0. 1. 0.
 0. 0. 1. 0. 0. 1. 1. 0. 1. 1. 0. 1. 0. 0. 1. 1. 0. 0. 1. 1. 1. 1. 0. 0.
 1. 1. 0. 1. 1. 0. 0. 0. 0. 1. 1. 0. 0. 1. 1. 1. 1. 1. 1. 1. 0. 1. 1. 1.
 0. 0. 1. 1. 0. 1. 1. 0. 1. 0. 0. 0. 0. 1. 0. 0. 0. 1. 1. 0. 1. 0. 0. 0.
 1. 1. 1. 1. 1. 1. 1. 1. 0. 0. 0. 1. 1. 0. 1. 1. 0. 0. 0. 1. 0. 0. 1. 0.
 0. 0. 0. 0. 1. 1. 1. 0. 1. 1. 0. 1. 1. 0. 1. 1. 1. 1. 0. 0. 1. 0. 0. 1.
 1. 1. 0. 1. 1. 1. 0. 1. 1. 0. 1. 0. 0. 1. 1. 1. 1. 0. 1. 1. 0. 0. 1. 1.
 0. 1. 1. 1. 0. 1. 0. 0. 0. 0. 1. 1. 0. 0. 0. 0. 1. 1. 0. 1. 1. 1. 0. 0.
 1. 1. 0. 0. 0. 0. 0. 0. 1. 1. 1. 0. 1. 1. 1. 1. 1. 1. 1. 1. 0. 1. 0. 0.
 1. 1. 0. 0. 1. 1. 1. 1. 0. 1. 1. 0. 1. 0. 0. 1. 0. 0. 0. 1. 0. 0. 1. 1.
 1. 0. 1. 0.]","[0. 1. 0. 0. 0. 1. 1. 1. 0. 0. 0. 0. 0. 1. 0. 0. 1. 1. 0. 0. 0. 0. 0. 1.
 0. 0. 1. 0. 1. 0. 0. 1. 0. 1. 1. 0. 0. 0. 1. 0. 0. 0. 1. 1. 1. 0. 1. 0.
 1. 0. 1. 1. 0. 1. 1. 1. 1. 0. 1. 0. 0. 1. 1. 1. 0. 0. 0. 1. 1. 0. 1. 1.
 0. 0. 1. 0. 0. 1. 0. 1. 0. 1. 1. 1. 0. 1. 0. 1. 1. 1. 1. 1. 1. 1. 1. 0.
 0. 0. 1. 1. 1. 0. 0. 1. 1. 1. 0. 0. 0. 1. 1. 1. 0. 0. 0. 0. 1. 1. 1. 0.
 1. 0. 0. 1. 1. 0. 0. 0. 0. 1. 0. 0. 1. 1. 0. 1. 1. 1. 0. 1. 1. 0. 1. 0.
 1. 1. 0. 0. 0. 1. 1. 0. 1. 1. 0. 1. 0. 0. 0. 1. 1. 1. 0. 1. 0. 1. 1. 0.
 1. 0. 0. 1. 1. 0. 0. 1. 0. 1. 1. 0. 0. 1. 0. 0. 1. 1. 0. 1. 1. 0. 0. 0.
 0. 1. 1. 0. 0. 1. 0. 0. 1. 0. 1. 1. 1. 0. 0. 0. 1. 1. 0. 0. 0. 0. 1. 0.
 0. 1. 0. 1. 1. 1. 1. 0. 0. 0. 0. 1. 1. 1. 1. 0. 1. 1. 1. 1. 0. 1. 0. 0.
 1. 0. 0. 1. 1. 1. 1. 1. 0. 0. 1. 1. 1. 0. 0. 1. 0. 1. 0. 0. 1. 0. 1. 0.
 1. 0. 0. 0.]"
269,randomforest,"{'criterion': 'gini', 'max_features': 'sqrt', 'n_estimators': 577}",0.6082371906230751,0.20524661539330222,0.22115782743646864,0.3683208631311645,0.6019360045569723,0.2123426602854041,0.5894607843137256,0.17910447761194026,0.5895522388059702,0.5895522388059702,"{0: 0.5898585431053688, 1: 0.5898585431053687}","{0: 0.5898585431053688, 1: 0.5898585431053687}",0.5898585431053687,"[[77 57]
 [53 81]]","[1. 0. 0. 0. 0. 1. 0. 1. 1. 0. 0. 0. 1. 0. 0. 0. 1. 0. 0. 0. 0. 1. 0. 0.
 0. 0. 1. 1. 1. 1. 1. 0. 0. 0. 1. 0. 1. 0. 1. 0. 0. 0. 1. 0. 0. 0. 1. 1.
 0. 0. 1. 0. 0. 1. 1. 1. 1. 1. 0. 1. 1. 0. 1. 1. 0. 0. 1. 1. 1. 1. 0. 0.
 1. 1. 0. 1. 1. 0. 0. 0. 1. 1. 1. 0. 0. 1. 0. 1. 1. 1. 1. 1. 0. 1. 1. 1.
 0. 0. 1. 1. 0. 1. 0. 0. 0. 0. 0. 1. 0. 1. 0. 0. 0. 1. 1. 0. 1. 0. 0. 0.
 0. 1. 1. 1. 1. 1. 1. 1. 1. 0. 0. 1. 1. 0. 1. 1. 0. 1. 0. 1. 1. 0. 1. 0.
 0. 0. 0. 0. 1. 1. 1. 0. 1. 0. 0. 1. 1. 0. 1. 0. 1. 1. 0. 0. 1. 1. 0. 1.
 1. 1. 0. 1. 1. 0. 0. 1. 1. 0. 1. 0. 0. 1. 1. 1. 0. 0. 1. 1. 0. 0. 1. 1.
 1. 1. 1. 0. 0. 1. 0. 0. 0. 0. 1. 1. 0. 0. 0. 0. 1. 1. 0. 1. 1. 1. 0. 0.
 1. 1. 0. 1. 0. 0. 0. 0. 1. 1. 1. 0. 1. 0. 1. 1. 1. 1. 1. 1. 0. 1. 0. 0.
 1. 1. 0. 0. 1. 1. 1. 1. 0. 0. 1. 0. 1. 0. 0. 1. 0. 1. 0. 1. 0. 0. 1. 1.
 1. 0. 1. 0.]","[0. 1. 0. 0. 0. 1. 1. 1. 0. 0. 0. 0. 0. 1. 0. 0. 1. 1. 0. 0. 0. 0. 0. 1.
 0. 0. 1. 0. 1. 0. 0. 1. 0. 1. 1. 0. 0. 0. 1. 0. 0. 0. 1. 1. 1. 0. 1. 0.
 1. 0. 1. 1. 0. 1. 1. 1. 1. 0. 1. 0. 0. 1. 1. 1. 0. 0. 0. 1. 1. 0. 1. 1.
 0. 0. 1. 0. 0. 1. 0. 1. 0. 1. 1. 1. 0. 1. 0. 1. 1. 1. 1. 1. 1. 1. 1. 0.
 0. 0. 1. 1. 1. 0. 0. 1. 1. 1. 0. 0. 0. 1. 1. 1. 0. 0. 0. 0. 1. 1. 1. 0.
 1. 0. 0. 1. 1. 0. 0. 0. 0. 1. 0. 0. 1. 1. 0. 1. 1. 1. 0. 1. 1. 0. 1. 0.
 1. 1. 0. 0. 0. 1. 1. 0. 1. 1. 0. 1. 0. 0. 0. 1. 1. 1. 0. 1. 0. 1. 1. 0.
 1. 0. 0. 1. 1. 0. 0. 1. 0. 1. 1. 0. 0. 1. 0. 0. 1. 1. 0. 1. 1. 0. 0. 0.
 0. 1. 1. 0. 0. 1. 0. 0. 1. 0. 1. 1. 1. 0. 0. 0. 1. 1. 0. 0. 0. 0. 1. 0.
 0. 1. 0. 1. 1. 1. 1. 0. 0. 0. 0. 1. 1. 1. 1. 0. 1. 1. 1. 1. 0. 1. 0. 0.
 1. 0. 0. 1. 1. 1. 1. 1. 0. 0. 1. 1. 1. 0. 0. 1. 0. 1. 0. 0. 1. 0. 1. 0.
 1. 0. 0. 0.]"
138,randomforest,"{'criterion': 'gini', 'max_features': 'sqrt', 'n_estimators': 417}",0.6082066369559008,0.19313894900183148,0.22017109311391014,0.3573119571101172,0.6004760080868952,0.19755498393487328,0.5894607843137256,0.17910447761194026,0.5895522388059702,0.5895522388059702,"{0: 0.5871853419469815, 1: 0.5871853419469816}","{0: 0.5871853419469815, 1: 0.5871853419469816}",0.5871853419469816,"[[77 57]
 [53 81]]","[1. 0. 0. 0. 0. 1. 0. 1. 1. 0. 0. 0. 1. 0. 0. 0. 1. 0. 0. 0. 0. 1. 0. 0.
 0. 0. 1. 1. 1. 1. 1. 0. 0. 0. 1. 0. 0. 0. 1. 0. 0. 0. 1. 0. 0. 0. 1. 1.
 0. 0. 1. 0. 0. 1. 1. 1. 1. 1. 0. 1. 0. 0. 1. 0. 0. 0. 1. 1. 1. 1. 0. 0.
 0. 1. 0. 1. 1. 0. 0. 0. 1. 1. 1. 0. 0. 1. 1. 1. 1. 1. 1. 1. 0. 1. 1. 1.
 0. 0. 1. 1. 0. 1. 1. 1. 0. 0. 0. 1. 0. 1. 0. 0. 0. 1. 1. 0. 1. 0. 0. 0.
 0. 1. 1. 1. 1. 1. 1. 1. 1. 0. 0. 1. 1. 0. 1. 1. 0. 1. 0. 1. 1. 0. 1. 0.
 1. 0. 0. 0. 1. 1. 1. 0. 1. 0. 0. 1. 1. 0. 1. 0. 1. 1. 0. 0. 1. 1. 0. 1.
 1. 1. 0. 1. 1. 0. 0. 1. 1. 0. 1. 0. 0. 1. 1. 1. 0. 1. 1. 1. 0. 0. 1. 1.
 0. 1. 1. 0. 1. 1. 0. 1. 0. 0. 1. 1. 0. 0. 0. 0. 1. 1. 0. 1. 1. 1. 0. 0.
 1. 1. 0. 1. 0. 0. 0. 0. 1. 1. 1. 0. 0. 0. 1. 1. 1. 1. 1. 1. 0. 1. 0. 0.
 1. 1. 0. 0. 1. 1. 0. 1. 0. 0. 1. 0. 1. 0. 0. 1. 0. 1. 0. 1. 0. 0. 1. 1.
 1. 0. 1. 0.]","[0. 1. 0. 0. 0. 1. 1. 1. 0. 0. 0. 0. 0. 1. 0. 0. 1. 1. 0. 0. 0. 0. 0. 1.
 0. 0. 1. 0. 1. 0. 0. 1. 0. 1. 1. 0. 0. 0. 1. 0. 0. 0. 1. 1. 1. 0. 1. 0.
 1. 0. 1. 1. 0. 1. 1. 1. 1. 0. 1. 0. 0. 1. 1. 1. 0. 0. 0. 1. 1. 0. 1. 1.
 0. 0. 1. 0. 0. 1. 0. 1. 0. 1. 1. 1. 0. 1. 0. 1. 1. 1. 1. 1. 1. 1. 1. 0.
 0. 0. 1. 1. 1. 0. 0. 1. 1. 1. 0. 0. 0. 1. 1. 1. 0. 0. 0. 0. 1. 1. 1. 0.
 1. 0. 0. 1. 1. 0. 0. 0. 0. 1. 0. 0. 1. 1. 0. 1. 1. 1. 0. 1. 1. 0. 1. 0.
 1. 1. 0. 0. 0. 1. 1. 0. 1. 1. 0. 1. 0. 0. 0. 1. 1. 1. 0. 1. 0. 1. 1. 0.
 1. 0. 0. 1. 1. 0. 0. 1. 0. 1. 1. 0. 0. 1. 0. 0. 1. 1. 0. 1. 1. 0. 0. 0.
 0. 1. 1. 0. 0. 1. 0. 0. 1. 0. 1. 1. 1. 0. 0. 0. 1. 1. 0. 0. 0. 0. 1. 0.
 0. 1. 0. 1. 1. 1. 1. 0. 0. 0. 0. 1. 1. 1. 1. 0. 1. 1. 1. 1. 0. 1. 0. 0.
 1. 0. 0. 1. 1. 1. 1. 1. 0. 0. 1. 1. 1. 0. 0. 1. 0. 1. 0. 0. 1. 0. 1. 0.
 1. 0. 0. 0.]"
679,randomforest,"{'criterion': 'gini', 'max_features': None, 'n_estimators': 531}",0.6136132189964698,0.18352124704045975,0.21977031285807638,0.3339056568436378,0.6068457957066827,0.19007687358296213,0.5966555183946489,0.19402985074626866,0.5970149253731343,0.5970149253731343,"{0: 0.5967364669191357, 1: 0.5967364669191356}","{0: 0.5967364669191357, 1: 0.5967364669191356}",0.5967364669191356,"[[76 58]
 [50 84]]","[1. 0. 0. 0. 0. 1. 0. 1. 1. 0. 0. 0. 1. 0. 0. 0. 0. 0. 0. 0. 0. 1. 0. 0.
 0. 0. 1. 1. 1. 1. 1. 0. 0. 0. 1. 1. 0. 0. 1. 0. 1. 0. 1. 1. 0. 0. 1. 0.
 0. 0. 1. 0. 0. 1. 1. 1. 1. 1. 0. 1. 1. 0. 1. 0. 0. 0. 1. 1. 1. 1. 0. 0.
 1. 1. 0. 1. 1. 0. 0. 0. 1. 1. 1. 0. 0. 1. 0. 1. 1. 1. 1. 1. 0. 1. 1. 1.
 0. 0. 1. 1. 0. 1. 0. 1. 0. 0. 0. 0. 0. 1. 0. 0. 0. 1. 1. 0. 1. 0. 0. 0.
 1. 1. 1. 1. 1. 1. 1. 1. 1. 0. 0. 1. 1. 0. 1. 1. 0. 1. 0. 1. 1. 0. 1. 0.
 0. 0. 0. 0. 1. 1. 1. 0. 1. 1. 0. 1. 1. 0. 1. 0. 1. 1. 0. 0. 1. 1. 0. 1.
 1. 1. 0. 1. 1. 0. 0. 1. 1. 0. 1. 0. 0. 1. 1. 1. 0. 0. 1. 1. 1. 0. 1. 1.
 1. 1. 1. 0. 0. 1. 0. 0. 1. 0. 1. 1. 0. 1. 0. 0. 1. 1. 0. 1. 1. 1. 0. 0.
 1. 1. 0. 1. 0. 0. 0. 0. 1. 1. 1. 0. 0. 0. 1. 1. 1. 1. 1. 1. 0. 1. 0. 0.
 1. 1. 0. 0. 1. 1. 1. 1. 0. 1. 1. 0. 1. 0. 0. 1. 0. 1. 0. 1. 0. 0. 1. 1.
 1. 0. 1. 0.]","[0. 1. 0. 0. 0. 1. 1. 1. 0. 0. 0. 0. 0. 1. 0. 0. 1. 1. 0. 0. 0. 0. 0. 1.
 0. 0. 1. 0. 1. 0. 0. 1. 0. 1. 1. 0. 0. 0. 1. 0. 0. 0. 1. 1. 1. 0. 1. 0.
 1. 0. 1. 1. 0. 1. 1. 1. 1. 0. 1. 0. 0. 1. 1. 1. 0. 0. 0. 1. 1. 0. 1. 1.
 0. 0. 1. 0. 0. 1. 0. 1. 0. 1. 1. 1. 0. 1. 0. 1. 1. 1. 1. 1. 1. 1. 1. 0.
 0. 0. 1. 1. 1. 0. 0. 1. 1. 1. 0. 0. 0. 1. 1. 1. 0. 0. 0. 0. 1. 1. 1. 0.
 1. 0. 0. 1. 1. 0. 0. 0. 0. 1. 0. 0. 1. 1. 0. 1. 1. 1. 0. 1. 1. 0. 1. 0.
 1. 1. 0. 0. 0. 1. 1. 0. 1. 1. 0. 1. 0. 0. 0. 1. 1. 1. 0. 1. 0. 1. 1. 0.
 1. 0. 0. 1. 1. 0. 0. 1. 0. 1. 1. 0. 0. 1. 0. 0. 1. 1. 0. 1. 1. 0. 0. 0.
 0. 1. 1. 0. 0. 1. 0. 0. 1. 0. 1. 1. 1. 0. 0. 0. 1. 1. 0. 0. 0. 0. 1. 0.
 0. 1. 0. 1. 1. 1. 1. 0. 0. 0. 0. 1. 1. 1. 1. 0. 1. 1. 1. 1. 0. 1. 0. 0.
 1. 0. 0. 1. 1. 1. 1. 1. 0. 0. 1. 1. 1. 0. 0. 1. 0. 1. 0. 0. 1. 0. 1. 0.
 1. 0. 0. 0.]"
232,randomforest,"{'criterion': 'gini', 'max_features': 'log2', 'n_estimators': 67}",0.5922227660733874,0.19344983629209558,0.21947510856664434,0.28174826744893616,0.5899327897311769,0.19454928883098493,0.5928243870482137,0.18656716417910446,0.5932835820895522,0.5932835820895522,"{0: 0.6085709512140788, 1: 0.6085709512140788}","{0: 0.6085709512140788, 1: 0.6085709512140788}",0.6085709512140788,"[[75 59]
 [50 84]]","[1. 0. 0. 0. 0. 1. 0. 1. 1. 0. 0. 0. 1. 0. 0. 0. 0. 0. 0. 0. 0. 1. 0. 0.
 0. 0. 1. 1. 1. 1. 1. 0. 0. 0. 1. 0. 0. 1. 1. 0. 0. 1. 1. 1. 0. 0. 1. 1.
 0. 0. 1. 1. 1. 1. 1. 1. 1. 1. 0. 1. 1. 0. 1. 1. 0. 0. 1. 1. 1. 1. 0. 0.
 0. 1. 0. 0. 1. 0. 0. 0. 0. 1. 1. 1. 0. 1. 0. 1. 1. 1. 1. 1. 0. 1. 1. 1.
 1. 0. 1. 1. 0. 1. 1. 1. 0. 1. 0. 1. 0. 1. 0. 0. 0. 1. 1. 0. 1. 0. 0. 0.
 1. 1. 1. 1. 1. 1. 1. 1. 1. 0. 0. 0. 0. 0. 1. 1. 0. 1. 0. 0. 0. 0. 1. 0.
 1. 0. 0. 0. 0. 1. 0. 0. 1. 1. 0. 1. 1. 0. 1. 0. 1. 1. 0. 0. 1. 0. 0. 1.
 1. 1. 0. 1. 1. 1. 0. 1. 1. 0. 1. 0. 0. 0. 1. 1. 1. 0. 1. 1. 1. 0. 1. 1.
 1. 1. 1. 1. 0. 1. 0. 0. 1. 0. 1. 1. 0. 0. 0. 0. 1. 1. 0. 1. 1. 1. 1. 0.
 1. 1. 0. 1. 0. 0. 0. 0. 1. 1. 1. 0. 0. 1. 0. 1. 1. 1. 1. 1. 0. 1. 0. 0.
 1. 1. 0. 0. 1. 1. 0. 1. 0. 1. 1. 0. 1. 0. 1. 1. 0. 1. 0. 1. 0. 0. 1. 0.
 1. 0. 1. 0.]","[0. 1. 0. 0. 0. 1. 1. 1. 0. 0. 0. 0. 0. 1. 0. 0. 1. 1. 0. 0. 0. 0. 0. 1.
 0. 0. 1. 0. 1. 0. 0. 1. 0. 1. 1. 0. 0. 0. 1. 0. 0. 0. 1. 1. 1. 0. 1. 0.
 1. 0. 1. 1. 0. 1. 1. 1. 1. 0. 1. 0. 0. 1. 1. 1. 0. 0. 0. 1. 1. 0. 1. 1.
 0. 0. 1. 0. 0. 1. 0. 1. 0. 1. 1. 1. 0. 1. 0. 1. 1. 1. 1. 1. 1. 1. 1. 0.
 0. 0. 1. 1. 1. 0. 0. 1. 1. 1. 0. 0. 0. 1. 1. 1. 0. 0. 0. 0. 1. 1. 1. 0.
 1. 0. 0. 1. 1. 0. 0. 0. 0. 1. 0. 0. 1. 1. 0. 1. 1. 1. 0. 1. 1. 0. 1. 0.
 1. 1. 0. 0. 0. 1. 1. 0. 1. 1. 0. 1. 0. 0. 0. 1. 1. 1. 0. 1. 0. 1. 1. 0.
 1. 0. 0. 1. 1. 0. 0. 1. 0. 1. 1. 0. 0. 1. 0. 0. 1. 1. 0. 1. 1. 0. 0. 0.
 0. 1. 1. 0. 0. 1. 0. 0. 1. 0. 1. 1. 1. 0. 0. 0. 1. 1. 0. 0. 0. 0. 1. 0.
 0. 1. 0. 1. 1. 1. 1. 0. 0. 0. 0. 1. 1. 1. 1. 0. 1. 1. 1. 1. 0. 1. 0. 0.
 1. 0. 0. 1. 1. 1. 1. 1. 0. 0. 1. 1. 1. 0. 0. 1. 0. 1. 0. 0. 1. 0. 1. 0.
 1. 0. 0. 0.]"
915,randomforest,"{'criterion': 'gini', 'max_features': 'sqrt', 'n_estimators': 255}",0.6101235013922132,0.19255319971826598,0.21929336003249766,0.3426195059639128,0.6031960852021335,0.19890040921101376,0.5889799788076515,0.17910447761194026,0.5895522388059702,0.5895522388059702,"{0: 0.5946201826687458, 1: 0.5946201826687458}","{0: 0.5946201826687458, 1: 0.5946201826687458}",0.5946201826687458,"[[74 60]
 [50 84]]","[1. 0. 0. 0. 0. 1. 0. 1. 1. 0. 0. 0. 1. 0. 0. 0. 1. 0. 0. 0. 0. 1. 0. 0.
 0. 0. 1. 1. 1. 1. 1. 0. 0. 0. 1. 0. 1. 0. 1. 0. 0. 0. 1. 0. 0. 0. 1. 1.
 0. 0. 1. 0. 1. 1. 1. 1. 1. 1. 0. 1. 1. 1. 1. 1. 0. 0. 1. 1. 1. 1. 0. 0.
 1. 1. 0. 1. 1. 0. 0. 0. 1. 1. 1. 0. 0. 1. 0. 1. 1. 1. 1. 1. 0. 1. 1. 1.
 0. 0. 1. 1. 0. 1. 1. 1. 0. 0. 0. 1. 0. 1. 0. 0. 0. 1. 1. 0. 1. 0. 0. 0.
 0. 1. 1. 1. 1. 1. 1. 1. 1. 0. 0. 1. 1. 0. 1. 1. 0. 1. 0. 1. 1. 0. 1. 0.
 1. 0. 0. 0. 1. 1. 1. 0. 1. 1. 0. 1. 1. 0. 1. 0. 1. 1. 0. 0. 1. 1. 0. 1.
 1. 1. 0. 1. 1. 0. 0. 1. 1. 0. 1. 0. 0. 1. 1. 1. 0. 0. 1. 1. 0. 0. 1. 1.
 1. 1. 1. 0. 1. 1. 0. 0. 0. 0. 1. 1. 0. 0. 0. 0. 1. 1. 0. 1. 1. 1. 0. 0.
 1. 1. 0. 1. 0. 0. 0. 0. 1. 1. 1. 0. 1. 0. 1. 1. 1. 1. 1. 1. 0. 1. 0. 0.
 1. 1. 0. 0. 1. 1. 0. 1. 0. 0. 1. 0. 1. 0. 0. 1. 0. 1. 0. 1. 0. 0. 1. 1.
 1. 0. 1. 0.]","[0. 1. 0. 0. 0. 1. 1. 1. 0. 0. 0. 0. 0. 1. 0. 0. 1. 1. 0. 0. 0. 0. 0. 1.
 0. 0. 1. 0. 1. 0. 0. 1. 0. 1. 1. 0. 0. 0. 1. 0. 0. 0. 1. 1. 1. 0. 1. 0.
 1. 0. 1. 1. 0. 1. 1. 1. 1. 0. 1. 0. 0. 1. 1. 1. 0. 0. 0. 1. 1. 0. 1. 1.
 0. 0. 1. 0. 0. 1. 0. 1. 0. 1. 1. 1. 0. 1. 0. 1. 1. 1. 1. 1. 1. 1. 1. 0.
 0. 0. 1. 1. 1. 0. 0. 1. 1. 1. 0. 0. 0. 1. 1. 1. 0. 0. 0. 0. 1. 1. 1. 0.
 1. 0. 0. 1. 1. 0. 0. 0. 0. 1. 0. 0. 1. 1. 0. 1. 1. 1. 0. 1. 1. 0. 1. 0.
 1. 1. 0. 0. 0. 1. 1. 0. 1. 1. 0. 1. 0. 0. 0. 1. 1. 1. 0. 1. 0. 1. 1. 0.
 1. 0. 0. 1. 1. 0. 0. 1. 0. 1. 1. 0. 0. 1. 0. 0. 1. 1. 0. 1. 1. 0. 0. 0.
 0. 1. 1. 0. 0. 1. 0. 0. 1. 0. 1. 1. 1. 0. 0. 0. 1. 1. 0. 0. 0. 0. 1. 0.
 0. 1. 0. 1. 1. 1. 1. 0. 0. 0. 0. 1. 1. 1. 1. 0. 1. 1. 1. 1. 0. 1. 0. 0.
 1. 0. 0. 1. 1. 1. 1. 1. 0. 0. 1. 1. 1. 0. 0. 1. 0. 1. 0. 0. 1. 0. 1. 0.
 1. 0. 0. 0.]"
910,randomforest,"{'criterion': 'gini', 'max_features': 'sqrt', 'n_estimators': 375}",0.6091018301874803,0.18358596805128663,0.21745136844354374,0.3171029560211901,0.6041481461340332,0.18497504344971172,0.5968128378001895,0.19402985074626866,0.5970149253731343,0.5970149253731343,"{0: 0.5927266651815549, 1: 0.5927266651815549}","{0: 0.5927266651815549, 1: 0.5927266651815549}",0.5927266651815549,"[[77 57]
 [51 83]]","[1. 0. 0. 0. 0. 1. 0. 1. 1. 0. 0. 0. 1. 0. 0. 0. 1. 0. 0. 0. 0. 1. 0. 0.
 0. 0. 1. 1. 1. 1. 1. 0. 0. 0. 1. 0. 0. 0. 1. 0. 0. 0. 1. 1. 0. 0. 1. 0.
 0. 0. 1. 0. 1. 1. 1. 1. 1. 1. 0. 1. 1. 0. 1. 0. 0. 0. 1. 1. 1. 1. 0. 0.
 1. 1. 0. 1. 1. 0. 0. 0. 1. 1. 1. 1. 0. 1. 0. 1. 1. 1. 1. 1. 0. 1. 1. 1.
 0. 0. 1. 1. 0. 1. 0. 1. 0. 0. 0. 1. 0. 1. 0. 0. 0. 1. 1. 0. 1. 0. 0. 0.
 0. 1. 1. 1. 1. 1. 1. 1. 1. 0. 0. 1. 1. 0. 1. 1. 0. 1. 0. 1. 1. 0. 0. 0.
 0. 0. 0. 0. 1. 1. 1. 0. 1. 1. 0. 1. 1. 0. 1. 0. 1. 1. 0. 0. 1. 1. 0. 1.
 1. 1. 0. 1. 1. 0. 0. 1. 1. 0. 1. 0. 0. 1. 1. 1. 0. 0. 1. 0. 1. 0. 1. 1.
 0. 1. 1. 0. 1. 1. 0. 0. 0. 0. 1. 1. 0. 0. 0. 0. 1. 1. 0. 1. 1. 1. 0. 0.
 1. 1. 0. 1. 0. 0. 0. 0. 1. 1. 1. 0. 1. 0. 1. 1. 1. 1. 1. 1. 0. 1. 0. 0.
 1. 1. 0. 0. 1. 1. 1. 1. 0. 1. 1. 0. 1. 0. 0. 1. 0. 1. 0. 1. 0. 0. 1. 1.
 1. 0. 1. 0.]","[0. 1. 0. 0. 0. 1. 1. 1. 0. 0. 0. 0. 0. 1. 0. 0. 1. 1. 0. 0. 0. 0. 0. 1.
 0. 0. 1. 0. 1. 0. 0. 1. 0. 1. 1. 0. 0. 0. 1. 0. 0. 0. 1. 1. 1. 0. 1. 0.
 1. 0. 1. 1. 0. 1. 1. 1. 1. 0. 1. 0. 0. 1. 1. 1. 0. 0. 0. 1. 1. 0. 1. 1.
 0. 0. 1. 0. 0. 1. 0. 1. 0. 1. 1. 1. 0. 1. 0. 1. 1. 1. 1. 1. 1. 1. 1. 0.
 0. 0. 1. 1. 1. 0. 0. 1. 1. 1. 0. 0. 0. 1. 1. 1. 0. 0. 0. 0. 1. 1. 1. 0.
 1. 0. 0. 1. 1. 0. 0. 0. 0. 1. 0. 0. 1. 1. 0. 1. 1. 1. 0. 1. 1. 0. 1. 0.
 1. 1. 0. 0. 0. 1. 1. 0. 1. 1. 0. 1. 0. 0. 0. 1. 1. 1. 0. 1. 0. 1. 1. 0.
 1. 0. 0. 1. 1. 0. 0. 1. 0. 1. 1. 0. 0. 1. 0. 0. 1. 1. 0. 1. 1. 0. 0. 0.
 0. 1. 1. 0. 0. 1. 0. 0. 1. 0. 1. 1. 1. 0. 0. 0. 1. 1. 0. 0. 0. 0. 1. 0.
 0. 1. 0. 1. 1. 1. 1. 0. 0. 0. 0. 1. 1. 1. 1. 0. 1. 1. 1. 1. 0. 1. 0. 0.
 1. 0. 0. 1. 1. 1. 1. 1. 0. 0. 1. 1. 1. 0. 0. 1. 0. 1. 0. 0. 1. 0. 1. 0.
 1. 0. 0. 0.]"
923,randomforest,"{'criterion': 'gini', 'max_features': 'sqrt', 'n_estimators': 541}",0.6044204544391663,0.20089698546314966,0.21711172325555547,0.36215697613615455,0.5973867903303387,0.20549362663107307,0.5818799799409373,0.16417910447761197,0.582089552238806,0.5820895522388059,"{0: 0.5943417242147472, 1: 0.5943417242147472}","{0: 0.5943417242147472, 1: 0.5943417242147472}",0.5943417242147472,"[[75 59]
 [53 81]]","[1. 0. 0. 0. 0. 1. 0. 1. 1. 0. 0. 0. 1. 0. 0. 0. 1. 0. 0. 0. 0. 1. 0. 0.
 0. 0. 1. 1. 1. 1. 1. 0. 0. 0. 1. 0. 0. 0. 1. 0. 0. 0. 1. 0. 0. 0. 1. 1.
 0. 0. 1. 0. 1. 1. 1. 1. 1. 1. 0. 1. 0. 0. 1. 1. 0. 0. 1. 1. 1. 1. 0. 0.
 1. 1. 0. 1. 1. 0. 0. 0. 1. 1. 1. 0. 0. 1. 0. 1. 1. 1. 1. 1. 0. 1. 1. 1.
 0. 0. 1. 1. 0. 1. 0. 0. 0. 0. 0. 1. 0. 1. 0. 0. 0. 1. 1. 0. 1. 0. 0. 0.
 0. 1. 1. 1. 1. 1. 1. 1. 1. 0. 0. 1. 1. 0. 1. 1. 0. 1. 0. 1. 1. 0. 0. 0.
 1. 0. 0. 0. 1. 1. 1. 0. 1. 1. 0. 1. 1. 0. 1. 0. 1. 1. 0. 0. 1. 1. 0. 1.
 1. 1. 0. 1. 1. 0. 0. 1. 1. 0. 1. 0. 0. 1. 1. 1. 0. 0. 1. 1. 0. 0. 1. 1.
 1. 1. 1. 1. 1. 1. 0. 0. 0. 0. 1. 1. 0. 0. 0. 0. 1. 1. 0. 1. 1. 1. 0. 0.
 1. 1. 0. 1. 0. 0. 0. 0. 1. 1. 1. 0. 0. 0. 1. 1. 1. 1. 1. 1. 0. 1. 0. 0.
 1. 1. 0. 0. 1. 1. 1. 1. 0. 1. 1. 0. 1. 0. 0. 1. 0. 1. 0. 1. 0. 0. 1. 1.
 1. 0. 1. 0.]","[0. 1. 0. 0. 0. 1. 1. 1. 0. 0. 0. 0. 0. 1. 0. 0. 1. 1. 0. 0. 0. 0. 0. 1.
 0. 0. 1. 0. 1. 0. 0. 1. 0. 1. 1. 0. 0. 0. 1. 0. 0. 0. 1. 1. 1. 0. 1. 0.
 1. 0. 1. 1. 0. 1. 1. 1. 1. 0. 1. 0. 0. 1. 1. 1. 0. 0. 0. 1. 1. 0. 1. 1.
 0. 0. 1. 0. 0. 1. 0. 1. 0. 1. 1. 1. 0. 1. 0. 1. 1. 1. 1. 1. 1. 1. 1. 0.
 0. 0. 1. 1. 1. 0. 0. 1. 1. 1. 0. 0. 0. 1. 1. 1. 0. 0. 0. 0. 1. 1. 1. 0.
 1. 0. 0. 1. 1. 0. 0. 0. 0. 1. 0. 0. 1. 1. 0. 1. 1. 1. 0. 1. 1. 0. 1. 0.
 1. 1. 0. 0. 0. 1. 1. 0. 1. 1. 0. 1. 0. 0. 0. 1. 1. 1. 0. 1. 0. 1. 1. 0.
 1. 0. 0. 1. 1. 0. 0. 1. 0. 1. 1. 0. 0. 1. 0. 0. 1. 1. 0. 1. 1. 0. 0. 0.
 0. 1. 1. 0. 0. 1. 0. 0. 1. 0. 1. 1. 1. 0. 0. 0. 1. 1. 0. 0. 0. 0. 1. 0.
 0. 1. 0. 1. 1. 1. 1. 0. 0. 0. 0. 1. 1. 1. 1. 0. 1. 1. 1. 1. 0. 1. 0. 0.
 1. 0. 0. 1. 1. 1. 1. 1. 0. 0. 1. 1. 1. 0. 0. 1. 0. 1. 0. 0. 1. 0. 1. 0.
 1. 0. 0. 0.]"
222,randomforest,"{'criterion': 'gini', 'max_features': 'log2', 'n_estimators': 41}",0.598970877037238,0.21420737317674543,0.21570575657098368,0.3963880349708687,0.5926465111948983,0.22014965727483504,0.5745320855614974,0.14925373134328357,0.5746268656716418,0.5746268656716418,"{0: 0.5998830474493205, 1: 0.5998830474493205}","{0: 0.5998830474493205, 1: 0.5998830474493205}",0.5998830474493205,"[[75 59]
 [55 79]]","[1. 0. 0. 0. 0. 1. 0. 1. 1. 0. 1. 0. 1. 0. 0. 0. 1. 0. 0. 0. 0. 1. 0. 0.
 0. 0. 1. 1. 1. 1. 1. 0. 0. 0. 1. 0. 0. 0. 1. 0. 0. 0. 1. 0. 0. 1. 1. 0.
 0. 0. 1. 0. 0. 1. 1. 0. 1. 1. 0. 1. 0. 0. 1. 0. 0. 0. 1. 0. 1. 1. 0. 0.
 1. 1. 0. 1. 1. 0. 1. 0. 1. 1. 1. 1. 0. 1. 0. 1. 1. 1. 1. 1. 0. 1. 1. 1.
 0. 0. 1. 1. 0. 1. 1. 0. 0. 0. 0. 1. 0. 1. 0. 1. 1. 1. 1. 0. 1. 0. 0. 0.
 0. 1. 1. 1. 1. 1. 1. 1. 0. 0. 0. 1. 1. 0. 1. 1. 0. 1. 0. 1. 1. 0. 1. 0.
 1. 0. 0. 0. 1. 1. 1. 0. 0. 0. 0. 1. 1. 0. 1. 0. 1. 1. 0. 1. 1. 1. 0. 1.
 1. 1. 0. 1. 1. 0. 0. 1. 1. 0. 1. 0. 0. 0. 1. 1. 0. 0. 0. 1. 0. 0. 1. 1.
 0. 1. 1. 1. 1. 1. 0. 1. 0. 0. 1. 1. 0. 1. 0. 0. 1. 1. 0. 1. 1. 0. 1. 0.
 1. 1. 0. 1. 0. 0. 0. 0. 0. 1. 1. 0. 0. 0. 1. 1. 1. 1. 1. 1. 0. 1. 0. 0.
 1. 1. 0. 0. 1. 1. 0. 1. 0. 0. 1. 0. 1. 0. 1. 1. 0. 1. 0. 1. 0. 0. 1. 1.
 1. 0. 1. 0.]","[0. 1. 0. 0. 0. 1. 1. 1. 0. 0. 0. 0. 0. 1. 0. 0. 1. 1. 0. 0. 0. 0. 0. 1.
 0. 0. 1. 0. 1. 0. 0. 1. 0. 1. 1. 0. 0. 0. 1. 0. 0. 0. 1. 1. 1. 0. 1. 0.
 1. 0. 1. 1. 0. 1. 1. 1. 1. 0. 1. 0. 0. 1. 1. 1. 0. 0. 0. 1. 1. 0. 1. 1.
 0. 0. 1. 0. 0. 1. 0. 1. 0. 1. 1. 1. 0. 1. 0. 1. 1. 1. 1. 1. 1. 1. 1. 0.
 0. 0. 1. 1. 1. 0. 0. 1. 1. 1. 0. 0. 0. 1. 1. 1. 0. 0. 0. 0. 1. 1. 1. 0.
 1. 0. 0. 1. 1. 0. 0. 0. 0. 1. 0. 0. 1. 1. 0. 1. 1. 1. 0. 1. 1. 0. 1. 0.
 1. 1. 0. 0. 0. 1. 1. 0. 1. 1. 0. 1. 0. 0. 0. 1. 1. 1. 0. 1. 0. 1. 1. 0.
 1. 0. 0. 1. 1. 0. 0. 1. 0. 1. 1. 0. 0. 1. 0. 0. 1. 1. 0. 1. 1. 0. 0. 0.
 0. 1. 1. 0. 0. 1. 0. 0. 1. 0. 1. 1. 1. 0. 0. 0. 1. 1. 0. 0. 0. 0. 1. 0.
 0. 1. 0. 1. 1. 1. 1. 0. 0. 0. 0. 1. 1. 1. 1. 0. 1. 1. 1. 1. 0. 1. 0. 0.
 1. 0. 0. 1. 1. 1. 1. 1. 0. 0. 1. 1. 1. 0. 0. 1. 0. 1. 0. 0. 1. 0. 1. 0.
 1. 0. 0. 0.]"
680,randomforest,"{'criterion': 'gini', 'max_features': None, 'n_estimators': 101}",0.619734211690326,0.20540560178248174,0.21558299819352308,0.37755455574249586,0.6109305438438503,0.20722201675692253,0.5932326115713986,0.18656716417910446,0.5932835820895522,0.5932835820895522,"{0: 0.6052572956114947, 1: 0.6052572956114948}","{0: 0.6052572956114947, 1: 0.6052572956114948}",0.6052572956114948,"[[78 56]
 [53 81]]","[1. 0. 0. 0. 0. 1. 0. 1. 1. 0. 0. 0. 1. 1. 0. 0. 0. 0. 0. 0. 0. 1. 0. 0.
 0. 0. 1. 1. 1. 1. 1. 0. 0. 0. 1. 1. 0. 0. 1. 0. 0. 0. 1. 0. 0. 1. 1. 0.
 0. 0. 1. 0. 0. 1. 1. 0. 1. 1. 0. 1. 0. 0. 1. 0. 0. 0. 1. 1. 1. 1. 0. 0.
 1. 1. 0. 1. 1. 0. 0. 0. 1. 1. 1. 0. 0. 1. 1. 1. 1. 1. 1. 1. 0. 1. 1. 1.
 0. 0. 1. 1. 0. 1. 1. 0. 1. 0. 0. 1. 0. 1. 0. 0. 0. 1. 1. 1. 1. 0. 0. 0.
 1. 1. 1. 1. 1. 1. 1. 1. 1. 0. 0. 0. 1. 0. 1. 1. 0. 1. 0. 1. 1. 0. 1. 0.
 1. 0. 0. 0. 0. 1. 1. 0. 1. 1. 0. 1. 1. 0. 1. 0. 1. 1. 0. 0. 1. 1. 0. 1.
 1. 1. 0. 1. 1. 0. 0. 1. 1. 0. 1. 0. 0. 0. 1. 1. 0. 0. 0. 1. 0. 0. 1. 1.
 0. 1. 1. 1. 0. 1. 0. 0. 0. 0. 1. 1. 0. 0. 0. 0. 1. 1. 0. 1. 1. 1. 0. 0.
 1. 1. 0. 1. 0. 0. 0. 0. 0. 1. 1. 1. 0. 0. 0. 1. 1. 1. 1. 1. 0. 1. 0. 0.
 1. 1. 0. 0. 1. 1. 1. 1. 0. 0. 1. 0. 1. 0. 1. 1. 0. 1. 0. 1. 0. 0. 1. 1.
 1. 0. 1. 0.]","[0. 1. 0. 0. 0. 1. 1. 1. 0. 0. 0. 0. 0. 1. 0. 0. 1. 1. 0. 0. 0. 0. 0. 1.
 0. 0. 1. 0. 1. 0. 0. 1. 0. 1. 1. 0. 0. 0. 1. 0. 0. 0. 1. 1. 1. 0. 1. 0.
 1. 0. 1. 1. 0. 1. 1. 1. 1. 0. 1. 0. 0. 1. 1. 1. 0. 0. 0. 1. 1. 0. 1. 1.
 0. 0. 1. 0. 0. 1. 0. 1. 0. 1. 1. 1. 0. 1. 0. 1. 1. 1. 1. 1. 1. 1. 1. 0.
 0. 0. 1. 1. 1. 0. 0. 1. 1. 1. 0. 0. 0. 1. 1. 1. 0. 0. 0. 0. 1. 1. 1. 0.
 1. 0. 0. 1. 1. 0. 0. 0. 0. 1. 0. 0. 1. 1. 0. 1. 1. 1. 0. 1. 1. 0. 1. 0.
 1. 1. 0. 0. 0. 1. 1. 0. 1. 1. 0. 1. 0. 0. 0. 1. 1. 1. 0. 1. 0. 1. 1. 0.
 1. 0. 0. 1. 1. 0. 0. 1. 0. 1. 1. 0. 0. 1. 0. 0. 1. 1. 0. 1. 1. 0. 0. 0.
 0. 1. 1. 0. 0. 1. 0. 0. 1. 0. 1. 1. 1. 0. 0. 0. 1. 1. 0. 0. 0. 0. 1. 0.
 0. 1. 0. 1. 1. 1. 1. 0. 0. 0. 0. 1. 1. 1. 1. 0. 1. 1. 1. 1. 0. 1. 0. 0.
 1. 0. 0. 1. 1. 1. 1. 1. 0. 0. 1. 1. 1. 0. 0. 1. 0. 1. 0. 0. 1. 0. 1. 0.
 1. 0. 0. 0.]"
299,randomforest,"{'criterion': 'gini', 'max_features': 'sqrt', 'n_estimators': 565}",0.5997946649409877,0.20425138478220473,0.21549791054751402,0.3710734199832226,0.5935093058076929,0.20784268275223142,0.5819964349376114,0.16417910447761197,0.582089552238806,0.5820895522388059,"{0: 0.5854310536867898, 1: 0.5854310536867899}","{0: 0.5854310536867898, 1: 0.5854310536867899}",0.5854310536867899,"[[76 58]
 [54 80]]","[1. 0. 0. 0. 0. 1. 0. 1. 1. 0. 0. 0. 1. 0. 0. 0. 1. 0. 0. 0. 0. 1. 0. 0.
 0. 0. 1. 1. 1. 1. 1. 0. 0. 0. 1. 0. 0. 0. 1. 0. 0. 0. 1. 0. 0. 0. 1. 1.
 0. 0. 1. 0. 0. 1. 1. 1. 1. 1. 0. 1. 0. 0. 1. 0. 0. 0. 1. 1. 1. 1. 0. 0.
 1. 1. 0. 1. 1. 0. 0. 0. 1. 1. 1. 0. 0. 1. 0. 1. 1. 1. 1. 1. 0. 1. 1. 1.
 0. 0. 1. 1. 0. 1. 1. 0. 0. 0. 0. 1. 0. 1. 0. 0. 0. 1. 1. 0. 1. 0. 0. 0.
 0. 1. 1. 1. 1. 1. 1. 1. 1. 0. 0. 1. 1. 0. 1. 1. 0. 1. 0. 1. 1. 0. 1. 0.
 0. 0. 0. 0. 1. 1. 1. 0. 1. 1. 0. 1. 1. 0. 1. 0. 1. 1. 0. 0. 1. 1. 0. 1.
 1. 1. 0. 1. 1. 0. 0. 1. 1. 0. 1. 0. 0. 0. 1. 1. 0. 0. 1. 1. 0. 0. 1. 1.
 0. 1. 1. 1. 1. 1. 0. 0. 0. 0. 1. 1. 0. 0. 0. 0. 1. 1. 0. 1. 1. 1. 0. 0.
 1. 1. 0. 1. 0. 0. 0. 0. 1. 1. 1. 0. 1. 0. 1. 1. 1. 1. 1. 1. 0. 1. 0. 0.
 1. 1. 0. 0. 1. 1. 1. 1. 0. 1. 1. 0. 1. 0. 0. 1. 0. 1. 0. 1. 0. 0. 1. 1.
 1. 0. 1. 0.]","[0. 1. 0. 0. 0. 1. 1. 1. 0. 0. 0. 0. 0. 1. 0. 0. 1. 1. 0. 0. 0. 0. 0. 1.
 0. 0. 1. 0. 1. 0. 0. 1. 0. 1. 1. 0. 0. 0. 1. 0. 0. 0. 1. 1. 1. 0. 1. 0.
 1. 0. 1. 1. 0. 1. 1. 1. 1. 0. 1. 0. 0. 1. 1. 1. 0. 0. 0. 1. 1. 0. 1. 1.
 0. 0. 1. 0. 0. 1. 0. 1. 0. 1. 1. 1. 0. 1. 0. 1. 1. 1. 1. 1. 1. 1. 1. 0.
 0. 0. 1. 1. 1. 0. 0. 1. 1. 1. 0. 0. 0. 1. 1. 1. 0. 0. 0. 0. 1. 1. 1. 0.
 1. 0. 0. 1. 1. 0. 0. 0. 0. 1. 0. 0. 1. 1. 0. 1. 1. 1. 0. 1. 1. 0. 1. 0.
 1. 1. 0. 0. 0. 1. 1. 0. 1. 1. 0. 1. 0. 0. 0. 1. 1. 1. 0. 1. 0. 1. 1. 0.
 1. 0. 0. 1. 1. 0. 0. 1. 0. 1. 1. 0. 0. 1. 0. 0. 1. 1. 0. 1. 1. 0. 0. 0.
 0. 1. 1. 0. 0. 1. 0. 0. 1. 0. 1. 1. 1. 0. 0. 0. 1. 1. 0. 0. 0. 0. 1. 0.
 0. 1. 0. 1. 1. 1. 1. 0. 0. 0. 0. 1. 1. 1. 1. 0. 1. 1. 1. 1. 0. 1. 0. 0.
 1. 0. 0. 1. 1. 1. 1. 1. 0. 0. 1. 1. 1. 0. 0. 1. 0. 1. 0. 0. 1. 0. 1. 0.
 1. 0. 0. 0.]"
964,randomforest,"{'criterion': 'gini', 'max_features': 'sqrt', 'n_estimators': 169}",0.5992651297551986,0.17931578862906092,0.21543308137723524,0.317815206518296,0.5902729550915035,0.18855332744242834,0.5746031746031746,0.14925373134328357,0.5746268656716418,0.5746268656716418,"{0: 0.572482735575852, 1: 0.572482735575852}","{0: 0.572482735575852, 1: 0.572482735575852}",0.572482735575852,"[[78 56]
 [58 76]]","[1. 0. 0. 0. 0. 1. 0. 1. 1. 0. 0. 0. 1. 0. 0. 0. 0. 0. 0. 0. 0. 1. 0. 0.
 0. 0. 1. 1. 1. 1. 1. 0. 0. 0. 1. 0. 0. 0. 1. 0. 0. 0. 1. 0. 0. 0. 1. 0.
 0. 0. 1. 0. 1. 1. 1. 1. 1. 1. 0. 1. 0. 0. 1. 0. 0. 0. 1. 1. 1. 1. 0. 0.
 0. 1. 0. 1. 1. 0. 0. 0. 1. 1. 1. 0. 0. 1. 0. 1. 1. 1. 1. 0. 0. 1. 1. 1.
 0. 0. 1. 1. 0. 1. 1. 1. 0. 0. 0. 1. 0. 1. 0. 0. 0. 1. 1. 0. 1. 0. 0. 0.
 0. 1. 1. 1. 1. 1. 1. 1. 1. 0. 0. 1. 1. 0. 1. 1. 0. 1. 0. 1. 1. 0. 0. 0.
 0. 0. 0. 0. 1. 1. 1. 0. 1. 0. 0. 1. 1. 0. 1. 0. 1. 1. 0. 0. 1. 1. 0. 1.
 1. 1. 0. 1. 1. 0. 0. 1. 1. 0. 1. 0. 0. 1. 1. 1. 0. 0. 1. 1. 1. 0. 1. 1.
 1. 1. 1. 0. 1. 1. 0. 0. 0. 0. 1. 1. 0. 0. 0. 0. 1. 1. 0. 1. 1. 1. 0. 0.
 0. 1. 0. 0. 0. 0. 0. 0. 1. 1. 1. 0. 1. 0. 0. 1. 1. 1. 1. 1. 0. 1. 0. 0.
 1. 1. 0. 0. 1. 1. 0. 1. 0. 1. 1. 0. 1. 0. 0. 1. 0. 1. 0. 1. 0. 0. 1. 1.
 1. 0. 1. 0.]","[0. 1. 0. 0. 0. 1. 1. 1. 0. 0. 0. 0. 0. 1. 0. 0. 1. 1. 0. 0. 0. 0. 0. 1.
 0. 0. 1. 0. 1. 0. 0. 1. 0. 1. 1. 0. 0. 0. 1. 0. 0. 0. 1. 1. 1. 0. 1. 0.
 1. 0. 1. 1. 0. 1. 1. 1. 1. 0. 1. 0. 0. 1. 1. 1. 0. 0. 0. 1. 1. 0. 1. 1.
 0. 0. 1. 0. 0. 1. 0. 1. 0. 1. 1. 1. 0. 1. 0. 1. 1. 1. 1. 1. 1. 1. 1. 0.
 0. 0. 1. 1. 1. 0. 0. 1. 1. 1. 0. 0. 0. 1. 1. 1. 0. 0. 0. 0. 1. 1. 1. 0.
 1. 0. 0. 1. 1. 0. 0. 0. 0. 1. 0. 0. 1. 1. 0. 1. 1. 1. 0. 1. 1. 0. 1. 0.
 1. 1. 0. 0. 0. 1. 1. 0. 1. 1. 0. 1. 0. 0. 0. 1. 1. 1. 0. 1. 0. 1. 1. 0.
 1. 0. 0. 1. 1. 0. 0. 1. 0. 1. 1. 0. 0. 1. 0. 0. 1. 1. 0. 1. 1. 0. 0. 0.
 0. 1. 1. 0. 0. 1. 0. 0. 1. 0. 1. 1. 1. 0. 0. 0. 1. 1. 0. 0. 0. 0. 1. 0.
 0. 1. 0. 1. 1. 1. 1. 0. 0. 0. 0. 1. 1. 1. 1. 0. 1. 1. 1. 1. 0. 1. 0. 0.
 1. 0. 0. 1. 1. 1. 1. 1. 0. 0. 1. 1. 1. 0. 0. 1. 0. 1. 0. 0. 1. 0. 1. 0.
 1. 0. 0. 0.]"
390,randomforest,"{'criterion': 'gini', 'max_features': 'sqrt', 'n_estimators': 563}",0.6011901764866661,0.20021545795287773,0.21399416312150712,0.36795756927224416,0.5940262619698103,0.20473378522414165,0.57821139570189,0.15671641791044777,0.5783582089552238,0.5783582089552238,"{0: 0.592086210737358, 1: 0.592086210737358}","{0: 0.592086210737358, 1: 0.592086210737358}",0.592086210737358,"[[75 59]
 [54 80]]","[1. 0. 0. 0. 0. 1. 0. 1. 1. 0. 0. 0. 1. 0. 0. 0. 1. 0. 0. 0. 0. 1. 0. 0.
 0. 0. 1. 1. 1. 1. 1. 0. 0. 0. 1. 0. 0. 0. 1. 0. 0. 0. 1. 0. 0. 0. 1. 1.
 0. 0. 1. 0. 1. 1. 1. 1. 1. 1. 0. 1. 0. 0. 1. 0. 0. 0. 1. 1. 1. 1. 0. 0.
 1. 1. 0. 1. 1. 0. 0. 0. 1. 1. 1. 0. 0. 1. 0. 1. 1. 1. 1. 1. 0. 1. 1. 1.
 0. 0. 1. 1. 0. 1. 1. 1. 0. 0. 0. 1. 0. 1. 0. 0. 0. 1. 1. 0. 1. 0. 0. 0.
 0. 1. 1. 1. 1. 1. 1. 1. 1. 0. 0. 1. 1. 0. 1. 1. 0. 1. 0. 1. 1. 0. 1. 0.
 0. 0. 0. 0. 1. 1. 1. 0. 1. 1. 0. 1. 1. 0. 1. 0. 1. 1. 0. 0. 1. 1. 0. 1.
 1. 1. 0. 1. 1. 0. 0. 1. 1. 0. 1. 0. 0. 0. 1. 1. 0. 0. 1. 1. 0. 0. 1. 1.
 1. 1. 1. 0. 1. 1. 0. 0. 0. 0. 1. 1. 0. 0. 0. 0. 1. 1. 0. 1. 1. 1. 0. 0.
 1. 1. 0. 1. 0. 0. 0. 0. 1. 1. 1. 0. 0. 0. 1. 1. 1. 1. 1. 1. 0. 1. 0. 0.
 1. 1. 0. 0. 1. 1. 1. 1. 0. 1. 1. 0. 1. 0. 0. 1. 0. 1. 0. 1. 0. 0. 1. 1.
 1. 0. 1. 0.]","[0. 1. 0. 0. 0. 1. 1. 1. 0. 0. 0. 0. 0. 1. 0. 0. 1. 1. 0. 0. 0. 0. 0. 1.
 0. 0. 1. 0. 1. 0. 0. 1. 0. 1. 1. 0. 0. 0. 1. 0. 0. 0. 1. 1. 1. 0. 1. 0.
 1. 0. 1. 1. 0. 1. 1. 1. 1. 0. 1. 0. 0. 1. 1. 1. 0. 0. 0. 1. 1. 0. 1. 1.
 0. 0. 1. 0. 0. 1. 0. 1. 0. 1. 1. 1. 0. 1. 0. 1. 1. 1. 1. 1. 1. 1. 1. 0.
 0. 0. 1. 1. 1. 0. 0. 1. 1. 1. 0. 0. 0. 1. 1. 1. 0. 0. 0. 0. 1. 1. 1. 0.
 1. 0. 0. 1. 1. 0. 0. 0. 0. 1. 0. 0. 1. 1. 0. 1. 1. 1. 0. 1. 1. 0. 1. 0.
 1. 1. 0. 0. 0. 1. 1. 0. 1. 1. 0. 1. 0. 0. 0. 1. 1. 1. 0. 1. 0. 1. 1. 0.
 1. 0. 0. 1. 1. 0. 0. 1. 0. 1. 1. 0. 0. 1. 0. 0. 1. 1. 0. 1. 1. 0. 0. 0.
 0. 1. 1. 0. 0. 1. 0. 0. 1. 0. 1. 1. 1. 0. 0. 0. 1. 1. 0. 0. 0. 0. 1. 0.
 0. 1. 0. 1. 1. 1. 1. 0. 0. 0. 0. 1. 1. 1. 1. 0. 1. 1. 1. 1. 0. 1. 0. 0.
 1. 0. 0. 1. 1. 1. 1. 1. 0. 0. 1. 1. 1. 0. 0. 1. 0. 1. 0. 0. 1. 0. 1. 0.
 1. 0. 0. 0.]"
440,randomforest,"{'criterion': 'gini', 'max_features': 'sqrt', 'n_estimators': 443}",0.6032229646529668,0.19871144543593108,0.2135094368836664,0.3653329584458697,0.5959530985740663,0.20395093672491904,0.5855381400208987,0.17164179104477617,0.585820895522388,0.585820895522388,"{0: 0.5874916462463802, 1: 0.58749164624638}","{0: 0.5874916462463802, 1: 0.58749164624638}",0.58749164624638,"[[75 59]
 [52 82]]","[1. 0. 0. 0. 0. 1. 0. 1. 1. 0. 0. 0. 1. 0. 0. 0. 1. 0. 0. 0. 0. 1. 0. 0.
 0. 0. 1. 1. 1. 1. 1. 0. 0. 0. 1. 0. 0. 0. 1. 0. 1. 0. 1. 0. 0. 0. 1. 0.
 0. 0. 1. 0. 1. 1. 1. 1. 1. 1. 0. 1. 0. 0. 1. 0. 0. 0. 1. 1. 1. 1. 0. 0.
 1. 1. 0. 1. 1. 0. 0. 0. 1. 1. 1. 0. 0. 1. 0. 1. 1. 1. 1. 1. 0. 1. 1. 1.
 0. 0. 1. 1. 0. 1. 0. 0. 0. 0. 0. 1. 0. 1. 0. 0. 0. 1. 1. 0. 1. 0. 0. 0.
 0. 1. 1. 1. 1. 1. 1. 1. 1. 0. 0. 1. 1. 0. 1. 1. 0. 1. 0. 1. 1. 0. 1. 0.
 1. 0. 0. 0. 1. 1. 1. 0. 1. 1. 0. 1. 1. 0. 1. 0. 1. 1. 0. 0. 1. 1. 0. 1.
 1. 1. 0. 1. 1. 0. 0. 1. 1. 0. 1. 0. 0. 1. 1. 1. 0. 0. 1. 1. 0. 0. 1. 1.
 1. 1. 1. 0. 1. 1. 0. 0. 0. 0. 1. 1. 0. 1. 0. 0. 1. 1. 0. 1. 1. 1. 0. 0.
 1. 1. 0. 1. 0. 0. 0. 0. 1. 1. 1. 0. 1. 0. 1. 1. 1. 1. 1. 1. 0. 1. 0. 0.
 1. 1. 0. 0. 1. 1. 1. 1. 0. 1. 1. 0. 1. 0. 0. 1. 0. 1. 0. 1. 0. 0. 1. 1.
 1. 0. 1. 0.]","[0. 1. 0. 0. 0. 1. 1. 1. 0. 0. 0. 0. 0. 1. 0. 0. 1. 1. 0. 0. 0. 0. 0. 1.
 0. 0. 1. 0. 1. 0. 0. 1. 0. 1. 1. 0. 0. 0. 1. 0. 0. 0. 1. 1. 1. 0. 1. 0.
 1. 0. 1. 1. 0. 1. 1. 1. 1. 0. 1. 0. 0. 1. 1. 1. 0. 0. 0. 1. 1. 0. 1. 1.
 0. 0. 1. 0. 0. 1. 0. 1. 0. 1. 1. 1. 0. 1. 0. 1. 1. 1. 1. 1. 1. 1. 1. 0.
 0. 0. 1. 1. 1. 0. 0. 1. 1. 1. 0. 0. 0. 1. 1. 1. 0. 0. 0. 0. 1. 1. 1. 0.
 1. 0. 0. 1. 1. 0. 0. 0. 0. 1. 0. 0. 1. 1. 0. 1. 1. 1. 0. 1. 1. 0. 1. 0.
 1. 1. 0. 0. 0. 1. 1. 0. 1. 1. 0. 1. 0. 0. 0. 1. 1. 1. 0. 1. 0. 1. 1. 0.
 1. 0. 0. 1. 1. 0. 0. 1. 0. 1. 1. 0. 0. 1. 0. 0. 1. 1. 0. 1. 1. 0. 0. 0.
 0. 1. 1. 0. 0. 1. 0. 0. 1. 0. 1. 1. 1. 0. 0. 0. 1. 1. 0. 0. 0. 0. 1. 0.
 0. 1. 0. 1. 1. 1. 1. 0. 0. 0. 0. 1. 1. 1. 1. 0. 1. 1. 1. 1. 0. 1. 0. 0.
 1. 0. 0. 1. 1. 1. 1. 1. 0. 0. 1. 1. 1. 0. 0. 1. 0. 1. 0. 0. 1. 0. 1. 0.
 1. 0. 0. 0.]"
684,randomforest,"{'criterion': 'gini', 'max_features': None, 'n_estimators': 287}",0.6075150074379202,0.18751647182128398,0.21344044659324093,0.3646009641237574,0.596638065488872,0.19782307917137115,0.5895522388059702,0.17910447761194026,0.5895522388059702,0.5895522388059702,"{0: 0.5849855201603921, 1: 0.5849855201603921}","{0: 0.5849855201603921, 1: 0.5849855201603921}",0.5849855201603921,"[[79 55]
 [55 79]]","[1. 0. 0. 0. 0. 1. 0. 1. 1. 0. 0. 0. 1. 0. 0. 0. 0. 0. 0. 0. 0. 1. 0. 0.
 0. 0. 1. 1. 1. 1. 1. 0. 0. 0. 1. 0. 0. 0. 1. 0. 1. 0. 1. 1. 0. 0. 1. 0.
 0. 0. 1. 0. 0. 1. 1. 1. 1. 1. 0. 1. 0. 0. 1. 0. 0. 0. 1. 1. 1. 1. 0. 0.
 1. 1. 0. 1. 1. 0. 0. 0. 1. 1. 1. 0. 0. 1. 1. 1. 1. 1. 1. 1. 0. 1. 1. 1.
 0. 0. 1. 1. 0. 1. 0. 1. 0. 0. 0. 1. 0. 1. 0. 0. 0. 1. 1. 0. 1. 0. 0. 0.
 1. 1. 1. 1. 1. 1. 1. 1. 1. 0. 0. 1. 0. 0. 1. 1. 0. 1. 0. 1. 0. 0. 1. 0.
 0. 0. 0. 0. 0. 1. 1. 0. 1. 1. 0. 1. 1. 0. 1. 0. 1. 1. 0. 0. 1. 1. 0. 1.
 1. 1. 0. 1. 1. 0. 0. 1. 1. 0. 1. 0. 0. 0. 1. 1. 0. 0. 1. 1. 0. 0. 1. 1.
 0. 1. 1. 0. 1. 1. 0. 0. 0. 0. 1. 1. 0. 0. 0. 0. 1. 1. 0. 1. 1. 1. 0. 0.
 1. 1. 0. 1. 0. 0. 0. 0. 1. 1. 1. 0. 0. 0. 1. 1. 1. 1. 1. 1. 0. 1. 0. 0.
 1. 1. 0. 0. 1. 1. 1. 1. 0. 1. 1. 0. 1. 0. 0. 1. 0. 1. 0. 1. 0. 0. 1. 0.
 1. 0. 1. 0.]","[0. 1. 0. 0. 0. 1. 1. 1. 0. 0. 0. 0. 0. 1. 0. 0. 1. 1. 0. 0. 0. 0. 0. 1.
 0. 0. 1. 0. 1. 0. 0. 1. 0. 1. 1. 0. 0. 0. 1. 0. 0. 0. 1. 1. 1. 0. 1. 0.
 1. 0. 1. 1. 0. 1. 1. 1. 1. 0. 1. 0. 0. 1. 1. 1. 0. 0. 0. 1. 1. 0. 1. 1.
 0. 0. 1. 0. 0. 1. 0. 1. 0. 1. 1. 1. 0. 1. 0. 1. 1. 1. 1. 1. 1. 1. 1. 0.
 0. 0. 1. 1. 1. 0. 0. 1. 1. 1. 0. 0. 0. 1. 1. 1. 0. 0. 0. 0. 1. 1. 1. 0.
 1. 0. 0. 1. 1. 0. 0. 0. 0. 1. 0. 0. 1. 1. 0. 1. 1. 1. 0. 1. 1. 0. 1. 0.
 1. 1. 0. 0. 0. 1. 1. 0. 1. 1. 0. 1. 0. 0. 0. 1. 1. 1. 0. 1. 0. 1. 1. 0.
 1. 0. 0. 1. 1. 0. 0. 1. 0. 1. 1. 0. 0. 1. 0. 0. 1. 1. 0. 1. 1. 0. 0. 0.
 0. 1. 1. 0. 0. 1. 0. 0. 1. 0. 1. 1. 1. 0. 0. 0. 1. 1. 0. 0. 0. 0. 1. 0.
 0. 1. 0. 1. 1. 1. 1. 0. 0. 0. 0. 1. 1. 1. 1. 0. 1. 1. 1. 1. 0. 1. 0. 0.
 1. 0. 0. 1. 1. 1. 1. 1. 0. 0. 1. 1. 1. 0. 0. 1. 0. 1. 0. 0. 1. 0. 1. 0.
 1. 0. 0. 0.]"
361,randomforest,"{'criterion': 'gini', 'max_features': 'sqrt', 'n_estimators': 89}",0.5966621736545835,0.2235536490262833,0.21274443213407146,0.40597125385696403,0.5923349537260828,0.2246592758147813,0.5707461106700651,0.14179104477611937,0.5708955223880597,0.5708955223880597,"{0: 0.578775896636222, 1: 0.5787758966362219}","{0: 0.578775896636222, 1: 0.5787758966362219}",0.5787758966362219,"[[74 60]
 [55 79]]","[1. 0. 0. 0. 0. 1. 0. 1. 1. 0. 0. 0. 1. 0. 0. 0. 0. 0. 0. 0. 0. 1. 0. 0.
 0. 0. 1. 1. 1. 1. 1. 0. 0. 0. 1. 0. 1. 0. 1. 0. 0. 0. 1. 1. 0. 0. 1. 1.
 0. 0. 1. 1. 1. 1. 1. 1. 1. 1. 0. 1. 0. 0. 1. 1. 0. 0. 1. 1. 1. 1. 0. 0.
 1. 1. 0. 1. 1. 0. 1. 0. 1. 1. 1. 0. 0. 1. 0. 1. 1. 1. 1. 1. 0. 1. 1. 1.
 0. 0. 1. 1. 0. 1. 0. 0. 0. 0. 0. 1. 0. 1. 0. 0. 0. 1. 1. 0. 1. 0. 0. 0.
 0. 1. 1. 1. 1. 1. 1. 1. 1. 0. 0. 1. 1. 0. 1. 0. 0. 1. 0. 1. 1. 0. 1. 0.
 0. 0. 0. 0. 1. 1. 1. 0. 1. 0. 0. 1. 1. 0. 1. 0. 1. 1. 0. 0. 1. 1. 0. 1.
 0. 1. 0. 1. 1. 1. 0. 1. 1. 0. 1. 1. 0. 1. 1. 1. 0. 0. 1. 1. 0. 0. 0. 1.
 1. 1. 1. 1. 1. 1. 0. 0. 0. 0. 1. 1. 0. 0. 0. 0. 1. 1. 0. 1. 1. 0. 0. 0.
 1. 1. 0. 1. 0. 0. 0. 0. 1. 1. 1. 0. 1. 0. 0. 1. 1. 1. 1. 1. 0. 1. 0. 0.
 1. 1. 0. 0. 1. 1. 1. 1. 0. 0. 1. 0. 1. 0. 0. 1. 0. 1. 0. 1. 0. 0. 1. 1.
 1. 0. 1. 0.]","[0. 1. 0. 0. 0. 1. 1. 1. 0. 0. 0. 0. 0. 1. 0. 0. 1. 1. 0. 0. 0. 0. 0. 1.
 0. 0. 1. 0. 1. 0. 0. 1. 0. 1. 1. 0. 0. 0. 1. 0. 0. 0. 1. 1. 1. 0. 1. 0.
 1. 0. 1. 1. 0. 1. 1. 1. 1. 0. 1. 0. 0. 1. 1. 1. 0. 0. 0. 1. 1. 0. 1. 1.
 0. 0. 1. 0. 0. 1. 0. 1. 0. 1. 1. 1. 0. 1. 0. 1. 1. 1. 1. 1. 1. 1. 1. 0.
 0. 0. 1. 1. 1. 0. 0. 1. 1. 1. 0. 0. 0. 1. 1. 1. 0. 0. 0. 0. 1. 1. 1. 0.
 1. 0. 0. 1. 1. 0. 0. 0. 0. 1. 0. 0. 1. 1. 0. 1. 1. 1. 0. 1. 1. 0. 1. 0.
 1. 1. 0. 0. 0. 1. 1. 0. 1. 1. 0. 1. 0. 0. 0. 1. 1. 1. 0. 1. 0. 1. 1. 0.
 1. 0. 0. 1. 1. 0. 0. 1. 0. 1. 1. 0. 0. 1. 0. 0. 1. 1. 0. 1. 1. 0. 0. 0.
 0. 1. 1. 0. 0. 1. 0. 0. 1. 0. 1. 1. 1. 0. 0. 0. 1. 1. 0. 0. 0. 0. 1. 0.
 0. 1. 0. 1. 1. 1. 1. 0. 0. 0. 0. 1. 1. 1. 1. 0. 1. 1. 1. 1. 0. 1. 0. 0.
 1. 0. 0. 1. 1. 1. 1. 1. 0. 0. 1. 1. 1. 0. 0. 1. 0. 1. 0. 0. 1. 0. 1. 0.
 1. 0. 0. 0.]"
297,randomforest,"{'criterion': 'gini', 'max_features': 'log2', 'n_estimators': 239}",0.6058051451051663,0.20975269146939832,0.21160400024389578,0.39009324225807906,0.5993003897237767,0.214792734385818,0.5891861761426979,0.17910447761194026,0.5895522388059702,0.5895522388059702,"{0: 0.5905825350857652, 1: 0.5905825350857652}","{0: 0.5905825350857652, 1: 0.5905825350857652}",0.5905825350857652,"[[75 59]
 [51 83]]","[1. 0. 0. 0. 0. 1. 0. 1. 1. 0. 0. 0. 1. 0. 0. 0. 1. 0. 0. 0. 0. 1. 0. 0.
 0. 0. 1. 1. 1. 1. 1. 0. 0. 0. 1. 0. 1. 0. 1. 0. 1. 0. 1. 0. 0. 0. 1. 1.
 0. 0. 1. 0. 0. 1. 1. 1. 1. 1. 0. 1. 0. 0. 1. 1. 0. 0. 1. 1. 1. 1. 0. 0.
 1. 1. 0. 1. 1. 0. 0. 0. 1. 1. 1. 1. 0. 1. 0. 1. 1. 1. 1. 1. 0. 1. 1. 1.
 0. 0. 1. 1. 0. 1. 0. 1. 0. 0. 0. 1. 0. 1. 0. 0. 0. 1. 1. 0. 1. 0. 0. 0.
 0. 1. 1. 1. 1. 1. 1. 1. 0. 0. 0. 1. 1. 0. 1. 1. 0. 1. 0. 1. 1. 0. 1. 0.
 1. 0. 0. 0. 1. 1. 1. 0. 1. 1. 0. 1. 1. 0. 1. 0. 1. 1. 0. 0. 1. 1. 0. 1.
 1. 1. 0. 1. 1. 0. 0. 1. 1. 0. 1. 0. 0. 1. 1. 1. 0. 0. 1. 1. 0. 0. 1. 1.
 1. 1. 1. 0. 1. 1. 0. 0. 0. 0. 1. 1. 0. 1. 0. 0. 1. 1. 0. 1. 1. 1. 0. 0.
 1. 1. 0. 1. 0. 0. 0. 0. 1. 1. 1. 0. 0. 0. 1. 1. 1. 1. 1. 1. 0. 1. 0. 0.
 1. 1. 0. 0. 1. 1. 1. 1. 0. 1. 1. 0. 1. 0. 0. 1. 0. 0. 0. 1. 0. 0. 1. 1.
 1. 0. 1. 0.]","[0. 1. 0. 0. 0. 1. 1. 1. 0. 0. 0. 0. 0. 1. 0. 0. 1. 1. 0. 0. 0. 0. 0. 1.
 0. 0. 1. 0. 1. 0. 0. 1. 0. 1. 1. 0. 0. 0. 1. 0. 0. 0. 1. 1. 1. 0. 1. 0.
 1. 0. 1. 1. 0. 1. 1. 1. 1. 0. 1. 0. 0. 1. 1. 1. 0. 0. 0. 1. 1. 0. 1. 1.
 0. 0. 1. 0. 0. 1. 0. 1. 0. 1. 1. 1. 0. 1. 0. 1. 1. 1. 1. 1. 1. 1. 1. 0.
 0. 0. 1. 1. 1. 0. 0. 1. 1. 1. 0. 0. 0. 1. 1. 1. 0. 0. 0. 0. 1. 1. 1. 0.
 1. 0. 0. 1. 1. 0. 0. 0. 0. 1. 0. 0. 1. 1. 0. 1. 1. 1. 0. 1. 1. 0. 1. 0.
 1. 1. 0. 0. 0. 1. 1. 0. 1. 1. 0. 1. 0. 0. 0. 1. 1. 1. 0. 1. 0. 1. 1. 0.
 1. 0. 0. 1. 1. 0. 0. 1. 0. 1. 1. 0. 0. 1. 0. 0. 1. 1. 0. 1. 1. 0. 0. 0.
 0. 1. 1. 0. 0. 1. 0. 0. 1. 0. 1. 1. 1. 0. 0. 0. 1. 1. 0. 0. 0. 0. 1. 0.
 0. 1. 0. 1. 1. 1. 1. 0. 0. 0. 0. 1. 1. 1. 1. 0. 1. 1. 1. 1. 0. 1. 0. 0.
 1. 0. 0. 1. 1. 1. 1. 1. 0. 0. 1. 1. 1. 0. 0. 1. 0. 1. 0. 0. 1. 0. 1. 0.
 1. 0. 0. 0.]"
513,AdaBoost,"{'algorithm': 'SAMME', 'learning_rate': 1.2428571428571429, 'n_estimators': 96}",0.6126914616533216,0.1750681548992877,0.21133218643772164,0.3095998123689276,0.6094444123677994,0.16163334931009835,0.5966555183946489,0.19402985074626866,0.5970149253731343,0.5970149253731343,"{0: 0.6133047449320561, 1: 0.613304744932056}","{0: 0.6133047449320561, 1: 0.613304744932056}",0.613304744932056,"[[76 58]
 [50 84]]","[0. 0. 0. 0. 1. 1. 0. 1. 1. 1. 0. 0. 1. 1. 0. 0. 0. 0. 0. 0. 0. 1. 0. 0.
 0. 0. 1. 1. 1. 1. 1. 0. 0. 0. 1. 0. 0. 0. 1. 0. 0. 0. 1. 1. 0. 0. 1. 1.
 0. 0. 1. 1. 0. 1. 1. 1. 1. 0. 0. 1. 0. 1. 1. 0. 0. 0. 0. 1. 1. 1. 1. 1.
 1. 1. 0. 1. 1. 0. 1. 1. 0. 1. 1. 0. 0. 1. 0. 1. 0. 1. 1. 1. 0. 1. 1. 1.
 0. 0. 1. 1. 0. 1. 1. 1. 1. 0. 0. 1. 0. 1. 0. 0. 1. 1. 1. 0. 1. 1. 0. 0.
 1. 1. 1. 0. 1. 1. 1. 0. 1. 0. 0. 1. 0. 0. 1. 1. 0. 0. 1. 0. 1. 0. 1. 0.
 1. 1. 0. 1. 1. 1. 1. 0. 1. 0. 0. 1. 1. 0. 1. 0. 1. 0. 0. 0. 1. 0. 1. 1.
 1. 1. 1. 1. 1. 0. 0. 1. 0. 1. 1. 1. 0. 1. 1. 1. 0. 0. 1. 1. 0. 0. 1. 1.
 0. 1. 0. 1. 1. 1. 0. 0. 1. 0. 1. 1. 1. 0. 1. 0. 1. 1. 0. 1. 1. 0. 0. 0.
 1. 0. 0. 0. 0. 0. 0. 0. 0. 1. 1. 1. 1. 1. 0. 1. 0. 1. 1. 1. 0. 1. 0. 0.
 1. 1. 0. 0. 1. 1. 0. 1. 0. 1. 1. 0. 1. 0. 0. 1. 0. 1. 0. 1. 0. 0. 1. 0.
 0. 0. 1. 0.]","[0. 1. 0. 0. 0. 1. 1. 1. 0. 0. 0. 0. 0. 1. 0. 0. 1. 1. 0. 0. 0. 0. 0. 1.
 0. 0. 1. 0. 1. 0. 0. 1. 0. 1. 1. 0. 0. 0. 1. 0. 0. 0. 1. 1. 1. 0. 1. 0.
 1. 0. 1. 1. 0. 1. 1. 1. 1. 0. 1. 0. 0. 1. 1. 1. 0. 0. 0. 1. 1. 0. 1. 1.
 0. 0. 1. 0. 0. 1. 0. 1. 0. 1. 1. 1. 0. 1. 0. 1. 1. 1. 1. 1. 1. 1. 1. 0.
 0. 0. 1. 1. 1. 0. 0. 1. 1. 1. 0. 0. 0. 1. 1. 1. 0. 0. 0. 0. 1. 1. 1. 0.
 1. 0. 0. 1. 1. 0. 0. 0. 0. 1. 0. 0. 1. 1. 0. 1. 1. 1. 0. 1. 1. 0. 1. 0.
 1. 1. 0. 0. 0. 1. 1. 0. 1. 1. 0. 1. 0. 0. 0. 1. 1. 1. 0. 1. 0. 1. 1. 0.
 1. 0. 0. 1. 1. 0. 0. 1. 0. 1. 1. 0. 0. 1. 0. 0. 1. 1. 0. 1. 1. 0. 0. 0.
 0. 1. 1. 0. 0. 1. 0. 0. 1. 0. 1. 1. 1. 0. 0. 0. 1. 1. 0. 0. 0. 0. 1. 0.
 0. 1. 0. 1. 1. 1. 1. 0. 0. 0. 0. 1. 1. 1. 1. 0. 1. 1. 1. 1. 0. 1. 0. 0.
 1. 0. 0. 1. 1. 1. 1. 1. 0. 0. 1. 1. 1. 0. 0. 1. 0. 1. 0. 0. 1. 0. 1. 0.
 1. 0. 0. 0.]"
450,randomforest,"{'criterion': 'gini', 'max_features': 'sqrt', 'n_estimators': 391}",0.6047381161681183,0.19415796867354293,0.2112772940265235,0.3449887342981815,0.5980364319073996,0.1993326526248745,0.5855381400208987,0.17164179104477617,0.585820895522388,0.585820895522388,"{0: 0.5932000445533525, 1: 0.5932000445533526}","{0: 0.5932000445533525, 1: 0.5932000445533526}",0.5932000445533526,"[[75 59]
 [52 82]]","[1. 0. 0. 0. 0. 1. 0. 1. 1. 0. 0. 0. 1. 0. 0. 0. 1. 0. 0. 0. 0. 1. 0. 0.
 0. 0. 1. 1. 1. 1. 1. 0. 0. 0. 1. 0. 1. 0. 1. 0. 0. 0. 1. 1. 0. 0. 1. 1.
 0. 0. 1. 0. 1. 1. 1. 1. 1. 1. 0. 1. 1. 0. 1. 1. 0. 0. 1. 1. 1. 1. 0. 0.
 1. 1. 0. 1. 1. 0. 0. 0. 1. 1. 1. 0. 0. 1. 0. 1. 1. 1. 1. 1. 0. 1. 1. 1.
 0. 0. 1. 1. 0. 1. 0. 1. 0. 0. 0. 1. 0. 1. 0. 0. 0. 1. 1. 0. 1. 0. 0. 0.
 0. 1. 1. 1. 1. 1. 1. 1. 1. 0. 0. 1. 1. 0. 1. 1. 0. 1. 0. 1. 1. 0. 0. 0.
 0. 0. 0. 0. 1. 1. 1. 0. 1. 1. 0. 1. 1. 0. 1. 0. 1. 1. 0. 0. 1. 1. 0. 1.
 1. 1. 0. 1. 1. 0. 0. 1. 1. 0. 1. 0. 0. 1. 1. 1. 0. 0. 1. 1. 0. 0. 1. 1.
 0. 1. 1. 1. 0. 1. 0. 0. 0. 0. 1. 1. 0. 0. 0. 0. 1. 1. 0. 1. 1. 1. 0. 0.
 1. 1. 0. 1. 0. 0. 0. 0. 1. 1. 1. 0. 1. 0. 0. 1. 1. 1. 1. 1. 0. 1. 0. 0.
 1. 1. 0. 0. 1. 1. 1. 1. 0. 1. 1. 0. 1. 0. 0. 1. 0. 1. 0. 1. 0. 0. 1. 1.
 1. 0. 1. 0.]","[0. 1. 0. 0. 0. 1. 1. 1. 0. 0. 0. 0. 0. 1. 0. 0. 1. 1. 0. 0. 0. 0. 0. 1.
 0. 0. 1. 0. 1. 0. 0. 1. 0. 1. 1. 0. 0. 0. 1. 0. 0. 0. 1. 1. 1. 0. 1. 0.
 1. 0. 1. 1. 0. 1. 1. 1. 1. 0. 1. 0. 0. 1. 1. 1. 0. 0. 0. 1. 1. 0. 1. 1.
 0. 0. 1. 0. 0. 1. 0. 1. 0. 1. 1. 1. 0. 1. 0. 1. 1. 1. 1. 1. 1. 1. 1. 0.
 0. 0. 1. 1. 1. 0. 0. 1. 1. 1. 0. 0. 0. 1. 1. 1. 0. 0. 0. 0. 1. 1. 1. 0.
 1. 0. 0. 1. 1. 0. 0. 0. 0. 1. 0. 0. 1. 1. 0. 1. 1. 1. 0. 1. 1. 0. 1. 0.
 1. 1. 0. 0. 0. 1. 1. 0. 1. 1. 0. 1. 0. 0. 0. 1. 1. 1. 0. 1. 0. 1. 1. 0.
 1. 0. 0. 1. 1. 0. 0. 1. 0. 1. 1. 0. 0. 1. 0. 0. 1. 1. 0. 1. 1. 0. 0. 0.
 0. 1. 1. 0. 0. 1. 0. 0. 1. 0. 1. 1. 1. 0. 0. 0. 1. 1. 0. 0. 0. 0. 1. 0.
 0. 1. 0. 1. 1. 1. 1. 0. 0. 0. 0. 1. 1. 1. 1. 0. 1. 1. 1. 1. 0. 1. 0. 0.
 1. 0. 0. 1. 1. 1. 1. 1. 0. 0. 1. 1. 1. 0. 0. 1. 0. 1. 0. 0. 1. 0. 1. 0.
 1. 0. 0. 0.]"
629,randomforest,"{'criterion': 'gini', 'max_features': 'log2', 'n_estimators': 103}",0.6087259859140789,0.17640407746366651,0.21117992019884504,0.32655989784547856,0.5991806021039893,0.1851865780770106,0.5891861761426979,0.17910447761194026,0.5895522388059702,0.5895522388059702,"{0: 0.5962352417019381, 1: 0.5962352417019382}","{0: 0.5962352417019381, 1: 0.5962352417019382}",0.5962352417019382,"[[75 59]
 [51 83]]","[1. 0. 0. 0. 0. 1. 0. 1. 1. 0. 0. 0. 1. 0. 0. 0. 1. 0. 0. 1. 0. 1. 0. 0.
 0. 0. 1. 1. 1. 1. 1. 0. 0. 0. 1. 0. 1. 0. 1. 0. 0. 0. 1. 0. 0. 0. 1. 0.
 0. 0. 1. 0. 1. 1. 1. 1. 1. 1. 0. 1. 1. 0. 1. 1. 0. 0. 1. 1. 1. 1. 0. 0.
 0. 1. 0. 1. 1. 0. 0. 0. 1. 1. 1. 1. 0. 1. 0. 1. 1. 1. 1. 1. 0. 1. 1. 1.
 0. 0. 1. 1. 0. 1. 1. 0. 0. 0. 0. 1. 0. 1. 0. 0. 0. 1. 1. 0. 1. 0. 0. 0.
 1. 1. 1. 1. 1. 1. 1. 1. 1. 0. 0. 1. 1. 0. 1. 1. 0. 1. 0. 1. 1. 0. 0. 0.
 1. 0. 0. 0. 1. 1. 1. 0. 1. 1. 0. 1. 1. 0. 1. 0. 1. 1. 0. 0. 1. 0. 0. 1.
 1. 0. 0. 1. 1. 1. 0. 1. 1. 0. 1. 0. 0. 1. 1. 1. 0. 0. 1. 1. 0. 0. 1. 1.
 1. 1. 1. 1. 1. 1. 0. 0. 0. 0. 1. 1. 0. 1. 0. 0. 1. 1. 0. 1. 1. 0. 0. 0.
 1. 1. 0. 1. 0. 1. 0. 0. 0. 1. 1. 0. 0. 1. 1. 1. 1. 1. 1. 1. 0. 1. 0. 0.
 1. 1. 0. 0. 1. 1. 1. 1. 0. 1. 1. 0. 1. 0. 0. 1. 0. 0. 0. 1. 0. 0. 1. 0.
 1. 0. 1. 0.]","[0. 1. 0. 0. 0. 1. 1. 1. 0. 0. 0. 0. 0. 1. 0. 0. 1. 1. 0. 0. 0. 0. 0. 1.
 0. 0. 1. 0. 1. 0. 0. 1. 0. 1. 1. 0. 0. 0. 1. 0. 0. 0. 1. 1. 1. 0. 1. 0.
 1. 0. 1. 1. 0. 1. 1. 1. 1. 0. 1. 0. 0. 1. 1. 1. 0. 0. 0. 1. 1. 0. 1. 1.
 0. 0. 1. 0. 0. 1. 0. 1. 0. 1. 1. 1. 0. 1. 0. 1. 1. 1. 1. 1. 1. 1. 1. 0.
 0. 0. 1. 1. 1. 0. 0. 1. 1. 1. 0. 0. 0. 1. 1. 1. 0. 0. 0. 0. 1. 1. 1. 0.
 1. 0. 0. 1. 1. 0. 0. 0. 0. 1. 0. 0. 1. 1. 0. 1. 1. 1. 0. 1. 1. 0. 1. 0.
 1. 1. 0. 0. 0. 1. 1. 0. 1. 1. 0. 1. 0. 0. 0. 1. 1. 1. 0. 1. 0. 1. 1. 0.
 1. 0. 0. 1. 1. 0. 0. 1. 0. 1. 1. 0. 0. 1. 0. 0. 1. 1. 0. 1. 1. 0. 0. 0.
 0. 1. 1. 0. 0. 1. 0. 0. 1. 0. 1. 1. 1. 0. 0. 0. 1. 1. 0. 0. 0. 0. 1. 0.
 0. 1. 0. 1. 1. 1. 1. 0. 0. 0. 0. 1. 1. 1. 1. 0. 1. 1. 1. 1. 0. 1. 0. 0.
 1. 0. 0. 1. 1. 1. 1. 1. 0. 0. 1. 1. 1. 0. 0. 1. 0. 1. 0. 0. 1. 0. 1. 0.
 1. 0. 0. 0.]"
939,randomforest,"{'criterion': 'gini', 'max_features': 'sqrt', 'n_estimators': 497}",0.6028709575792118,0.19793389398844075,0.2110980066794096,0.37411416218538185,0.5946312703873188,0.20665669052392846,0.57821139570189,0.15671641791044777,0.5783582089552238,0.5783582089552238,"{0: 0.5909166852305636, 1: 0.5909166852305636}","{0: 0.5909166852305636, 1: 0.5909166852305636}",0.5909166852305636,"[[75 59]
 [54 80]]","[1. 0. 0. 0. 0. 1. 0. 1. 1. 0. 0. 0. 1. 0. 0. 0. 1. 0. 0. 0. 0. 1. 0. 0.
 0. 0. 1. 1. 1. 1. 1. 0. 0. 0. 1. 0. 1. 0. 1. 0. 0. 0. 1. 0. 0. 0. 1. 1.
 0. 0. 1. 0. 1. 1. 1. 1. 1. 1. 0. 1. 0. 0. 1. 0. 0. 0. 1. 1. 1. 1. 0. 0.
 1. 1. 0. 1. 1. 0. 0. 0. 1. 1. 1. 0. 0. 1. 0. 1. 1. 1. 1. 1. 0. 1. 1. 1.
 0. 0. 1. 1. 0. 1. 0. 0. 0. 0. 0. 0. 0. 1. 0. 0. 0. 1. 1. 0. 1. 0. 0. 0.
 0. 1. 1. 1. 1. 1. 1. 1. 1. 0. 0. 1. 1. 0. 1. 1. 0. 1. 0. 1. 1. 0. 1. 0.
 0. 0. 0. 0. 1. 1. 1. 0. 1. 1. 0. 1. 1. 0. 1. 0. 1. 1. 0. 0. 1. 1. 0. 1.
 1. 1. 0. 1. 1. 1. 0. 1. 1. 0. 1. 0. 0. 0. 1. 1. 0. 0. 1. 1. 0. 0. 1. 1.
 1. 1. 1. 0. 1. 1. 0. 0. 0. 0. 1. 1. 0. 0. 0. 0. 1. 1. 0. 1. 1. 1. 1. 0.
 1. 1. 0. 1. 0. 0. 0. 0. 1. 1. 1. 0. 1. 0. 1. 1. 1. 1. 1. 1. 0. 1. 0. 0.
 1. 1. 0. 0. 1. 1. 0. 1. 0. 1. 1. 0. 1. 0. 0. 1. 0. 1. 0. 1. 0. 0. 1. 1.
 1. 0. 1. 0.]","[0. 1. 0. 0. 0. 1. 1. 1. 0. 0. 0. 0. 0. 1. 0. 0. 1. 1. 0. 0. 0. 0. 0. 1.
 0. 0. 1. 0. 1. 0. 0. 1. 0. 1. 1. 0. 0. 0. 1. 0. 0. 0. 1. 1. 1. 0. 1. 0.
 1. 0. 1. 1. 0. 1. 1. 1. 1. 0. 1. 0. 0. 1. 1. 1. 0. 0. 0. 1. 1. 0. 1. 1.
 0. 0. 1. 0. 0. 1. 0. 1. 0. 1. 1. 1. 0. 1. 0. 1. 1. 1. 1. 1. 1. 1. 1. 0.
 0. 0. 1. 1. 1. 0. 0. 1. 1. 1. 0. 0. 0. 1. 1. 1. 0. 0. 0. 0. 1. 1. 1. 0.
 1. 0. 0. 1. 1. 0. 0. 0. 0. 1. 0. 0. 1. 1. 0. 1. 1. 1. 0. 1. 1. 0. 1. 0.
 1. 1. 0. 0. 0. 1. 1. 0. 1. 1. 0. 1. 0. 0. 0. 1. 1. 1. 0. 1. 0. 1. 1. 0.
 1. 0. 0. 1. 1. 0. 0. 1. 0. 1. 1. 0. 0. 1. 0. 0. 1. 1. 0. 1. 1. 0. 0. 0.
 0. 1. 1. 0. 0. 1. 0. 0. 1. 0. 1. 1. 1. 0. 0. 0. 1. 1. 0. 0. 0. 0. 1. 0.
 0. 1. 0. 1. 1. 1. 1. 0. 0. 0. 0. 1. 1. 1. 1. 0. 1. 1. 1. 1. 0. 1. 0. 0.
 1. 0. 0. 1. 1. 1. 1. 1. 0. 0. 1. 1. 1. 0. 0. 1. 0. 1. 0. 0. 1. 0. 1. 0.
 1. 0. 0. 0.]"
122,randomforest,"{'criterion': 'gini', 'max_features': 'sqrt', 'n_estimators': 153}",0.6010690808672045,0.16626603242222174,0.21102883290548027,0.306613914216397,0.5923573290508773,0.17494778385768248,0.5745320855614974,0.14925373134328357,0.5746268656716418,0.5746268656716418,"{0: 0.595399866339942, 1: 0.595399866339942}","{0: 0.595399866339942, 1: 0.595399866339942}",0.595399866339942,"[[75 59]
 [55 79]]","[1. 0. 0. 0. 0. 1. 0. 1. 1. 0. 0. 0. 1. 0. 0. 0. 1. 0. 0. 1. 0. 1. 0. 0.
 0. 0. 1. 1. 1. 1. 1. 0. 0. 0. 1. 1. 0. 0. 1. 0. 0. 0. 1. 0. 0. 0. 1. 1.
 0. 0. 1. 0. 1. 1. 1. 1. 1. 1. 0. 1. 0. 0. 1. 0. 0. 0. 1. 1. 1. 1. 0. 0.
 1. 1. 0. 1. 1. 0. 0. 0. 1. 1. 1. 0. 0. 1. 0. 1. 1. 1. 1. 1. 0. 1. 1. 1.
 0. 0. 1. 1. 0. 1. 1. 1. 0. 0. 0. 1. 0. 1. 0. 0. 0. 1. 1. 0. 1. 0. 0. 0.
 0. 1. 1. 1. 1. 1. 1. 1. 1. 0. 0. 1. 1. 0. 1. 1. 0. 1. 0. 1. 0. 0. 0. 0.
 1. 0. 0. 0. 0. 1. 1. 0. 0. 1. 0. 1. 1. 0. 1. 0. 1. 1. 0. 0. 1. 1. 0. 1.
 1. 1. 0. 0. 1. 0. 0. 1. 1. 0. 1. 0. 0. 1. 1. 1. 0. 0. 1. 1. 0. 0. 0. 1.
 1. 1. 1. 1. 1. 1. 0. 0. 0. 0. 1. 1. 0. 0. 0. 0. 1. 1. 0. 1. 1. 0. 1. 0.
 1. 1. 0. 1. 0. 0. 0. 0. 1. 1. 1. 0. 1. 0. 1. 1. 1. 1. 1. 1. 0. 1. 0. 0.
 1. 1. 0. 0. 1. 1. 0. 1. 0. 1. 1. 0. 1. 0. 0. 1. 0. 1. 0. 1. 0. 0. 1. 1.
 1. 0. 1. 0.]","[0. 1. 0. 0. 0. 1. 1. 1. 0. 0. 0. 0. 0. 1. 0. 0. 1. 1. 0. 0. 0. 0. 0. 1.
 0. 0. 1. 0. 1. 0. 0. 1. 0. 1. 1. 0. 0. 0. 1. 0. 0. 0. 1. 1. 1. 0. 1. 0.
 1. 0. 1. 1. 0. 1. 1. 1. 1. 0. 1. 0. 0. 1. 1. 1. 0. 0. 0. 1. 1. 0. 1. 1.
 0. 0. 1. 0. 0. 1. 0. 1. 0. 1. 1. 1. 0. 1. 0. 1. 1. 1. 1. 1. 1. 1. 1. 0.
 0. 0. 1. 1. 1. 0. 0. 1. 1. 1. 0. 0. 0. 1. 1. 1. 0. 0. 0. 0. 1. 1. 1. 0.
 1. 0. 0. 1. 1. 0. 0. 0. 0. 1. 0. 0. 1. 1. 0. 1. 1. 1. 0. 1. 1. 0. 1. 0.
 1. 1. 0. 0. 0. 1. 1. 0. 1. 1. 0. 1. 0. 0. 0. 1. 1. 1. 0. 1. 0. 1. 1. 0.
 1. 0. 0. 1. 1. 0. 0. 1. 0. 1. 1. 0. 0. 1. 0. 0. 1. 1. 0. 1. 1. 0. 0. 0.
 0. 1. 1. 0. 0. 1. 0. 0. 1. 0. 1. 1. 1. 0. 0. 0. 1. 1. 0. 0. 0. 0. 1. 0.
 0. 1. 0. 1. 1. 1. 1. 0. 0. 0. 0. 1. 1. 1. 1. 0. 1. 1. 1. 1. 0. 1. 0. 0.
 1. 0. 0. 1. 1. 1. 1. 1. 0. 0. 1. 1. 1. 0. 0. 1. 0. 1. 0. 0. 1. 0. 1. 0.
 1. 0. 0. 0.]"
278,randomforest,"{'criterion': 'gini', 'max_features': 'sqrt', 'n_estimators': 583}",0.6019560146789749,0.19959174913690622,0.21087999200271676,0.36194664051630737,0.595335022653571,0.20362380605677874,0.5780703587600139,0.15671641791044777,0.5783582089552238,0.5783582089552239,"{0: 0.5861271998217866, 1: 0.5861271998217866}","{0: 0.5861271998217866, 1: 0.5861271998217866}",0.5861271998217866,"[[74 60]
 [53 81]]","[1. 0. 0. 0. 0. 1. 0. 1. 1. 0. 0. 0. 1. 0. 0. 0. 1. 0. 0. 0. 0. 1. 0. 0.
 0. 0. 1. 1. 1. 1. 1. 0. 0. 0. 1. 0. 0. 0. 1. 0. 0. 0. 1. 0. 0. 0. 1. 1.
 0. 0. 1. 0. 1. 1. 1. 1. 1. 1. 0. 1. 0. 0. 1. 1. 0. 0. 1. 1. 1. 1. 0. 0.
 1. 1. 0. 1. 1. 0. 0. 0. 1. 1. 1. 0. 0. 1. 0. 1. 1. 1. 1. 1. 0. 1. 1. 1.
 0. 0. 1. 1. 0. 1. 1. 0. 0. 0. 0. 1. 0. 1. 0. 0. 0. 1. 1. 0. 1. 0. 0. 0.
 0. 1. 1. 1. 1. 1. 1. 1. 1. 0. 0. 1. 1. 0. 1. 1. 0. 1. 0. 1. 1. 0. 0. 0.
 1. 0. 0. 0. 1. 1. 1. 0. 1. 1. 0. 1. 1. 0. 1. 0. 1. 1. 0. 0. 1. 1. 0. 1.
 1. 1. 0. 1. 1. 0. 0. 1. 1. 0. 1. 0. 0. 1. 1. 1. 0. 0. 1. 1. 0. 0. 1. 1.
 1. 1. 1. 0. 1. 1. 0. 1. 0. 0. 1. 1. 0. 0. 0. 0. 1. 1. 0. 1. 1. 1. 0. 0.
 1. 1. 0. 1. 0. 0. 0. 0. 1. 1. 1. 0. 1. 0. 1. 1. 1. 1. 1. 1. 0. 1. 0. 0.
 1. 1. 0. 0. 1. 1. 1. 1. 0. 1. 1. 0. 1. 0. 0. 1. 0. 0. 0. 1. 0. 0. 1. 1.
 1. 0. 1. 0.]","[0. 1. 0. 0. 0. 1. 1. 1. 0. 0. 0. 0. 0. 1. 0. 0. 1. 1. 0. 0. 0. 0. 0. 1.
 0. 0. 1. 0. 1. 0. 0. 1. 0. 1. 1. 0. 0. 0. 1. 0. 0. 0. 1. 1. 1. 0. 1. 0.
 1. 0. 1. 1. 0. 1. 1. 1. 1. 0. 1. 0. 0. 1. 1. 1. 0. 0. 0. 1. 1. 0. 1. 1.
 0. 0. 1. 0. 0. 1. 0. 1. 0. 1. 1. 1. 0. 1. 0. 1. 1. 1. 1. 1. 1. 1. 1. 0.
 0. 0. 1. 1. 1. 0. 0. 1. 1. 1. 0. 0. 0. 1. 1. 1. 0. 0. 0. 0. 1. 1. 1. 0.
 1. 0. 0. 1. 1. 0. 0. 0. 0. 1. 0. 0. 1. 1. 0. 1. 1. 1. 0. 1. 1. 0. 1. 0.
 1. 1. 0. 0. 0. 1. 1. 0. 1. 1. 0. 1. 0. 0. 0. 1. 1. 1. 0. 1. 0. 1. 1. 0.
 1. 0. 0. 1. 1. 0. 0. 1. 0. 1. 1. 0. 0. 1. 0. 0. 1. 1. 0. 1. 1. 0. 0. 0.
 0. 1. 1. 0. 0. 1. 0. 0. 1. 0. 1. 1. 1. 0. 0. 0. 1. 1. 0. 0. 0. 0. 1. 0.
 0. 1. 0. 1. 1. 1. 1. 0. 0. 0. 0. 1. 1. 1. 1. 0. 1. 1. 1. 1. 0. 1. 0. 0.
 1. 0. 0. 1. 1. 1. 1. 1. 0. 0. 1. 1. 1. 0. 0. 1. 0. 1. 0. 0. 1. 0. 1. 0.
 1. 0. 0. 0.]"
395,randomforest,"{'criterion': 'gini', 'max_features': None, 'n_estimators': 321}",0.6020533346493973,0.21173519359834683,0.21045290027497043,0.39731104348073976,0.5930742010379108,0.21847071234670046,0.5667781493868451,0.13432835820895528,0.5671641791044776,0.5671641791044776,"{0: 0.5807529516596124, 1: 0.5807529516596124}","{0: 0.5807529516596124, 1: 0.5807529516596124}",0.5807529516596124,"[[72 62]
 [54 80]]","[1. 0. 0. 0. 0. 1. 0. 1. 1. 0. 0. 0. 1. 0. 0. 0. 0. 0. 0. 0. 0. 1. 0. 0.
 0. 0. 1. 1. 1. 1. 1. 0. 0. 0. 1. 1. 0. 0. 1. 0. 0. 0. 1. 1. 0. 0. 1. 1.
 0. 0. 1. 0. 1. 1. 1. 1. 1. 1. 0. 1. 0. 0. 1. 1. 0. 0. 1. 1. 1. 1. 0. 0.
 1. 1. 0. 1. 1. 0. 0. 0. 1. 1. 1. 0. 0. 1. 1. 1. 1. 1. 1. 1. 0. 1. 1. 1.
 0. 0. 1. 1. 0. 1. 1. 0. 0. 0. 0. 0. 0. 1. 0. 0. 1. 1. 1. 0. 1. 0. 0. 0.
 1. 1. 1. 1. 1. 1. 1. 1. 1. 0. 0. 1. 1. 0. 1. 1. 0. 1. 0. 1. 1. 0. 1. 0.
 0. 0. 0. 0. 1. 1. 1. 0. 1. 1. 0. 1. 1. 0. 1. 0. 1. 1. 0. 0. 1. 1. 0. 1.
 1. 1. 0. 1. 1. 1. 0. 1. 1. 0. 1. 0. 0. 0. 1. 1. 0. 0. 1. 1. 0. 0. 1. 1.
 1. 1. 0. 0. 1. 1. 0. 0. 0. 0. 1. 1. 0. 0. 0. 0. 1. 1. 0. 1. 1. 1. 0. 0.
 1. 1. 0. 1. 0. 0. 0. 0. 1. 1. 1. 0. 0. 0. 1. 1. 1. 1. 1. 1. 0. 1. 0. 0.
 1. 1. 0. 0. 1. 1. 1. 1. 0. 1. 1. 0. 1. 0. 0. 1. 0. 1. 0. 1. 0. 0. 1. 1.
 1. 0. 1. 0.]","[0. 1. 0. 0. 0. 1. 1. 1. 0. 0. 0. 0. 0. 1. 0. 0. 1. 1. 0. 0. 0. 0. 0. 1.
 0. 0. 1. 0. 1. 0. 0. 1. 0. 1. 1. 0. 0. 0. 1. 0. 0. 0. 1. 1. 1. 0. 1. 0.
 1. 0. 1. 1. 0. 1. 1. 1. 1. 0. 1. 0. 0. 1. 1. 1. 0. 0. 0. 1. 1. 0. 1. 1.
 0. 0. 1. 0. 0. 1. 0. 1. 0. 1. 1. 1. 0. 1. 0. 1. 1. 1. 1. 1. 1. 1. 1. 0.
 0. 0. 1. 1. 1. 0. 0. 1. 1. 1. 0. 0. 0. 1. 1. 1. 0. 0. 0. 0. 1. 1. 1. 0.
 1. 0. 0. 1. 1. 0. 0. 0. 0. 1. 0. 0. 1. 1. 0. 1. 1. 1. 0. 1. 1. 0. 1. 0.
 1. 1. 0. 0. 0. 1. 1. 0. 1. 1. 0. 1. 0. 0. 0. 1. 1. 1. 0. 1. 0. 1. 1. 0.
 1. 0. 0. 1. 1. 0. 0. 1. 0. 1. 1. 0. 0. 1. 0. 0. 1. 1. 0. 1. 1. 0. 0. 0.
 0. 1. 1. 0. 0. 1. 0. 0. 1. 0. 1. 1. 1. 0. 0. 0. 1. 1. 0. 0. 0. 0. 1. 0.
 0. 1. 0. 1. 1. 1. 1. 0. 0. 0. 0. 1. 1. 1. 1. 0. 1. 1. 1. 1. 0. 1. 0. 0.
 1. 0. 0. 1. 1. 1. 1. 1. 0. 0. 1. 1. 1. 0. 0. 1. 0. 1. 0. 0. 1. 0. 1. 0.
 1. 0. 0. 0.]"
745,randomforest,"{'criterion': 'gini', 'max_features': 'sqrt', 'n_estimators': 537}",0.6024877677842574,0.19971857416381716,0.2103496351348739,0.3604708619241157,0.595067928636477,0.2044574814821583,0.5780703587600139,0.15671641791044777,0.5783582089552238,0.5783582089552239,"{0: 0.5878814880819783, 1: 0.5878814880819782}","{0: 0.5878814880819783, 1: 0.5878814880819782}",0.5878814880819782,"[[74 60]
 [53 81]]","[1. 0. 0. 0. 0. 1. 0. 1. 1. 0. 0. 0. 1. 0. 0. 0. 1. 0. 0. 0. 0. 1. 0. 0.
 0. 0. 1. 1. 1. 1. 1. 0. 0. 0. 1. 0. 1. 0. 1. 0. 0. 0. 1. 0. 0. 0. 1. 1.
 0. 0. 1. 0. 1. 1. 1. 1. 1. 1. 0. 1. 0. 0. 1. 1. 0. 0. 1. 1. 1. 1. 0. 0.
 1. 1. 0. 1. 1. 0. 0. 0. 1. 1. 1. 0. 0. 1. 0. 1. 1. 1. 1. 1. 0. 1. 1. 1.
 0. 0. 1. 1. 0. 1. 1. 1. 0. 0. 0. 1. 0. 1. 0. 0. 0. 1. 1. 0. 1. 0. 0. 0.
 0. 1. 1. 1. 1. 1. 1. 1. 1. 0. 0. 1. 1. 0. 1. 1. 0. 1. 0. 1. 1. 0. 0. 0.
 0. 0. 0. 0. 1. 1. 1. 0. 1. 1. 0. 1. 1. 0. 1. 0. 1. 1. 0. 0. 1. 1. 0. 1.
 1. 1. 0. 1. 1. 0. 0. 1. 1. 0. 1. 0. 0. 0. 1. 1. 0. 0. 1. 1. 0. 0. 1. 1.
 1. 1. 1. 0. 1. 1. 0. 0. 0. 0. 1. 1. 0. 0. 0. 0. 1. 1. 0. 1. 1. 1. 0. 0.
 1. 1. 0. 1. 0. 0. 0. 0. 1. 1. 1. 0. 1. 0. 1. 1. 1. 1. 1. 1. 0. 1. 0. 0.
 1. 1. 0. 0. 1. 1. 1. 1. 0. 1. 1. 0. 1. 0. 0. 1. 0. 1. 0. 1. 0. 0. 1. 1.
 1. 0. 1. 0.]","[0. 1. 0. 0. 0. 1. 1. 1. 0. 0. 0. 0. 0. 1. 0. 0. 1. 1. 0. 0. 0. 0. 0. 1.
 0. 0. 1. 0. 1. 0. 0. 1. 0. 1. 1. 0. 0. 0. 1. 0. 0. 0. 1. 1. 1. 0. 1. 0.
 1. 0. 1. 1. 0. 1. 1. 1. 1. 0. 1. 0. 0. 1. 1. 1. 0. 0. 0. 1. 1. 0. 1. 1.
 0. 0. 1. 0. 0. 1. 0. 1. 0. 1. 1. 1. 0. 1. 0. 1. 1. 1. 1. 1. 1. 1. 1. 0.
 0. 0. 1. 1. 1. 0. 0. 1. 1. 1. 0. 0. 0. 1. 1. 1. 0. 0. 0. 0. 1. 1. 1. 0.
 1. 0. 0. 1. 1. 0. 0. 0. 0. 1. 0. 0. 1. 1. 0. 1. 1. 1. 0. 1. 1. 0. 1. 0.
 1. 1. 0. 0. 0. 1. 1. 0. 1. 1. 0. 1. 0. 0. 0. 1. 1. 1. 0. 1. 0. 1. 1. 0.
 1. 0. 0. 1. 1. 0. 0. 1. 0. 1. 1. 0. 0. 1. 0. 0. 1. 1. 0. 1. 1. 0. 0. 0.
 0. 1. 1. 0. 0. 1. 0. 0. 1. 0. 1. 1. 1. 0. 0. 0. 1. 1. 0. 0. 0. 0. 1. 0.
 0. 1. 0. 1. 1. 1. 1. 0. 0. 0. 0. 1. 1. 1. 1. 0. 1. 1. 1. 1. 0. 1. 0. 0.
 1. 0. 0. 1. 1. 1. 1. 1. 0. 0. 1. 1. 1. 0. 0. 1. 0. 1. 0. 0. 1. 0. 1. 0.
 1. 0. 0. 0.]"
666,randomforest,"{'criterion': 'gini', 'max_features': None, 'n_estimators': 557}",0.6068521851583732,0.18418283571864824,0.20976520326035386,0.3301199537037471,0.600845775341743,0.1893410403162591,0.5893464088705633,0.17910447761194026,0.5895522388059702,0.5895522388059702,"{0: 0.5967921586099354, 1: 0.5967921586099354}","{0: 0.5967921586099354, 1: 0.5967921586099354}",0.5967921586099354,"[[76 58]
 [52 82]]","[1. 0. 0. 0. 0. 1. 0. 1. 1. 0. 0. 0. 1. 0. 0. 0. 1. 0. 0. 0. 0. 1. 0. 0.
 0. 0. 1. 1. 1. 1. 1. 0. 0. 0. 1. 1. 0. 0. 1. 0. 1. 0. 1. 1. 0. 0. 1. 0.
 0. 0. 1. 0. 1. 1. 1. 1. 1. 1. 0. 1. 1. 0. 1. 0. 0. 0. 1. 1. 1. 1. 0. 0.
 1. 1. 0. 1. 1. 0. 0. 0. 1. 1. 1. 0. 0. 1. 0. 1. 1. 1. 1. 1. 0. 1. 1. 1.
 0. 0. 1. 1. 0. 1. 1. 0. 0. 0. 0. 1. 0. 1. 0. 0. 0. 1. 1. 0. 1. 0. 0. 0.
 1. 1. 1. 1. 1. 1. 1. 1. 1. 0. 0. 1. 1. 0. 1. 1. 0. 1. 0. 1. 1. 0. 1. 0.
 0. 0. 0. 0. 0. 1. 1. 0. 1. 1. 0. 1. 1. 0. 1. 0. 1. 1. 0. 0. 1. 1. 0. 1.
 1. 1. 0. 1. 1. 0. 0. 1. 1. 0. 1. 0. 0. 1. 1. 1. 0. 0. 1. 1. 1. 0. 1. 1.
 0. 1. 0. 1. 0. 1. 0. 0. 0. 0. 1. 1. 0. 0. 0. 0. 1. 1. 0. 1. 1. 1. 0. 0.
 1. 1. 0. 1. 0. 0. 0. 0. 1. 1. 1. 0. 0. 0. 1. 1. 1. 1. 1. 1. 0. 1. 0. 0.
 1. 1. 0. 0. 1. 1. 1. 1. 0. 0. 1. 0. 1. 0. 0. 1. 0. 1. 0. 1. 0. 0. 1. 1.
 1. 0. 1. 0.]","[0. 1. 0. 0. 0. 1. 1. 1. 0. 0. 0. 0. 0. 1. 0. 0. 1. 1. 0. 0. 0. 0. 0. 1.
 0. 0. 1. 0. 1. 0. 0. 1. 0. 1. 1. 0. 0. 0. 1. 0. 0. 0. 1. 1. 1. 0. 1. 0.
 1. 0. 1. 1. 0. 1. 1. 1. 1. 0. 1. 0. 0. 1. 1. 1. 0. 0. 0. 1. 1. 0. 1. 1.
 0. 0. 1. 0. 0. 1. 0. 1. 0. 1. 1. 1. 0. 1. 0. 1. 1. 1. 1. 1. 1. 1. 1. 0.
 0. 0. 1. 1. 1. 0. 0. 1. 1. 1. 0. 0. 0. 1. 1. 1. 0. 0. 0. 0. 1. 1. 1. 0.
 1. 0. 0. 1. 1. 0. 0. 0. 0. 1. 0. 0. 1. 1. 0. 1. 1. 1. 0. 1. 1. 0. 1. 0.
 1. 1. 0. 0. 0. 1. 1. 0. 1. 1. 0. 1. 0. 0. 0. 1. 1. 1. 0. 1. 0. 1. 1. 0.
 1. 0. 0. 1. 1. 0. 0. 1. 0. 1. 1. 0. 0. 1. 0. 0. 1. 1. 0. 1. 1. 0. 0. 0.
 0. 1. 1. 0. 0. 1. 0. 0. 1. 0. 1. 1. 1. 0. 0. 0. 1. 1. 0. 0. 0. 0. 1. 0.
 0. 1. 0. 1. 1. 1. 1. 0. 0. 0. 0. 1. 1. 1. 1. 0. 1. 1. 1. 1. 0. 1. 0. 0.
 1. 0. 0. 1. 1. 1. 1. 1. 0. 0. 1. 1. 1. 0. 0. 1. 0. 1. 0. 0. 1. 0. 1. 0.
 1. 0. 0. 0.]"
706,randomforest,"{'criterion': 'entropy', 'max_features': 'log2', 'n_estimators': 159}",0.5998516960039203,0.19966204154821582,0.2096485436259432,0.36841943909095454,0.5915193378903056,0.2069875821775866,0.57821139570189,0.15671641791044777,0.5783582089552238,0.5783582089552238,"{0: 0.5952049454221431, 1: 0.5952049454221431}","{0: 0.5952049454221431, 1: 0.5952049454221431}",0.5952049454221431,"[[75 59]
 [54 80]]","[1. 0. 0. 0. 0. 1. 0. 1. 1. 0. 0. 0. 1. 0. 0. 0. 1. 0. 0. 0. 0. 1. 0. 0.
 0. 0. 1. 1. 1. 1. 1. 0. 0. 0. 1. 1. 0. 0. 1. 0. 1. 0. 1. 0. 0. 0. 1. 1.
 0. 0. 1. 0. 1. 1. 1. 1. 1. 1. 0. 1. 0. 0. 1. 0. 0. 0. 1. 1. 1. 1. 0. 0.
 1. 1. 0. 1. 1. 0. 0. 0. 1. 1. 1. 0. 0. 1. 0. 1. 1. 1. 1. 1. 0. 1. 1. 1.
 0. 0. 1. 1. 0. 1. 0. 1. 0. 0. 0. 1. 0. 1. 0. 0. 0. 1. 1. 0. 1. 0. 0. 0.
 0. 1. 1. 1. 1. 1. 1. 1. 1. 0. 0. 1. 1. 0. 1. 1. 0. 1. 0. 1. 1. 0. 1. 0.
 1. 0. 0. 0. 1. 1. 1. 0. 1. 1. 0. 1. 1. 0. 1. 0. 1. 1. 0. 0. 1. 1. 0. 1.
 1. 1. 0. 1. 1. 0. 0. 1. 1. 0. 1. 0. 0. 0. 1. 1. 0. 0. 1. 1. 0. 0. 1. 1.
 0. 1. 1. 0. 0. 1. 0. 1. 0. 0. 1. 1. 0. 0. 0. 0. 1. 1. 0. 1. 1. 1. 0. 0.
 1. 1. 0. 1. 0. 0. 0. 0. 1. 1. 1. 0. 0. 0. 0. 1. 1. 1. 1. 1. 0. 1. 0. 0.
 1. 1. 0. 0. 1. 1. 1. 1. 0. 0. 1. 0. 1. 0. 1. 1. 0. 1. 0. 1. 0. 0. 1. 1.
 1. 0. 1. 0.]","[0. 1. 0. 0. 0. 1. 1. 1. 0. 0. 0. 0. 0. 1. 0. 0. 1. 1. 0. 0. 0. 0. 0. 1.
 0. 0. 1. 0. 1. 0. 0. 1. 0. 1. 1. 0. 0. 0. 1. 0. 0. 0. 1. 1. 1. 0. 1. 0.
 1. 0. 1. 1. 0. 1. 1. 1. 1. 0. 1. 0. 0. 1. 1. 1. 0. 0. 0. 1. 1. 0. 1. 1.
 0. 0. 1. 0. 0. 1. 0. 1. 0. 1. 1. 1. 0. 1. 0. 1. 1. 1. 1. 1. 1. 1. 1. 0.
 0. 0. 1. 1. 1. 0. 0. 1. 1. 1. 0. 0. 0. 1. 1. 1. 0. 0. 0. 0. 1. 1. 1. 0.
 1. 0. 0. 1. 1. 0. 0. 0. 0. 1. 0. 0. 1. 1. 0. 1. 1. 1. 0. 1. 1. 0. 1. 0.
 1. 1. 0. 0. 0. 1. 1. 0. 1. 1. 0. 1. 0. 0. 0. 1. 1. 1. 0. 1. 0. 1. 1. 0.
 1. 0. 0. 1. 1. 0. 0. 1. 0. 1. 1. 0. 0. 1. 0. 0. 1. 1. 0. 1. 1. 0. 0. 0.
 0. 1. 1. 0. 0. 1. 0. 0. 1. 0. 1. 1. 1. 0. 0. 0. 1. 1. 0. 0. 0. 0. 1. 0.
 0. 1. 0. 1. 1. 1. 1. 0. 0. 0. 0. 1. 1. 1. 1. 0. 1. 1. 1. 1. 0. 1. 0. 0.
 1. 0. 0. 1. 1. 1. 1. 1. 0. 0. 1. 1. 1. 0. 0. 1. 0. 1. 0. 0. 1. 0. 1. 0.
 1. 0. 0. 0.]"
77,randomforest,"{'criterion': 'entropy', 'max_features': 'sqrt', 'n_estimators': 423}",0.6060812509140309,0.1922424945100656,0.20928362562242875,0.34614708501305674,0.5988425702135379,0.19545631549249665,0.5853532748839607,0.17164179104477617,0.585820895522388,0.585820895522388,"{0: 0.5897193138783693, 1: 0.5897193138783694}","{0: 0.5897193138783693, 1: 0.5897193138783694}",0.5897193138783694,"[[74 60]
 [51 83]]","[1. 0. 0. 0. 0. 1. 0. 1. 1. 0. 0. 0. 1. 0. 0. 0. 1. 0. 0. 0. 0. 1. 0. 0.
 0. 0. 1. 1. 1. 1. 1. 0. 0. 0. 1. 0. 1. 0. 1. 0. 0. 0. 1. 1. 0. 0. 1. 1.
 0. 0. 1. 0. 0. 1. 1. 1. 1. 1. 0. 1. 0. 0. 1. 0. 0. 0. 1. 1. 1. 1. 0. 0.
 1. 1. 0. 1. 1. 0. 0. 0. 1. 1. 1. 0. 0. 1. 0. 1. 1. 1. 1. 1. 0. 1. 1. 1.
 0. 0. 1. 1. 0. 1. 1. 1. 0. 0. 0. 1. 0. 1. 0. 0. 0. 1. 1. 0. 1. 0. 0. 0.
 0. 1. 1. 1. 1. 1. 1. 1. 1. 0. 0. 1. 1. 0. 1. 1. 0. 1. 0. 1. 1. 0. 0. 0.
 1. 0. 0. 0. 1. 1. 1. 0. 1. 1. 0. 1. 1. 0. 1. 0. 1. 1. 0. 0. 1. 1. 0. 1.
 1. 1. 0. 1. 1. 0. 0. 1. 1. 0. 1. 0. 0. 1. 1. 1. 0. 0. 1. 1. 0. 0. 1. 1.
 1. 1. 1. 0. 1. 1. 0. 1. 0. 0. 1. 1. 0. 0. 0. 0. 1. 1. 0. 1. 1. 1. 0. 0.
 1. 1. 0. 1. 0. 0. 0. 0. 1. 1. 1. 0. 1. 0. 1. 1. 1. 1. 1. 1. 0. 1. 0. 0.
 1. 1. 0. 0. 1. 1. 1. 1. 0. 1. 1. 0. 1. 0. 0. 1. 0. 1. 0. 1. 0. 0. 1. 1.
 1. 0. 1. 0.]","[0. 1. 0. 0. 0. 1. 1. 1. 0. 0. 0. 0. 0. 1. 0. 0. 1. 1. 0. 0. 0. 0. 0. 1.
 0. 0. 1. 0. 1. 0. 0. 1. 0. 1. 1. 0. 0. 0. 1. 0. 0. 0. 1. 1. 1. 0. 1. 0.
 1. 0. 1. 1. 0. 1. 1. 1. 1. 0. 1. 0. 0. 1. 1. 1. 0. 0. 0. 1. 1. 0. 1. 1.
 0. 0. 1. 0. 0. 1. 0. 1. 0. 1. 1. 1. 0. 1. 0. 1. 1. 1. 1. 1. 1. 1. 1. 0.
 0. 0. 1. 1. 1. 0. 0. 1. 1. 1. 0. 0. 0. 1. 1. 1. 0. 0. 0. 0. 1. 1. 1. 0.
 1. 0. 0. 1. 1. 0. 0. 0. 0. 1. 0. 0. 1. 1. 0. 1. 1. 1. 0. 1. 1. 0. 1. 0.
 1. 1. 0. 0. 0. 1. 1. 0. 1. 1. 0. 1. 0. 0. 0. 1. 1. 1. 0. 1. 0. 1. 1. 0.
 1. 0. 0. 1. 1. 0. 0. 1. 0. 1. 1. 0. 0. 1. 0. 0. 1. 1. 0. 1. 1. 0. 0. 0.
 0. 1. 1. 0. 0. 1. 0. 0. 1. 0. 1. 1. 1. 0. 0. 0. 1. 1. 0. 0. 0. 0. 1. 0.
 0. 1. 0. 1. 1. 1. 1. 0. 0. 0. 0. 1. 1. 1. 1. 0. 1. 1. 1. 1. 0. 1. 0. 0.
 1. 0. 0. 1. 1. 1. 1. 1. 0. 0. 1. 1. 1. 0. 0. 1. 0. 1. 0. 0. 1. 0. 1. 0.
 1. 0. 0. 0.]"
44,randomforest,"{'criterion': 'gini', 'max_features': 'log2', 'n_estimators': 221}",0.6073711499747236,0.18952789014382693,0.20893059464043037,0.3517696494538542,0.5993634035468712,0.19799770938848602,0.5780703587600139,0.15671641791044777,0.5783582089552238,0.5783582089552239,"{0: 0.5869625751837827, 1: 0.5869625751837826}","{0: 0.5869625751837827, 1: 0.5869625751837826}",0.5869625751837826,"[[74 60]
 [53 81]]","[1. 0. 0. 0. 0. 1. 0. 1. 1. 0. 0. 0. 1. 0. 0. 0. 0. 0. 0. 0. 0. 1. 0. 0.
 0. 0. 1. 1. 1. 1. 1. 0. 0. 0. 1. 0. 1. 0. 1. 0. 0. 0. 1. 0. 0. 0. 1. 0.
 0. 0. 1. 0. 1. 1. 1. 1. 1. 1. 0. 1. 1. 0. 1. 0. 0. 0. 1. 1. 1. 1. 0. 0.
 1. 1. 0. 1. 1. 0. 0. 0. 1. 1. 1. 0. 0. 1. 1. 1. 1. 1. 1. 1. 0. 1. 1. 1.
 0. 0. 1. 1. 0. 1. 1. 1. 0. 0. 0. 1. 0. 1. 0. 0. 0. 1. 1. 0. 1. 0. 0. 0.
 0. 1. 1. 1. 1. 1. 1. 1. 1. 0. 0. 1. 1. 0. 1. 0. 0. 1. 0. 1. 1. 0. 1. 0.
 1. 0. 0. 0. 1. 1. 1. 0. 1. 1. 0. 1. 1. 0. 1. 0. 1. 1. 0. 1. 1. 1. 0. 1.
 1. 1. 0. 1. 1. 1. 0. 1. 1. 0. 1. 0. 0. 1. 1. 1. 0. 0. 1. 1. 0. 0. 0. 1.
 0. 1. 1. 0. 1. 1. 0. 1. 0. 0. 1. 1. 0. 0. 0. 0. 1. 1. 0. 1. 1. 1. 0. 0.
 1. 1. 0. 1. 0. 0. 0. 0. 1. 1. 1. 0. 0. 0. 1. 1. 1. 1. 1. 1. 0. 1. 0. 0.
 1. 1. 0. 0. 1. 1. 1. 1. 0. 0. 1. 0. 1. 0. 0. 1. 0. 1. 0. 1. 0. 0. 1. 1.
 1. 0. 1. 0.]","[0. 1. 0. 0. 0. 1. 1. 1. 0. 0. 0. 0. 0. 1. 0. 0. 1. 1. 0. 0. 0. 0. 0. 1.
 0. 0. 1. 0. 1. 0. 0. 1. 0. 1. 1. 0. 0. 0. 1. 0. 0. 0. 1. 1. 1. 0. 1. 0.
 1. 0. 1. 1. 0. 1. 1. 1. 1. 0. 1. 0. 0. 1. 1. 1. 0. 0. 0. 1. 1. 0. 1. 1.
 0. 0. 1. 0. 0. 1. 0. 1. 0. 1. 1. 1. 0. 1. 0. 1. 1. 1. 1. 1. 1. 1. 1. 0.
 0. 0. 1. 1. 1. 0. 0. 1. 1. 1. 0. 0. 0. 1. 1. 1. 0. 0. 0. 0. 1. 1. 1. 0.
 1. 0. 0. 1. 1. 0. 0. 0. 0. 1. 0. 0. 1. 1. 0. 1. 1. 1. 0. 1. 1. 0. 1. 0.
 1. 1. 0. 0. 0. 1. 1. 0. 1. 1. 0. 1. 0. 0. 0. 1. 1. 1. 0. 1. 0. 1. 1. 0.
 1. 0. 0. 1. 1. 0. 0. 1. 0. 1. 1. 0. 0. 1. 0. 0. 1. 1. 0. 1. 1. 0. 0. 0.
 0. 1. 1. 0. 0. 1. 0. 0. 1. 0. 1. 1. 1. 0. 0. 0. 1. 1. 0. 0. 0. 0. 1. 0.
 0. 1. 0. 1. 1. 1. 1. 0. 0. 0. 0. 1. 1. 1. 1. 0. 1. 1. 1. 1. 0. 1. 0. 0.
 1. 0. 0. 1. 1. 1. 1. 1. 0. 0. 1. 1. 1. 0. 0. 1. 0. 1. 0. 0. 1. 0. 1. 0.
 1. 0. 0. 0.]"
631,randomforest,"{'criterion': 'gini', 'max_features': 'sqrt', 'n_estimators': 27}",0.6053587585371267,0.1994579417489301,0.20859367670360382,0.378331447703814,0.5945586596796274,0.2111283391711178,0.5708417461533105,0.14179104477611937,0.5708955223880597,0.5708955223880596,"{0: 0.5890510135887725, 1: 0.5890510135887725}","{0: 0.5890510135887725, 1: 0.5890510135887725}",0.5890510135887725,"[[75 59]
 [56 78]]","[1. 0. 0. 0. 0. 1. 0. 1. 1. 1. 0. 0. 1. 0. 0. 1. 0. 0. 0. 0. 0. 1. 0. 0.
 1. 0. 1. 1. 1. 1. 1. 0. 0. 0. 1. 0. 1. 0. 0. 0. 0. 0. 1. 0. 0. 1. 1. 1.
 0. 0. 1. 1. 1. 1. 1. 1. 1. 1. 0. 1. 0. 0. 1. 1. 0. 0. 1. 1. 1. 1. 0. 0.
 1. 1. 0. 1. 1. 0. 0. 0. 1. 1. 1. 1. 0. 1. 1. 1. 1. 1. 1. 1. 0. 1. 1. 1.
 0. 0. 1. 1. 0. 1. 1. 0. 0. 0. 0. 0. 0. 1. 0. 0. 0. 1. 1. 0. 1. 0. 0. 0.
 1. 1. 1. 1. 1. 1. 1. 1. 0. 0. 0. 0. 1. 0. 1. 1. 0. 1. 0. 1. 1. 0. 1. 0.
 0. 0. 0. 0. 1. 1. 0. 0. 1. 1. 0. 1. 1. 0. 1. 0. 1. 1. 0. 1. 1. 1. 0. 1.
 1. 0. 0. 1. 1. 0. 0. 1. 1. 0. 1. 0. 0. 0. 1. 1. 0. 1. 0. 0. 0. 0. 0. 0.
 1. 1. 1. 0. 1. 1. 0. 1. 0. 0. 1. 1. 0. 0. 0. 0. 1. 1. 0. 1. 1. 1. 0. 0.
 1. 1. 0. 1. 0. 0. 0. 0. 1. 1. 1. 0. 0. 0. 0. 1. 0. 1. 1. 1. 0. 1. 0. 0.
 1. 1. 0. 0. 1. 1. 1. 1. 0. 0. 1. 0. 1. 0. 1. 1. 0. 0. 0. 1. 0. 0. 1. 1.
 1. 0. 1. 0.]","[0. 1. 0. 0. 0. 1. 1. 1. 0. 0. 0. 0. 0. 1. 0. 0. 1. 1. 0. 0. 0. 0. 0. 1.
 0. 0. 1. 0. 1. 0. 0. 1. 0. 1. 1. 0. 0. 0. 1. 0. 0. 0. 1. 1. 1. 0. 1. 0.
 1. 0. 1. 1. 0. 1. 1. 1. 1. 0. 1. 0. 0. 1. 1. 1. 0. 0. 0. 1. 1. 0. 1. 1.
 0. 0. 1. 0. 0. 1. 0. 1. 0. 1. 1. 1. 0. 1. 0. 1. 1. 1. 1. 1. 1. 1. 1. 0.
 0. 0. 1. 1. 1. 0. 0. 1. 1. 1. 0. 0. 0. 1. 1. 1. 0. 0. 0. 0. 1. 1. 1. 0.
 1. 0. 0. 1. 1. 0. 0. 0. 0. 1. 0. 0. 1. 1. 0. 1. 1. 1. 0. 1. 1. 0. 1. 0.
 1. 1. 0. 0. 0. 1. 1. 0. 1. 1. 0. 1. 0. 0. 0. 1. 1. 1. 0. 1. 0. 1. 1. 0.
 1. 0. 0. 1. 1. 0. 0. 1. 0. 1. 1. 0. 0. 1. 0. 0. 1. 1. 0. 1. 1. 0. 0. 0.
 0. 1. 1. 0. 0. 1. 0. 0. 1. 0. 1. 1. 1. 0. 0. 0. 1. 1. 0. 0. 0. 0. 1. 0.
 0. 1. 0. 1. 1. 1. 1. 0. 0. 0. 0. 1. 1. 1. 1. 0. 1. 1. 1. 1. 0. 1. 0. 0.
 1. 0. 0. 1. 1. 1. 1. 1. 0. 0. 1. 1. 1. 0. 0. 1. 0. 1. 0. 0. 1. 0. 1. 0.
 1. 0. 0. 0.]"
451,randomforest,"{'criterion': 'gini', 'max_features': None, 'n_estimators': 293}",0.6070608008285902,0.1985553792657189,0.20855612629121778,0.35405475536372866,0.6007961721671399,0.2020759722947937,0.5855381400208987,0.17164179104477617,0.585820895522388,0.585820895522388,"{0: 0.596680775228336, 1: 0.5966807752283358}","{0: 0.596680775228336, 1: 0.5966807752283358}",0.5966807752283358,"[[75 59]
 [52 82]]","[1. 0. 0. 0. 0. 1. 0. 1. 1. 0. 0. 0. 1. 0. 0. 0. 1. 0. 0. 0. 0. 1. 0. 0.
 0. 0. 1. 1. 1. 1. 1. 0. 0. 0. 1. 1. 0. 0. 1. 0. 0. 0. 1. 1. 0. 0. 1. 0.
 0. 0. 1. 0. 0. 1. 1. 1. 1. 1. 0. 1. 1. 0. 1. 0. 0. 0. 1. 1. 1. 1. 0. 0.
 1. 1. 0. 1. 1. 0. 0. 0. 1. 1. 1. 0. 0. 1. 0. 1. 1. 1. 1. 1. 0. 1. 1. 1.
 0. 0. 1. 1. 0. 1. 1. 1. 0. 0. 0. 1. 0. 1. 0. 0. 0. 1. 1. 0. 1. 0. 0. 0.
 1. 1. 1. 1. 1. 1. 1. 1. 1. 0. 0. 1. 1. 0. 1. 1. 0. 1. 0. 1. 1. 0. 1. 0.
 0. 0. 0. 0. 1. 1. 1. 0. 1. 1. 0. 1. 1. 0. 1. 0. 1. 1. 0. 0. 1. 1. 0. 1.
 1. 1. 0. 1. 1. 0. 0. 1. 1. 0. 1. 0. 0. 1. 1. 1. 0. 0. 1. 1. 0. 0. 1. 1.
 1. 1. 0. 1. 0. 1. 0. 1. 1. 0. 1. 1. 0. 0. 0. 0. 1. 1. 0. 1. 1. 1. 0. 0.
 1. 1. 0. 0. 0. 0. 0. 0. 1. 1. 1. 0. 0. 0. 1. 1. 1. 1. 1. 1. 0. 1. 0. 0.
 1. 1. 0. 0. 1. 1. 1. 1. 0. 0. 1. 0. 1. 0. 0. 1. 0. 1. 0. 1. 0. 0. 1. 1.
 1. 0. 1. 0.]","[0. 1. 0. 0. 0. 1. 1. 1. 0. 0. 0. 0. 0. 1. 0. 0. 1. 1. 0. 0. 0. 0. 0. 1.
 0. 0. 1. 0. 1. 0. 0. 1. 0. 1. 1. 0. 0. 0. 1. 0. 0. 0. 1. 1. 1. 0. 1. 0.
 1. 0. 1. 1. 0. 1. 1. 1. 1. 0. 1. 0. 0. 1. 1. 1. 0. 0. 0. 1. 1. 0. 1. 1.
 0. 0. 1. 0. 0. 1. 0. 1. 0. 1. 1. 1. 0. 1. 0. 1. 1. 1. 1. 1. 1. 1. 1. 0.
 0. 0. 1. 1. 1. 0. 0. 1. 1. 1. 0. 0. 0. 1. 1. 1. 0. 0. 0. 0. 1. 1. 1. 0.
 1. 0. 0. 1. 1. 0. 0. 0. 0. 1. 0. 0. 1. 1. 0. 1. 1. 1. 0. 1. 1. 0. 1. 0.
 1. 1. 0. 0. 0. 1. 1. 0. 1. 1. 0. 1. 0. 0. 0. 1. 1. 1. 0. 1. 0. 1. 1. 0.
 1. 0. 0. 1. 1. 0. 0. 1. 0. 1. 1. 0. 0. 1. 0. 0. 1. 1. 0. 1. 1. 0. 0. 0.
 0. 1. 1. 0. 0. 1. 0. 0. 1. 0. 1. 1. 1. 0. 0. 0. 1. 1. 0. 0. 0. 0. 1. 0.
 0. 1. 0. 1. 1. 1. 1. 0. 0. 0. 0. 1. 1. 1. 1. 0. 1. 1. 1. 1. 0. 1. 0. 0.
 1. 0. 0. 1. 1. 1. 1. 1. 0. 0. 1. 1. 1. 0. 0. 1. 0. 1. 0. 0. 1. 0. 1. 0.
 1. 0. 0. 0.]"
719,randomforest,"{'criterion': 'gini', 'max_features': 'sqrt', 'n_estimators': 227}",0.6013992276415848,0.19331601265499884,0.20855204440593042,0.3354004671590629,0.5957437052195117,0.1954308445210464,0.5857689897653693,0.17164179104477617,0.585820895522388,0.585820895522388,"{0: 0.5918077522833594, 1: 0.5918077522833594}","{0: 0.5918077522833594, 1: 0.5918077522833594}",0.5918077522833594,"[[77 57]
 [54 80]]","[1. 0. 0. 0. 0. 1. 0. 1. 1. 0. 0. 0. 1. 0. 0. 0. 1. 0. 0. 0. 0. 1. 0. 0.
 1. 0. 1. 1. 1. 1. 1. 0. 0. 0. 1. 0. 1. 0. 1. 0. 0. 0. 1. 1. 0. 0. 1. 0.
 0. 0. 1. 0. 0. 1. 1. 0. 1. 1. 0. 1. 1. 0. 1. 0. 0. 0. 1. 1. 1. 1. 0. 0.
 0. 1. 0. 1. 1. 0. 0. 0. 1. 1. 1. 0. 0. 1. 0. 1. 1. 1. 1. 1. 0. 1. 1. 1.
 0. 0. 1. 1. 0. 1. 1. 0. 0. 0. 0. 1. 0. 1. 0. 0. 0. 1. 1. 0. 1. 0. 0. 0.
 0. 1. 1. 1. 1. 1. 1. 1. 0. 0. 0. 1. 1. 0. 1. 1. 0. 1. 0. 1. 1. 0. 0. 0.
 1. 0. 0. 0. 1. 1. 1. 0. 1. 1. 0. 1. 1. 0. 1. 0. 1. 1. 0. 0. 1. 1. 0. 1.
 1. 1. 0. 1. 1. 1. 0. 1. 1. 0. 1. 1. 0. 0. 1. 1. 0. 0. 1. 1. 0. 0. 1. 1.
 0. 1. 1. 0. 0. 1. 0. 0. 0. 0. 1. 1. 0. 0. 0. 0. 1. 1. 0. 1. 1. 0. 0. 0.
 1. 1. 0. 1. 0. 0. 0. 0. 1. 1. 1. 0. 1. 0. 1. 1. 1. 1. 1. 1. 0. 1. 0. 0.
 1. 1. 0. 0. 1. 1. 1. 1. 0. 1. 1. 0. 1. 0. 0. 1. 0. 1. 0. 1. 0. 0. 1. 1.
 1. 0. 1. 0.]","[0. 1. 0. 0. 0. 1. 1. 1. 0. 0. 0. 0. 0. 1. 0. 0. 1. 1. 0. 0. 0. 0. 0. 1.
 0. 0. 1. 0. 1. 0. 0. 1. 0. 1. 1. 0. 0. 0. 1. 0. 0. 0. 1. 1. 1. 0. 1. 0.
 1. 0. 1. 1. 0. 1. 1. 1. 1. 0. 1. 0. 0. 1. 1. 1. 0. 0. 0. 1. 1. 0. 1. 1.
 0. 0. 1. 0. 0. 1. 0. 1. 0. 1. 1. 1. 0. 1. 0. 1. 1. 1. 1. 1. 1. 1. 1. 0.
 0. 0. 1. 1. 1. 0. 0. 1. 1. 1. 0. 0. 0. 1. 1. 1. 0. 0. 0. 0. 1. 1. 1. 0.
 1. 0. 0. 1. 1. 0. 0. 0. 0. 1. 0. 0. 1. 1. 0. 1. 1. 1. 0. 1. 1. 0. 1. 0.
 1. 1. 0. 0. 0. 1. 1. 0. 1. 1. 0. 1. 0. 0. 0. 1. 1. 1. 0. 1. 0. 1. 1. 0.
 1. 0. 0. 1. 1. 0. 0. 1. 0. 1. 1. 0. 0. 1. 0. 0. 1. 1. 0. 1. 1. 0. 0. 0.
 0. 1. 1. 0. 0. 1. 0. 0. 1. 0. 1. 1. 1. 0. 0. 0. 1. 1. 0. 0. 0. 0. 1. 0.
 0. 1. 0. 1. 1. 1. 1. 0. 0. 0. 0. 1. 1. 1. 1. 0. 1. 1. 1. 1. 0. 1. 0. 0.
 1. 0. 0. 1. 1. 1. 1. 1. 0. 0. 1. 1. 1. 0. 0. 1. 0. 1. 0. 0. 1. 0. 1. 0.
 1. 0. 0. 0.]"
663,randomforest,"{'criterion': 'entropy', 'max_features': None, 'n_estimators': 281}",0.6037444269035561,0.18213843861906345,0.20841116514160984,0.35580201451457594,0.5939013308972986,0.19251896301182309,0.5857689897653693,0.17164179104477617,0.585820895522388,0.585820895522388,"{0: 0.5865448875027847, 1: 0.5865448875027847}","{0: 0.5865448875027847, 1: 0.5865448875027847}",0.5865448875027847,"[[77 57]
 [54 80]]","[1. 0. 0. 0. 0. 1. 0. 1. 1. 0. 0. 0. 1. 0. 0. 0. 1. 0. 0. 0. 0. 1. 0. 0.
 0. 1. 1. 1. 1. 1. 1. 0. 0. 0. 1. 0. 0. 0. 1. 0. 0. 0. 1. 1. 0. 0. 1. 1.
 0. 0. 1. 0. 0. 1. 1. 1. 1. 1. 0. 1. 0. 0. 1. 0. 0. 0. 1. 1. 1. 1. 0. 0.
 1. 1. 0. 1. 1. 0. 1. 0. 1. 1. 1. 0. 0. 1. 0. 1. 1. 1. 1. 1. 0. 1. 1. 1.
 0. 0. 1. 1. 0. 1. 0. 1. 0. 0. 0. 0. 0. 1. 0. 0. 0. 1. 1. 0. 1. 0. 0. 0.
 0. 1. 1. 1. 1. 1. 1. 1. 1. 0. 0. 0. 1. 0. 1. 1. 0. 1. 0. 1. 1. 0. 1. 0.
 1. 0. 0. 0. 0. 1. 1. 0. 1. 1. 0. 1. 1. 0. 1. 0. 1. 1. 0. 0. 1. 0. 0. 1.
 1. 1. 0. 1. 1. 0. 0. 1. 1. 0. 1. 0. 0. 1. 1. 1. 0. 0. 0. 1. 0. 0. 1. 1.
 0. 1. 0. 1. 1. 1. 0. 1. 0. 0. 1. 1. 0. 0. 0. 0. 1. 1. 0. 1. 1. 1. 0. 0.
 1. 1. 0. 1. 0. 0. 0. 0. 1. 1. 1. 0. 0. 0. 0. 1. 1. 1. 1. 1. 0. 1. 0. 0.
 1. 1. 0. 0. 1. 1. 1. 1. 0. 1. 1. 0. 1. 0. 1. 1. 0. 1. 0. 1. 0. 0. 1. 1.
 1. 0. 1. 0.]","[0. 1. 0. 0. 0. 1. 1. 1. 0. 0. 0. 0. 0. 1. 0. 0. 1. 1. 0. 0. 0. 0. 0. 1.
 0. 0. 1. 0. 1. 0. 0. 1. 0. 1. 1. 0. 0. 0. 1. 0. 0. 0. 1. 1. 1. 0. 1. 0.
 1. 0. 1. 1. 0. 1. 1. 1. 1. 0. 1. 0. 0. 1. 1. 1. 0. 0. 0. 1. 1. 0. 1. 1.
 0. 0. 1. 0. 0. 1. 0. 1. 0. 1. 1. 1. 0. 1. 0. 1. 1. 1. 1. 1. 1. 1. 1. 0.
 0. 0. 1. 1. 1. 0. 0. 1. 1. 1. 0. 0. 0. 1. 1. 1. 0. 0. 0. 0. 1. 1. 1. 0.
 1. 0. 0. 1. 1. 0. 0. 0. 0. 1. 0. 0. 1. 1. 0. 1. 1. 1. 0. 1. 1. 0. 1. 0.
 1. 1. 0. 0. 0. 1. 1. 0. 1. 1. 0. 1. 0. 0. 0. 1. 1. 1. 0. 1. 0. 1. 1. 0.
 1. 0. 0. 1. 1. 0. 0. 1. 0. 1. 1. 0. 0. 1. 0. 0. 1. 1. 0. 1. 1. 0. 0. 0.
 0. 1. 1. 0. 0. 1. 0. 0. 1. 0. 1. 1. 1. 0. 0. 0. 1. 1. 0. 0. 0. 0. 1. 0.
 0. 1. 0. 1. 1. 1. 1. 0. 0. 0. 0. 1. 1. 1. 1. 0. 1. 1. 1. 1. 0. 1. 0. 0.
 1. 0. 0. 1. 1. 1. 1. 1. 0. 0. 1. 1. 1. 0. 0. 1. 0. 1. 0. 0. 1. 0. 1. 0.
 1. 0. 0. 0.]"
682,randomforest,"{'criterion': 'gini', 'max_features': None, 'n_estimators': 561}",0.6013015322566785,0.1820195127373179,0.2082438157889115,0.3367792963190176,0.5939985734844605,0.19157611610611114,0.5857689897653693,0.17164179104477617,0.585820895522388,0.585820895522388,"{0: 0.5881877923813768, 1: 0.5881877923813768}","{0: 0.5881877923813768, 1: 0.5881877923813768}",0.5881877923813768,"[[77 57]
 [54 80]]","[1. 0. 0. 0. 0. 1. 0. 1. 1. 0. 0. 0. 1. 0. 0. 0. 0. 0. 0. 0. 0. 1. 0. 0.
 0. 0. 1. 1. 1. 1. 1. 0. 0. 0. 1. 0. 0. 0. 1. 0. 0. 0. 1. 1. 0. 0. 1. 0.
 0. 0. 1. 0. 0. 1. 1. 1. 1. 1. 0. 1. 1. 0. 1. 0. 0. 0. 1. 1. 1. 1. 0. 0.
 1. 1. 0. 1. 1. 0. 0. 0. 1. 1. 1. 0. 0. 1. 0. 1. 1. 1. 1. 1. 0. 1. 1. 1.
 0. 0. 1. 1. 0. 1. 0. 1. 0. 0. 0. 0. 0. 1. 0. 0. 0. 1. 1. 0. 1. 0. 0. 0.
 0. 1. 1. 1. 1. 1. 1. 1. 1. 0. 0. 1. 1. 0. 1. 1. 0. 1. 0. 1. 0. 0. 1. 0.
 0. 0. 0. 0. 1. 1. 1. 0. 1. 1. 0. 1. 1. 0. 1. 0. 1. 1. 0. 0. 1. 1. 0. 1.
 1. 1. 0. 1. 1. 0. 0. 1. 1. 0. 1. 0. 0. 1. 1. 1. 0. 0. 1. 1. 0. 0. 1. 1.
 1. 1. 1. 1. 0. 1. 0. 1. 0. 0. 1. 1. 0. 0. 0. 0. 1. 1. 0. 1. 1. 1. 0. 0.
 1. 1. 0. 1. 0. 0. 0. 0. 1. 1. 1. 0. 0. 0. 1. 1. 1. 1. 1. 1. 0. 1. 0. 0.
 1. 1. 0. 0. 1. 1. 1. 1. 0. 1. 1. 0. 1. 0. 0. 1. 0. 1. 0. 1. 0. 0. 1. 1.
 1. 0. 1. 0.]","[0. 1. 0. 0. 0. 1. 1. 1. 0. 0. 0. 0. 0. 1. 0. 0. 1. 1. 0. 0. 0. 0. 0. 1.
 0. 0. 1. 0. 1. 0. 0. 1. 0. 1. 1. 0. 0. 0. 1. 0. 0. 0. 1. 1. 1. 0. 1. 0.
 1. 0. 1. 1. 0. 1. 1. 1. 1. 0. 1. 0. 0. 1. 1. 1. 0. 0. 0. 1. 1. 0. 1. 1.
 0. 0. 1. 0. 0. 1. 0. 1. 0. 1. 1. 1. 0. 1. 0. 1. 1. 1. 1. 1. 1. 1. 1. 0.
 0. 0. 1. 1. 1. 0. 0. 1. 1. 1. 0. 0. 0. 1. 1. 1. 0. 0. 0. 0. 1. 1. 1. 0.
 1. 0. 0. 1. 1. 0. 0. 0. 0. 1. 0. 0. 1. 1. 0. 1. 1. 1. 0. 1. 1. 0. 1. 0.
 1. 1. 0. 0. 0. 1. 1. 0. 1. 1. 0. 1. 0. 0. 0. 1. 1. 1. 0. 1. 0. 1. 1. 0.
 1. 0. 0. 1. 1. 0. 0. 1. 0. 1. 1. 0. 0. 1. 0. 0. 1. 1. 0. 1. 1. 0. 0. 0.
 0. 1. 1. 0. 0. 1. 0. 0. 1. 0. 1. 1. 1. 0. 0. 0. 1. 1. 0. 0. 0. 0. 1. 0.
 0. 1. 0. 1. 1. 1. 1. 0. 0. 0. 0. 1. 1. 1. 1. 0. 1. 1. 1. 1. 0. 1. 0. 0.
 1. 0. 0. 1. 1. 1. 1. 1. 0. 0. 1. 1. 1. 0. 0. 1. 0. 1. 0. 0. 1. 0. 1. 0.
 1. 0. 0. 0.]"
392,randomforest,"{'criterion': 'entropy', 'max_features': 'log2', 'n_estimators': 587}",0.5993702535780335,0.18837723647601864,0.20755614627780083,0.33450166634819123,0.592676745297713,0.19160327863574642,0.5783523383874246,0.15671641791044777,0.5783582089552238,0.5783582089552239,"{0: 0.5925038984183559, 1: 0.5925038984183559}","{0: 0.5925038984183559, 1: 0.5925038984183559}",0.5925038984183559,"[[77 57]
 [56 78]]","[1. 0. 0. 0. 0. 1. 0. 1. 1. 0. 0. 0. 1. 0. 0. 0. 1. 0. 0. 0. 0. 1. 0. 0.
 0. 0. 1. 1. 1. 1. 1. 0. 0. 0. 1. 0. 0. 0. 1. 0. 0. 0. 1. 0. 0. 0. 1. 0.
 0. 0. 1. 0. 1. 1. 1. 1. 1. 1. 0. 1. 0. 0. 1. 0. 0. 0. 1. 1. 1. 1. 0. 0.
 0. 1. 0. 1. 1. 0. 0. 0. 1. 1. 1. 0. 0. 1. 0. 1. 1. 1. 1. 1. 0. 1. 1. 1.
 0. 0. 1. 1. 0. 1. 0. 0. 0. 0. 0. 1. 0. 1. 0. 0. 0. 1. 1. 0. 1. 0. 0. 0.
 0. 1. 1. 1. 1. 1. 1. 1. 1. 0. 0. 1. 1. 0. 1. 1. 0. 1. 0. 1. 1. 0. 0. 0.
 0. 0. 0. 0. 1. 1. 1. 0. 1. 1. 0. 1. 1. 0. 1. 0. 1. 1. 0. 0. 1. 1. 0. 1.
 1. 1. 0. 1. 1. 0. 0. 1. 1. 0. 1. 0. 0. 1. 1. 1. 0. 0. 1. 1. 0. 0. 1. 1.
 1. 1. 1. 0. 1. 1. 0. 1. 0. 0. 1. 1. 0. 0. 0. 0. 1. 1. 0. 1. 1. 1. 0. 0.
 1. 1. 0. 1. 0. 0. 0. 0. 1. 1. 1. 0. 0. 0. 1. 1. 1. 1. 1. 1. 0. 1. 0. 0.
 1. 1. 0. 0. 1. 1. 0. 1. 0. 1. 1. 0. 1. 0. 0. 1. 0. 1. 0. 1. 0. 0. 1. 1.
 1. 0. 1. 0.]","[0. 1. 0. 0. 0. 1. 1. 1. 0. 0. 0. 0. 0. 1. 0. 0. 1. 1. 0. 0. 0. 0. 0. 1.
 0. 0. 1. 0. 1. 0. 0. 1. 0. 1. 1. 0. 0. 0. 1. 0. 0. 0. 1. 1. 1. 0. 1. 0.
 1. 0. 1. 1. 0. 1. 1. 1. 1. 0. 1. 0. 0. 1. 1. 1. 0. 0. 0. 1. 1. 0. 1. 1.
 0. 0. 1. 0. 0. 1. 0. 1. 0. 1. 1. 1. 0. 1. 0. 1. 1. 1. 1. 1. 1. 1. 1. 0.
 0. 0. 1. 1. 1. 0. 0. 1. 1. 1. 0. 0. 0. 1. 1. 1. 0. 0. 0. 0. 1. 1. 1. 0.
 1. 0. 0. 1. 1. 0. 0. 0. 0. 1. 0. 0. 1. 1. 0. 1. 1. 1. 0. 1. 1. 0. 1. 0.
 1. 1. 0. 0. 0. 1. 1. 0. 1. 1. 0. 1. 0. 0. 0. 1. 1. 1. 0. 1. 0. 1. 1. 0.
 1. 0. 0. 1. 1. 0. 0. 1. 0. 1. 1. 0. 0. 1. 0. 0. 1. 1. 0. 1. 1. 0. 0. 0.
 0. 1. 1. 0. 0. 1. 0. 0. 1. 0. 1. 1. 1. 0. 0. 0. 1. 1. 0. 0. 0. 0. 1. 0.
 0. 1. 0. 1. 1. 1. 1. 0. 0. 0. 0. 1. 1. 1. 1. 0. 1. 1. 1. 1. 0. 1. 0. 0.
 1. 0. 0. 1. 1. 1. 1. 1. 0. 0. 1. 1. 1. 0. 0. 1. 0. 1. 0. 0. 1. 0. 1. 0.
 1. 0. 0. 0.]"
813,randomforest,"{'criterion': 'gini', 'max_features': 'sqrt', 'n_estimators': 593}",0.5988097136782586,0.2011205021823181,0.2072709328664363,0.359321995528486,0.5913944068177939,0.20532276404613056,0.5819964349376114,0.16417910447761197,0.582089552238806,0.5820895522388059,"{0: 0.5844842949431944, 1: 0.5844842949431944}","{0: 0.5844842949431944, 1: 0.5844842949431944}",0.5844842949431944,"[[76 58]
 [54 80]]","[1. 0. 0. 0. 0. 1. 0. 1. 1. 0. 0. 0. 1. 0. 0. 0. 1. 0. 0. 0. 0. 1. 0. 0.
 0. 0. 1. 1. 1. 1. 1. 0. 0. 0. 1. 0. 0. 0. 1. 0. 0. 0. 1. 0. 0. 0. 1. 0.
 0. 0. 1. 0. 0. 1. 1. 1. 1. 1. 0. 1. 0. 0. 1. 1. 0. 0. 1. 1. 1. 1. 0. 0.
 1. 1. 0. 1. 1. 0. 0. 0. 1. 1. 1. 0. 0. 1. 0. 1. 1. 1. 1. 1. 0. 1. 1. 1.
 0. 0. 1. 1. 0. 1. 0. 0. 0. 0. 0. 1. 0. 1. 0. 0. 0. 1. 1. 0. 1. 0. 0. 0.
 0. 1. 1. 1. 1. 1. 1. 1. 1. 0. 0. 1. 1. 0. 1. 1. 0. 1. 0. 1. 1. 0. 0. 0.
 0. 0. 0. 0. 1. 1. 1. 0. 1. 1. 0. 1. 1. 0. 1. 0. 1. 1. 0. 0. 1. 0. 0. 1.
 1. 1. 0. 1. 1. 1. 0. 1. 1. 0. 1. 0. 0. 1. 1. 1. 0. 0. 1. 1. 0. 0. 1. 1.
 1. 1. 1. 0. 1. 1. 0. 0. 0. 0. 1. 1. 0. 1. 0. 0. 1. 1. 0. 1. 1. 1. 0. 0.
 1. 1. 0. 1. 0. 0. 0. 0. 1. 1. 1. 0. 1. 0. 1. 1. 1. 1. 1. 1. 0. 1. 0. 0.
 1. 1. 0. 0. 1. 1. 1. 1. 0. 1. 1. 0. 1. 0. 0. 1. 0. 1. 0. 1. 0. 0. 1. 1.
 1. 0. 1. 0.]","[0. 1. 0. 0. 0. 1. 1. 1. 0. 0. 0. 0. 0. 1. 0. 0. 1. 1. 0. 0. 0. 0. 0. 1.
 0. 0. 1. 0. 1. 0. 0. 1. 0. 1. 1. 0. 0. 0. 1. 0. 0. 0. 1. 1. 1. 0. 1. 0.
 1. 0. 1. 1. 0. 1. 1. 1. 1. 0. 1. 0. 0. 1. 1. 1. 0. 0. 0. 1. 1. 0. 1. 1.
 0. 0. 1. 0. 0. 1. 0. 1. 0. 1. 1. 1. 0. 1. 0. 1. 1. 1. 1. 1. 1. 1. 1. 0.
 0. 0. 1. 1. 1. 0. 0. 1. 1. 1. 0. 0. 0. 1. 1. 1. 0. 0. 0. 0. 1. 1. 1. 0.
 1. 0. 0. 1. 1. 0. 0. 0. 0. 1. 0. 0. 1. 1. 0. 1. 1. 1. 0. 1. 1. 0. 1. 0.
 1. 1. 0. 0. 0. 1. 1. 0. 1. 1. 0. 1. 0. 0. 0. 1. 1. 1. 0. 1. 0. 1. 1. 0.
 1. 0. 0. 1. 1. 0. 0. 1. 0. 1. 1. 0. 0. 1. 0. 0. 1. 1. 0. 1. 1. 0. 0. 0.
 0. 1. 1. 0. 0. 1. 0. 0. 1. 0. 1. 1. 1. 0. 0. 0. 1. 1. 0. 0. 0. 0. 1. 0.
 0. 1. 0. 1. 1. 1. 1. 0. 0. 0. 0. 1. 1. 1. 1. 0. 1. 1. 1. 1. 0. 1. 0. 0.
 1. 0. 0. 1. 1. 1. 1. 1. 0. 0. 1. 1. 1. 0. 0. 1. 0. 1. 0. 0. 1. 0. 1. 0.
 1. 0. 0. 0.]"
559,randomforest,"{'criterion': 'gini', 'max_features': 'log2', 'n_estimators': 307}",0.6060350945065806,0.18057174382738106,0.20627979320113746,0.35494193045964445,0.595369424855312,0.19114135721515269,0.5931419657655399,0.18656716417910446,0.5932835820895522,0.5932835820895522,"{0: 0.5966529293829361, 1: 0.5966529293829359}","{0: 0.5966529293829361, 1: 0.5966529293829359}",0.5966529293829359,"[[77 57]
 [52 82]]","[1. 0. 0. 0. 0. 1. 0. 1. 1. 0. 0. 0. 1. 0. 0. 0. 1. 0. 0. 0. 0. 1. 0. 0.
 0. 0. 1. 1. 1. 1. 1. 0. 0. 0. 1. 0. 0. 0. 1. 0. 0. 0. 1. 0. 0. 1. 1. 0.
 0. 0. 1. 0. 0. 1. 1. 1. 1. 1. 0. 1. 0. 0. 1. 0. 0. 0. 1. 1. 1. 1. 0. 0.
 1. 1. 0. 1. 1. 0. 0. 0. 1. 1. 1. 0. 0. 1. 0. 1. 1. 1. 1. 1. 0. 1. 1. 1.
 0. 0. 1. 1. 0. 1. 1. 1. 0. 0. 0. 0. 0. 1. 0. 0. 0. 1. 1. 0. 1. 0. 0. 0.
 0. 1. 1. 1. 1. 1. 1. 1. 1. 0. 0. 1. 1. 0. 1. 1. 0. 1. 0. 1. 1. 0. 1. 0.
 1. 0. 0. 0. 0. 1. 1. 0. 1. 1. 0. 1. 1. 0. 1. 0. 1. 1. 0. 0. 1. 1. 0. 1.
 1. 1. 0. 1. 1. 1. 0. 1. 1. 0. 1. 0. 0. 1. 1. 1. 0. 0. 1. 1. 0. 0. 1. 1.
 1. 1. 1. 1. 1. 1. 0. 0. 0. 0. 1. 1. 0. 0. 0. 0. 1. 1. 0. 1. 1. 1. 0. 0.
 1. 1. 0. 0. 0. 0. 0. 0. 1. 1. 1. 0. 1. 0. 1. 1. 1. 1. 1. 1. 0. 1. 0. 0.
 1. 1. 0. 0. 1. 1. 1. 1. 0. 0. 1. 0. 1. 0. 0. 1. 0. 1. 0. 1. 0. 0. 1. 1.
 1. 0. 1. 0.]","[0. 1. 0. 0. 0. 1. 1. 1. 0. 0. 0. 0. 0. 1. 0. 0. 1. 1. 0. 0. 0. 0. 0. 1.
 0. 0. 1. 0. 1. 0. 0. 1. 0. 1. 1. 0. 0. 0. 1. 0. 0. 0. 1. 1. 1. 0. 1. 0.
 1. 0. 1. 1. 0. 1. 1. 1. 1. 0. 1. 0. 0. 1. 1. 1. 0. 0. 0. 1. 1. 0. 1. 1.
 0. 0. 1. 0. 0. 1. 0. 1. 0. 1. 1. 1. 0. 1. 0. 1. 1. 1. 1. 1. 1. 1. 1. 0.
 0. 0. 1. 1. 1. 0. 0. 1. 1. 1. 0. 0. 0. 1. 1. 1. 0. 0. 0. 0. 1. 1. 1. 0.
 1. 0. 0. 1. 1. 0. 0. 0. 0. 1. 0. 0. 1. 1. 0. 1. 1. 1. 0. 1. 1. 0. 1. 0.
 1. 1. 0. 0. 0. 1. 1. 0. 1. 1. 0. 1. 0. 0. 0. 1. 1. 1. 0. 1. 0. 1. 1. 0.
 1. 0. 0. 1. 1. 0. 0. 1. 0. 1. 1. 0. 0. 1. 0. 0. 1. 1. 0. 1. 1. 0. 0. 0.
 0. 1. 1. 0. 0. 1. 0. 0. 1. 0. 1. 1. 1. 0. 0. 0. 1. 1. 0. 0. 0. 0. 1. 0.
 0. 1. 0. 1. 1. 1. 1. 0. 0. 0. 0. 1. 1. 1. 1. 0. 1. 1. 1. 1. 0. 1. 0. 0.
 1. 0. 0. 1. 1. 1. 1. 1. 0. 0. 1. 1. 1. 0. 0. 1. 0. 1. 0. 0. 1. 0. 1. 0.
 1. 0. 0. 0.]"
384,randomforest,"{'criterion': 'gini', 'max_features': 'log2', 'n_estimators': 125}",0.6046161796995061,0.19163714436209428,0.20612687887501832,0.37463406913565545,0.5947121520206197,0.20184647699154476,0.5857689897653693,0.17164179104477617,0.585820895522388,0.585820895522388,"{0: 0.6017208732457118, 1: 0.6017208732457118}","{0: 0.6017208732457118, 1: 0.6017208732457118}",0.6017208732457118,"[[77 57]
 [54 80]]","[1. 0. 0. 0. 0. 1. 0. 1. 1. 0. 0. 0. 1. 0. 0. 0. 1. 0. 0. 0. 0. 1. 0. 0.
 1. 0. 0. 1. 1. 1. 1. 0. 0. 0. 1. 0. 0. 0. 1. 0. 1. 0. 1. 0. 0. 0. 1. 0.
 0. 0. 1. 1. 1. 1. 1. 1. 1. 1. 0. 1. 0. 0. 1. 0. 0. 0. 1. 1. 1. 1. 0. 0.
 1. 1. 0. 1. 1. 0. 0. 0. 0. 1. 1. 0. 0. 1. 0. 1. 1. 1. 1. 1. 0. 1. 1. 1.
 0. 0. 1. 1. 0. 1. 1. 0. 0. 0. 0. 1. 0. 1. 0. 0. 0. 1. 1. 0. 1. 0. 0. 0.
 0. 1. 1. 1. 1. 0. 1. 1. 1. 0. 0. 1. 1. 0. 1. 1. 0. 1. 0. 1. 1. 0. 1. 0.
 1. 0. 0. 0. 0. 1. 1. 0. 1. 0. 0. 1. 1. 0. 1. 0. 1. 1. 0. 0. 1. 1. 0. 1.
 1. 1. 0. 1. 1. 0. 0. 1. 1. 0. 1. 0. 0. 1. 1. 1. 0. 0. 0. 1. 0. 0. 1. 1.
 0. 1. 0. 0. 1. 1. 0. 1. 0. 0. 1. 1. 0. 0. 0. 0. 1. 1. 0. 1. 1. 1. 0. 0.
 1. 1. 1. 1. 0. 0. 0. 0. 1. 1. 1. 0. 0. 1. 1. 1. 1. 1. 1. 1. 0. 1. 0. 0.
 1. 1. 0. 0. 1. 1. 1. 1. 0. 1. 1. 0. 1. 0. 0. 1. 0. 1. 0. 1. 0. 0. 1. 1.
 1. 0. 1. 0.]","[0. 1. 0. 0. 0. 1. 1. 1. 0. 0. 0. 0. 0. 1. 0. 0. 1. 1. 0. 0. 0. 0. 0. 1.
 0. 0. 1. 0. 1. 0. 0. 1. 0. 1. 1. 0. 0. 0. 1. 0. 0. 0. 1. 1. 1. 0. 1. 0.
 1. 0. 1. 1. 0. 1. 1. 1. 1. 0. 1. 0. 0. 1. 1. 1. 0. 0. 0. 1. 1. 0. 1. 1.
 0. 0. 1. 0. 0. 1. 0. 1. 0. 1. 1. 1. 0. 1. 0. 1. 1. 1. 1. 1. 1. 1. 1. 0.
 0. 0. 1. 1. 1. 0. 0. 1. 1. 1. 0. 0. 0. 1. 1. 1. 0. 0. 0. 0. 1. 1. 1. 0.
 1. 0. 0. 1. 1. 0. 0. 0. 0. 1. 0. 0. 1. 1. 0. 1. 1. 1. 0. 1. 1. 0. 1. 0.
 1. 1. 0. 0. 0. 1. 1. 0. 1. 1. 0. 1. 0. 0. 0. 1. 1. 1. 0. 1. 0. 1. 1. 0.
 1. 0. 0. 1. 1. 0. 0. 1. 0. 1. 1. 0. 0. 1. 0. 0. 1. 1. 0. 1. 1. 0. 0. 0.
 0. 1. 1. 0. 0. 1. 0. 0. 1. 0. 1. 1. 1. 0. 0. 0. 1. 1. 0. 0. 0. 0. 1. 0.
 0. 1. 0. 1. 1. 1. 1. 0. 0. 0. 0. 1. 1. 1. 1. 0. 1. 1. 1. 1. 0. 1. 0. 0.
 1. 0. 0. 1. 1. 1. 1. 1. 0. 0. 1. 1. 1. 0. 0. 1. 0. 1. 0. 0. 1. 0. 1. 0.
 1. 0. 0. 0.]"
576,randomforest,"{'criterion': 'gini', 'max_features': None, 'n_estimators': 365}",0.6051043145122578,0.19327139391726378,0.20585079650443774,0.3475060284389186,0.5969012823347501,0.19829733404551414,0.5856766807337149,0.17164179104477617,0.585820895522388,0.585820895522388,"{0: 0.5851525952327912, 1: 0.5851525952327913}","{0: 0.5851525952327912, 1: 0.5851525952327913}",0.5851525952327913,"[[76 58]
 [53 81]]","[1. 0. 0. 0. 0. 1. 0. 1. 1. 0. 0. 0. 1. 0. 0. 0. 0. 0. 0. 0. 0. 1. 0. 0.
 0. 0. 1. 1. 1. 1. 1. 0. 0. 0. 1. 0. 0. 0. 1. 0. 1. 0. 1. 1. 0. 0. 1. 1.
 0. 0. 1. 0. 0. 1. 1. 1. 1. 1. 0. 1. 1. 0. 1. 0. 0. 0. 1. 1. 1. 1. 0. 0.
 1. 1. 0. 1. 1. 0. 0. 0. 1. 1. 1. 0. 0. 1. 1. 1. 1. 1. 1. 1. 0. 1. 1. 1.
 0. 0. 1. 1. 0. 1. 0. 1. 0. 0. 0. 1. 0. 1. 0. 0. 0. 1. 1. 0. 1. 0. 0. 0.
 1. 1. 1. 1. 1. 1. 1. 1. 1. 0. 0. 1. 1. 0. 1. 1. 0. 1. 0. 1. 1. 0. 0. 0.
 0. 0. 0. 0. 1. 1. 1. 0. 1. 1. 0. 1. 1. 0. 1. 0. 1. 1. 0. 0. 1. 1. 0. 1.
 1. 1. 0. 1. 1. 0. 0. 1. 1. 0. 1. 0. 0. 1. 1. 1. 0. 0. 1. 1. 0. 0. 1. 1.
 1. 1. 1. 0. 0. 1. 0. 0. 0. 0. 1. 1. 0. 0. 0. 0. 1. 1. 0. 1. 1. 1. 0. 0.
 1. 1. 0. 1. 0. 0. 0. 0. 1. 1. 1. 0. 0. 0. 1. 1. 1. 1. 1. 1. 0. 1. 0. 0.
 1. 1. 0. 0. 1. 1. 1. 1. 0. 0. 1. 0. 1. 0. 0. 1. 0. 1. 0. 1. 0. 0. 1. 1.
 1. 0. 1. 0.]","[0. 1. 0. 0. 0. 1. 1. 1. 0. 0. 0. 0. 0. 1. 0. 0. 1. 1. 0. 0. 0. 0. 0. 1.
 0. 0. 1. 0. 1. 0. 0. 1. 0. 1. 1. 0. 0. 0. 1. 0. 0. 0. 1. 1. 1. 0. 1. 0.
 1. 0. 1. 1. 0. 1. 1. 1. 1. 0. 1. 0. 0. 1. 1. 1. 0. 0. 0. 1. 1. 0. 1. 1.
 0. 0. 1. 0. 0. 1. 0. 1. 0. 1. 1. 1. 0. 1. 0. 1. 1. 1. 1. 1. 1. 1. 1. 0.
 0. 0. 1. 1. 1. 0. 0. 1. 1. 1. 0. 0. 0. 1. 1. 1. 0. 0. 0. 0. 1. 1. 1. 0.
 1. 0. 0. 1. 1. 0. 0. 0. 0. 1. 0. 0. 1. 1. 0. 1. 1. 1. 0. 1. 1. 0. 1. 0.
 1. 1. 0. 0. 0. 1. 1. 0. 1. 1. 0. 1. 0. 0. 0. 1. 1. 1. 0. 1. 0. 1. 1. 0.
 1. 0. 0. 1. 1. 0. 0. 1. 0. 1. 1. 0. 0. 1. 0. 0. 1. 1. 0. 1. 1. 0. 0. 0.
 0. 1. 1. 0. 0. 1. 0. 0. 1. 0. 1. 1. 1. 0. 0. 0. 1. 1. 0. 0. 0. 0. 1. 0.
 0. 1. 0. 1. 1. 1. 1. 0. 0. 0. 0. 1. 1. 1. 1. 0. 1. 1. 1. 1. 0. 1. 0. 0.
 1. 0. 0. 1. 1. 1. 1. 1. 0. 0. 1. 1. 1. 0. 0. 1. 0. 1. 0. 0. 1. 0. 1. 0.
 1. 0. 0. 0.]"
996,randomforest,"{'criterion': 'gini', 'max_features': 'log2', 'n_estimators': 381}",0.5927586080550976,0.19622749640318926,0.20541020322175776,0.34762665796446934,0.5856929286364769,0.2016406534017741,0.5708417461533105,0.14179104477611937,0.5708955223880597,0.5708955223880596,"{0: 0.5842615281799957, 1: 0.5842615281799957}","{0: 0.5842615281799957, 1: 0.5842615281799957}",0.5842615281799957,"[[75 59]
 [56 78]]","[1. 0. 0. 0. 0. 1. 0. 1. 1. 0. 0. 0. 1. 0. 0. 0. 0. 0. 0. 0. 0. 1. 0. 0.
 0. 0. 1. 1. 1. 1. 1. 0. 0. 0. 1. 1. 0. 0. 1. 0. 0. 0. 1. 0. 0. 0. 1. 1.
 0. 0. 1. 0. 1. 1. 1. 1. 1. 1. 0. 1. 0. 0. 1. 0. 0. 0. 1. 1. 1. 1. 0. 0.
 1. 1. 0. 1. 1. 0. 0. 0. 1. 1. 1. 0. 0. 1. 0. 1. 1. 1. 1. 1. 0. 1. 1. 1.
 0. 0. 1. 1. 0. 1. 1. 0. 0. 0. 0. 1. 0. 1. 0. 0. 0. 1. 1. 0. 1. 0. 0. 0.
 0. 1. 1. 1. 1. 1. 1. 1. 1. 0. 0. 1. 1. 0. 1. 1. 0. 1. 0. 1. 1. 0. 0. 0.
 0. 0. 0. 0. 1. 1. 1. 0. 1. 1. 0. 1. 1. 0. 1. 0. 1. 1. 0. 0. 1. 1. 0. 1.
 1. 1. 0. 1. 1. 0. 0. 1. 1. 0. 1. 0. 0. 0. 1. 1. 0. 0. 1. 1. 0. 0. 1. 1.
 1. 1. 1. 0. 1. 1. 0. 0. 0. 0. 1. 1. 0. 0. 0. 0. 1. 1. 0. 1. 1. 1. 0. 0.
 1. 1. 0. 1. 0. 0. 0. 0. 1. 1. 1. 0. 1. 0. 1. 1. 1. 1. 1. 1. 0. 1. 0. 0.
 1. 1. 0. 0. 1. 1. 1. 1. 0. 0. 1. 0. 1. 0. 0. 1. 0. 1. 0. 1. 0. 0. 1. 1.
 1. 0. 1. 0.]","[0. 1. 0. 0. 0. 1. 1. 1. 0. 0. 0. 0. 0. 1. 0. 0. 1. 1. 0. 0. 0. 0. 0. 1.
 0. 0. 1. 0. 1. 0. 0. 1. 0. 1. 1. 0. 0. 0. 1. 0. 0. 0. 1. 1. 1. 0. 1. 0.
 1. 0. 1. 1. 0. 1. 1. 1. 1. 0. 1. 0. 0. 1. 1. 1. 0. 0. 0. 1. 1. 0. 1. 1.
 0. 0. 1. 0. 0. 1. 0. 1. 0. 1. 1. 1. 0. 1. 0. 1. 1. 1. 1. 1. 1. 1. 1. 0.
 0. 0. 1. 1. 1. 0. 0. 1. 1. 1. 0. 0. 0. 1. 1. 1. 0. 0. 0. 0. 1. 1. 1. 0.
 1. 0. 0. 1. 1. 0. 0. 0. 0. 1. 0. 0. 1. 1. 0. 1. 1. 1. 0. 1. 1. 0. 1. 0.
 1. 1. 0. 0. 0. 1. 1. 0. 1. 1. 0. 1. 0. 0. 0. 1. 1. 1. 0. 1. 0. 1. 1. 0.
 1. 0. 0. 1. 1. 0. 0. 1. 0. 1. 1. 0. 0. 1. 0. 0. 1. 1. 0. 1. 1. 0. 0. 0.
 0. 1. 1. 0. 0. 1. 0. 0. 1. 0. 1. 1. 1. 0. 0. 0. 1. 1. 0. 0. 0. 0. 1. 0.
 0. 1. 0. 1. 1. 1. 1. 0. 0. 0. 0. 1. 1. 1. 1. 0. 1. 1. 1. 1. 0. 1. 0. 0.
 1. 0. 0. 1. 1. 1. 1. 1. 0. 0. 1. 1. 1. 0. 0. 1. 0. 1. 0. 0. 1. 0. 1. 0.
 1. 0. 0. 0.]"
180,randomforest,"{'criterion': 'entropy', 'max_features': 'sqrt', 'n_estimators': 461}",0.6007381608599193,0.2055431259317177,0.2053916433236029,0.37285074818860925,0.5923673921657793,0.21075100560608695,0.5820662768031188,0.16417910447761197,0.582089552238806,0.582089552238806,"{0: 0.5861828915125863, 1: 0.5861828915125863}","{0: 0.5861828915125863, 1: 0.5861828915125863}",0.5861828915125863,"[[77 57]
 [55 79]]","[1. 0. 0. 0. 0. 1. 0. 1. 1. 0. 0. 0. 1. 0. 0. 0. 1. 0. 0. 0. 0. 1. 0. 0.
 0. 0. 1. 1. 1. 1. 1. 0. 0. 0. 1. 0. 1. 0. 1. 0. 0. 0. 1. 0. 0. 0. 1. 0.
 0. 0. 1. 0. 0. 1. 1. 1. 1. 1. 0. 1. 0. 0. 1. 0. 0. 0. 1. 1. 1. 1. 0. 0.
 1. 1. 0. 1. 1. 0. 0. 0. 1. 1. 1. 0. 0. 1. 0. 1. 1. 1. 1. 1. 0. 1. 1. 1.
 0. 0. 1. 1. 0. 1. 0. 0. 0. 0. 0. 1. 0. 1. 0. 0. 0. 1. 1. 0. 1. 0. 0. 0.
 0. 1. 1. 1. 1. 1. 1. 1. 1. 0. 0. 1. 1. 0. 1. 0. 0. 1. 0. 1. 1. 0. 0. 0.
 0. 0. 0. 0. 1. 1. 1. 0. 1. 1. 0. 1. 1. 0. 1. 0. 1. 1. 0. 0. 1. 1. 0. 1.
 1. 1. 0. 1. 1. 1. 0. 1. 1. 0. 1. 0. 0. 1. 1. 1. 0. 0. 0. 1. 0. 0. 1. 1.
 0. 1. 1. 0. 1. 1. 0. 0. 0. 0. 1. 1. 0. 0. 0. 0. 1. 1. 0. 1. 1. 1. 0. 0.
 1. 1. 1. 1. 0. 0. 0. 0. 1. 1. 1. 0. 1. 0. 1. 1. 1. 1. 1. 1. 0. 1. 0. 0.
 1. 1. 0. 0. 1. 1. 1. 1. 0. 1. 1. 0. 1. 0. 0. 1. 0. 1. 0. 1. 0. 0. 1. 1.
 1. 0. 1. 0.]","[0. 1. 0. 0. 0. 1. 1. 1. 0. 0. 0. 0. 0. 1. 0. 0. 1. 1. 0. 0. 0. 0. 0. 1.
 0. 0. 1. 0. 1. 0. 0. 1. 0. 1. 1. 0. 0. 0. 1. 0. 0. 0. 1. 1. 1. 0. 1. 0.
 1. 0. 1. 1. 0. 1. 1. 1. 1. 0. 1. 0. 0. 1. 1. 1. 0. 0. 0. 1. 1. 0. 1. 1.
 0. 0. 1. 0. 0. 1. 0. 1. 0. 1. 1. 1. 0. 1. 0. 1. 1. 1. 1. 1. 1. 1. 1. 0.
 0. 0. 1. 1. 1. 0. 0. 1. 1. 1. 0. 0. 0. 1. 1. 1. 0. 0. 0. 0. 1. 1. 1. 0.
 1. 0. 0. 1. 1. 0. 0. 0. 0. 1. 0. 0. 1. 1. 0. 1. 1. 1. 0. 1. 1. 0. 1. 0.
 1. 1. 0. 0. 0. 1. 1. 0. 1. 1. 0. 1. 0. 0. 0. 1. 1. 1. 0. 1. 0. 1. 1. 0.
 1. 0. 0. 1. 1. 0. 0. 1. 0. 1. 1. 0. 0. 1. 0. 0. 1. 1. 0. 1. 1. 0. 0. 0.
 0. 1. 1. 0. 0. 1. 0. 0. 1. 0. 1. 1. 1. 0. 0. 0. 1. 1. 0. 0. 0. 0. 1. 0.
 0. 1. 0. 1. 1. 1. 1. 0. 0. 0. 0. 1. 1. 1. 1. 0. 1. 1. 1. 1. 0. 1. 0. 0.
 1. 0. 0. 1. 1. 1. 1. 1. 0. 0. 1. 1. 1. 0. 0. 1. 0. 1. 0. 0. 1. 0. 1. 0.
 1. 0. 0. 0.]"
806,randomforest,"{'criterion': 'gini', 'max_features': 'sqrt', 'n_estimators': 455}",0.5994836484136504,0.19668434343312172,0.20523188857620775,0.3614599640819755,0.5918981257690935,0.20171998878864952,0.5818799799409373,0.16417910447761197,0.582089552238806,0.5820895522388059,"{0: 0.5898863889507686, 1: 0.5898863889507686}","{0: 0.5898863889507686, 1: 0.5898863889507686}",0.5898863889507686,"[[75 59]
 [53 81]]","[1. 0. 0. 0. 0. 1. 0. 1. 1. 0. 0. 0. 1. 0. 0. 0. 1. 0. 0. 0. 0. 1. 0. 0.
 0. 0. 1. 1. 1. 1. 1. 0. 0. 0. 1. 0. 0. 0. 1. 0. 0. 0. 1. 0. 0. 1. 1. 1.
 0. 0. 1. 0. 0. 1. 1. 1. 1. 1. 0. 1. 0. 0. 1. 1. 0. 0. 1. 1. 1. 1. 0. 0.
 1. 1. 0. 1. 1. 0. 1. 0. 1. 1. 1. 0. 0. 1. 0. 1. 1. 1. 1. 1. 0. 1. 1. 1.
 0. 0. 1. 1. 0. 1. 0. 0. 0. 0. 0. 1. 0. 1. 0. 0. 0. 1. 1. 0. 1. 0. 0. 0.
 0. 1. 1. 1. 1. 1. 1. 1. 1. 0. 0. 1. 1. 0. 1. 1. 0. 1. 0. 1. 0. 0. 1. 0.
 1. 0. 0. 0. 1. 1. 1. 0. 1. 1. 0. 1. 1. 0. 1. 0. 1. 1. 0. 0. 1. 1. 0. 1.
 1. 1. 0. 1. 1. 0. 0. 1. 1. 0. 1. 0. 0. 1. 1. 1. 0. 0. 1. 1. 0. 0. 1. 1.
 1. 1. 1. 0. 1. 1. 0. 0. 0. 0. 1. 1. 0. 0. 0. 0. 1. 1. 0. 1. 1. 1. 0. 0.
 1. 1. 0. 1. 0. 0. 0. 0. 1. 1. 1. 0. 0. 0. 1. 1. 1. 1. 1. 1. 0. 1. 0. 0.
 1. 1. 0. 0. 1. 1. 1. 1. 0. 1. 1. 0. 1. 0. 0. 1. 0. 1. 0. 1. 0. 0. 1. 1.
 1. 0. 1. 0.]","[0. 1. 0. 0. 0. 1. 1. 1. 0. 0. 0. 0. 0. 1. 0. 0. 1. 1. 0. 0. 0. 0. 0. 1.
 0. 0. 1. 0. 1. 0. 0. 1. 0. 1. 1. 0. 0. 0. 1. 0. 0. 0. 1. 1. 1. 0. 1. 0.
 1. 0. 1. 1. 0. 1. 1. 1. 1. 0. 1. 0. 0. 1. 1. 1. 0. 0. 0. 1. 1. 0. 1. 1.
 0. 0. 1. 0. 0. 1. 0. 1. 0. 1. 1. 1. 0. 1. 0. 1. 1. 1. 1. 1. 1. 1. 1. 0.
 0. 0. 1. 1. 1. 0. 0. 1. 1. 1. 0. 0. 0. 1. 1. 1. 0. 0. 0. 0. 1. 1. 1. 0.
 1. 0. 0. 1. 1. 0. 0. 0. 0. 1. 0. 0. 1. 1. 0. 1. 1. 1. 0. 1. 1. 0. 1. 0.
 1. 1. 0. 0. 0. 1. 1. 0. 1. 1. 0. 1. 0. 0. 0. 1. 1. 1. 0. 1. 0. 1. 1. 0.
 1. 0. 0. 1. 1. 0. 0. 1. 0. 1. 1. 0. 0. 1. 0. 0. 1. 1. 0. 1. 1. 0. 0. 0.
 0. 1. 1. 0. 0. 1. 0. 0. 1. 0. 1. 1. 1. 0. 0. 0. 1. 1. 0. 0. 0. 0. 1. 0.
 0. 1. 0. 1. 1. 1. 1. 0. 0. 0. 0. 1. 1. 1. 1. 0. 1. 1. 1. 1. 0. 1. 0. 0.
 1. 0. 0. 1. 1. 1. 1. 1. 0. 0. 1. 1. 1. 0. 0. 1. 0. 1. 0. 0. 1. 0. 1. 0.
 1. 0. 0. 0.]"
665,randomforest,"{'criterion': 'gini', 'max_features': None, 'n_estimators': 599}",0.599647956188516,0.1893754802656051,0.2051832755432209,0.3651185901089023,0.5903518170151235,0.1974215298694357,0.5820662768031188,0.16417910447761197,0.582089552238806,0.582089552238806,"{0: 0.5853475161505903, 1: 0.5853475161505904}","{0: 0.5853475161505903, 1: 0.5853475161505904}",0.5853475161505904,"[[77 57]
 [55 79]]","[1. 0. 0. 0. 0. 1. 0. 1. 1. 0. 0. 0. 1. 0. 0. 0. 0. 0. 0. 0. 0. 1. 0. 0.
 0. 0. 1. 1. 1. 1. 1. 0. 0. 0. 1. 1. 0. 0. 1. 0. 1. 0. 1. 1. 0. 0. 1. 0.
 0. 0. 1. 0. 0. 1. 1. 1. 1. 1. 0. 1. 0. 0. 1. 0. 0. 0. 1. 1. 1. 1. 0. 0.
 1. 1. 0. 1. 1. 0. 0. 0. 1. 1. 1. 0. 0. 1. 0. 1. 1. 1. 1. 1. 0. 1. 1. 1.
 0. 0. 1. 1. 0. 1. 0. 0. 0. 0. 0. 0. 0. 1. 0. 0. 0. 1. 1. 0. 1. 0. 0. 0.
 1. 1. 1. 1. 1. 1. 1. 1. 1. 0. 0. 1. 1. 0. 1. 1. 0. 1. 0. 1. 1. 0. 1. 0.
 0. 0. 0. 0. 0. 1. 1. 0. 1. 1. 0. 1. 1. 0. 1. 0. 1. 1. 0. 0. 1. 1. 0. 1.
 1. 1. 0. 1. 1. 0. 0. 1. 1. 0. 1. 0. 0. 1. 1. 1. 0. 0. 1. 1. 0. 0. 1. 1.
 0. 1. 1. 1. 0. 1. 0. 1. 0. 0. 1. 1. 0. 1. 0. 0. 1. 1. 0. 1. 1. 1. 0. 0.
 1. 1. 0. 0. 0. 0. 0. 0. 1. 1. 1. 0. 0. 0. 1. 1. 1. 1. 1. 1. 0. 1. 0. 0.
 1. 1. 0. 0. 1. 1. 0. 1. 0. 1. 1. 0. 1. 0. 0. 1. 0. 1. 0. 1. 0. 0. 1. 1.
 1. 0. 1. 0.]","[0. 1. 0. 0. 0. 1. 1. 1. 0. 0. 0. 0. 0. 1. 0. 0. 1. 1. 0. 0. 0. 0. 0. 1.
 0. 0. 1. 0. 1. 0. 0. 1. 0. 1. 1. 0. 0. 0. 1. 0. 0. 0. 1. 1. 1. 0. 1. 0.
 1. 0. 1. 1. 0. 1. 1. 1. 1. 0. 1. 0. 0. 1. 1. 1. 0. 0. 0. 1. 1. 0. 1. 1.
 0. 0. 1. 0. 0. 1. 0. 1. 0. 1. 1. 1. 0. 1. 0. 1. 1. 1. 1. 1. 1. 1. 1. 0.
 0. 0. 1. 1. 1. 0. 0. 1. 1. 1. 0. 0. 0. 1. 1. 1. 0. 0. 0. 0. 1. 1. 1. 0.
 1. 0. 0. 1. 1. 0. 0. 0. 0. 1. 0. 0. 1. 1. 0. 1. 1. 1. 0. 1. 1. 0. 1. 0.
 1. 1. 0. 0. 0. 1. 1. 0. 1. 1. 0. 1. 0. 0. 0. 1. 1. 1. 0. 1. 0. 1. 1. 0.
 1. 0. 0. 1. 1. 0. 0. 1. 0. 1. 1. 0. 0. 1. 0. 0. 1. 1. 0. 1. 1. 0. 0. 0.
 0. 1. 1. 0. 0. 1. 0. 0. 1. 0. 1. 1. 1. 0. 0. 0. 1. 1. 0. 0. 0. 0. 1. 0.
 0. 1. 0. 1. 1. 1. 1. 0. 0. 0. 0. 1. 1. 1. 1. 0. 1. 1. 1. 1. 0. 1. 0. 0.
 1. 0. 0. 1. 1. 1. 1. 1. 0. 0. 1. 1. 1. 0. 0. 1. 0. 1. 0. 0. 1. 0. 1. 0.
 1. 0. 0. 0.]"
447,randomforest,"{'criterion': 'entropy', 'max_features': 'sqrt', 'n_estimators': 341}",0.6081464003182578,0.19622944712017087,0.20505201843841858,0.3317022221162409,0.6039836731368989,0.1902553120538905,0.5851219614242081,0.17164179104477617,0.585820895522388,0.585820895522388,"{0: 0.5850133660057919, 1: 0.5850133660057919}","{0: 0.5850133660057919, 1: 0.5850133660057919}",0.5850133660057919,"[[73 61]
 [50 84]]","[1. 0. 0. 0. 0. 1. 0. 1. 1. 0. 0. 0. 1. 0. 0. 0. 1. 0. 0. 0. 0. 1. 0. 0.
 0. 0. 1. 1. 1. 1. 1. 0. 0. 0. 1. 0. 0. 0. 1. 0. 0. 0. 1. 1. 0. 0. 1. 0.
 0. 0. 1. 0. 0. 1. 1. 1. 1. 1. 0. 1. 1. 0. 1. 0. 0. 0. 1. 1. 1. 1. 0. 0.
 1. 1. 0. 1. 1. 0. 1. 0. 1. 1. 1. 1. 0. 1. 1. 1. 1. 1. 1. 1. 0. 1. 1. 1.
 0. 0. 1. 1. 0. 1. 1. 0. 1. 0. 0. 1. 0. 1. 0. 0. 0. 1. 1. 0. 1. 0. 0. 0.
 0. 1. 1. 1. 1. 1. 1. 1. 1. 0. 0. 1. 1. 0. 1. 1. 0. 1. 0. 1. 1. 0. 1. 0.
 1. 0. 0. 0. 1. 1. 1. 0. 1. 1. 0. 1. 1. 0. 1. 0. 1. 1. 0. 0. 1. 1. 0. 1.
 1. 1. 0. 1. 1. 1. 0. 1. 1. 0. 1. 0. 0. 1. 1. 1. 0. 0. 1. 1. 0. 0. 1. 1.
 0. 1. 1. 1. 1. 1. 0. 1. 0. 0. 1. 1. 0. 0. 0. 0. 1. 1. 0. 1. 1. 0. 1. 0.
 1. 1. 0. 1. 0. 0. 0. 0. 1. 1. 1. 0. 1. 0. 0. 1. 1. 1. 1. 1. 0. 1. 0. 0.
 1. 1. 0. 0. 1. 1. 0. 1. 0. 1. 1. 0. 1. 0. 0. 1. 0. 1. 0. 1. 0. 0. 1. 1.
 1. 0. 1. 0.]","[0. 1. 0. 0. 0. 1. 1. 1. 0. 0. 0. 0. 0. 1. 0. 0. 1. 1. 0. 0. 0. 0. 0. 1.
 0. 0. 1. 0. 1. 0. 0. 1. 0. 1. 1. 0. 0. 0. 1. 0. 0. 0. 1. 1. 1. 0. 1. 0.
 1. 0. 1. 1. 0. 1. 1. 1. 1. 0. 1. 0. 0. 1. 1. 1. 0. 0. 0. 1. 1. 0. 1. 1.
 0. 0. 1. 0. 0. 1. 0. 1. 0. 1. 1. 1. 0. 1. 0. 1. 1. 1. 1. 1. 1. 1. 1. 0.
 0. 0. 1. 1. 1. 0. 0. 1. 1. 1. 0. 0. 0. 1. 1. 1. 0. 0. 0. 0. 1. 1. 1. 0.
 1. 0. 0. 1. 1. 0. 0. 0. 0. 1. 0. 0. 1. 1. 0. 1. 1. 1. 0. 1. 1. 0. 1. 0.
 1. 1. 0. 0. 0. 1. 1. 0. 1. 1. 0. 1. 0. 0. 0. 1. 1. 1. 0. 1. 0. 1. 1. 0.
 1. 0. 0. 1. 1. 0. 0. 1. 0. 1. 1. 0. 0. 1. 0. 0. 1. 1. 0. 1. 1. 0. 0. 0.
 0. 1. 1. 0. 0. 1. 0. 0. 1. 0. 1. 1. 1. 0. 0. 0. 1. 1. 0. 0. 0. 0. 1. 0.
 0. 1. 0. 1. 1. 1. 1. 0. 0. 0. 0. 1. 1. 1. 1. 0. 1. 1. 1. 1. 0. 1. 0. 0.
 1. 0. 0. 1. 1. 1. 1. 1. 0. 0. 1. 1. 1. 0. 0. 1. 0. 1. 0. 0. 1. 0. 1. 0.
 1. 0. 0. 0.]"
424,randomforest,"{'criterion': 'gini', 'max_features': 'log2', 'n_estimators': 345}",0.6024075368012486,0.1920895553994516,0.2050261274265286,0.34489141621569963,0.5954467165152649,0.19490109365007866,0.5817168338907468,0.16417910447761197,0.582089552238806,0.582089552238806,"{0: 0.5832033860548007, 1: 0.5832033860548007}","{0: 0.5832033860548007, 1: 0.5832033860548007}",0.5832033860548007,"[[74 60]
 [52 82]]","[1. 0. 0. 0. 0. 1. 0. 1. 1. 0. 0. 0. 1. 0. 0. 0. 1. 0. 0. 0. 0. 1. 0. 0.
 0. 0. 1. 1. 1. 1. 1. 0. 0. 0. 1. 0. 0. 0. 1. 0. 0. 0. 1. 1. 0. 0. 1. 1.
 0. 0. 1. 0. 1. 1. 1. 1. 1. 1. 0. 1. 0. 0. 1. 0. 0. 0. 1. 1. 1. 1. 0. 0.
 1. 1. 0. 1. 1. 0. 1. 0. 1. 1. 1. 0. 0. 1. 0. 1. 1. 1. 1. 1. 0. 1. 1. 1.
 0. 0. 1. 1. 0. 1. 1. 1. 0. 0. 0. 1. 0. 1. 0. 0. 0. 1. 1. 0. 1. 0. 0. 0.
 0. 1. 1. 1. 1. 1. 1. 1. 1. 0. 0. 1. 1. 0. 1. 1. 0. 1. 0. 1. 1. 0. 0. 0.
 1. 0. 0. 0. 1. 1. 1. 0. 1. 1. 0. 1. 1. 0. 1. 0. 1. 1. 0. 0. 1. 1. 0. 1.
 1. 1. 0. 1. 1. 1. 0. 1. 1. 0. 1. 0. 0. 1. 1. 1. 0. 0. 1. 1. 0. 0. 1. 1.
 1. 1. 1. 0. 0. 1. 0. 0. 0. 0. 1. 1. 0. 0. 0. 0. 1. 1. 0. 1. 1. 1. 0. 0.
 1. 1. 0. 1. 0. 0. 0. 0. 1. 1. 1. 0. 0. 0. 1. 1. 1. 1. 1. 1. 0. 1. 0. 0.
 1. 1. 0. 0. 1. 1. 1. 1. 0. 1. 1. 0. 1. 0. 0. 1. 0. 1. 0. 1. 0. 0. 1. 1.
 1. 0. 1. 0.]","[0. 1. 0. 0. 0. 1. 1. 1. 0. 0. 0. 0. 0. 1. 0. 0. 1. 1. 0. 0. 0. 0. 0. 1.
 0. 0. 1. 0. 1. 0. 0. 1. 0. 1. 1. 0. 0. 0. 1. 0. 0. 0. 1. 1. 1. 0. 1. 0.
 1. 0. 1. 1. 0. 1. 1. 1. 1. 0. 1. 0. 0. 1. 1. 1. 0. 0. 0. 1. 1. 0. 1. 1.
 0. 0. 1. 0. 0. 1. 0. 1. 0. 1. 1. 1. 0. 1. 0. 1. 1. 1. 1. 1. 1. 1. 1. 0.
 0. 0. 1. 1. 1. 0. 0. 1. 1. 1. 0. 0. 0. 1. 1. 1. 0. 0. 0. 0. 1. 1. 1. 0.
 1. 0. 0. 1. 1. 0. 0. 0. 0. 1. 0. 0. 1. 1. 0. 1. 1. 1. 0. 1. 1. 0. 1. 0.
 1. 1. 0. 0. 0. 1. 1. 0. 1. 1. 0. 1. 0. 0. 0. 1. 1. 1. 0. 1. 0. 1. 1. 0.
 1. 0. 0. 1. 1. 0. 0. 1. 0. 1. 1. 0. 0. 1. 0. 0. 1. 1. 0. 1. 1. 0. 0. 0.
 0. 1. 1. 0. 0. 1. 0. 0. 1. 0. 1. 1. 1. 0. 0. 0. 1. 1. 0. 0. 0. 0. 1. 0.
 0. 1. 0. 1. 1. 1. 1. 0. 0. 0. 0. 1. 1. 1. 1. 0. 1. 1. 1. 1. 0. 1. 0. 0.
 1. 0. 0. 1. 1. 1. 1. 1. 0. 0. 1. 1. 1. 0. 0. 1. 0. 1. 0. 0. 1. 0. 1. 0.
 1. 0. 0. 0.]"
532,randomforest,"{'criterion': 'gini', 'max_features': 'sqrt', 'n_estimators': 319}",0.6066220886066466,0.18584092940494107,0.2048104904909056,0.35539638773772203,0.597342104952992,0.19269267204893814,0.5819964349376114,0.16417910447761197,0.582089552238806,0.5820895522388059,"{0: 0.5880764089997773, 1: 0.5880764089997773}","{0: 0.5880764089997773, 1: 0.5880764089997773}",0.5880764089997773,"[[76 58]
 [54 80]]","[1. 0. 0. 0. 0. 1. 0. 1. 1. 0. 0. 0. 1. 0. 0. 0. 1. 0. 0. 0. 0. 1. 0. 0.
 0. 0. 1. 1. 1. 1. 1. 0. 0. 0. 1. 0. 0. 0. 1. 0. 0. 0. 1. 0. 0. 0. 1. 0.
 0. 0. 1. 0. 1. 1. 1. 1. 1. 1. 0. 1. 0. 0. 1. 0. 0. 0. 1. 1. 1. 1. 0. 0.
 1. 1. 0. 1. 1. 0. 0. 0. 1. 1. 1. 0. 0. 1. 0. 1. 1. 1. 1. 1. 0. 1. 1. 1.
 0. 0. 1. 1. 0. 1. 1. 0. 0. 0. 0. 0. 0. 1. 0. 0. 0. 1. 1. 0. 1. 0. 0. 0.
 0. 1. 1. 1. 1. 1. 1. 1. 1. 0. 0. 1. 1. 0. 1. 1. 0. 1. 0. 1. 1. 0. 0. 0.
 1. 0. 0. 0. 1. 1. 1. 0. 1. 1. 0. 1. 1. 0. 1. 0. 1. 1. 0. 0. 1. 1. 0. 1.
 1. 1. 0. 1. 1. 0. 0. 1. 1. 0. 1. 0. 0. 1. 1. 1. 0. 0. 1. 1. 0. 0. 0. 1.
 0. 1. 1. 1. 1. 1. 0. 1. 0. 0. 1. 1. 0. 1. 0. 0. 1. 1. 0. 1. 1. 1. 0. 0.
 1. 1. 0. 1. 0. 0. 0. 0. 1. 1. 1. 0. 1. 0. 1. 1. 1. 1. 1. 1. 0. 1. 0. 0.
 1. 1. 0. 0. 1. 1. 1. 1. 0. 1. 1. 0. 1. 0. 0. 1. 0. 0. 0. 1. 0. 0. 1. 1.
 1. 0. 1. 0.]","[0. 1. 0. 0. 0. 1. 1. 1. 0. 0. 0. 0. 0. 1. 0. 0. 1. 1. 0. 0. 0. 0. 0. 1.
 0. 0. 1. 0. 1. 0. 0. 1. 0. 1. 1. 0. 0. 0. 1. 0. 0. 0. 1. 1. 1. 0. 1. 0.
 1. 0. 1. 1. 0. 1. 1. 1. 1. 0. 1. 0. 0. 1. 1. 1. 0. 0. 0. 1. 1. 0. 1. 1.
 0. 0. 1. 0. 0. 1. 0. 1. 0. 1. 1. 1. 0. 1. 0. 1. 1. 1. 1. 1. 1. 1. 1. 0.
 0. 0. 1. 1. 1. 0. 0. 1. 1. 1. 0. 0. 0. 1. 1. 1. 0. 0. 0. 0. 1. 1. 1. 0.
 1. 0. 0. 1. 1. 0. 0. 0. 0. 1. 0. 0. 1. 1. 0. 1. 1. 1. 0. 1. 1. 0. 1. 0.
 1. 1. 0. 0. 0. 1. 1. 0. 1. 1. 0. 1. 0. 0. 0. 1. 1. 1. 0. 1. 0. 1. 1. 0.
 1. 0. 0. 1. 1. 0. 0. 1. 0. 1. 1. 0. 0. 1. 0. 0. 1. 1. 0. 1. 1. 0. 0. 0.
 0. 1. 1. 0. 0. 1. 0. 0. 1. 0. 1. 1. 1. 0. 0. 0. 1. 1. 0. 0. 0. 0. 1. 0.
 0. 1. 0. 1. 1. 1. 1. 0. 0. 0. 0. 1. 1. 1. 1. 0. 1. 1. 1. 1. 0. 1. 0. 0.
 1. 0. 0. 1. 1. 1. 1. 1. 0. 0. 1. 1. 1. 0. 0. 1. 0. 1. 0. 0. 1. 0. 1. 0.
 1. 0. 0. 0.]"
571,randomforest,"{'criterion': 'gini', 'max_features': 'log2', 'n_estimators': 451}",0.6009534503103974,0.20074798295082763,0.20391161821632964,0.38278582054054133,0.5933095596906081,0.21028801461586852,0.5817168338907468,0.16417910447761197,0.582089552238806,0.582089552238806,"{0: 0.5878536422365783, 1: 0.5878536422365783}","{0: 0.5878536422365783, 1: 0.5878536422365783}",0.5878536422365783,"[[74 60]
 [52 82]]","[1. 0. 0. 0. 0. 1. 0. 1. 1. 0. 0. 0. 1. 0. 0. 0. 0. 0. 0. 0. 0. 1. 0. 0.
 0. 0. 1. 1. 1. 1. 1. 0. 0. 0. 1. 0. 1. 0. 1. 0. 1. 0. 1. 0. 0. 0. 1. 1.
 0. 0. 1. 0. 1. 1. 1. 1. 1. 1. 0. 1. 0. 0. 1. 1. 0. 0. 1. 1. 1. 1. 0. 0.
 1. 1. 0. 1. 1. 0. 0. 0. 1. 1. 1. 0. 0. 1. 0. 1. 1. 1. 1. 1. 0. 1. 1. 1.
 0. 0. 1. 1. 0. 1. 1. 1. 0. 0. 0. 0. 0. 1. 0. 0. 0. 1. 1. 0. 1. 0. 0. 0.
 0. 1. 1. 1. 1. 1. 1. 1. 0. 0. 0. 1. 1. 0. 1. 1. 0. 1. 0. 1. 1. 0. 1. 0.
 1. 0. 0. 0. 1. 1. 1. 0. 1. 1. 0. 1. 1. 0. 1. 0. 1. 1. 0. 0. 1. 1. 0. 1.
 1. 1. 1. 1. 1. 0. 0. 1. 1. 0. 1. 0. 0. 1. 1. 1. 0. 0. 1. 1. 0. 0. 1. 1.
 1. 1. 1. 0. 1. 1. 0. 0. 0. 0. 1. 1. 0. 0. 0. 0. 1. 1. 0. 1. 1. 1. 0. 0.
 1. 1. 0. 1. 0. 0. 0. 0. 1. 1. 1. 0. 1. 0. 1. 1. 1. 1. 1. 1. 0. 1. 0. 0.
 1. 1. 0. 0. 1. 1. 1. 1. 0. 1. 1. 0. 1. 0. 0. 1. 0. 0. 0. 1. 0. 0. 1. 1.
 1. 0. 1. 0.]","[0. 1. 0. 0. 0. 1. 1. 1. 0. 0. 0. 0. 0. 1. 0. 0. 1. 1. 0. 0. 0. 0. 0. 1.
 0. 0. 1. 0. 1. 0. 0. 1. 0. 1. 1. 0. 0. 0. 1. 0. 0. 0. 1. 1. 1. 0. 1. 0.
 1. 0. 1. 1. 0. 1. 1. 1. 1. 0. 1. 0. 0. 1. 1. 1. 0. 0. 0. 1. 1. 0. 1. 1.
 0. 0. 1. 0. 0. 1. 0. 1. 0. 1. 1. 1. 0. 1. 0. 1. 1. 1. 1. 1. 1. 1. 1. 0.
 0. 0. 1. 1. 1. 0. 0. 1. 1. 1. 0. 0. 0. 1. 1. 1. 0. 0. 0. 0. 1. 1. 1. 0.
 1. 0. 0. 1. 1. 0. 0. 0. 0. 1. 0. 0. 1. 1. 0. 1. 1. 1. 0. 1. 1. 0. 1. 0.
 1. 1. 0. 0. 0. 1. 1. 0. 1. 1. 0. 1. 0. 0. 0. 1. 1. 1. 0. 1. 0. 1. 1. 0.
 1. 0. 0. 1. 1. 0. 0. 1. 0. 1. 1. 0. 0. 1. 0. 0. 1. 1. 0. 1. 1. 0. 0. 0.
 0. 1. 1. 0. 0. 1. 0. 0. 1. 0. 1. 1. 1. 0. 0. 0. 1. 1. 0. 0. 0. 0. 1. 0.
 0. 1. 0. 1. 1. 1. 1. 0. 0. 0. 0. 1. 1. 1. 1. 0. 1. 1. 1. 1. 0. 1. 0. 0.
 1. 0. 0. 1. 1. 1. 1. 1. 0. 0. 1. 1. 1. 0. 0. 1. 0. 1. 0. 0. 1. 0. 1. 0.
 1. 0. 0. 0.]"
488,randomforest,"{'criterion': 'entropy', 'max_features': 'sqrt', 'n_estimators': 305}",0.60169131723923,0.19466938598861708,0.20361978876872786,0.3607324124686218,0.593691937542744,0.19981824542122137,0.5855381400208987,0.17164179104477617,0.585820895522388,0.585820895522388,"{0: 0.5979616841167298, 1: 0.5979616841167299}","{0: 0.5979616841167298, 1: 0.5979616841167299}",0.5979616841167299,"[[75 59]
 [52 82]]","[1. 0. 0. 0. 0. 1. 0. 1. 1. 0. 0. 0. 1. 0. 0. 0. 1. 0. 0. 0. 0. 1. 0. 0.
 0. 0. 1. 1. 1. 1. 1. 0. 0. 0. 1. 0. 0. 0. 1. 0. 1. 0. 1. 0. 0. 0. 1. 0.
 0. 0. 1. 0. 0. 1. 1. 1. 1. 1. 0. 1. 0. 0. 1. 0. 0. 0. 1. 1. 1. 1. 0. 0.
 0. 1. 0. 1. 1. 0. 1. 0. 1. 1. 1. 0. 0. 1. 0. 1. 1. 1. 1. 1. 0. 1. 1. 1.
 0. 0. 1. 1. 0. 1. 1. 0. 0. 0. 0. 1. 0. 1. 0. 0. 0. 1. 1. 0. 1. 0. 0. 0.
 0. 1. 1. 1. 1. 1. 1. 1. 1. 0. 0. 1. 1. 0. 1. 1. 0. 1. 0. 1. 1. 0. 1. 0.
 1. 0. 0. 0. 1. 1. 1. 0. 1. 1. 0. 1. 1. 0. 1. 0. 1. 1. 0. 0. 1. 1. 0. 1.
 1. 1. 0. 1. 1. 1. 0. 1. 1. 0. 1. 0. 0. 1. 1. 1. 0. 0. 1. 1. 0. 0. 1. 1.
 0. 1. 1. 0. 1. 1. 0. 1. 0. 0. 1. 1. 0. 0. 0. 0. 1. 1. 0. 1. 1. 1. 0. 0.
 1. 1. 0. 1. 0. 0. 0. 0. 1. 1. 1. 0. 1. 0. 1. 1. 1. 1. 1. 1. 0. 1. 0. 0.
 1. 1. 0. 0. 1. 1. 1. 1. 0. 1. 1. 0. 1. 0. 0. 1. 0. 1. 0. 1. 0. 0. 1. 1.
 1. 0. 1. 0.]","[0. 1. 0. 0. 0. 1. 1. 1. 0. 0. 0. 0. 0. 1. 0. 0. 1. 1. 0. 0. 0. 0. 0. 1.
 0. 0. 1. 0. 1. 0. 0. 1. 0. 1. 1. 0. 0. 0. 1. 0. 0. 0. 1. 1. 1. 0. 1. 0.
 1. 0. 1. 1. 0. 1. 1. 1. 1. 0. 1. 0. 0. 1. 1. 1. 0. 0. 0. 1. 1. 0. 1. 1.
 0. 0. 1. 0. 0. 1. 0. 1. 0. 1. 1. 1. 0. 1. 0. 1. 1. 1. 1. 1. 1. 1. 1. 0.
 0. 0. 1. 1. 1. 0. 0. 1. 1. 1. 0. 0. 0. 1. 1. 1. 0. 0. 0. 0. 1. 1. 1. 0.
 1. 0. 0. 1. 1. 0. 0. 0. 0. 1. 0. 0. 1. 1. 0. 1. 1. 1. 0. 1. 1. 0. 1. 0.
 1. 1. 0. 0. 0. 1. 1. 0. 1. 1. 0. 1. 0. 0. 0. 1. 1. 1. 0. 1. 0. 1. 1. 0.
 1. 0. 0. 1. 1. 0. 0. 1. 0. 1. 1. 0. 0. 1. 0. 0. 1. 1. 0. 1. 1. 0. 0. 0.
 0. 1. 1. 0. 0. 1. 0. 0. 1. 0. 1. 1. 1. 0. 0. 0. 1. 1. 0. 0. 0. 0. 1. 0.
 0. 1. 0. 1. 1. 1. 1. 0. 0. 0. 0. 1. 1. 1. 1. 0. 1. 1. 1. 1. 0. 1. 0. 0.
 1. 0. 0. 1. 1. 1. 1. 1. 0. 0. 1. 1. 1. 0. 0. 1. 0. 1. 0. 0. 1. 0. 1. 0.
 1. 0. 0. 0.]"
399,randomforest,"{'criterion': 'gini', 'max_features': 'log2', 'n_estimators': 43}",0.6147815065539212,0.16468096932634352,0.20333918470671888,0.29646077135242455,0.6054188680196745,0.16113734133212693,0.5819964349376114,0.16417910447761197,0.582089552238806,0.5820895522388059,"{0: 0.6130541323234574, 1: 0.6130541323234573}","{0: 0.6130541323234574, 1: 0.6130541323234573}",0.6130541323234573,"[[76 58]
 [54 80]]","[1. 0. 0. 0. 0. 1. 0. 1. 1. 0. 0. 0. 1. 0. 0. 0. 0. 0. 0. 0. 0. 1. 1. 0.
 0. 0. 1. 1. 1. 1. 1. 0. 0. 1. 0. 0. 0. 0. 1. 0. 0. 1. 1. 0. 0. 0. 1. 0.
 0. 0. 0. 0. 0. 1. 1. 1. 1. 1. 0. 1. 0. 0. 1. 0. 0. 0. 1. 1. 0. 1. 0. 0.
 1. 1. 0. 1. 1. 0. 0. 0. 1. 1. 1. 1. 0. 1. 0. 1. 1. 1. 0. 1. 0. 1. 1. 1.
 1. 0. 1. 1. 0. 1. 1. 1. 1. 0. 0. 1. 0. 1. 0. 0. 0. 1. 1. 0. 1. 0. 0. 1.
 0. 1. 1. 1. 1. 1. 1. 1. 1. 0. 0. 1. 1. 0. 1. 1. 0. 1. 0. 1. 1. 0. 1. 0.
 0. 0. 0. 0. 1. 1. 1. 0. 1. 0. 0. 1. 1. 0. 1. 0. 1. 1. 0. 0. 1. 1. 0. 1.
 1. 1. 0. 1. 1. 1. 0. 1. 1. 0. 1. 0. 0. 1. 1. 1. 0. 0. 1. 1. 1. 0. 0. 1.
 0. 1. 1. 1. 1. 1. 0. 0. 0. 0. 1. 1. 0. 0. 0. 0. 1. 1. 0. 1. 1. 0. 0. 0.
 0. 1. 0. 1. 0. 0. 0. 0. 1. 1. 1. 0. 1. 0. 1. 1. 1. 1. 1. 1. 0. 1. 0. 0.
 1. 1. 0. 0. 1. 1. 1. 1. 0. 1. 1. 0. 1. 0. 0. 1. 0. 1. 0. 1. 0. 0. 1. 0.
 1. 0. 1. 0.]","[0. 1. 0. 0. 0. 1. 1. 1. 0. 0. 0. 0. 0. 1. 0. 0. 1. 1. 0. 0. 0. 0. 0. 1.
 0. 0. 1. 0. 1. 0. 0. 1. 0. 1. 1. 0. 0. 0. 1. 0. 0. 0. 1. 1. 1. 0. 1. 0.
 1. 0. 1. 1. 0. 1. 1. 1. 1. 0. 1. 0. 0. 1. 1. 1. 0. 0. 0. 1. 1. 0. 1. 1.
 0. 0. 1. 0. 0. 1. 0. 1. 0. 1. 1. 1. 0. 1. 0. 1. 1. 1. 1. 1. 1. 1. 1. 0.
 0. 0. 1. 1. 1. 0. 0. 1. 1. 1. 0. 0. 0. 1. 1. 1. 0. 0. 0. 0. 1. 1. 1. 0.
 1. 0. 0. 1. 1. 0. 0. 0. 0. 1. 0. 0. 1. 1. 0. 1. 1. 1. 0. 1. 1. 0. 1. 0.
 1. 1. 0. 0. 0. 1. 1. 0. 1. 1. 0. 1. 0. 0. 0. 1. 1. 1. 0. 1. 0. 1. 1. 0.
 1. 0. 0. 1. 1. 0. 0. 1. 0. 1. 1. 0. 0. 1. 0. 0. 1. 1. 0. 1. 1. 0. 0. 0.
 0. 1. 1. 0. 0. 1. 0. 0. 1. 0. 1. 1. 1. 0. 0. 0. 1. 1. 0. 0. 0. 0. 1. 0.
 0. 1. 0. 1. 1. 1. 1. 0. 0. 0. 0. 1. 1. 1. 1. 0. 1. 1. 1. 1. 0. 1. 0. 0.
 1. 0. 0. 1. 1. 1. 1. 1. 0. 0. 1. 1. 1. 0. 0. 1. 0. 1. 0. 0. 1. 0. 1. 0.
 1. 0. 0. 0.]"
161,randomforest,"{'criterion': 'gini', 'max_features': None, 'n_estimators': 187}",0.6017350203199086,0.18990907723108927,0.20332138028089045,0.3576688731354719,0.5915957064142549,0.19803709478297557,0.5780703587600139,0.15671641791044777,0.5783582089552238,0.5783582089552239,"{0: 0.5963466250835378, 1: 0.5963466250835375}","{0: 0.5963466250835378, 1: 0.5963466250835375}",0.5963466250835375,"[[74 60]
 [53 81]]","[1. 0. 0. 0. 0. 1. 0. 1. 1. 0. 0. 0. 1. 0. 0. 0. 0. 0. 0. 0. 0. 1. 0. 0.
 0. 0. 1. 1. 1. 1. 1. 0. 0. 0. 1. 1. 0. 0. 1. 0. 1. 0. 1. 1. 0. 0. 1. 0.
 0. 0. 1. 0. 1. 1. 1. 1. 1. 1. 0. 1. 0. 0. 1. 0. 0. 0. 1. 1. 1. 1. 0. 0.
 1. 1. 0. 1. 1. 0. 0. 0. 1. 1. 1. 0. 0. 1. 1. 1. 1. 1. 1. 1. 0. 1. 1. 1.
 0. 0. 1. 1. 0. 1. 1. 1. 0. 0. 0. 1. 0. 1. 0. 0. 1. 1. 1. 0. 1. 0. 0. 0.
 1. 1. 1. 1. 1. 1. 1. 1. 1. 0. 0. 1. 1. 0. 1. 1. 0. 1. 0. 1. 0. 0. 0. 0.
 1. 0. 0. 0. 0. 1. 1. 0. 1. 1. 0. 1. 1. 0. 1. 0. 1. 1. 0. 0. 1. 1. 0. 1.
 1. 1. 0. 1. 1. 0. 0. 1. 1. 0. 1. 0. 0. 1. 1. 1. 0. 0. 1. 1. 0. 0. 1. 1.
 1. 1. 1. 1. 0. 1. 0. 0. 0. 0. 1. 1. 0. 0. 0. 0. 1. 1. 0. 1. 1. 1. 0. 0.
 1. 1. 0. 1. 0. 0. 0. 0. 0. 1. 1. 0. 0. 0. 1. 1. 1. 1. 1. 1. 0. 1. 0. 0.
 1. 1. 0. 0. 1. 1. 1. 1. 0. 1. 1. 0. 1. 0. 0. 1. 0. 1. 0. 1. 0. 0. 1. 1.
 1. 0. 1. 0.]","[0. 1. 0. 0. 0. 1. 1. 1. 0. 0. 0. 0. 0. 1. 0. 0. 1. 1. 0. 0. 0. 0. 0. 1.
 0. 0. 1. 0. 1. 0. 0. 1. 0. 1. 1. 0. 0. 0. 1. 0. 0. 0. 1. 1. 1. 0. 1. 0.
 1. 0. 1. 1. 0. 1. 1. 1. 1. 0. 1. 0. 0. 1. 1. 1. 0. 0. 0. 1. 1. 0. 1. 1.
 0. 0. 1. 0. 0. 1. 0. 1. 0. 1. 1. 1. 0. 1. 0. 1. 1. 1. 1. 1. 1. 1. 1. 0.
 0. 0. 1. 1. 1. 0. 0. 1. 1. 1. 0. 0. 0. 1. 1. 1. 0. 0. 0. 0. 1. 1. 1. 0.
 1. 0. 0. 1. 1. 0. 0. 0. 0. 1. 0. 0. 1. 1. 0. 1. 1. 1. 0. 1. 1. 0. 1. 0.
 1. 1. 0. 0. 0. 1. 1. 0. 1. 1. 0. 1. 0. 0. 0. 1. 1. 1. 0. 1. 0. 1. 1. 0.
 1. 0. 0. 1. 1. 0. 0. 1. 0. 1. 1. 0. 0. 1. 0. 0. 1. 1. 0. 1. 1. 0. 0. 0.
 0. 1. 1. 0. 0. 1. 0. 0. 1. 0. 1. 1. 1. 0. 0. 0. 1. 1. 0. 0. 0. 0. 1. 0.
 0. 1. 0. 1. 1. 1. 1. 0. 0. 0. 0. 1. 1. 1. 1. 0. 1. 1. 1. 1. 0. 1. 0. 0.
 1. 0. 0. 1. 1. 1. 1. 1. 0. 0. 1. 1. 1. 0. 0. 1. 0. 1. 0. 0. 1. 0. 1. 0.
 1. 0. 0. 0.]"
636,randomforest,"{'criterion': 'gini', 'max_features': 'sqrt', 'n_estimators': 507}",0.6008834154977155,0.20398756415827496,0.20288117398735603,0.36359180908483235,0.5957623730809214,0.2092533141612436,0.5778821627197077,0.15671641791044777,0.5783582089552238,0.5783582089552239,"{0: 0.590415460013366, 1: 0.590415460013366}","{0: 0.590415460013366, 1: 0.590415460013366}",0.590415460013366,"[[73 61]
 [52 82]]","[1. 0. 0. 0. 0. 1. 0. 1. 1. 0. 0. 0. 1. 0. 0. 0. 1. 0. 0. 0. 0. 1. 0. 0.
 0. 0. 1. 1. 1. 1. 1. 0. 0. 0. 1. 1. 0. 0. 1. 0. 0. 0. 1. 1. 0. 0. 1. 1.
 0. 0. 1. 0. 1. 1. 1. 1. 1. 1. 0. 1. 1. 0. 1. 1. 0. 0. 1. 1. 1. 1. 0. 0.
 1. 1. 0. 1. 1. 0. 0. 0. 1. 1. 1. 0. 0. 1. 0. 1. 1. 1. 1. 1. 0. 1. 1. 1.
 0. 0. 1. 1. 0. 1. 1. 0. 0. 0. 0. 1. 0. 1. 0. 0. 0. 1. 1. 0. 1. 0. 0. 0.
 0. 1. 1. 1. 1. 1. 1. 1. 1. 0. 0. 1. 1. 0. 1. 1. 0. 1. 0. 1. 1. 0. 1. 0.
 0. 0. 0. 0. 1. 1. 1. 0. 1. 0. 0. 1. 1. 0. 1. 0. 1. 1. 0. 0. 1. 1. 0. 1.
 1. 1. 0. 1. 1. 0. 0. 1. 1. 0. 1. 0. 0. 1. 1. 1. 0. 0. 1. 1. 0. 0. 1. 1.
 1. 1. 1. 0. 1. 1. 0. 0. 0. 0. 1. 1. 0. 0. 0. 0. 1. 1. 0. 1. 1. 1. 0. 0.
 1. 1. 0. 1. 0. 0. 0. 0. 1. 1. 1. 0. 1. 0. 1. 1. 1. 1. 1. 1. 0. 1. 0. 0.
 1. 1. 0. 0. 1. 1. 1. 1. 0. 1. 1. 0. 1. 0. 0. 1. 0. 1. 0. 1. 0. 0. 1. 1.
 1. 0. 1. 0.]","[0. 1. 0. 0. 0. 1. 1. 1. 0. 0. 0. 0. 0. 1. 0. 0. 1. 1. 0. 0. 0. 0. 0. 1.
 0. 0. 1. 0. 1. 0. 0. 1. 0. 1. 1. 0. 0. 0. 1. 0. 0. 0. 1. 1. 1. 0. 1. 0.
 1. 0. 1. 1. 0. 1. 1. 1. 1. 0. 1. 0. 0. 1. 1. 1. 0. 0. 0. 1. 1. 0. 1. 1.
 0. 0. 1. 0. 0. 1. 0. 1. 0. 1. 1. 1. 0. 1. 0. 1. 1. 1. 1. 1. 1. 1. 1. 0.
 0. 0. 1. 1. 1. 0. 0. 1. 1. 1. 0. 0. 0. 1. 1. 1. 0. 0. 0. 0. 1. 1. 1. 0.
 1. 0. 0. 1. 1. 0. 0. 0. 0. 1. 0. 0. 1. 1. 0. 1. 1. 1. 0. 1. 1. 0. 1. 0.
 1. 1. 0. 0. 0. 1. 1. 0. 1. 1. 0. 1. 0. 0. 0. 1. 1. 1. 0. 1. 0. 1. 1. 0.
 1. 0. 0. 1. 1. 0. 0. 1. 0. 1. 1. 0. 0. 1. 0. 0. 1. 1. 0. 1. 1. 0. 0. 0.
 0. 1. 1. 0. 0. 1. 0. 0. 1. 0. 1. 1. 1. 0. 0. 0. 1. 1. 0. 0. 0. 0. 1. 0.
 0. 1. 0. 1. 1. 1. 1. 0. 0. 0. 0. 1. 1. 1. 1. 0. 1. 1. 1. 1. 0. 1. 0. 0.
 1. 0. 0. 1. 1. 1. 1. 1. 0. 0. 1. 1. 1. 0. 0. 1. 0. 1. 0. 0. 1. 0. 1. 0.
 1. 0. 0. 0.]"
276,randomforest,"{'criterion': 'gini', 'max_features': None, 'n_estimators': 157}",0.6077699217203486,0.17921685803872275,0.2025556127798648,0.3470687284529264,0.5947693864528542,0.19080279392017355,0.5780703587600139,0.15671641791044777,0.5783582089552238,0.5783582089552239,"{0: 0.5928102027177545, 1: 0.5928102027177545}","{0: 0.5928102027177545, 1: 0.5928102027177545}",0.5928102027177545,"[[74 60]
 [53 81]]","[1. 0. 0. 0. 0. 1. 0. 1. 1. 0. 0. 0. 1. 0. 0. 0. 0. 0. 0. 0. 0. 1. 0. 0.
 0. 0. 1. 1. 1. 1. 1. 0. 0. 0. 1. 1. 1. 0. 1. 0. 0. 0. 1. 0. 0. 1. 1. 0.
 0. 0. 1. 0. 1. 1. 1. 1. 1. 1. 0. 1. 0. 0. 1. 0. 0. 0. 1. 1. 1. 1. 0. 0.
 1. 1. 0. 1. 1. 0. 0. 0. 1. 1. 1. 0. 0. 1. 1. 1. 1. 1. 1. 1. 0. 1. 1. 1.
 0. 0. 1. 1. 0. 1. 1. 1. 0. 0. 0. 0. 0. 1. 0. 0. 1. 1. 1. 0. 1. 0. 0. 0.
 1. 1. 1. 1. 1. 1. 1. 1. 1. 0. 0. 1. 1. 0. 1. 1. 0. 1. 0. 1. 1. 0. 0. 0.
 0. 0. 0. 0. 0. 1. 1. 0. 1. 1. 0. 1. 1. 0. 1. 0. 1. 1. 0. 0. 1. 1. 0. 1.
 1. 1. 0. 1. 1. 0. 0. 1. 1. 0. 1. 0. 0. 1. 1. 1. 0. 0. 1. 1. 1. 0. 0. 1.
 0. 1. 1. 1. 1. 1. 0. 1. 0. 0. 1. 1. 0. 0. 0. 0. 1. 1. 0. 1. 1. 1. 0. 0.
 1. 1. 0. 1. 0. 0. 0. 0. 1. 1. 1. 0. 0. 0. 1. 1. 1. 1. 1. 1. 0. 1. 0. 0.
 1. 1. 0. 0. 1. 1. 1. 1. 0. 0. 1. 0. 1. 0. 0. 1. 0. 1. 0. 1. 0. 0. 1. 1.
 1. 0. 1. 0.]","[0. 1. 0. 0. 0. 1. 1. 1. 0. 0. 0. 0. 0. 1. 0. 0. 1. 1. 0. 0. 0. 0. 0. 1.
 0. 0. 1. 0. 1. 0. 0. 1. 0. 1. 1. 0. 0. 0. 1. 0. 0. 0. 1. 1. 1. 0. 1. 0.
 1. 0. 1. 1. 0. 1. 1. 1. 1. 0. 1. 0. 0. 1. 1. 1. 0. 0. 0. 1. 1. 0. 1. 1.
 0. 0. 1. 0. 0. 1. 0. 1. 0. 1. 1. 1. 0. 1. 0. 1. 1. 1. 1. 1. 1. 1. 1. 0.
 0. 0. 1. 1. 1. 0. 0. 1. 1. 1. 0. 0. 0. 1. 1. 1. 0. 0. 0. 0. 1. 1. 1. 0.
 1. 0. 0. 1. 1. 0. 0. 0. 0. 1. 0. 0. 1. 1. 0. 1. 1. 1. 0. 1. 1. 0. 1. 0.
 1. 1. 0. 0. 0. 1. 1. 0. 1. 1. 0. 1. 0. 0. 0. 1. 1. 1. 0. 1. 0. 1. 1. 0.
 1. 0. 0. 1. 1. 0. 0. 1. 0. 1. 1. 0. 0. 1. 0. 0. 1. 1. 0. 1. 1. 0. 0. 0.
 0. 1. 1. 0. 0. 1. 0. 0. 1. 0. 1. 1. 1. 0. 0. 0. 1. 1. 0. 0. 0. 0. 1. 0.
 0. 1. 0. 1. 1. 1. 1. 0. 0. 0. 0. 1. 1. 1. 1. 0. 1. 1. 1. 1. 0. 1. 0. 0.
 1. 0. 0. 1. 1. 1. 1. 1. 0. 0. 1. 1. 1. 0. 0. 1. 0. 1. 0. 0. 1. 0. 1. 0.
 1. 0. 0. 0.]"
416,randomforest,"{'criterion': 'gini', 'max_features': 'log2', 'n_estimators': 163}",0.6023670405318361,0.17498728507440564,0.202459083063419,0.3132816847160684,0.5967553597089887,0.18256569783319795,0.5744135510113111,0.14925373134328357,0.5746268656716418,0.5746268656716418,"{0: 0.578970817554021, 1: 0.578970817554021}","{0: 0.578970817554021, 1: 0.578970817554021}",0.578970817554021,"[[74 60]
 [54 80]]","[1. 0. 0. 0. 0. 1. 0. 1. 1. 0. 0. 0. 1. 0. 0. 0. 1. 0. 0. 0. 0. 1. 0. 0.
 1. 0. 1. 1. 1. 1. 1. 0. 0. 0. 1. 0. 0. 0. 1. 0. 1. 0. 1. 0. 0. 0. 1. 1.
 0. 0. 1. 1. 1. 1. 1. 1. 1. 1. 0. 1. 1. 0. 1. 1. 0. 0. 1. 1. 1. 1. 0. 0.
 1. 1. 0. 1. 1. 0. 0. 0. 1. 1. 1. 0. 0. 1. 0. 1. 1. 1. 1. 1. 0. 1. 1. 1.
 0. 0. 1. 1. 0. 1. 1. 0. 0. 0. 0. 0. 0. 1. 0. 0. 0. 1. 1. 0. 1. 0. 0. 0.
 0. 1. 1. 1. 1. 1. 1. 1. 1. 0. 0. 1. 1. 0. 1. 1. 0. 1. 0. 1. 1. 0. 0. 0.
 0. 0. 0. 0. 1. 1. 1. 0. 1. 1. 0. 1. 1. 0. 1. 0. 1. 1. 0. 0. 1. 1. 0. 1.
 1. 1. 0. 1. 1. 0. 0. 1. 1. 0. 1. 0. 0. 0. 1. 1. 0. 0. 1. 0. 0. 0. 1. 1.
 1. 1. 1. 0. 0. 1. 0. 1. 0. 0. 1. 1. 0. 0. 0. 0. 1. 1. 0. 1. 1. 1. 0. 0.
 0. 1. 0. 1. 0. 0. 0. 0. 1. 1. 1. 0. 1. 0. 1. 1. 1. 1. 1. 1. 0. 1. 0. 0.
 1. 1. 0. 0. 1. 1. 1. 1. 0. 1. 1. 0. 1. 0. 0. 1. 0. 1. 0. 1. 0. 0. 1. 1.
 1. 0. 1. 0.]","[0. 1. 0. 0. 0. 1. 1. 1. 0. 0. 0. 0. 0. 1. 0. 0. 1. 1. 0. 0. 0. 0. 0. 1.
 0. 0. 1. 0. 1. 0. 0. 1. 0. 1. 1. 0. 0. 0. 1. 0. 0. 0. 1. 1. 1. 0. 1. 0.
 1. 0. 1. 1. 0. 1. 1. 1. 1. 0. 1. 0. 0. 1. 1. 1. 0. 0. 0. 1. 1. 0. 1. 1.
 0. 0. 1. 0. 0. 1. 0. 1. 0. 1. 1. 1. 0. 1. 0. 1. 1. 1. 1. 1. 1. 1. 1. 0.
 0. 0. 1. 1. 1. 0. 0. 1. 1. 1. 0. 0. 0. 1. 1. 1. 0. 0. 0. 0. 1. 1. 1. 0.
 1. 0. 0. 1. 1. 0. 0. 0. 0. 1. 0. 0. 1. 1. 0. 1. 1. 1. 0. 1. 1. 0. 1. 0.
 1. 1. 0. 0. 0. 1. 1. 0. 1. 1. 0. 1. 0. 0. 0. 1. 1. 1. 0. 1. 0. 1. 1. 0.
 1. 0. 0. 1. 1. 0. 0. 1. 0. 1. 1. 0. 0. 1. 0. 0. 1. 1. 0. 1. 1. 0. 0. 0.
 0. 1. 1. 0. 0. 1. 0. 0. 1. 0. 1. 1. 1. 0. 0. 0. 1. 1. 0. 0. 0. 0. 1. 0.
 0. 1. 0. 1. 1. 1. 1. 0. 0. 0. 0. 1. 1. 1. 1. 0. 1. 1. 1. 1. 0. 1. 0. 0.
 1. 0. 0. 1. 1. 1. 1. 1. 0. 0. 1. 1. 1. 0. 0. 1. 0. 1. 0. 0. 1. 0. 1. 0.
 1. 0. 0. 0.]"
307,randomforest,"{'criterion': 'gini', 'max_features': None, 'n_estimators': 421}",0.6027032221327762,0.188484590937169,0.20201971614528005,0.35984786070208846,0.5929215814800491,0.1971228159978027,0.57821139570189,0.15671641791044777,0.5783582089552238,0.5783582089552238,"{0: 0.5812263310314102, 1: 0.5812263310314101}","{0: 0.5812263310314102, 1: 0.5812263310314101}",0.5812263310314101,"[[75 59]
 [54 80]]","[1. 0. 0. 0. 0. 1. 0. 1. 1. 0. 0. 0. 1. 0. 0. 0. 0. 0. 0. 0. 0. 1. 0. 0.
 0. 0. 1. 1. 1. 1. 1. 0. 0. 0. 1. 1. 0. 0. 1. 0. 0. 0. 1. 1. 0. 1. 1. 0.
 0. 0. 1. 0. 1. 1. 1. 1. 1. 1. 0. 1. 0. 0. 1. 0. 0. 0. 1. 1. 1. 1. 0. 0.
 1. 1. 0. 1. 1. 0. 0. 0. 1. 1. 1. 0. 0. 1. 1. 1. 1. 1. 1. 1. 0. 1. 1. 1.
 0. 0. 1. 1. 0. 1. 0. 1. 0. 0. 0. 0. 0. 1. 0. 0. 0. 1. 1. 0. 1. 0. 0. 0.
 1. 1. 1. 1. 1. 1. 1. 1. 1. 0. 0. 1. 1. 0. 1. 1. 0. 1. 0. 1. 1. 0. 0. 0.
 0. 0. 0. 0. 0. 1. 1. 0. 1. 1. 0. 1. 1. 0. 1. 0. 1. 1. 0. 0. 1. 1. 0. 1.
 1. 1. 0. 1. 1. 0. 0. 1. 1. 0. 1. 0. 0. 1. 1. 1. 0. 0. 1. 1. 0. 0. 1. 1.
 0. 1. 0. 1. 0. 1. 0. 1. 0. 0. 1. 1. 0. 1. 0. 0. 1. 1. 0. 1. 1. 1. 0. 0.
 1. 1. 0. 1. 0. 0. 0. 0. 1. 1. 1. 0. 0. 0. 1. 1. 1. 1. 1. 1. 0. 1. 0. 0.
 1. 1. 0. 0. 1. 1. 1. 1. 0. 1. 1. 0. 1. 0. 0. 1. 0. 1. 0. 1. 0. 0. 1. 1.
 1. 0. 1. 0.]","[0. 1. 0. 0. 0. 1. 1. 1. 0. 0. 0. 0. 0. 1. 0. 0. 1. 1. 0. 0. 0. 0. 0. 1.
 0. 0. 1. 0. 1. 0. 0. 1. 0. 1. 1. 0. 0. 0. 1. 0. 0. 0. 1. 1. 1. 0. 1. 0.
 1. 0. 1. 1. 0. 1. 1. 1. 1. 0. 1. 0. 0. 1. 1. 1. 0. 0. 0. 1. 1. 0. 1. 1.
 0. 0. 1. 0. 0. 1. 0. 1. 0. 1. 1. 1. 0. 1. 0. 1. 1. 1. 1. 1. 1. 1. 1. 0.
 0. 0. 1. 1. 1. 0. 0. 1. 1. 1. 0. 0. 0. 1. 1. 1. 0. 0. 0. 0. 1. 1. 1. 0.
 1. 0. 0. 1. 1. 0. 0. 0. 0. 1. 0. 0. 1. 1. 0. 1. 1. 1. 0. 1. 1. 0. 1. 0.
 1. 1. 0. 0. 0. 1. 1. 0. 1. 1. 0. 1. 0. 0. 0. 1. 1. 1. 0. 1. 0. 1. 1. 0.
 1. 0. 0. 1. 1. 0. 0. 1. 0. 1. 1. 0. 0. 1. 0. 0. 1. 1. 0. 1. 1. 0. 0. 0.
 0. 1. 1. 0. 0. 1. 0. 0. 1. 0. 1. 1. 1. 0. 0. 0. 1. 1. 0. 0. 0. 0. 1. 0.
 0. 1. 0. 1. 1. 1. 1. 0. 0. 0. 0. 1. 1. 1. 1. 0. 1. 1. 1. 1. 0. 1. 0. 0.
 1. 0. 0. 1. 1. 1. 1. 1. 0. 0. 1. 1. 1. 0. 0. 1. 0. 1. 0. 0. 1. 0. 1. 0.
 1. 0. 0. 0.]"
687,randomforest,"{'criterion': 'gini', 'max_features': None, 'n_estimators': 505}",0.5984658010571198,0.19027313859432785,0.201885148401461,0.36359404350830576,0.5886929975639653,0.19855768311583388,0.5746031746031746,0.14925373134328357,0.5746268656716418,0.5746268656716418,"{0: 0.5912786812207619, 1: 0.5912786812207619}","{0: 0.5912786812207619, 1: 0.5912786812207619}",0.5912786812207619,"[[76 58]
 [56 78]]","[1. 0. 0. 0. 0. 1. 0. 1. 1. 0. 0. 0. 1. 0. 0. 0. 0. 0. 0. 0. 0. 1. 0. 0.
 0. 0. 1. 1. 1. 1. 1. 0. 0. 0. 1. 1. 0. 0. 1. 0. 0. 0. 1. 1. 0. 1. 1. 0.
 0. 0. 1. 0. 1. 1. 1. 1. 1. 1. 0. 1. 0. 0. 1. 0. 0. 0. 1. 1. 1. 1. 0. 0.
 1. 1. 0. 1. 1. 0. 0. 0. 1. 1. 1. 0. 0. 1. 0. 1. 1. 1. 1. 1. 0. 1. 1. 1.
 0. 0. 1. 1. 0. 1. 1. 1. 0. 0. 0. 1. 0. 1. 0. 0. 0. 1. 1. 0. 1. 0. 0. 0.
 1. 1. 1. 1. 1. 1. 1. 1. 1. 0. 0. 1. 0. 0. 1. 1. 0. 1. 0. 1. 0. 0. 1. 0.
 0. 0. 0. 0. 0. 1. 1. 0. 1. 1. 0. 1. 1. 0. 1. 0. 1. 1. 0. 0. 1. 1. 0. 1.
 1. 1. 0. 1. 1. 0. 0. 1. 1. 0. 1. 0. 0. 0. 1. 1. 0. 0. 1. 1. 0. 0. 1. 1.
 0. 1. 0. 1. 0. 1. 0. 0. 0. 0. 1. 1. 0. 0. 0. 0. 1. 1. 0. 1. 1. 1. 0. 0.
 1. 1. 0. 1. 0. 0. 0. 0. 1. 1. 1. 0. 0. 0. 1. 1. 1. 1. 1. 1. 0. 1. 0. 0.
 1. 1. 0. 0. 1. 1. 1. 1. 0. 1. 1. 0. 1. 0. 0. 1. 0. 1. 0. 1. 0. 0. 1. 1.
 1. 0. 1. 0.]","[0. 1. 0. 0. 0. 1. 1. 1. 0. 0. 0. 0. 0. 1. 0. 0. 1. 1. 0. 0. 0. 0. 0. 1.
 0. 0. 1. 0. 1. 0. 0. 1. 0. 1. 1. 0. 0. 0. 1. 0. 0. 0. 1. 1. 1. 0. 1. 0.
 1. 0. 1. 1. 0. 1. 1. 1. 1. 0. 1. 0. 0. 1. 1. 1. 0. 0. 0. 1. 1. 0. 1. 1.
 0. 0. 1. 0. 0. 1. 0. 1. 0. 1. 1. 1. 0. 1. 0. 1. 1. 1. 1. 1. 1. 1. 1. 0.
 0. 0. 1. 1. 1. 0. 0. 1. 1. 1. 0. 0. 0. 1. 1. 1. 0. 0. 0. 0. 1. 1. 1. 0.
 1. 0. 0. 1. 1. 0. 0. 0. 0. 1. 0. 0. 1. 1. 0. 1. 1. 1. 0. 1. 1. 0. 1. 0.
 1. 1. 0. 0. 0. 1. 1. 0. 1. 1. 0. 1. 0. 0. 0. 1. 1. 1. 0. 1. 0. 1. 1. 0.
 1. 0. 0. 1. 1. 0. 0. 1. 0. 1. 1. 0. 0. 1. 0. 0. 1. 1. 0. 1. 1. 0. 0. 0.
 0. 1. 1. 0. 0. 1. 0. 0. 1. 0. 1. 1. 1. 0. 0. 0. 1. 1. 0. 0. 0. 0. 1. 0.
 0. 1. 0. 1. 1. 1. 1. 0. 0. 0. 0. 1. 1. 1. 1. 0. 1. 1. 1. 1. 0. 1. 0. 0.
 1. 0. 0. 1. 1. 1. 1. 1. 0. 0. 1. 1. 1. 0. 0. 1. 0. 1. 0. 0. 1. 0. 1. 0.
 1. 0. 0. 0.]"
5,randomforest,"{'criterion': 'entropy', 'max_features': 'sqrt', 'n_estimators': 549}",0.5981259217781462,0.1915037770751255,0.20186369887100142,0.34578796190087013,0.5900503207962885,0.19568566573654617,0.5744135510113111,0.14925373134328357,0.5746268656716418,0.5746268656716418,"{0: 0.5914457562931611, 1: 0.5914457562931611}","{0: 0.5914457562931611, 1: 0.5914457562931611}",0.5914457562931611,"[[74 60]
 [54 80]]","[1. 0. 0. 0. 0. 1. 0. 1. 1. 0. 0. 0. 1. 0. 0. 0. 1. 0. 0. 0. 0. 1. 0. 0.
 0. 0. 1. 1. 1. 1. 1. 0. 0. 0. 1. 0. 0. 0. 1. 0. 0. 0. 1. 1. 0. 0. 1. 0.
 0. 0. 1. 0. 1. 1. 1. 1. 1. 1. 0. 1. 0. 1. 1. 0. 0. 0. 1. 1. 1. 1. 0. 0.
 1. 1. 0. 1. 1. 0. 0. 0. 1. 1. 1. 0. 0. 1. 0. 1. 1. 1. 1. 1. 0. 1. 1. 1.
 0. 0. 1. 1. 0. 1. 1. 1. 0. 0. 0. 1. 0. 1. 0. 0. 0. 1. 1. 0. 1. 0. 0. 0.
 0. 1. 1. 1. 1. 1. 1. 1. 1. 0. 0. 1. 1. 0. 1. 1. 0. 1. 0. 1. 1. 0. 0. 0.
 1. 0. 0. 0. 1. 1. 1. 0. 1. 1. 0. 1. 1. 0. 1. 0. 1. 1. 0. 0. 1. 1. 0. 1.
 1. 1. 0. 1. 1. 0. 0. 1. 1. 0. 1. 0. 0. 0. 1. 1. 0. 0. 1. 1. 0. 0. 1. 1.
 1. 1. 1. 1. 1. 1. 0. 1. 0. 0. 1. 1. 0. 0. 0. 0. 1. 1. 0. 1. 1. 1. 0. 0.
 1. 1. 0. 1. 0. 0. 0. 0. 1. 1. 1. 0. 0. 0. 0. 1. 1. 1. 1. 1. 0. 1. 0. 0.
 1. 1. 0. 0. 1. 1. 0. 1. 0. 1. 1. 0. 1. 0. 0. 1. 0. 1. 0. 1. 0. 0. 1. 1.
 1. 0. 1. 0.]","[0. 1. 0. 0. 0. 1. 1. 1. 0. 0. 0. 0. 0. 1. 0. 0. 1. 1. 0. 0. 0. 0. 0. 1.
 0. 0. 1. 0. 1. 0. 0. 1. 0. 1. 1. 0. 0. 0. 1. 0. 0. 0. 1. 1. 1. 0. 1. 0.
 1. 0. 1. 1. 0. 1. 1. 1. 1. 0. 1. 0. 0. 1. 1. 1. 0. 0. 0. 1. 1. 0. 1. 1.
 0. 0. 1. 0. 0. 1. 0. 1. 0. 1. 1. 1. 0. 1. 0. 1. 1. 1. 1. 1. 1. 1. 1. 0.
 0. 0. 1. 1. 1. 0. 0. 1. 1. 1. 0. 0. 0. 1. 1. 1. 0. 0. 0. 0. 1. 1. 1. 0.
 1. 0. 0. 1. 1. 0. 0. 0. 0. 1. 0. 0. 1. 1. 0. 1. 1. 1. 0. 1. 1. 0. 1. 0.
 1. 1. 0. 0. 0. 1. 1. 0. 1. 1. 0. 1. 0. 0. 0. 1. 1. 1. 0. 1. 0. 1. 1. 0.
 1. 0. 0. 1. 1. 0. 0. 1. 0. 1. 1. 0. 0. 1. 0. 0. 1. 1. 0. 1. 1. 0. 0. 0.
 0. 1. 1. 0. 0. 1. 0. 0. 1. 0. 1. 1. 1. 0. 0. 0. 1. 1. 0. 0. 0. 0. 1. 0.
 0. 1. 0. 1. 1. 1. 1. 0. 0. 0. 0. 1. 1. 1. 1. 0. 1. 1. 1. 1. 0. 1. 0. 0.
 1. 0. 0. 1. 1. 1. 1. 1. 0. 0. 1. 1. 1. 0. 0. 1. 0. 1. 0. 0. 1. 0. 1. 0.
 1. 0. 0. 0.]"
959,randomforest,"{'criterion': 'gini', 'max_features': 'sqrt', 'n_estimators': 291}",0.6043749090432905,0.19925464689992922,0.20176946941518434,0.3569462877588564,0.5981874979858851,0.20403889739702097,0.5855381400208987,0.17164179104477617,0.585820895522388,0.585820895522388,"{0: 0.5874081087101806, 1: 0.5874081087101805}","{0: 0.5874081087101806, 1: 0.5874081087101805}",0.5874081087101805,"[[75 59]
 [52 82]]","[1. 0. 0. 0. 0. 1. 0. 1. 1. 0. 0. 0. 1. 0. 0. 0. 1. 0. 0. 0. 0. 1. 0. 0.
 0. 0. 1. 1. 1. 1. 1. 0. 0. 0. 1. 0. 1. 0. 1. 0. 0. 0. 1. 1. 0. 0. 1. 0.
 0. 0. 1. 0. 0. 1. 1. 1. 1. 1. 0. 1. 0. 0. 1. 1. 0. 0. 1. 1. 1. 1. 0. 0.
 0. 1. 0. 1. 1. 0. 0. 0. 1. 1. 1. 0. 0. 1. 0. 1. 1. 1. 1. 1. 0. 1. 1. 1.
 0. 0. 1. 1. 0. 1. 0. 0. 0. 0. 0. 1. 0. 1. 0. 0. 0. 1. 1. 1. 1. 0. 0. 0.
 0. 1. 1. 1. 1. 1. 1. 1. 1. 0. 0. 1. 1. 0. 1. 1. 0. 1. 0. 1. 0. 0. 1. 0.
 0. 0. 0. 0. 1. 1. 1. 0. 1. 1. 0. 1. 1. 0. 1. 0. 1. 1. 0. 0. 1. 1. 0. 1.
 1. 1. 0. 1. 1. 1. 0. 1. 1. 0. 1. 0. 0. 1. 1. 1. 0. 0. 1. 1. 0. 0. 1. 1.
 1. 1. 1. 0. 1. 1. 0. 1. 0. 0. 1. 1. 0. 0. 0. 0. 1. 1. 0. 1. 1. 1. 0. 0.
 1. 1. 0. 1. 0. 0. 0. 0. 1. 1. 1. 0. 1. 0. 1. 1. 1. 1. 1. 1. 0. 1. 0. 0.
 1. 1. 0. 0. 1. 1. 1. 1. 0. 1. 1. 0. 1. 0. 0. 1. 0. 1. 0. 1. 0. 0. 1. 1.
 1. 0. 1. 0.]","[0. 1. 0. 0. 0. 1. 1. 1. 0. 0. 0. 0. 0. 1. 0. 0. 1. 1. 0. 0. 0. 0. 0. 1.
 0. 0. 1. 0. 1. 0. 0. 1. 0. 1. 1. 0. 0. 0. 1. 0. 0. 0. 1. 1. 1. 0. 1. 0.
 1. 0. 1. 1. 0. 1. 1. 1. 1. 0. 1. 0. 0. 1. 1. 1. 0. 0. 0. 1. 1. 0. 1. 1.
 0. 0. 1. 0. 0. 1. 0. 1. 0. 1. 1. 1. 0. 1. 0. 1. 1. 1. 1. 1. 1. 1. 1. 0.
 0. 0. 1. 1. 1. 0. 0. 1. 1. 1. 0. 0. 0. 1. 1. 1. 0. 0. 0. 0. 1. 1. 1. 0.
 1. 0. 0. 1. 1. 0. 0. 0. 0. 1. 0. 0. 1. 1. 0. 1. 1. 1. 0. 1. 1. 0. 1. 0.
 1. 1. 0. 0. 0. 1. 1. 0. 1. 1. 0. 1. 0. 0. 0. 1. 1. 1. 0. 1. 0. 1. 1. 0.
 1. 0. 0. 1. 1. 0. 0. 1. 0. 1. 1. 0. 0. 1. 0. 0. 1. 1. 0. 1. 1. 0. 0. 0.
 0. 1. 1. 0. 0. 1. 0. 0. 1. 0. 1. 1. 1. 0. 0. 0. 1. 1. 0. 0. 0. 0. 1. 0.
 0. 1. 0. 1. 1. 1. 1. 0. 0. 0. 0. 1. 1. 1. 1. 0. 1. 1. 1. 1. 0. 1. 0. 0.
 1. 0. 0. 1. 1. 1. 1. 1. 0. 0. 1. 1. 1. 0. 0. 1. 0. 1. 0. 0. 1. 0. 1. 0.
 1. 0. 0. 0.]"
58,randomforest,"{'criterion': 'gini', 'max_features': 'log2', 'n_estimators': 75}",0.6068448655573647,0.18613242742274308,0.20099689773161136,0.3416967206779291,0.6004923690407562,0.185491275292257,0.5746031746031746,0.14925373134328357,0.5746268656716418,0.5746268656716418,"{0: 0.6004678102027178, 1: 0.6004678102027177}","{0: 0.6004678102027178, 1: 0.6004678102027177}",0.6004678102027177,"[[76 58]
 [56 78]]","[1. 0. 0. 0. 0. 1. 0. 1. 1. 0. 0. 0. 1. 0. 0. 0. 0. 0. 0. 1. 0. 1. 0. 0.
 1. 0. 1. 1. 1. 1. 1. 0. 0. 0. 1. 0. 1. 0. 1. 0. 0. 0. 1. 0. 0. 0. 1. 0.
 0. 0. 1. 0. 1. 1. 1. 1. 1. 1. 0. 1. 0. 1. 1. 0. 0. 0. 1. 1. 1. 1. 0. 0.
 0. 1. 0. 1. 1. 0. 0. 0. 1. 1. 1. 0. 0. 1. 0. 1. 1. 1. 1. 1. 1. 1. 1. 1.
 0. 0. 1. 1. 1. 1. 0. 0. 1. 0. 0. 0. 0. 1. 0. 1. 0. 1. 1. 1. 1. 0. 0. 0.
 0. 1. 1. 1. 1. 1. 1. 1. 1. 0. 0. 0. 1. 0. 1. 1. 0. 1. 0. 1. 0. 0. 1. 0.
 0. 0. 0. 0. 1. 1. 1. 0. 1. 1. 0. 1. 1. 0. 1. 0. 1. 1. 0. 0. 1. 0. 0. 1.
 1. 1. 0. 1. 1. 0. 0. 1. 1. 0. 1. 1. 0. 0. 1. 1. 0. 0. 1. 1. 0. 0. 0. 1.
 0. 1. 1. 1. 0. 1. 0. 1. 0. 0. 1. 1. 0. 0. 0. 0. 1. 1. 0. 1. 1. 0. 0. 0.
 1. 0. 1. 0. 0. 0. 0. 0. 1. 1. 1. 0. 1. 0. 0. 1. 1. 1. 1. 1. 0. 1. 0. 0.
 1. 1. 0. 0. 1. 1. 1. 1. 0. 0. 1. 0. 1. 0. 1. 1. 0. 0. 0. 1. 0. 0. 1. 1.
 1. 0. 1. 0.]","[0. 1. 0. 0. 0. 1. 1. 1. 0. 0. 0. 0. 0. 1. 0. 0. 1. 1. 0. 0. 0. 0. 0. 1.
 0. 0. 1. 0. 1. 0. 0. 1. 0. 1. 1. 0. 0. 0. 1. 0. 0. 0. 1. 1. 1. 0. 1. 0.
 1. 0. 1. 1. 0. 1. 1. 1. 1. 0. 1. 0. 0. 1. 1. 1. 0. 0. 0. 1. 1. 0. 1. 1.
 0. 0. 1. 0. 0. 1. 0. 1. 0. 1. 1. 1. 0. 1. 0. 1. 1. 1. 1. 1. 1. 1. 1. 0.
 0. 0. 1. 1. 1. 0. 0. 1. 1. 1. 0. 0. 0. 1. 1. 1. 0. 0. 0. 0. 1. 1. 1. 0.
 1. 0. 0. 1. 1. 0. 0. 0. 0. 1. 0. 0. 1. 1. 0. 1. 1. 1. 0. 1. 1. 0. 1. 0.
 1. 1. 0. 0. 0. 1. 1. 0. 1. 1. 0. 1. 0. 0. 0. 1. 1. 1. 0. 1. 0. 1. 1. 0.
 1. 0. 0. 1. 1. 0. 0. 1. 0. 1. 1. 0. 0. 1. 0. 0. 1. 1. 0. 1. 1. 0. 0. 0.
 0. 1. 1. 0. 0. 1. 0. 0. 1. 0. 1. 1. 1. 0. 0. 0. 1. 1. 0. 0. 0. 0. 1. 0.
 0. 1. 0. 1. 1. 1. 1. 0. 0. 0. 0. 1. 1. 1. 1. 0. 1. 1. 1. 1. 0. 1. 0. 0.
 1. 0. 0. 1. 1. 1. 1. 1. 0. 0. 1. 1. 1. 0. 0. 1. 0. 1. 0. 0. 1. 0. 1. 0.
 1. 0. 0. 0.]"
830,randomforest,"{'criterion': 'gini', 'max_features': 'sqrt', 'n_estimators': 59}",0.6020625158881536,0.17750165178796046,0.20071370377369235,0.321742643709659,0.5918703701465798,0.1862548864972221,0.5783523383874246,0.15671641791044777,0.5783582089552238,0.5783582089552239,"{0: 0.5814769436400089, 1: 0.5814769436400089}","{0: 0.5814769436400089, 1: 0.5814769436400089}",0.5814769436400089,"[[77 57]
 [56 78]]","[1. 0. 0. 0. 0. 1. 0. 1. 1. 0. 1. 0. 1. 0. 0. 0. 1. 0. 0. 0. 0. 1. 0. 0.
 1. 1. 1. 1. 1. 0. 1. 0. 0. 0. 1. 0. 0. 0. 1. 0. 1. 0. 1. 0. 0. 0. 1. 0.
 0. 0. 1. 0. 1. 1. 1. 1. 1. 1. 0. 1. 1. 0. 1. 0. 0. 0. 1. 1. 1. 1. 0. 0.
 1. 1. 0. 1. 1. 0. 0. 0. 0. 1. 1. 0. 0. 1. 0. 1. 1. 1. 1. 1. 0. 1. 1. 1.
 0. 0. 1. 1. 0. 1. 1. 0. 0. 0. 0. 0. 0. 1. 0. 0. 1. 1. 1. 0. 1. 0. 0. 0.
 0. 1. 0. 1. 1. 1. 1. 1. 1. 0. 0. 1. 1. 0. 1. 1. 0. 0. 0. 1. 0. 0. 1. 0.
 1. 1. 0. 0. 0. 1. 1. 0. 1. 0. 0. 1. 1. 0. 1. 0. 1. 1. 0. 0. 1. 0. 0. 1.
 1. 1. 0. 1. 1. 0. 0. 1. 1. 0. 1. 0. 0. 1. 1. 1. 0. 0. 0. 1. 1. 0. 0. 1.
 1. 1. 0. 0. 1. 1. 0. 0. 0. 0. 1. 1. 0. 0. 0. 1. 1. 1. 0. 1. 1. 0. 0. 0.
 1. 0. 0. 1. 0. 0. 0. 0. 1. 1. 1. 0. 1. 0. 1. 1. 1. 1. 1. 1. 0. 1. 0. 0.
 1. 1. 0. 0. 1. 1. 1. 1. 0. 0. 1. 0. 1. 0. 1. 1. 0. 1. 0. 1. 0. 0. 1. 1.
 1. 0. 1. 0.]","[0. 1. 0. 0. 0. 1. 1. 1. 0. 0. 0. 0. 0. 1. 0. 0. 1. 1. 0. 0. 0. 0. 0. 1.
 0. 0. 1. 0. 1. 0. 0. 1. 0. 1. 1. 0. 0. 0. 1. 0. 0. 0. 1. 1. 1. 0. 1. 0.
 1. 0. 1. 1. 0. 1. 1. 1. 1. 0. 1. 0. 0. 1. 1. 1. 0. 0. 0. 1. 1. 0. 1. 1.
 0. 0. 1. 0. 0. 1. 0. 1. 0. 1. 1. 1. 0. 1. 0. 1. 1. 1. 1. 1. 1. 1. 1. 0.
 0. 0. 1. 1. 1. 0. 0. 1. 1. 1. 0. 0. 0. 1. 1. 1. 0. 0. 0. 0. 1. 1. 1. 0.
 1. 0. 0. 1. 1. 0. 0. 0. 0. 1. 0. 0. 1. 1. 0. 1. 1. 1. 0. 1. 1. 0. 1. 0.
 1. 1. 0. 0. 0. 1. 1. 0. 1. 1. 0. 1. 0. 0. 0. 1. 1. 1. 0. 1. 0. 1. 1. 0.
 1. 0. 0. 1. 1. 0. 0. 1. 0. 1. 1. 0. 0. 1. 0. 0. 1. 1. 0. 1. 1. 0. 0. 0.
 0. 1. 1. 0. 0. 1. 0. 0. 1. 0. 1. 1. 1. 0. 0. 0. 1. 1. 0. 0. 0. 0. 1. 0.
 0. 1. 0. 1. 1. 1. 1. 0. 0. 0. 0. 1. 1. 1. 1. 0. 1. 1. 1. 1. 0. 1. 0. 0.
 1. 0. 0. 1. 1. 1. 1. 1. 0. 0. 1. 1. 1. 0. 0. 1. 0. 1. 0. 0. 1. 0. 1. 0.
 1. 0. 0. 0.]"
934,randomforest,"{'criterion': 'gini', 'max_features': 'log2', 'n_estimators': 511}",0.5955673244809867,0.22084145744603037,0.20049551806738017,0.410761250726131,0.5881405985740663,0.2268116063925878,0.5707461106700651,0.14179104477611937,0.5708955223880597,0.5708955223880597,"{0: 0.5825072399198039, 1: 0.5825072399198039}","{0: 0.5825072399198039, 1: 0.5825072399198039}",0.5825072399198039,"[[74 60]
 [55 79]]","[1. 0. 0. 0. 0. 1. 0. 1. 1. 0. 0. 0. 1. 0. 0. 0. 0. 0. 0. 0. 0. 1. 0. 0.
 0. 0. 1. 1. 1. 1. 1. 0. 0. 0. 1. 0. 1. 0. 1. 0. 0. 0. 1. 1. 0. 0. 1. 0.
 0. 0. 1. 0. 1. 1. 1. 1. 1. 1. 0. 1. 0. 0. 1. 1. 0. 0. 1. 1. 1. 1. 0. 0.
 1. 1. 0. 1. 1. 0. 0. 0. 1. 1. 1. 0. 0. 1. 1. 1. 1. 1. 1. 1. 0. 1. 1. 1.
 0. 0. 1. 1. 0. 1. 0. 0. 0. 0. 0. 1. 0. 1. 0. 0. 0. 1. 1. 0. 1. 0. 0. 0.
 0. 1. 1. 1. 1. 1. 1. 1. 1. 0. 0. 1. 1. 0. 1. 1. 0. 1. 0. 1. 1. 0. 1. 0.
 0. 0. 0. 0. 1. 1. 1. 0. 1. 0. 0. 1. 1. 0. 1. 0. 1. 1. 0. 0. 1. 1. 0. 1.
 1. 1. 0. 1. 1. 0. 0. 1. 1. 0. 1. 0. 0. 0. 1. 1. 0. 0. 1. 1. 0. 0. 1. 1.
 1. 1. 1. 1. 1. 1. 0. 0. 0. 0. 1. 1. 0. 0. 0. 0. 1. 1. 0. 1. 1. 1. 0. 0.
 1. 1. 0. 1. 0. 0. 0. 0. 1. 1. 1. 0. 0. 0. 1. 1. 1. 1. 1. 1. 0. 1. 0. 0.
 1. 1. 0. 0. 1. 1. 1. 1. 0. 1. 1. 0. 1. 0. 0. 1. 0. 1. 0. 1. 0. 0. 1. 1.
 1. 0. 1. 0.]","[0. 1. 0. 0. 0. 1. 1. 1. 0. 0. 0. 0. 0. 1. 0. 0. 1. 1. 0. 0. 0. 0. 0. 1.
 0. 0. 1. 0. 1. 0. 0. 1. 0. 1. 1. 0. 0. 0. 1. 0. 0. 0. 1. 1. 1. 0. 1. 0.
 1. 0. 1. 1. 0. 1. 1. 1. 1. 0. 1. 0. 0. 1. 1. 1. 0. 0. 0. 1. 1. 0. 1. 1.
 0. 0. 1. 0. 0. 1. 0. 1. 0. 1. 1. 1. 0. 1. 0. 1. 1. 1. 1. 1. 1. 1. 1. 0.
 0. 0. 1. 1. 1. 0. 0. 1. 1. 1. 0. 0. 0. 1. 1. 1. 0. 0. 0. 0. 1. 1. 1. 0.
 1. 0. 0. 1. 1. 0. 0. 0. 0. 1. 0. 0. 1. 1. 0. 1. 1. 1. 0. 1. 1. 0. 1. 0.
 1. 1. 0. 0. 0. 1. 1. 0. 1. 1. 0. 1. 0. 0. 0. 1. 1. 1. 0. 1. 0. 1. 1. 0.
 1. 0. 0. 1. 1. 0. 0. 1. 0. 1. 1. 0. 0. 1. 0. 0. 1. 1. 0. 1. 1. 0. 0. 0.
 0. 1. 1. 0. 0. 1. 0. 0. 1. 0. 1. 1. 1. 0. 0. 0. 1. 1. 0. 0. 0. 0. 1. 0.
 0. 1. 0. 1. 1. 1. 1. 0. 0. 0. 0. 1. 1. 1. 1. 0. 1. 1. 1. 1. 0. 1. 0. 0.
 1. 0. 0. 1. 1. 1. 1. 1. 0. 0. 1. 1. 1. 0. 0. 1. 0. 1. 0. 0. 1. 0. 1. 0.
 1. 0. 0. 0.]"
474,randomforest,"{'criterion': 'entropy', 'max_features': 'log2', 'n_estimators': 295}",0.594789307979109,0.19869316110420493,0.20049404130692092,0.36708314851161034,0.5871476119459991,0.20357815781192665,0.5742474916387961,0.14925373134328357,0.5746268656716418,0.5746268656716418,"{0: 0.5763811539318333, 1: 0.5763811539318334}","{0: 0.5763811539318333, 1: 0.5763811539318334}",0.5763811539318334,"[[73 61]
 [53 81]]","[1. 0. 0. 0. 0. 1. 0. 1. 1. 0. 0. 0. 1. 0. 0. 0. 1. 0. 0. 0. 0. 1. 0. 0.
 0. 0. 1. 1. 1. 1. 1. 0. 0. 0. 1. 0. 0. 0. 1. 0. 0. 0. 1. 0. 0. 0. 1. 0.
 0. 0. 1. 0. 0. 1. 1. 1. 1. 1. 0. 1. 0. 0. 1. 0. 0. 0. 1. 1. 1. 1. 0. 0.
 1. 1. 0. 1. 1. 0. 0. 0. 1. 1. 1. 0. 0. 1. 0. 1. 1. 1. 1. 1. 0. 1. 1. 1.
 0. 0. 1. 1. 0. 1. 0. 1. 0. 0. 0. 1. 0. 1. 0. 0. 0. 1. 1. 0. 1. 0. 0. 0.
 0. 1. 1. 1. 1. 1. 1. 1. 1. 0. 0. 1. 1. 0. 1. 1. 0. 1. 0. 1. 0. 0. 1. 0.
 1. 0. 0. 0. 1. 1. 1. 0. 1. 1. 0. 1. 1. 0. 1. 0. 1. 1. 0. 0. 1. 1. 0. 1.
 1. 1. 0. 1. 1. 1. 0. 1. 1. 0. 1. 1. 0. 1. 1. 1. 0. 0. 1. 1. 0. 0. 1. 1.
 1. 1. 1. 1. 1. 1. 0. 1. 0. 0. 1. 1. 0. 1. 0. 0. 1. 1. 0. 1. 1. 1. 0. 0.
 1. 1. 0. 1. 0. 0. 0. 0. 1. 1. 1. 0. 1. 0. 1. 1. 1. 1. 1. 1. 0. 1. 0. 0.
 1. 1. 0. 0. 1. 1. 0. 1. 0. 1. 1. 0. 1. 0. 0. 1. 0. 1. 0. 1. 0. 0. 1. 1.
 1. 0. 1. 0.]","[0. 1. 0. 0. 0. 1. 1. 1. 0. 0. 0. 0. 0. 1. 0. 0. 1. 1. 0. 0. 0. 0. 0. 1.
 0. 0. 1. 0. 1. 0. 0. 1. 0. 1. 1. 0. 0. 0. 1. 0. 0. 0. 1. 1. 1. 0. 1. 0.
 1. 0. 1. 1. 0. 1. 1. 1. 1. 0. 1. 0. 0. 1. 1. 1. 0. 0. 0. 1. 1. 0. 1. 1.
 0. 0. 1. 0. 0. 1. 0. 1. 0. 1. 1. 1. 0. 1. 0. 1. 1. 1. 1. 1. 1. 1. 1. 0.
 0. 0. 1. 1. 1. 0. 0. 1. 1. 1. 0. 0. 0. 1. 1. 1. 0. 0. 0. 0. 1. 1. 1. 0.
 1. 0. 0. 1. 1. 0. 0. 0. 0. 1. 0. 0. 1. 1. 0. 1. 1. 1. 0. 1. 1. 0. 1. 0.
 1. 1. 0. 0. 0. 1. 1. 0. 1. 1. 0. 1. 0. 0. 0. 1. 1. 1. 0. 1. 0. 1. 1. 0.
 1. 0. 0. 1. 1. 0. 0. 1. 0. 1. 1. 0. 0. 1. 0. 0. 1. 1. 0. 1. 1. 0. 0. 0.
 0. 1. 1. 0. 0. 1. 0. 0. 1. 0. 1. 1. 1. 0. 0. 0. 1. 1. 0. 0. 0. 0. 1. 0.
 0. 1. 0. 1. 1. 1. 1. 0. 0. 0. 0. 1. 1. 1. 1. 0. 1. 1. 1. 1. 0. 1. 0. 0.
 1. 0. 0. 1. 1. 1. 1. 1. 0. 0. 1. 1. 1. 0. 0. 1. 0. 1. 0. 0. 1. 0. 1. 0.
 1. 0. 0. 0.]"
259,randomforest,"{'criterion': 'gini', 'max_features': None, 'n_estimators': 469}",0.6089507241695334,0.17653855094445653,0.200459262647442,0.33332075560315744,0.5983836541296218,0.18559081555141507,0.5780703587600139,0.15671641791044777,0.5783582089552238,0.5783582089552239,"{0: 0.5877979505457784, 1: 0.5877979505457785}","{0: 0.5877979505457784, 1: 0.5877979505457785}",0.5877979505457785,"[[74 60]
 [53 81]]","[1. 0. 0. 0. 0. 1. 0. 1. 1. 0. 0. 0. 1. 0. 0. 0. 0. 0. 0. 0. 0. 1. 0. 0.
 0. 0. 1. 1. 1. 1. 1. 0. 0. 0. 1. 1. 0. 0. 1. 0. 0. 0. 1. 1. 0. 1. 1. 0.
 0. 0. 1. 0. 1. 1. 1. 1. 1. 1. 0. 1. 1. 0. 1. 0. 0. 0. 1. 1. 1. 1. 0. 0.
 1. 1. 0. 1. 1. 0. 0. 0. 1. 1. 1. 0. 0. 1. 0. 1. 1. 1. 1. 1. 0. 1. 1. 1.
 0. 0. 1. 1. 0. 1. 0. 1. 0. 0. 0. 1. 0. 1. 0. 0. 0. 1. 1. 0. 1. 0. 0. 0.
 1. 1. 1. 1. 1. 1. 1. 1. 1. 0. 0. 1. 1. 0. 1. 1. 0. 1. 0. 1. 1. 0. 1. 0.
 0. 0. 0. 0. 0. 1. 1. 0. 1. 1. 0. 1. 1. 0. 1. 0. 1. 1. 0. 0. 1. 1. 0. 1.
 1. 1. 0. 1. 1. 0. 0. 1. 1. 0. 1. 0. 0. 1. 1. 1. 0. 0. 1. 1. 0. 0. 0. 1.
 1. 1. 1. 1. 0. 1. 0. 1. 0. 0. 1. 1. 0. 0. 0. 1. 1. 1. 0. 1. 1. 1. 0. 0.
 1. 1. 0. 1. 0. 0. 0. 0. 1. 1. 1. 0. 0. 0. 1. 1. 1. 1. 1. 1. 0. 1. 0. 0.
 1. 1. 0. 0. 1. 1. 0. 1. 0. 1. 1. 0. 1. 0. 0. 1. 0. 1. 0. 1. 0. 0. 1. 1.
 1. 0. 1. 0.]","[0. 1. 0. 0. 0. 1. 1. 1. 0. 0. 0. 0. 0. 1. 0. 0. 1. 1. 0. 0. 0. 0. 0. 1.
 0. 0. 1. 0. 1. 0. 0. 1. 0. 1. 1. 0. 0. 0. 1. 0. 0. 0. 1. 1. 1. 0. 1. 0.
 1. 0. 1. 1. 0. 1. 1. 1. 1. 0. 1. 0. 0. 1. 1. 1. 0. 0. 0. 1. 1. 0. 1. 1.
 0. 0. 1. 0. 0. 1. 0. 1. 0. 1. 1. 1. 0. 1. 0. 1. 1. 1. 1. 1. 1. 1. 1. 0.
 0. 0. 1. 1. 1. 0. 0. 1. 1. 1. 0. 0. 0. 1. 1. 1. 0. 0. 0. 0. 1. 1. 1. 0.
 1. 0. 0. 1. 1. 0. 0. 0. 0. 1. 0. 0. 1. 1. 0. 1. 1. 1. 0. 1. 1. 0. 1. 0.
 1. 1. 0. 0. 0. 1. 1. 0. 1. 1. 0. 1. 0. 0. 0. 1. 1. 1. 0. 1. 0. 1. 1. 0.
 1. 0. 0. 1. 1. 0. 0. 1. 0. 1. 1. 0. 0. 1. 0. 0. 1. 1. 0. 1. 1. 0. 0. 0.
 0. 1. 1. 0. 0. 1. 0. 0. 1. 0. 1. 1. 1. 0. 0. 0. 1. 1. 0. 0. 0. 0. 1. 0.
 0. 1. 0. 1. 1. 1. 1. 0. 0. 0. 0. 1. 1. 1. 1. 0. 1. 1. 1. 1. 0. 1. 0. 0.
 1. 0. 0. 1. 1. 1. 1. 1. 0. 0. 1. 1. 1. 0. 0. 1. 0. 1. 0. 0. 1. 0. 1. 0.
 1. 0. 0. 0.]"
713,randomforest,"{'criterion': 'gini', 'max_features': None, 'n_estimators': 513}",0.5994513657375374,0.1814103600336531,0.20042352096791552,0.3256622412182417,0.5920717368802045,0.18739970672680908,0.5780703587600139,0.15671641791044777,0.5783582089552238,0.5783582089552239,"{0: 0.5815883270216083, 1: 0.5815883270216085}","{0: 0.5815883270216083, 1: 0.5815883270216085}",0.5815883270216085,"[[74 60]
 [53 81]]","[1. 0. 0. 0. 0. 1. 0. 1. 1. 0. 0. 0. 1. 0. 0. 0. 0. 0. 0. 0. 0. 1. 0. 0.
 0. 0. 1. 1. 1. 1. 1. 0. 0. 0. 1. 1. 0. 0. 1. 0. 0. 0. 1. 1. 0. 1. 1. 0.
 0. 0. 1. 0. 1. 1. 1. 1. 1. 1. 0. 1. 1. 0. 1. 0. 0. 0. 1. 1. 1. 1. 0. 0.
 1. 1. 0. 1. 1. 0. 0. 0. 1. 1. 1. 0. 0. 1. 0. 1. 1. 1. 1. 1. 0. 1. 1. 1.
 0. 0. 1. 1. 0. 1. 1. 0. 0. 0. 0. 0. 0. 1. 0. 0. 0. 1. 1. 0. 1. 0. 0. 0.
 1. 1. 1. 1. 1. 1. 1. 1. 1. 0. 0. 1. 1. 0. 1. 1. 0. 1. 0. 1. 1. 0. 1. 0.
 0. 0. 0. 0. 1. 1. 1. 0. 1. 1. 0. 1. 1. 0. 1. 0. 1. 1. 0. 0. 1. 1. 0. 1.
 1. 1. 0. 1. 1. 0. 0. 1. 1. 0. 1. 0. 0. 1. 1. 1. 0. 0. 1. 1. 1. 0. 1. 1.
 0. 1. 0. 0. 0. 1. 0. 1. 0. 0. 1. 1. 0. 0. 0. 1. 1. 1. 0. 1. 1. 1. 0. 0.
 1. 1. 0. 1. 0. 0. 0. 0. 1. 1. 1. 0. 0. 0. 1. 1. 1. 1. 1. 1. 0. 1. 0. 0.
 1. 1. 0. 0. 1. 1. 1. 1. 0. 1. 1. 0. 1. 0. 0. 1. 0. 1. 0. 1. 0. 0. 1. 1.
 1. 0. 1. 0.]","[0. 1. 0. 0. 0. 1. 1. 1. 0. 0. 0. 0. 0. 1. 0. 0. 1. 1. 0. 0. 0. 0. 0. 1.
 0. 0. 1. 0. 1. 0. 0. 1. 0. 1. 1. 0. 0. 0. 1. 0. 0. 0. 1. 1. 1. 0. 1. 0.
 1. 0. 1. 1. 0. 1. 1. 1. 1. 0. 1. 0. 0. 1. 1. 1. 0. 0. 0. 1. 1. 0. 1. 1.
 0. 0. 1. 0. 0. 1. 0. 1. 0. 1. 1. 1. 0. 1. 0. 1. 1. 1. 1. 1. 1. 1. 1. 0.
 0. 0. 1. 1. 1. 0. 0. 1. 1. 1. 0. 0. 0. 1. 1. 1. 0. 0. 0. 0. 1. 1. 1. 0.
 1. 0. 0. 1. 1. 0. 0. 0. 0. 1. 0. 0. 1. 1. 0. 1. 1. 1. 0. 1. 1. 0. 1. 0.
 1. 1. 0. 0. 0. 1. 1. 0. 1. 1. 0. 1. 0. 0. 0. 1. 1. 1. 0. 1. 0. 1. 1. 0.
 1. 0. 0. 1. 1. 0. 0. 1. 0. 1. 1. 0. 0. 1. 0. 0. 1. 1. 0. 1. 1. 0. 0. 0.
 0. 1. 1. 0. 0. 1. 0. 0. 1. 0. 1. 1. 1. 0. 0. 0. 1. 1. 0. 0. 0. 0. 1. 0.
 0. 1. 0. 1. 1. 1. 1. 0. 0. 0. 0. 1. 1. 1. 1. 0. 1. 1. 1. 1. 0. 1. 0. 0.
 1. 0. 0. 1. 1. 1. 1. 1. 0. 0. 1. 1. 1. 0. 0. 1. 0. 1. 0. 0. 1. 0. 1. 0.
 1. 0. 0. 0.]"
52,randomforest,"{'criterion': 'gini', 'max_features': 'log2', 'n_estimators': 39}",0.6068450012090527,0.18638531110723497,0.2003187000288232,0.34943067043647263,0.5990241613225483,0.19195634335221332,0.5776466814498695,0.15671641791044777,0.5783582089552238,0.5783582089552239,"{0: 0.5858765872131877, 1: 0.5858765872131878}","{0: 0.5858765872131877, 1: 0.5858765872131878}",0.5858765872131878,"[[72 62]
 [51 83]]","[1. 0. 0. 0. 0. 1. 0. 1. 1. 0. 0. 1. 1. 1. 0. 0. 0. 0. 0. 1. 0. 1. 1. 0.
 1. 0. 1. 1. 1. 1. 1. 0. 0. 0. 1. 1. 1. 0. 1. 0. 0. 0. 1. 1. 0. 0. 1. 0.
 0. 0. 1. 1. 0. 1. 1. 1. 1. 1. 0. 1. 1. 0. 1. 1. 0. 0. 1. 1. 1. 1. 0. 0.
 0. 1. 0. 1. 1. 0. 0. 0. 1. 1. 1. 1. 0. 1. 0. 0. 1. 1. 1. 1. 0. 1. 1. 1.
 0. 0. 0. 1. 0. 1. 0. 0. 0. 0. 0. 0. 0. 1. 0. 0. 0. 1. 1. 0. 1. 0. 0. 0.
 1. 1. 0. 1. 1. 1. 1. 1. 1. 0. 0. 0. 1. 0. 1. 1. 0. 1. 0. 1. 1. 0. 1. 0.
 1. 0. 0. 0. 1. 1. 1. 0. 0. 1. 0. 1. 1. 0. 1. 0. 1. 1. 0. 0. 1. 1. 0. 1.
 1. 1. 1. 1. 1. 1. 1. 1. 1. 0. 1. 0. 0. 0. 0. 1. 0. 0. 1. 1. 1. 0. 1. 1.
 1. 1. 0. 0. 0. 1. 0. 1. 0. 0. 1. 1. 0. 0. 0. 0. 1. 1. 0. 1. 1. 1. 1. 0.
 1. 1. 1. 0. 0. 0. 0. 0. 1. 1. 1. 1. 1. 0. 0. 1. 1. 1. 1. 1. 0. 1. 0. 0.
 1. 1. 0. 0. 1. 1. 1. 1. 0. 1. 1. 0. 1. 0. 0. 1. 0. 1. 0. 1. 0. 0. 1. 1.
 1. 0. 1. 0.]","[0. 1. 0. 0. 0. 1. 1. 1. 0. 0. 0. 0. 0. 1. 0. 0. 1. 1. 0. 0. 0. 0. 0. 1.
 0. 0. 1. 0. 1. 0. 0. 1. 0. 1. 1. 0. 0. 0. 1. 0. 0. 0. 1. 1. 1. 0. 1. 0.
 1. 0. 1. 1. 0. 1. 1. 1. 1. 0. 1. 0. 0. 1. 1. 1. 0. 0. 0. 1. 1. 0. 1. 1.
 0. 0. 1. 0. 0. 1. 0. 1. 0. 1. 1. 1. 0. 1. 0. 1. 1. 1. 1. 1. 1. 1. 1. 0.
 0. 0. 1. 1. 1. 0. 0. 1. 1. 1. 0. 0. 0. 1. 1. 1. 0. 0. 0. 0. 1. 1. 1. 0.
 1. 0. 0. 1. 1. 0. 0. 0. 0. 1. 0. 0. 1. 1. 0. 1. 1. 1. 0. 1. 1. 0. 1. 0.
 1. 1. 0. 0. 0. 1. 1. 0. 1. 1. 0. 1. 0. 0. 0. 1. 1. 1. 0. 1. 0. 1. 1. 0.
 1. 0. 0. 1. 1. 0. 0. 1. 0. 1. 1. 0. 0. 1. 0. 0. 1. 1. 0. 1. 1. 0. 0. 0.
 0. 1. 1. 0. 0. 1. 0. 0. 1. 0. 1. 1. 1. 0. 0. 0. 1. 1. 0. 0. 0. 0. 1. 0.
 0. 1. 0. 1. 1. 1. 1. 0. 0. 0. 0. 1. 1. 1. 1. 0. 1. 1. 1. 1. 0. 1. 0. 0.
 1. 0. 0. 1. 1. 1. 1. 1. 0. 0. 1. 1. 1. 0. 0. 1. 0. 1. 0. 0. 1. 0. 1. 0.
 1. 0. 0. 0.]"
443,randomforest,"{'criterion': 'gini', 'max_features': 'log2', 'n_estimators': 503}",0.593119954917604,0.20588483353582168,0.2001989370316283,0.3790860618281202,0.5869346286180963,0.20934632070469575,0.5740337962188389,0.14925373134328357,0.5746268656716418,0.5746268656716418,"{0: 0.5928658944085543, 1: 0.5928658944085542}","{0: 0.5928658944085543, 1: 0.5928658944085542}",0.5928658944085542,"[[72 62]
 [52 82]]","[1. 0. 0. 0. 0. 1. 0. 1. 1. 0. 0. 0. 1. 0. 0. 0. 1. 0. 0. 0. 0. 1. 0. 0.
 0. 0. 1. 1. 1. 1. 1. 0. 0. 0. 1. 1. 0. 0. 1. 0. 0. 0. 1. 0. 0. 0. 1. 1.
 0. 0. 1. 0. 0. 1. 1. 1. 1. 1. 0. 1. 0. 0. 1. 1. 0. 0. 1. 1. 1. 1. 0. 0.
 1. 1. 0. 1. 1. 0. 0. 0. 1. 1. 1. 0. 0. 1. 0. 1. 1. 1. 1. 1. 0. 1. 1. 1.
 0. 0. 1. 1. 0. 1. 1. 1. 0. 0. 0. 1. 0. 1. 0. 0. 0. 1. 1. 0. 1. 0. 0. 0.
 0. 1. 1. 1. 1. 1. 1. 1. 1. 0. 0. 1. 1. 0. 1. 1. 0. 1. 0. 1. 0. 0. 1. 0.
 0. 0. 0. 0. 1. 1. 1. 0. 1. 1. 0. 1. 1. 0. 1. 0. 1. 1. 0. 0. 1. 1. 0. 1.
 1. 1. 1. 1. 1. 0. 0. 1. 1. 0. 1. 0. 0. 1. 1. 1. 0. 0. 1. 1. 0. 0. 1. 1.
 1. 1. 1. 1. 1. 1. 0. 0. 0. 0. 1. 1. 0. 1. 0. 0. 1. 1. 0. 1. 1. 1. 0. 0.
 1. 1. 0. 1. 0. 0. 0. 0. 1. 1. 1. 0. 1. 0. 1. 1. 1. 1. 1. 1. 0. 1. 0. 0.
 1. 1. 0. 0. 1. 1. 1. 1. 0. 1. 1. 0. 1. 0. 0. 1. 0. 1. 0. 1. 0. 0. 1. 1.
 1. 0. 1. 0.]","[0. 1. 0. 0. 0. 1. 1. 1. 0. 0. 0. 0. 0. 1. 0. 0. 1. 1. 0. 0. 0. 0. 0. 1.
 0. 0. 1. 0. 1. 0. 0. 1. 0. 1. 1. 0. 0. 0. 1. 0. 0. 0. 1. 1. 1. 0. 1. 0.
 1. 0. 1. 1. 0. 1. 1. 1. 1. 0. 1. 0. 0. 1. 1. 1. 0. 0. 0. 1. 1. 0. 1. 1.
 0. 0. 1. 0. 0. 1. 0. 1. 0. 1. 1. 1. 0. 1. 0. 1. 1. 1. 1. 1. 1. 1. 1. 0.
 0. 0. 1. 1. 1. 0. 0. 1. 1. 1. 0. 0. 0. 1. 1. 1. 0. 0. 0. 0. 1. 1. 1. 0.
 1. 0. 0. 1. 1. 0. 0. 0. 0. 1. 0. 0. 1. 1. 0. 1. 1. 1. 0. 1. 1. 0. 1. 0.
 1. 1. 0. 0. 0. 1. 1. 0. 1. 1. 0. 1. 0. 0. 0. 1. 1. 1. 0. 1. 0. 1. 1. 0.
 1. 0. 0. 1. 1. 0. 0. 1. 0. 1. 1. 0. 0. 1. 0. 0. 1. 1. 0. 1. 1. 0. 0. 0.
 0. 1. 1. 0. 0. 1. 0. 0. 1. 0. 1. 1. 1. 0. 0. 0. 1. 1. 0. 0. 0. 0. 1. 0.
 0. 1. 0. 1. 1. 1. 1. 0. 0. 0. 0. 1. 1. 1. 1. 0. 1. 1. 1. 1. 0. 1. 0. 0.
 1. 0. 0. 1. 1. 1. 1. 1. 0. 0. 1. 1. 1. 0. 0. 1. 0. 1. 0. 0. 1. 0. 1. 0.
 1. 0. 0. 0.]"
479,randomforest,"{'criterion': 'gini', 'max_features': 'log2', 'n_estimators': 315}",0.5992012011461726,0.19552504558827383,0.2000601051222554,0.34733097896782633,0.5924228362736427,0.20182965139952286,0.5815068875132452,0.16417910447761197,0.582089552238806,0.582089552238806,"{0: 0.5818110937848073, 1: 0.5818110937848073}","{0: 0.5818110937848073, 1: 0.5818110937848073}",0.5818110937848073,"[[73 61]
 [51 83]]","[1. 0. 0. 0. 0. 1. 0. 1. 1. 0. 0. 0. 1. 0. 0. 0. 1. 0. 0. 0. 0. 1. 0. 0.
 0. 0. 1. 1. 1. 1. 1. 0. 0. 0. 1. 0. 1. 0. 1. 0. 0. 1. 1. 0. 0. 0. 1. 0.
 0. 0. 1. 0. 0. 1. 1. 1. 1. 1. 0. 1. 1. 0. 1. 1. 0. 0. 1. 1. 1. 1. 0. 0.
 1. 1. 0. 1. 1. 0. 0. 0. 1. 1. 1. 0. 0. 1. 0. 1. 1. 1. 1. 1. 0. 1. 1. 1.
 0. 0. 1. 1. 0. 1. 1. 0. 0. 0. 0. 1. 0. 1. 0. 0. 0. 1. 1. 0. 1. 0. 0. 0.
 0. 1. 1. 1. 1. 1. 1. 1. 1. 0. 0. 1. 1. 0. 1. 1. 0. 1. 0. 1. 1. 0. 1. 0.
 1. 0. 0. 0. 1. 1. 1. 0. 1. 1. 0. 1. 1. 0. 1. 0. 1. 1. 0. 0. 1. 1. 0. 1.
 1. 1. 0. 1. 1. 0. 0. 1. 1. 0. 1. 0. 0. 1. 1. 1. 0. 0. 1. 1. 0. 0. 1. 1.
 0. 1. 1. 0. 1. 1. 0. 1. 0. 0. 1. 1. 0. 1. 0. 0. 1. 1. 0. 1. 1. 1. 0. 0.
 1. 1. 0. 1. 0. 0. 0. 0. 1. 1. 1. 0. 1. 0. 1. 1. 1. 1. 1. 1. 0. 1. 0. 0.
 1. 1. 0. 0. 1. 1. 1. 1. 0. 1. 1. 0. 1. 0. 0. 1. 0. 1. 0. 1. 0. 0. 1. 1.
 1. 0. 1. 0.]","[0. 1. 0. 0. 0. 1. 1. 1. 0. 0. 0. 0. 0. 1. 0. 0. 1. 1. 0. 0. 0. 0. 0. 1.
 0. 0. 1. 0. 1. 0. 0. 1. 0. 1. 1. 0. 0. 0. 1. 0. 0. 0. 1. 1. 1. 0. 1. 0.
 1. 0. 1. 1. 0. 1. 1. 1. 1. 0. 1. 0. 0. 1. 1. 1. 0. 0. 0. 1. 1. 0. 1. 1.
 0. 0. 1. 0. 0. 1. 0. 1. 0. 1. 1. 1. 0. 1. 0. 1. 1. 1. 1. 1. 1. 1. 1. 0.
 0. 0. 1. 1. 1. 0. 0. 1. 1. 1. 0. 0. 0. 1. 1. 1. 0. 0. 0. 0. 1. 1. 1. 0.
 1. 0. 0. 1. 1. 0. 0. 0. 0. 1. 0. 0. 1. 1. 0. 1. 1. 1. 0. 1. 1. 0. 1. 0.
 1. 1. 0. 0. 0. 1. 1. 0. 1. 1. 0. 1. 0. 0. 0. 1. 1. 1. 0. 1. 0. 1. 1. 0.
 1. 0. 0. 1. 1. 0. 0. 1. 0. 1. 1. 0. 0. 1. 0. 0. 1. 1. 0. 1. 1. 0. 0. 0.
 0. 1. 1. 0. 0. 1. 0. 0. 1. 0. 1. 1. 1. 0. 0. 0. 1. 1. 0. 0. 0. 0. 1. 0.
 0. 1. 0. 1. 1. 1. 1. 0. 0. 0. 0. 1. 1. 1. 1. 0. 1. 1. 1. 1. 0. 1. 0. 0.
 1. 0. 0. 1. 1. 1. 1. 1. 0. 0. 1. 1. 1. 0. 0. 1. 0. 1. 0. 0. 1. 0. 1. 0.
 1. 0. 0. 0.]"
512,randomforest,"{'criterion': 'gini', 'max_features': 'sqrt', 'n_estimators': 515}",0.5951086565049791,0.19017356601376967,0.19993440363379963,0.3407494450825764,0.5866449895683766,0.19712789412914666,0.57830536795934,0.15671641791044777,0.5783582089552238,0.5783582089552239,"{0: 0.5932278903987525, 1: 0.5932278903987525}","{0: 0.5932278903987525, 1: 0.5932278903987525}",0.5932278903987525,"[[76 58]
 [55 79]]","[1. 0. 0. 0. 0. 1. 0. 1. 1. 0. 0. 0. 1. 0. 0. 0. 1. 0. 0. 0. 0. 1. 0. 0.
 0. 0. 1. 1. 1. 1. 1. 0. 0. 0. 1. 0. 0. 0. 1. 0. 1. 0. 1. 0. 0. 0. 1. 0.
 0. 0. 1. 0. 1. 1. 1. 1. 1. 1. 0. 1. 0. 0. 1. 0. 0. 0. 1. 1. 1. 1. 0. 0.
 1. 1. 0. 1. 1. 0. 0. 0. 1. 1. 1. 0. 0. 1. 0. 1. 1. 1. 1. 1. 0. 1. 1. 1.
 0. 0. 1. 1. 0. 1. 1. 0. 0. 0. 0. 1. 0. 1. 0. 0. 0. 1. 1. 0. 1. 0. 0. 0.
 0. 1. 1. 1. 1. 1. 1. 1. 0. 0. 0. 1. 1. 0. 1. 1. 0. 1. 0. 1. 1. 0. 0. 0.
 1. 0. 0. 0. 1. 1. 1. 0. 1. 1. 0. 1. 1. 0. 1. 0. 1. 1. 0. 0. 1. 1. 0. 1.
 1. 1. 0. 1. 1. 0. 0. 1. 1. 0. 1. 0. 0. 1. 1. 1. 0. 0. 1. 1. 0. 0. 1. 1.
 0. 1. 1. 0. 1. 1. 0. 1. 0. 0. 1. 1. 0. 0. 0. 0. 1. 1. 0. 1. 1. 1. 0. 0.
 1. 1. 0. 1. 0. 0. 0. 0. 1. 1. 1. 0. 1. 0. 0. 1. 1. 1. 1. 1. 0. 1. 0. 0.
 1. 1. 0. 0. 1. 1. 0. 1. 0. 1. 1. 0. 1. 0. 0. 1. 0. 1. 0. 1. 0. 0. 1. 1.
 1. 0. 1. 0.]","[0. 1. 0. 0. 0. 1. 1. 1. 0. 0. 0. 0. 0. 1. 0. 0. 1. 1. 0. 0. 0. 0. 0. 1.
 0. 0. 1. 0. 1. 0. 0. 1. 0. 1. 1. 0. 0. 0. 1. 0. 0. 0. 1. 1. 1. 0. 1. 0.
 1. 0. 1. 1. 0. 1. 1. 1. 1. 0. 1. 0. 0. 1. 1. 1. 0. 0. 0. 1. 1. 0. 1. 1.
 0. 0. 1. 0. 0. 1. 0. 1. 0. 1. 1. 1. 0. 1. 0. 1. 1. 1. 1. 1. 1. 1. 1. 0.
 0. 0. 1. 1. 1. 0. 0. 1. 1. 1. 0. 0. 0. 1. 1. 1. 0. 0. 0. 0. 1. 1. 1. 0.
 1. 0. 0. 1. 1. 0. 0. 0. 0. 1. 0. 0. 1. 1. 0. 1. 1. 1. 0. 1. 1. 0. 1. 0.
 1. 1. 0. 0. 0. 1. 1. 0. 1. 1. 0. 1. 0. 0. 0. 1. 1. 1. 0. 1. 0. 1. 1. 0.
 1. 0. 0. 1. 1. 0. 0. 1. 0. 1. 1. 0. 0. 1. 0. 0. 1. 1. 0. 1. 1. 0. 0. 0.
 0. 1. 1. 0. 0. 1. 0. 0. 1. 0. 1. 1. 1. 0. 0. 0. 1. 1. 0. 0. 0. 0. 1. 0.
 0. 1. 0. 1. 1. 1. 1. 0. 0. 0. 0. 1. 1. 1. 1. 0. 1. 1. 1. 1. 0. 1. 0. 0.
 1. 0. 0. 1. 1. 1. 1. 1. 0. 0. 1. 1. 1. 0. 0. 1. 0. 1. 0. 0. 1. 0. 1. 0.
 1. 0. 0. 0.]"
252,AdaBoost,"{'algorithm': 'SAMME.R', 'learning_rate': 0.3448979591836735, 'n_estimators': 41}",0.6040962583772529,0.19263317048165712,0.1996646913589132,0.35419390356817676,0.594961665425375,0.1853335282978472,0.5594806931520588,0.11940298507462688,0.5597014925373134,0.5597014925373134,"{0: 0.55416016930274, 1: 0.55416016930274}","{0: 0.55416016930274, 1: 0.55416016930274}",0.55416016930274,"[[72 62]
 [56 78]]","[1. 0. 0. 0. 1. 1. 1. 1. 1. 0. 0. 0. 1. 1. 0. 0. 0. 0. 0. 1. 0. 1. 1. 0.
 0. 0. 1. 1. 1. 1. 1. 0. 0. 0. 1. 0. 0. 0. 0. 0. 0. 0. 1. 1. 0. 0. 1. 1.
 0. 0. 1. 1. 0. 0. 1. 1. 1. 1. 0. 1. 0. 1. 1. 0. 0. 0. 0. 1. 1. 1. 1. 1.
 1. 1. 0. 1. 1. 0. 1. 1. 0. 1. 1. 0. 0. 1. 0. 1. 1. 0. 1. 1. 0. 1. 1. 1.
 0. 0. 0. 1. 0. 1. 0. 1. 1. 0. 0. 1. 0. 1. 1. 1. 0. 0. 1. 0. 1. 0. 0. 0.
 1. 1. 1. 0. 0. 1. 1. 1. 1. 0. 0. 1. 0. 0. 1. 1. 0. 0. 0. 0. 1. 0. 0. 0.
 0. 1. 0. 1. 1. 1. 1. 0. 1. 1. 0. 1. 1. 0. 1. 1. 1. 0. 0. 0. 1. 0. 0. 1.
 1. 1. 1. 1. 1. 0. 0. 1. 0. 1. 0. 1. 0. 0. 0. 1. 0. 0. 1. 1. 0. 1. 1. 1.
 1. 1. 0. 1. 1. 1. 0. 1. 0. 0. 1. 1. 1. 0. 1. 0. 0. 1. 0. 1. 1. 0. 0. 0.
 1. 0. 0. 1. 0. 1. 0. 0. 0. 1. 1. 1. 0. 0. 0. 1. 1. 1. 1. 1. 0. 1. 0. 0.
 1. 1. 0. 0. 1. 1. 0. 0. 0. 1. 1. 0. 1. 0. 0. 1. 0. 1. 0. 1. 0. 1. 1. 1.
 1. 0. 1. 0.]","[0. 1. 0. 0. 0. 1. 1. 1. 0. 0. 0. 0. 0. 1. 0. 0. 1. 1. 0. 0. 0. 0. 0. 1.
 0. 0. 1. 0. 1. 0. 0. 1. 0. 1. 1. 0. 0. 0. 1. 0. 0. 0. 1. 1. 1. 0. 1. 0.
 1. 0. 1. 1. 0. 1. 1. 1. 1. 0. 1. 0. 0. 1. 1. 1. 0. 0. 0. 1. 1. 0. 1. 1.
 0. 0. 1. 0. 0. 1. 0. 1. 0. 1. 1. 1. 0. 1. 0. 1. 1. 1. 1. 1. 1. 1. 1. 0.
 0. 0. 1. 1. 1. 0. 0. 1. 1. 1. 0. 0. 0. 1. 1. 1. 0. 0. 0. 0. 1. 1. 1. 0.
 1. 0. 0. 1. 1. 0. 0. 0. 0. 1. 0. 0. 1. 1. 0. 1. 1. 1. 0. 1. 1. 0. 1. 0.
 1. 1. 0. 0. 0. 1. 1. 0. 1. 1. 0. 1. 0. 0. 0. 1. 1. 1. 0. 1. 0. 1. 1. 0.
 1. 0. 0. 1. 1. 0. 0. 1. 0. 1. 1. 0. 0. 1. 0. 0. 1. 1. 0. 1. 1. 0. 0. 0.
 0. 1. 1. 0. 0. 1. 0. 0. 1. 0. 1. 1. 1. 0. 0. 0. 1. 1. 0. 0. 0. 0. 1. 0.
 0. 1. 0. 1. 1. 1. 1. 0. 0. 0. 0. 1. 1. 1. 1. 0. 1. 1. 1. 1. 0. 1. 0. 0.
 1. 0. 0. 1. 1. 1. 1. 1. 0. 0. 1. 1. 1. 0. 0. 1. 0. 1. 0. 0. 1. 0. 1. 0.
 1. 0. 0. 0.]"
784,randomforest,"{'criterion': 'gini', 'max_features': 'sqrt', 'n_estimators': 267}",0.5957777349855148,0.1966172491687462,0.1996508639482584,0.34810050776617846,0.5881721642306319,0.20482404646197888,0.5742474916387961,0.14925373134328357,0.5746268656716418,0.5746268656716418,"{0: 0.5926709734907553, 1: 0.5926709734907553}","{0: 0.5926709734907553, 1: 0.5926709734907553}",0.5926709734907553,"[[73 61]
 [53 81]]","[1. 0. 0. 0. 0. 1. 0. 1. 1. 0. 0. 0. 1. 0. 0. 0. 1. 0. 0. 0. 0. 1. 0. 0.
 0. 0. 1. 1. 1. 1. 1. 0. 0. 0. 1. 0. 1. 0. 1. 0. 0. 0. 1. 0. 0. 0. 1. 0.
 0. 0. 1. 0. 1. 1. 1. 1. 1. 1. 0. 1. 1. 0. 1. 1. 0. 0. 1. 1. 1. 1. 0. 0.
 1. 1. 0. 1. 1. 0. 0. 0. 1. 1. 1. 0. 0. 1. 0. 1. 1. 1. 1. 1. 0. 1. 1. 1.
 0. 0. 1. 1. 0. 1. 1. 1. 0. 0. 0. 1. 0. 1. 0. 0. 1. 1. 1. 0. 1. 0. 0. 0.
 0. 1. 1. 1. 1. 1. 1. 1. 1. 0. 0. 1. 1. 0. 1. 1. 0. 1. 0. 1. 1. 0. 1. 0.
 0. 0. 0. 0. 1. 1. 1. 0. 1. 1. 0. 1. 1. 0. 1. 0. 1. 1. 0. 0. 1. 1. 0. 1.
 1. 1. 0. 1. 1. 0. 0. 1. 1. 0. 1. 0. 0. 1. 1. 1. 0. 0. 1. 1. 0. 0. 1. 1.
 0. 1. 1. 1. 1. 1. 0. 1. 0. 0. 1. 1. 0. 0. 0. 0. 1. 1. 0. 1. 1. 1. 0. 0.
 1. 1. 0. 1. 0. 0. 0. 0. 1. 1. 1. 0. 1. 0. 0. 1. 1. 1. 1. 1. 0. 1. 0. 0.
 1. 1. 0. 0. 1. 1. 0. 1. 0. 0. 1. 0. 1. 0. 0. 1. 0. 1. 0. 1. 0. 0. 1. 1.
 1. 0. 1. 0.]","[0. 1. 0. 0. 0. 1. 1. 1. 0. 0. 0. 0. 0. 1. 0. 0. 1. 1. 0. 0. 0. 0. 0. 1.
 0. 0. 1. 0. 1. 0. 0. 1. 0. 1. 1. 0. 0. 0. 1. 0. 0. 0. 1. 1. 1. 0. 1. 0.
 1. 0. 1. 1. 0. 1. 1. 1. 1. 0. 1. 0. 0. 1. 1. 1. 0. 0. 0. 1. 1. 0. 1. 1.
 0. 0. 1. 0. 0. 1. 0. 1. 0. 1. 1. 1. 0. 1. 0. 1. 1. 1. 1. 1. 1. 1. 1. 0.
 0. 0. 1. 1. 1. 0. 0. 1. 1. 1. 0. 0. 0. 1. 1. 1. 0. 0. 0. 0. 1. 1. 1. 0.
 1. 0. 0. 1. 1. 0. 0. 0. 0. 1. 0. 0. 1. 1. 0. 1. 1. 1. 0. 1. 1. 0. 1. 0.
 1. 1. 0. 0. 0. 1. 1. 0. 1. 1. 0. 1. 0. 0. 0. 1. 1. 1. 0. 1. 0. 1. 1. 0.
 1. 0. 0. 1. 1. 0. 0. 1. 0. 1. 1. 0. 0. 1. 0. 0. 1. 1. 0. 1. 1. 0. 0. 0.
 0. 1. 1. 0. 0. 1. 0. 0. 1. 0. 1. 1. 1. 0. 0. 0. 1. 1. 0. 0. 0. 0. 1. 0.
 0. 1. 0. 1. 1. 1. 1. 0. 0. 0. 0. 1. 1. 1. 1. 0. 1. 1. 1. 1. 0. 1. 0. 0.
 1. 0. 0. 1. 1. 1. 1. 1. 0. 0. 1. 1. 1. 0. 0. 1. 0. 1. 0. 0. 1. 0. 1. 0.
 1. 0. 0. 0.]"
199,randomforest,"{'criterion': 'gini', 'max_features': 'sqrt', 'n_estimators': 271}",0.5991125652484497,0.2027626848956133,0.19958365964519564,0.3730762956669274,0.5912299860384538,0.2091398462740784,0.57821139570189,0.15671641791044777,0.5783582089552238,0.5783582089552238,"{0: 0.5772443751392293, 1: 0.5772443751392293}","{0: 0.5772443751392293, 1: 0.5772443751392293}",0.5772443751392293,"[[75 59]
 [54 80]]","[1. 0. 0. 0. 0. 1. 0. 1. 1. 0. 0. 0. 1. 0. 0. 0. 1. 0. 0. 0. 0. 1. 0. 0.
 0. 1. 1. 1. 1. 1. 1. 0. 0. 0. 1. 0. 0. 0. 1. 0. 0. 0. 1. 0. 0. 0. 1. 0.
 0. 0. 1. 0. 1. 1. 1. 1. 1. 1. 0. 1. 0. 0. 1. 1. 0. 0. 1. 1. 1. 1. 0. 0.
 1. 1. 0. 1. 1. 0. 0. 0. 0. 1. 1. 0. 0. 1. 0. 1. 1. 1. 1. 1. 0. 1. 1. 1.
 0. 0. 1. 1. 0. 1. 0. 1. 0. 0. 0. 1. 0. 1. 0. 0. 0. 1. 1. 0. 1. 0. 0. 0.
 0. 1. 1. 1. 1. 1. 1. 1. 1. 0. 0. 1. 1. 0. 1. 1. 0. 1. 0. 1. 1. 0. 0. 0.
 0. 0. 0. 0. 1. 1. 1. 0. 1. 0. 0. 1. 1. 0. 1. 0. 1. 1. 0. 0. 1. 1. 0. 1.
 1. 1. 1. 1. 1. 1. 0. 1. 1. 0. 1. 0. 0. 1. 1. 1. 0. 0. 1. 1. 0. 0. 1. 1.
 1. 1. 1. 0. 1. 1. 0. 0. 0. 0. 1. 1. 0. 0. 0. 0. 1. 1. 0. 1. 1. 1. 0. 0.
 1. 1. 0. 1. 0. 0. 0. 0. 1. 1. 1. 0. 1. 0. 1. 1. 1. 1. 1. 1. 0. 1. 0. 0.
 1. 1. 0. 0. 1. 1. 0. 1. 0. 1. 1. 0. 1. 0. 0. 1. 0. 1. 0. 1. 0. 0. 1. 1.
 1. 0. 1. 0.]","[0. 1. 0. 0. 0. 1. 1. 1. 0. 0. 0. 0. 0. 1. 0. 0. 1. 1. 0. 0. 0. 0. 0. 1.
 0. 0. 1. 0. 1. 0. 0. 1. 0. 1. 1. 0. 0. 0. 1. 0. 0. 0. 1. 1. 1. 0. 1. 0.
 1. 0. 1. 1. 0. 1. 1. 1. 1. 0. 1. 0. 0. 1. 1. 1. 0. 0. 0. 1. 1. 0. 1. 1.
 0. 0. 1. 0. 0. 1. 0. 1. 0. 1. 1. 1. 0. 1. 0. 1. 1. 1. 1. 1. 1. 1. 1. 0.
 0. 0. 1. 1. 1. 0. 0. 1. 1. 1. 0. 0. 0. 1. 1. 1. 0. 0. 0. 0. 1. 1. 1. 0.
 1. 0. 0. 1. 1. 0. 0. 0. 0. 1. 0. 0. 1. 1. 0. 1. 1. 1. 0. 1. 1. 0. 1. 0.
 1. 1. 0. 0. 0. 1. 1. 0. 1. 1. 0. 1. 0. 0. 0. 1. 1. 1. 0. 1. 0. 1. 1. 0.
 1. 0. 0. 1. 1. 0. 0. 1. 0. 1. 1. 0. 0. 1. 0. 0. 1. 1. 0. 1. 1. 0. 0. 0.
 0. 1. 1. 0. 0. 1. 0. 0. 1. 0. 1. 1. 1. 0. 0. 0. 1. 1. 0. 0. 0. 0. 1. 0.
 0. 1. 0. 1. 1. 1. 1. 0. 0. 0. 0. 1. 1. 1. 1. 0. 1. 1. 1. 1. 0. 1. 0. 0.
 1. 0. 0. 1. 1. 1. 1. 1. 0. 0. 1. 1. 1. 0. 0. 1. 0. 1. 0. 0. 1. 0. 1. 0.
 1. 0. 0. 0.]"
676,randomforest,"{'criterion': 'gini', 'max_features': None, 'n_estimators': 339}",0.6009542998322402,0.1804033247294919,0.19919317415321255,0.33195745122421944,0.5910787502521373,0.1891400761602396,0.57821139570189,0.15671641791044777,0.5783582089552238,0.5783582089552238,"{0: 0.5825350857652039, 1: 0.5825350857652039}","{0: 0.5825350857652039, 1: 0.5825350857652039}",0.5825350857652039,"[[75 59]
 [54 80]]","[1. 0. 0. 0. 0. 1. 0. 1. 1. 0. 0. 0. 1. 0. 0. 0. 0. 0. 0. 0. 0. 1. 0. 0.
 0. 0. 1. 1. 1. 1. 1. 0. 0. 0. 1. 1. 0. 0. 1. 0. 0. 0. 1. 1. 0. 0. 1. 0.
 0. 0. 1. 0. 0. 1. 1. 1. 1. 1. 0. 1. 1. 0. 1. 0. 0. 0. 1. 1. 1. 1. 0. 0.
 1. 1. 0. 1. 1. 0. 0. 0. 1. 1. 1. 0. 0. 1. 0. 1. 1. 1. 1. 1. 0. 1. 1. 1.
 0. 0. 1. 1. 0. 1. 1. 0. 0. 0. 0. 0. 0. 1. 0. 0. 0. 1. 1. 0. 1. 0. 0. 0.
 1. 1. 1. 1. 1. 1. 1. 1. 1. 0. 0. 1. 1. 0. 1. 1. 0. 1. 0. 1. 1. 0. 1. 0.
 0. 0. 0. 0. 0. 1. 1. 0. 1. 1. 0. 1. 1. 0. 1. 0. 1. 1. 0. 0. 1. 1. 0. 1.
 1. 1. 0. 1. 1. 1. 0. 1. 1. 0. 1. 0. 0. 1. 1. 1. 0. 0. 1. 1. 0. 0. 1. 1.
 1. 1. 1. 1. 0. 1. 0. 1. 0. 0. 1. 1. 0. 0. 0. 1. 1. 1. 0. 1. 1. 1. 0. 0.
 1. 1. 0. 1. 0. 0. 0. 0. 1. 1. 1. 0. 0. 0. 1. 1. 1. 1. 1. 1. 0. 1. 0. 0.
 1. 1. 0. 0. 1. 1. 0. 1. 0. 0. 1. 0. 1. 0. 0. 1. 0. 1. 0. 1. 0. 0. 1. 1.
 1. 0. 1. 0.]","[0. 1. 0. 0. 0. 1. 1. 1. 0. 0. 0. 0. 0. 1. 0. 0. 1. 1. 0. 0. 0. 0. 0. 1.
 0. 0. 1. 0. 1. 0. 0. 1. 0. 1. 1. 0. 0. 0. 1. 0. 0. 0. 1. 1. 1. 0. 1. 0.
 1. 0. 1. 1. 0. 1. 1. 1. 1. 0. 1. 0. 0. 1. 1. 1. 0. 0. 0. 1. 1. 0. 1. 1.
 0. 0. 1. 0. 0. 1. 0. 1. 0. 1. 1. 1. 0. 1. 0. 1. 1. 1. 1. 1. 1. 1. 1. 0.
 0. 0. 1. 1. 1. 0. 0. 1. 1. 1. 0. 0. 0. 1. 1. 1. 0. 0. 0. 0. 1. 1. 1. 0.
 1. 0. 0. 1. 1. 0. 0. 0. 0. 1. 0. 0. 1. 1. 0. 1. 1. 1. 0. 1. 1. 0. 1. 0.
 1. 1. 0. 0. 0. 1. 1. 0. 1. 1. 0. 1. 0. 0. 0. 1. 1. 1. 0. 1. 0. 1. 1. 0.
 1. 0. 0. 1. 1. 0. 0. 1. 0. 1. 1. 0. 0. 1. 0. 0. 1. 1. 0. 1. 1. 0. 0. 0.
 0. 1. 1. 0. 0. 1. 0. 0. 1. 0. 1. 1. 1. 0. 0. 0. 1. 1. 0. 0. 0. 0. 1. 0.
 0. 1. 0. 1. 1. 1. 1. 0. 0. 0. 0. 1. 1. 1. 1. 0. 1. 1. 1. 1. 0. 1. 0. 0.
 1. 0. 0. 1. 1. 1. 1. 1. 0. 0. 1. 1. 1. 0. 0. 1. 0. 1. 0. 0. 1. 0. 1. 0.
 1. 0. 0. 0.]"
678,AdaBoost,"{'algorithm': 'SAMME.R', 'learning_rate': 0.42653061224489797, 'n_estimators': 41}",0.6040924860671741,0.20677561679009304,0.1990677757877343,0.37273507202337164,0.5961988578924062,0.19858174124695105,0.559603386809269,0.11940298507462688,0.5597014925373134,0.5597014925373134,"{0: 0.5430775228335933, 1: 0.5430775228335932}","{0: 0.5430775228335933, 1: 0.5430775228335932}",0.5430775228335932,"[[73 61]
 [57 77]]","[1. 0. 0. 0. 1. 1. 1. 1. 1. 0. 0. 0. 1. 1. 0. 0. 0. 0. 0. 0. 0. 1. 1. 0.
 0. 0. 1. 1. 1. 1. 1. 0. 0. 0. 1. 0. 0. 0. 1. 0. 0. 0. 1. 1. 0. 0. 1. 1.
 0. 0. 1. 1. 0. 0. 1. 1. 1. 1. 0. 1. 0. 1. 1. 0. 0. 0. 0. 1. 1. 1. 1. 1.
 1. 1. 0. 1. 1. 0. 1. 1. 0. 1. 1. 0. 0. 1. 0. 1. 1. 0. 1. 1. 0. 1. 1. 1.
 0. 0. 0. 0. 0. 1. 0. 1. 1. 0. 0. 1. 0. 1. 1. 0. 0. 0. 1. 0. 1. 1. 0. 0.
 1. 1. 1. 0. 0. 1. 1. 1. 1. 0. 0. 1. 0. 0. 1. 1. 0. 0. 1. 0. 1. 0. 0. 0.
 0. 1. 0. 1. 1. 1. 1. 0. 1. 1. 0. 1. 1. 0. 1. 1. 1. 0. 0. 0. 1. 0. 0. 1.
 1. 1. 1. 1. 1. 0. 0. 1. 0. 1. 0. 0. 0. 0. 0. 1. 0. 0. 1. 1. 0. 0. 1. 1.
 1. 1. 0. 1. 1. 1. 0. 1. 0. 0. 1. 1. 1. 1. 1. 0. 0. 1. 0. 1. 1. 0. 0. 0.
 1. 0. 0. 1. 0. 0. 0. 0. 0. 1. 1. 1. 0. 0. 0. 1. 0. 1. 1. 1. 0. 1. 0. 0.
 1. 1. 1. 0. 1. 1. 0. 1. 0. 1. 1. 0. 1. 0. 0. 1. 0. 1. 0. 1. 0. 0. 1. 1.
 1. 0. 1. 0.]","[0. 1. 0. 0. 0. 1. 1. 1. 0. 0. 0. 0. 0. 1. 0. 0. 1. 1. 0. 0. 0. 0. 0. 1.
 0. 0. 1. 0. 1. 0. 0. 1. 0. 1. 1. 0. 0. 0. 1. 0. 0. 0. 1. 1. 1. 0. 1. 0.
 1. 0. 1. 1. 0. 1. 1. 1. 1. 0. 1. 0. 0. 1. 1. 1. 0. 0. 0. 1. 1. 0. 1. 1.
 0. 0. 1. 0. 0. 1. 0. 1. 0. 1. 1. 1. 0. 1. 0. 1. 1. 1. 1. 1. 1. 1. 1. 0.
 0. 0. 1. 1. 1. 0. 0. 1. 1. 1. 0. 0. 0. 1. 1. 1. 0. 0. 0. 0. 1. 1. 1. 0.
 1. 0. 0. 1. 1. 0. 0. 0. 0. 1. 0. 0. 1. 1. 0. 1. 1. 1. 0. 1. 1. 0. 1. 0.
 1. 1. 0. 0. 0. 1. 1. 0. 1. 1. 0. 1. 0. 0. 0. 1. 1. 1. 0. 1. 0. 1. 1. 0.
 1. 0. 0. 1. 1. 0. 0. 1. 0. 1. 1. 0. 0. 1. 0. 0. 1. 1. 0. 1. 1. 0. 0. 0.
 0. 1. 1. 0. 0. 1. 0. 0. 1. 0. 1. 1. 1. 0. 0. 0. 1. 1. 0. 0. 0. 0. 1. 0.
 0. 1. 0. 1. 1. 1. 1. 0. 0. 0. 0. 1. 1. 1. 1. 0. 1. 1. 1. 1. 0. 1. 0. 0.
 1. 0. 0. 1. 1. 1. 1. 1. 0. 0. 1. 1. 1. 0. 0. 1. 0. 1. 0. 0. 1. 0. 1. 0.
 1. 0. 0. 0.]"
34,randomforest,"{'criterion': 'gini', 'max_features': 'sqrt', 'n_estimators': 373}",0.5988994409544431,0.20280012086321444,0.1990345827916564,0.35804606676297307,0.5937209557169235,0.20491811258409892,0.5817168338907468,0.16417910447761197,0.582089552238806,0.582089552238806,"{0: 0.5952884829583427, 1: 0.5952884829583426}","{0: 0.5952884829583427, 1: 0.5952884829583426}",0.5952884829583426,"[[74 60]
 [52 82]]","[1. 0. 0. 0. 0. 1. 0. 1. 1. 0. 0. 0. 1. 0. 0. 0. 1. 0. 0. 0. 0. 1. 0. 0.
 1. 0. 1. 1. 1. 1. 1. 0. 0. 0. 1. 0. 0. 0. 1. 0. 1. 0. 1. 1. 0. 0. 1. 1.
 0. 0. 1. 0. 0. 1. 1. 1. 1. 1. 0. 1. 0. 1. 1. 1. 0. 0. 1. 1. 1. 1. 0. 0.
 1. 1. 0. 1. 1. 0. 0. 0. 0. 1. 1. 0. 0. 1. 0. 1. 1. 1. 1. 1. 0. 1. 1. 1.
 0. 0. 1. 1. 0. 1. 1. 0. 0. 0. 0. 1. 0. 1. 0. 0. 0. 1. 1. 0. 1. 0. 0. 0.
 0. 1. 1. 1. 1. 1. 1. 1. 1. 0. 0. 1. 1. 0. 1. 1. 0. 1. 0. 1. 1. 0. 0. 0.
 0. 0. 0. 0. 1. 1. 1. 0. 1. 1. 0. 1. 1. 0. 1. 0. 1. 1. 0. 0. 1. 1. 0. 1.
 1. 1. 0. 1. 1. 0. 0. 1. 1. 0. 1. 0. 0. 1. 1. 1. 0. 0. 1. 1. 0. 0. 1. 1.
 1. 1. 1. 1. 1. 1. 0. 0. 0. 0. 1. 1. 0. 0. 0. 0. 1. 1. 0. 1. 1. 1. 0. 0.
 1. 1. 0. 1. 0. 0. 0. 0. 1. 1. 1. 0. 0. 0. 1. 1. 1. 1. 1. 1. 0. 1. 0. 0.
 1. 1. 0. 0. 1. 1. 1. 1. 0. 1. 1. 0. 1. 0. 0. 1. 0. 1. 0. 1. 0. 0. 1. 1.
 1. 0. 1. 0.]","[0. 1. 0. 0. 0. 1. 1. 1. 0. 0. 0. 0. 0. 1. 0. 0. 1. 1. 0. 0. 0. 0. 0. 1.
 0. 0. 1. 0. 1. 0. 0. 1. 0. 1. 1. 0. 0. 0. 1. 0. 0. 0. 1. 1. 1. 0. 1. 0.
 1. 0. 1. 1. 0. 1. 1. 1. 1. 0. 1. 0. 0. 1. 1. 1. 0. 0. 0. 1. 1. 0. 1. 1.
 0. 0. 1. 0. 0. 1. 0. 1. 0. 1. 1. 1. 0. 1. 0. 1. 1. 1. 1. 1. 1. 1. 1. 0.
 0. 0. 1. 1. 1. 0. 0. 1. 1. 1. 0. 0. 0. 1. 1. 1. 0. 0. 0. 0. 1. 1. 1. 0.
 1. 0. 0. 1. 1. 0. 0. 0. 0. 1. 0. 0. 1. 1. 0. 1. 1. 1. 0. 1. 1. 0. 1. 0.
 1. 1. 0. 0. 0. 1. 1. 0. 1. 1. 0. 1. 0. 0. 0. 1. 1. 1. 0. 1. 0. 1. 1. 0.
 1. 0. 0. 1. 1. 0. 0. 1. 0. 1. 1. 0. 0. 1. 0. 0. 1. 1. 0. 1. 1. 0. 0. 0.
 0. 1. 1. 0. 0. 1. 0. 0. 1. 0. 1. 1. 1. 0. 0. 0. 1. 1. 0. 0. 0. 0. 1. 0.
 0. 1. 0. 1. 1. 1. 1. 0. 0. 0. 0. 1. 1. 1. 1. 0. 1. 1. 1. 1. 0. 1. 0. 0.
 1. 0. 0. 1. 1. 1. 1. 1. 0. 0. 1. 1. 1. 0. 0. 1. 0. 1. 0. 0. 1. 0. 1. 0.
 1. 0. 0. 0.]"
577,randomforest,"{'criterion': 'gini', 'max_features': 'sqrt', 'n_estimators': 111}",0.576810341631497,0.21994152003434875,0.19896428752840623,0.32689036022978474,0.5743147235082718,0.22010721632072783,0.5707461106700651,0.14179104477611937,0.5708955223880597,0.5708955223880597,"{0: 0.5877144130095789, 1: 0.587714413009579}","{0: 0.5877144130095789, 1: 0.587714413009579}",0.587714413009579,"[[74 60]
 [55 79]]","[1. 0. 0. 0. 0. 1. 0. 1. 1. 0. 0. 0. 1. 0. 0. 0. 0. 0. 0. 0. 0. 1. 0. 0.
 0. 0. 1. 1. 1. 1. 1. 0. 0. 0. 1. 0. 0. 0. 1. 0. 0. 1. 1. 1. 0. 0. 1. 1.
 0. 0. 1. 1. 0. 1. 1. 1. 1. 1. 0. 1. 0. 0. 1. 0. 0. 0. 1. 1. 1. 0. 0. 0.
 1. 1. 0. 1. 1. 0. 0. 0. 1. 1. 1. 1. 0. 1. 0. 1. 1. 1. 1. 1. 0. 1. 1. 1.
 0. 0. 1. 1. 0. 1. 1. 1. 0. 0. 0. 1. 0. 1. 0. 0. 0. 1. 1. 1. 1. 0. 0. 0.
 0. 1. 1. 1. 1. 1. 1. 1. 0. 0. 0. 1. 1. 0. 1. 1. 0. 1. 0. 0. 1. 0. 0. 0.
 1. 1. 0. 0. 1. 1. 1. 0. 1. 1. 0. 1. 1. 0. 1. 0. 1. 1. 0. 0. 1. 1. 0. 1.
 1. 1. 0. 1. 1. 1. 0. 1. 1. 0. 1. 1. 0. 0. 1. 1. 0. 0. 1. 0. 0. 0. 1. 1.
 1. 1. 0. 0. 1. 1. 0. 0. 0. 0. 1. 1. 0. 0. 0. 0. 1. 1. 0. 1. 1. 1. 0. 0.
 1. 1. 0. 1. 0. 0. 0. 0. 1. 1. 1. 0. 1. 0. 0. 1. 1. 1. 1. 1. 0. 1. 0. 0.
 1. 1. 0. 0. 1. 1. 0. 1. 0. 1. 1. 0. 1. 0. 0. 1. 0. 1. 0. 1. 0. 0. 1. 1.
 1. 0. 1. 0.]","[0. 1. 0. 0. 0. 1. 1. 1. 0. 0. 0. 0. 0. 1. 0. 0. 1. 1. 0. 0. 0. 0. 0. 1.
 0. 0. 1. 0. 1. 0. 0. 1. 0. 1. 1. 0. 0. 0. 1. 0. 0. 0. 1. 1. 1. 0. 1. 0.
 1. 0. 1. 1. 0. 1. 1. 1. 1. 0. 1. 0. 0. 1. 1. 1. 0. 0. 0. 1. 1. 0. 1. 1.
 0. 0. 1. 0. 0. 1. 0. 1. 0. 1. 1. 1. 0. 1. 0. 1. 1. 1. 1. 1. 1. 1. 1. 0.
 0. 0. 1. 1. 1. 0. 0. 1. 1. 1. 0. 0. 0. 1. 1. 1. 0. 0. 0. 0. 1. 1. 1. 0.
 1. 0. 0. 1. 1. 0. 0. 0. 0. 1. 0. 0. 1. 1. 0. 1. 1. 1. 0. 1. 1. 0. 1. 0.
 1. 1. 0. 0. 0. 1. 1. 0. 1. 1. 0. 1. 0. 0. 0. 1. 1. 1. 0. 1. 0. 1. 1. 0.
 1. 0. 0. 1. 1. 0. 0. 1. 0. 1. 1. 0. 0. 1. 0. 0. 1. 1. 0. 1. 1. 0. 0. 0.
 0. 1. 1. 0. 0. 1. 0. 0. 1. 0. 1. 1. 1. 0. 0. 0. 1. 1. 0. 0. 0. 0. 1. 0.
 0. 1. 0. 1. 1. 1. 1. 0. 0. 0. 0. 1. 1. 1. 1. 0. 1. 1. 1. 1. 0. 1. 0. 0.
 1. 0. 0. 1. 1. 1. 1. 1. 0. 0. 1. 1. 1. 0. 0. 1. 0. 1. 0. 0. 1. 0. 1. 0.
 1. 0. 0. 0.]"
724,randomforest,"{'criterion': 'gini', 'max_features': 'sqrt', 'n_estimators': 53}",0.5896620943427751,0.19716077471655918,0.198850793407672,0.3480285783622068,0.582745586626635,0.2011695010492888,0.5708417461533105,0.14179104477611937,0.5708955223880597,0.5708955223880596,"{0: 0.590415460013366, 1: 0.5904154600133661}","{0: 0.590415460013366, 1: 0.5904154600133661}",0.5904154600133661,"[[75 59]
 [56 78]]","[1. 0. 0. 0. 0. 1. 0. 1. 1. 0. 0. 0. 1. 0. 0. 0. 1. 0. 0. 0. 0. 1. 0. 0.
 0. 0. 1. 1. 1. 1. 1. 0. 0. 0. 0. 1. 0. 0. 1. 0. 1. 0. 1. 0. 0. 0. 1. 1.
 0. 0. 1. 1. 0. 1. 1. 1. 1. 1. 0. 1. 0. 1. 1. 0. 0. 0. 1. 1. 1. 1. 1. 0.
 1. 1. 0. 1. 1. 0. 0. 0. 1. 1. 1. 0. 0. 1. 1. 1. 1. 1. 1. 1. 0. 1. 1. 1.
 0. 0. 0. 1. 1. 1. 1. 0. 0. 0. 0. 1. 0. 1. 0. 0. 1. 1. 1. 0. 1. 0. 0. 0.
 0. 1. 1. 1. 1. 1. 1. 1. 1. 0. 0. 0. 1. 0. 1. 1. 0. 1. 0. 1. 0. 0. 1. 0.
 0. 0. 0. 0. 1. 1. 1. 0. 1. 0. 0. 1. 1. 0. 1. 0. 1. 1. 0. 0. 1. 1. 0. 1.
 1. 1. 0. 1. 1. 1. 0. 1. 1. 0. 0. 0. 0. 1. 1. 1. 0. 0. 1. 1. 0. 0. 1. 1.
 1. 1. 1. 0. 0. 1. 0. 0. 0. 0. 0. 1. 0. 0. 0. 0. 1. 1. 0. 1. 1. 0. 0. 0.
 1. 1. 0. 1. 0. 0. 0. 0. 1. 1. 1. 0. 1. 0. 1. 1. 1. 1. 1. 1. 0. 1. 0. 0.
 1. 1. 0. 0. 1. 1. 1. 1. 0. 0. 1. 0. 1. 0. 0. 1. 0. 0. 0. 1. 0. 0. 1. 1.
 1. 0. 1. 0.]","[0. 1. 0. 0. 0. 1. 1. 1. 0. 0. 0. 0. 0. 1. 0. 0. 1. 1. 0. 0. 0. 0. 0. 1.
 0. 0. 1. 0. 1. 0. 0. 1. 0. 1. 1. 0. 0. 0. 1. 0. 0. 0. 1. 1. 1. 0. 1. 0.
 1. 0. 1. 1. 0. 1. 1. 1. 1. 0. 1. 0. 0. 1. 1. 1. 0. 0. 0. 1. 1. 0. 1. 1.
 0. 0. 1. 0. 0. 1. 0. 1. 0. 1. 1. 1. 0. 1. 0. 1. 1. 1. 1. 1. 1. 1. 1. 0.
 0. 0. 1. 1. 1. 0. 0. 1. 1. 1. 0. 0. 0. 1. 1. 1. 0. 0. 0. 0. 1. 1. 1. 0.
 1. 0. 0. 1. 1. 0. 0. 0. 0. 1. 0. 0. 1. 1. 0. 1. 1. 1. 0. 1. 1. 0. 1. 0.
 1. 1. 0. 0. 0. 1. 1. 0. 1. 1. 0. 1. 0. 0. 0. 1. 1. 1. 0. 1. 0. 1. 1. 0.
 1. 0. 0. 1. 1. 0. 0. 1. 0. 1. 1. 0. 0. 1. 0. 0. 1. 1. 0. 1. 1. 0. 0. 0.
 0. 1. 1. 0. 0. 1. 0. 0. 1. 0. 1. 1. 1. 0. 0. 0. 1. 1. 0. 0. 0. 0. 1. 0.
 0. 1. 0. 1. 1. 1. 1. 0. 0. 0. 0. 1. 1. 1. 1. 0. 1. 1. 1. 1. 0. 1. 0. 0.
 1. 0. 0. 1. 1. 1. 1. 1. 0. 0. 1. 1. 1. 0. 0. 1. 0. 1. 0. 0. 1. 0. 1. 0.
 1. 0. 0. 0.]"
815,randomforest,"{'criterion': 'gini', 'max_features': 'sqrt', 'n_estimators': 419}",0.6045954168819444,0.1954415347832678,0.1986661687362227,0.3833425104557225,0.5950232954769246,0.20545083071403647,0.57830536795934,0.15671641791044777,0.5783582089552238,0.5783582089552239,"{0: 0.5957897081755401, 1: 0.5957897081755401}","{0: 0.5957897081755401, 1: 0.5957897081755401}",0.5957897081755401,"[[76 58]
 [55 79]]","[1. 0. 0. 0. 0. 1. 0. 1. 1. 0. 0. 0. 1. 0. 0. 0. 1. 0. 0. 0. 0. 1. 0. 0.
 0. 0. 1. 1. 1. 1. 1. 0. 0. 0. 1. 0. 1. 0. 1. 0. 1. 0. 1. 0. 0. 0. 1. 1.
 0. 0. 1. 0. 1. 1. 1. 1. 1. 1. 0. 1. 0. 0. 1. 0. 0. 0. 1. 1. 1. 1. 0. 0.
 0. 1. 0. 1. 1. 0. 0. 0. 1. 1. 1. 0. 0. 1. 0. 1. 1. 1. 1. 1. 0. 1. 1. 1.
 0. 0. 1. 1. 0. 1. 0. 0. 0. 0. 0. 0. 0. 1. 0. 0. 0. 1. 1. 0. 1. 0. 0. 0.
 0. 1. 1. 1. 1. 1. 1. 1. 1. 0. 0. 1. 1. 0. 1. 1. 0. 1. 0. 1. 1. 0. 1. 0.
 1. 0. 0. 0. 1. 1. 1. 0. 1. 0. 0. 1. 1. 0. 1. 0. 1. 1. 0. 0. 1. 1. 0. 1.
 1. 1. 0. 1. 1. 1. 0. 1. 1. 0. 1. 0. 0. 0. 1. 1. 0. 0. 1. 1. 0. 0. 1. 1.
 1. 1. 0. 0. 1. 1. 0. 0. 0. 0. 1. 1. 0. 0. 0. 0. 1. 1. 0. 1. 1. 1. 0. 0.
 1. 1. 0. 1. 0. 0. 0. 0. 1. 1. 1. 0. 1. 0. 1. 1. 1. 1. 1. 1. 0. 1. 0. 0.
 1. 1. 0. 0. 1. 1. 1. 1. 0. 0. 1. 0. 1. 0. 0. 1. 0. 1. 0. 1. 0. 0. 1. 1.
 1. 0. 1. 0.]","[0. 1. 0. 0. 0. 1. 1. 1. 0. 0. 0. 0. 0. 1. 0. 0. 1. 1. 0. 0. 0. 0. 0. 1.
 0. 0. 1. 0. 1. 0. 0. 1. 0. 1. 1. 0. 0. 0. 1. 0. 0. 0. 1. 1. 1. 0. 1. 0.
 1. 0. 1. 1. 0. 1. 1. 1. 1. 0. 1. 0. 0. 1. 1. 1. 0. 0. 0. 1. 1. 0. 1. 1.
 0. 0. 1. 0. 0. 1. 0. 1. 0. 1. 1. 1. 0. 1. 0. 1. 1. 1. 1. 1. 1. 1. 1. 0.
 0. 0. 1. 1. 1. 0. 0. 1. 1. 1. 0. 0. 0. 1. 1. 1. 0. 0. 0. 0. 1. 1. 1. 0.
 1. 0. 0. 1. 1. 0. 0. 0. 0. 1. 0. 0. 1. 1. 0. 1. 1. 1. 0. 1. 1. 0. 1. 0.
 1. 1. 0. 0. 0. 1. 1. 0. 1. 1. 0. 1. 0. 0. 0. 1. 1. 1. 0. 1. 0. 1. 1. 0.
 1. 0. 0. 1. 1. 0. 0. 1. 0. 1. 1. 0. 0. 1. 0. 0. 1. 1. 0. 1. 1. 0. 0. 0.
 0. 1. 1. 0. 0. 1. 0. 0. 1. 0. 1. 1. 1. 0. 0. 0. 1. 1. 0. 0. 0. 0. 1. 0.
 0. 1. 0. 1. 1. 1. 1. 0. 0. 0. 0. 1. 1. 1. 1. 0. 1. 1. 1. 1. 0. 1. 0. 0.
 1. 0. 0. 1. 1. 1. 1. 1. 0. 0. 1. 1. 1. 0. 0. 1. 0. 1. 0. 0. 1. 0. 1. 0.
 1. 0. 0. 0.]"
743,randomforest,"{'criterion': 'gini', 'max_features': 'sqrt', 'n_estimators': 161}",0.588807626023718,0.19826804182000715,0.198588589249899,0.3560243006925309,0.5811026712236389,0.20430676148668844,0.5596769702032859,0.11940298507462688,0.5597014925373134,0.5597014925373134,"{0: 0.5710069057696592, 1: 0.5710069057696592}","{0: 0.5710069057696592, 1: 0.5710069057696592}",0.5710069057696592,"[[74 60]
 [58 76]]","[1. 0. 0. 0. 0. 1. 0. 1. 1. 0. 0. 0. 1. 0. 0. 0. 1. 0. 0. 0. 0. 1. 0. 0.
 0. 0. 1. 1. 1. 1. 1. 0. 0. 0. 1. 1. 0. 0. 1. 0. 0. 0. 1. 0. 0. 0. 1. 1.
 0. 0. 1. 0. 0. 1. 1. 1. 1. 1. 0. 1. 0. 0. 1. 0. 0. 0. 1. 1. 1. 1. 0. 0.
 1. 1. 0. 1. 1. 0. 0. 0. 1. 1. 1. 0. 0. 1. 0. 1. 1. 1. 1. 1. 0. 1. 1. 1.
 0. 0. 1. 1. 0. 1. 0. 0. 0. 0. 0. 1. 0. 1. 0. 0. 0. 1. 1. 0. 1. 0. 0. 0.
 0. 1. 1. 1. 1. 1. 1. 1. 1. 0. 0. 1. 1. 0. 1. 1. 0. 1. 0. 1. 1. 0. 0. 0.
 1. 0. 0. 0. 1. 1. 1. 0. 1. 0. 0. 1. 1. 0. 1. 0. 1. 1. 0. 0. 1. 1. 0. 1.
 1. 1. 0. 1. 1. 0. 0. 1. 1. 0. 1. 1. 0. 0. 1. 1. 0. 0. 1. 1. 0. 0. 1. 1.
 1. 1. 1. 0. 1. 1. 0. 1. 0. 0. 1. 1. 0. 0. 0. 0. 1. 1. 0. 1. 1. 0. 0. 0.
 1. 1. 1. 1. 0. 0. 0. 0. 1. 1. 1. 0. 0. 0. 0. 1. 1. 1. 1. 1. 0. 1. 0. 0.
 1. 1. 0. 0. 1. 1. 0. 1. 0. 1. 1. 0. 1. 0. 0. 1. 0. 1. 0. 1. 0. 0. 1. 1.
 1. 0. 1. 0.]","[0. 1. 0. 0. 0. 1. 1. 1. 0. 0. 0. 0. 0. 1. 0. 0. 1. 1. 0. 0. 0. 0. 0. 1.
 0. 0. 1. 0. 1. 0. 0. 1. 0. 1. 1. 0. 0. 0. 1. 0. 0. 0. 1. 1. 1. 0. 1. 0.
 1. 0. 1. 1. 0. 1. 1. 1. 1. 0. 1. 0. 0. 1. 1. 1. 0. 0. 0. 1. 1. 0. 1. 1.
 0. 0. 1. 0. 0. 1. 0. 1. 0. 1. 1. 1. 0. 1. 0. 1. 1. 1. 1. 1. 1. 1. 1. 0.
 0. 0. 1. 1. 1. 0. 0. 1. 1. 1. 0. 0. 0. 1. 1. 1. 0. 0. 0. 0. 1. 1. 1. 0.
 1. 0. 0. 1. 1. 0. 0. 0. 0. 1. 0. 0. 1. 1. 0. 1. 1. 1. 0. 1. 1. 0. 1. 0.
 1. 1. 0. 0. 0. 1. 1. 0. 1. 1. 0. 1. 0. 0. 0. 1. 1. 1. 0. 1. 0. 1. 1. 0.
 1. 0. 0. 1. 1. 0. 0. 1. 0. 1. 1. 0. 0. 1. 0. 0. 1. 1. 0. 1. 1. 0. 0. 0.
 0. 1. 1. 0. 0. 1. 0. 0. 1. 0. 1. 1. 1. 0. 0. 0. 1. 1. 0. 0. 0. 0. 1. 0.
 0. 1. 0. 1. 1. 1. 1. 0. 0. 0. 0. 1. 1. 1. 1. 0. 1. 1. 1. 1. 0. 1. 0. 0.
 1. 0. 0. 1. 1. 1. 1. 1. 0. 0. 1. 1. 1. 0. 0. 1. 0. 1. 0. 0. 1. 0. 1. 0.
 1. 0. 0. 0.]"
738,randomforest,"{'criterion': 'gini', 'max_features': 'sqrt', 'n_estimators': 57}",0.591310736049171,0.2091872275841279,0.19855522097609693,0.3730685249143156,0.5849069091004574,0.21405736101884285,0.5707461106700651,0.14179104477611937,0.5708955223880597,0.5708955223880597,"{0: 0.5975718422811317, 1: 0.5975718422811317}","{0: 0.5975718422811317, 1: 0.5975718422811317}",0.5975718422811317,"[[74 60]
 [55 79]]","[1. 0. 0. 0. 0. 1. 0. 1. 1. 0. 0. 0. 1. 0. 0. 0. 1. 0. 0. 0. 0. 1. 0. 0.
 0. 0. 1. 1. 1. 1. 1. 0. 0. 0. 1. 1. 0. 0. 1. 0. 0. 0. 1. 0. 0. 0. 1. 1.
 0. 0. 1. 0. 1. 1. 1. 1. 1. 1. 0. 1. 1. 0. 1. 1. 0. 0. 1. 1. 1. 1. 0. 0.
 1. 1. 0. 0. 1. 0. 0. 0. 0. 1. 1. 0. 0. 1. 0. 1. 1. 1. 1. 1. 0. 1. 1. 1.
 0. 0. 1. 1. 0. 1. 1. 0. 0. 0. 0. 1. 0. 1. 0. 0. 0. 1. 1. 0. 1. 0. 0. 0.
 0. 1. 1. 1. 1. 1. 1. 1. 1. 0. 0. 0. 1. 0. 1. 1. 0. 1. 0. 1. 1. 0. 1. 0.
 0. 0. 0. 1. 1. 1. 1. 0. 1. 0. 0. 1. 1. 0. 1. 0. 1. 1. 0. 0. 1. 1. 0. 1.
 1. 1. 0. 1. 1. 0. 0. 1. 1. 0. 1. 0. 0. 1. 1. 1. 0. 0. 1. 0. 0. 0. 1. 1.
 1. 1. 1. 1. 1. 1. 0. 0. 0. 0. 1. 1. 0. 0. 0. 0. 1. 1. 0. 1. 1. 0. 0. 0.
 1. 1. 1. 0. 0. 1. 0. 0. 1. 1. 1. 0. 1. 0. 1. 1. 1. 1. 1. 1. 0. 1. 0. 0.
 1. 1. 0. 0. 1. 1. 1. 1. 0. 1. 1. 0. 1. 0. 0. 1. 0. 0. 0. 1. 0. 0. 1. 1.
 1. 0. 1. 0.]","[0. 1. 0. 0. 0. 1. 1. 1. 0. 0. 0. 0. 0. 1. 0. 0. 1. 1. 0. 0. 0. 0. 0. 1.
 0. 0. 1. 0. 1. 0. 0. 1. 0. 1. 1. 0. 0. 0. 1. 0. 0. 0. 1. 1. 1. 0. 1. 0.
 1. 0. 1. 1. 0. 1. 1. 1. 1. 0. 1. 0. 0. 1. 1. 1. 0. 0. 0. 1. 1. 0. 1. 1.
 0. 0. 1. 0. 0. 1. 0. 1. 0. 1. 1. 1. 0. 1. 0. 1. 1. 1. 1. 1. 1. 1. 1. 0.
 0. 0. 1. 1. 1. 0. 0. 1. 1. 1. 0. 0. 0. 1. 1. 1. 0. 0. 0. 0. 1. 1. 1. 0.
 1. 0. 0. 1. 1. 0. 0. 0. 0. 1. 0. 0. 1. 1. 0. 1. 1. 1. 0. 1. 1. 0. 1. 0.
 1. 1. 0. 0. 0. 1. 1. 0. 1. 1. 0. 1. 0. 0. 0. 1. 1. 1. 0. 1. 0. 1. 1. 0.
 1. 0. 0. 1. 1. 0. 0. 1. 0. 1. 1. 0. 0. 1. 0. 0. 1. 1. 0. 1. 1. 0. 0. 0.
 0. 1. 1. 0. 0. 1. 0. 0. 1. 0. 1. 1. 1. 0. 0. 0. 1. 1. 0. 0. 0. 0. 1. 0.
 0. 1. 0. 1. 1. 1. 1. 0. 0. 0. 0. 1. 1. 1. 1. 0. 1. 1. 1. 1. 0. 1. 0. 0.
 1. 0. 0. 1. 1. 1. 1. 1. 0. 0. 1. 1. 1. 0. 0. 1. 0. 1. 0. 0. 1. 0. 1. 0.
 1. 0. 0. 0.]"
331,randomforest,"{'criterion': 'gini', 'max_features': 'sqrt', 'n_estimators': 419}",0.5980981296446192,0.19342836987116457,0.19850329491239735,0.34344267615001317,0.5911683559869043,0.19830049202506775,0.5740337962188389,0.14925373134328357,0.5746268656716418,0.5746268656716418,"{0: 0.5840666072621965, 1: 0.5840666072621965}","{0: 0.5840666072621965, 1: 0.5840666072621965}",0.5840666072621965,"[[72 62]
 [52 82]]","[1. 0. 0. 0. 0. 1. 0. 1. 1. 0. 0. 0. 1. 0. 0. 0. 1. 0. 0. 0. 0. 1. 0. 0.
 0. 0. 1. 1. 1. 1. 1. 0. 0. 0. 1. 0. 0. 0. 1. 0. 0. 0. 1. 0. 0. 0. 1. 1.
 0. 0. 1. 0. 1. 1. 1. 1. 1. 1. 0. 1. 1. 0. 1. 1. 0. 0. 1. 1. 1. 1. 0. 0.
 1. 1. 0. 1. 1. 0. 0. 0. 1. 1. 1. 0. 0. 1. 0. 1. 1. 1. 1. 1. 0. 1. 1. 1.
 0. 0. 1. 1. 0. 1. 1. 0. 0. 0. 0. 1. 0. 1. 0. 0. 0. 1. 1. 0. 1. 0. 0. 0.
 0. 1. 1. 1. 1. 1. 1. 1. 1. 0. 0. 1. 1. 0. 1. 1. 0. 1. 0. 1. 1. 0. 0. 0.
 1. 0. 0. 0. 1. 1. 1. 0. 1. 1. 0. 1. 1. 0. 1. 0. 1. 1. 0. 0. 1. 1. 0. 1.
 1. 1. 0. 1. 1. 0. 0. 1. 1. 0. 1. 0. 0. 1. 1. 1. 0. 0. 1. 1. 0. 0. 1. 1.
 1. 1. 1. 1. 1. 1. 0. 1. 0. 0. 1. 1. 0. 0. 0. 0. 1. 1. 0. 1. 1. 1. 0. 0.
 1. 1. 0. 1. 0. 0. 0. 0. 1. 1. 1. 0. 1. 0. 1. 1. 1. 1. 1. 1. 0. 1. 0. 0.
 1. 1. 0. 0. 1. 1. 1. 1. 0. 1. 1. 0. 1. 0. 0. 1. 0. 1. 0. 1. 0. 0. 1. 1.
 1. 0. 1. 0.]","[0. 1. 0. 0. 0. 1. 1. 1. 0. 0. 0. 0. 0. 1. 0. 0. 1. 1. 0. 0. 0. 0. 0. 1.
 0. 0. 1. 0. 1. 0. 0. 1. 0. 1. 1. 0. 0. 0. 1. 0. 0. 0. 1. 1. 1. 0. 1. 0.
 1. 0. 1. 1. 0. 1. 1. 1. 1. 0. 1. 0. 0. 1. 1. 1. 0. 0. 0. 1. 1. 0. 1. 1.
 0. 0. 1. 0. 0. 1. 0. 1. 0. 1. 1. 1. 0. 1. 0. 1. 1. 1. 1. 1. 1. 1. 1. 0.
 0. 0. 1. 1. 1. 0. 0. 1. 1. 1. 0. 0. 0. 1. 1. 1. 0. 0. 0. 0. 1. 1. 1. 0.
 1. 0. 0. 1. 1. 0. 0. 0. 0. 1. 0. 0. 1. 1. 0. 1. 1. 1. 0. 1. 1. 0. 1. 0.
 1. 1. 0. 0. 0. 1. 1. 0. 1. 1. 0. 1. 0. 0. 0. 1. 1. 1. 0. 1. 0. 1. 1. 0.
 1. 0. 0. 1. 1. 0. 0. 1. 0. 1. 1. 0. 0. 1. 0. 0. 1. 1. 0. 1. 1. 0. 0. 0.
 0. 1. 1. 0. 0. 1. 0. 0. 1. 0. 1. 1. 1. 0. 0. 0. 1. 1. 0. 0. 0. 0. 1. 0.
 0. 1. 0. 1. 1. 1. 1. 0. 0. 0. 0. 1. 1. 1. 1. 0. 1. 1. 1. 1. 0. 1. 0. 0.
 1. 0. 0. 1. 1. 1. 1. 1. 0. 0. 1. 1. 1. 0. 0. 1. 0. 1. 0. 0. 1. 0. 1. 0.
 1. 0. 0. 0.]"
871,AdaBoost,"{'algorithm': 'SAMME.R', 'learning_rate': 0.9979591836734693, 'n_estimators': 74}",0.5934744221027954,0.1590124912119672,0.19844640993976795,0.2811987880951867,0.589293205674254,0.15539867609498353,0.5856766807337149,0.17164179104477617,0.585820895522388,0.585820895522388,"{0: 0.5844286032523947, 1: 0.5844286032523948}","{0: 0.5844286032523947, 1: 0.5844286032523948}",0.5844286032523948,"[[76 58]
 [53 81]]","[0. 0. 0. 0. 1. 1. 0. 1. 1. 0. 0. 0. 1. 1. 0. 1. 1. 0. 0. 0. 0. 1. 1. 0.
 0. 1. 1. 0. 1. 1. 1. 0. 0. 0. 1. 0. 0. 0. 1. 0. 0. 1. 1. 1. 0. 0. 1. 0.
 0. 0. 1. 1. 0. 1. 1. 1. 1. 0. 0. 0. 0. 0. 1. 0. 0. 0. 1. 0. 1. 0. 0. 1.
 1. 1. 0. 1. 1. 0. 1. 0. 1. 1. 1. 0. 0. 1. 0. 1. 1. 1. 1. 1. 0. 1. 0. 0.
 0. 0. 1. 1. 0. 1. 0. 0. 1. 0. 0. 1. 0. 1. 0. 0. 0. 0. 1. 0. 1. 1. 0. 0.
 1. 1. 1. 0. 0. 0. 1. 1. 1. 0. 0. 1. 1. 0. 1. 1. 0. 1. 1. 0. 1. 0. 1. 0.
 0. 1. 1. 1. 1. 1. 1. 0. 1. 0. 0. 1. 1. 1. 1. 0. 1. 0. 0. 0. 1. 0. 0. 1.
 1. 1. 1. 1. 1. 1. 0. 1. 0. 1. 1. 1. 0. 1. 1. 1. 0. 0. 0. 0. 1. 0. 0. 1.
 1. 1. 0. 1. 0. 1. 0. 1. 1. 0. 1. 1. 1. 0. 1. 0. 0. 1. 0. 1. 1. 0. 0. 0.
 1. 0. 0. 0. 0. 1. 0. 0. 0. 0. 1. 1. 1. 1. 0. 1. 1. 1. 1. 1. 0. 1. 0. 0.
 1. 1. 1. 0. 1. 1. 0. 1. 0. 1. 1. 0. 1. 0. 0. 1. 0. 1. 0. 1. 1. 1. 1. 0.
 0. 0. 1. 0.]","[0. 1. 0. 0. 0. 1. 1. 1. 0. 0. 0. 0. 0. 1. 0. 0. 1. 1. 0. 0. 0. 0. 0. 1.
 0. 0. 1. 0. 1. 0. 0. 1. 0. 1. 1. 0. 0. 0. 1. 0. 0. 0. 1. 1. 1. 0. 1. 0.
 1. 0. 1. 1. 0. 1. 1. 1. 1. 0. 1. 0. 0. 1. 1. 1. 0. 0. 0. 1. 1. 0. 1. 1.
 0. 0. 1. 0. 0. 1. 0. 1. 0. 1. 1. 1. 0. 1. 0. 1. 1. 1. 1. 1. 1. 1. 1. 0.
 0. 0. 1. 1. 1. 0. 0. 1. 1. 1. 0. 0. 0. 1. 1. 1. 0. 0. 0. 0. 1. 1. 1. 0.
 1. 0. 0. 1. 1. 0. 0. 0. 0. 1. 0. 0. 1. 1. 0. 1. 1. 1. 0. 1. 1. 0. 1. 0.
 1. 1. 0. 0. 0. 1. 1. 0. 1. 1. 0. 1. 0. 0. 0. 1. 1. 1. 0. 1. 0. 1. 1. 0.
 1. 0. 0. 1. 1. 0. 0. 1. 0. 1. 1. 0. 0. 1. 0. 0. 1. 1. 0. 1. 1. 0. 0. 0.
 0. 1. 1. 0. 0. 1. 0. 0. 1. 0. 1. 1. 1. 0. 0. 0. 1. 1. 0. 0. 0. 0. 1. 0.
 0. 1. 0. 1. 1. 1. 1. 0. 0. 0. 0. 1. 1. 1. 1. 0. 1. 1. 1. 1. 0. 1. 0. 0.
 1. 0. 0. 1. 1. 1. 1. 1. 0. 0. 1. 1. 1. 0. 0. 1. 0. 1. 0. 0. 1. 0. 1. 0.
 1. 0. 0. 0.]"
981,randomforest,"{'criterion': 'gini', 'max_features': 'log2', 'n_estimators': 503}",0.5957279393510418,0.19584080947985466,0.19843937456201158,0.3538925026284247,0.5879985531195208,0.2002547497223889,0.5742474916387961,0.14925373134328357,0.5746268656716418,0.5746268656716418,"{0: 0.5918912898195591, 1: 0.591891289819559}","{0: 0.5918912898195591, 1: 0.591891289819559}",0.591891289819559,"[[73 61]
 [53 81]]","[1. 0. 0. 0. 0. 1. 0. 1. 1. 0. 0. 0. 1. 0. 0. 0. 1. 0. 0. 0. 0. 1. 0. 0.
 0. 0. 1. 1. 1. 1. 1. 0. 0. 0. 1. 0. 1. 0. 1. 0. 0. 0. 1. 0. 0. 0. 1. 1.
 0. 0. 1. 0. 1. 1. 1. 1. 1. 1. 0. 1. 0. 0. 1. 0. 0. 0. 1. 1. 1. 1. 0. 0.
 1. 1. 0. 1. 1. 0. 0. 0. 1. 1. 1. 1. 0. 1. 0. 1. 1. 1. 1. 1. 0. 1. 1. 1.
 0. 0. 1. 1. 0. 1. 1. 0. 0. 0. 0. 1. 0. 1. 0. 0. 0. 1. 1. 0. 1. 0. 0. 0.
 0. 1. 1. 1. 1. 1. 1. 1. 1. 0. 0. 1. 1. 0. 1. 1. 0. 1. 0. 1. 1. 0. 0. 0.
 1. 0. 0. 0. 1. 1. 1. 0. 1. 1. 0. 1. 1. 0. 1. 0. 1. 1. 0. 0. 1. 1. 0. 1.
 1. 1. 0. 1. 1. 0. 0. 1. 1. 0. 1. 0. 0. 0. 1. 1. 0. 0. 1. 1. 0. 0. 1. 1.
 1. 1. 1. 1. 1. 1. 0. 0. 0. 0. 1. 1. 0. 0. 0. 0. 1. 1. 0. 1. 1. 1. 0. 0.
 1. 1. 0. 1. 0. 0. 0. 0. 1. 1. 1. 0. 1. 0. 1. 1. 1. 1. 1. 1. 0. 1. 0. 0.
 1. 1. 0. 0. 1. 1. 1. 1. 0. 1. 1. 0. 1. 0. 0. 1. 0. 1. 0. 1. 0. 0. 1. 1.
 1. 0. 1. 0.]","[0. 1. 0. 0. 0. 1. 1. 1. 0. 0. 0. 0. 0. 1. 0. 0. 1. 1. 0. 0. 0. 0. 0. 1.
 0. 0. 1. 0. 1. 0. 0. 1. 0. 1. 1. 0. 0. 0. 1. 0. 0. 0. 1. 1. 1. 0. 1. 0.
 1. 0. 1. 1. 0. 1. 1. 1. 1. 0. 1. 0. 0. 1. 1. 1. 0. 0. 0. 1. 1. 0. 1. 1.
 0. 0. 1. 0. 0. 1. 0. 1. 0. 1. 1. 1. 0. 1. 0. 1. 1. 1. 1. 1. 1. 1. 1. 0.
 0. 0. 1. 1. 1. 0. 0. 1. 1. 1. 0. 0. 0. 1. 1. 1. 0. 0. 0. 0. 1. 1. 1. 0.
 1. 0. 0. 1. 1. 0. 0. 0. 0. 1. 0. 0. 1. 1. 0. 1. 1. 1. 0. 1. 1. 0. 1. 0.
 1. 1. 0. 0. 0. 1. 1. 0. 1. 1. 0. 1. 0. 0. 0. 1. 1. 1. 0. 1. 0. 1. 1. 0.
 1. 0. 0. 1. 1. 0. 0. 1. 0. 1. 1. 0. 0. 1. 0. 0. 1. 1. 0. 1. 1. 0. 0. 0.
 0. 1. 1. 0. 0. 1. 0. 0. 1. 0. 1. 1. 1. 0. 0. 0. 1. 1. 0. 0. 0. 0. 1. 0.
 0. 1. 0. 1. 1. 1. 1. 0. 0. 0. 0. 1. 1. 1. 1. 0. 1. 1. 1. 1. 0. 1. 0. 0.
 1. 0. 0. 1. 1. 1. 1. 1. 0. 0. 1. 1. 1. 0. 0. 1. 0. 1. 0. 0. 1. 0. 1. 0.
 1. 0. 0. 0.]"
35,randomforest,"{'criterion': 'gini', 'max_features': 'sqrt', 'n_estimators': 451}",0.5985836203271653,0.20119870617445548,0.19839831431953966,0.3515320036369921,0.5937132685116556,0.2031773731168487,0.5818799799409373,0.16417910447761197,0.582089552238806,0.5820895522388059,"{0: 0.6039206950323012, 1: 0.6039206950323012}","{0: 0.6039206950323012, 1: 0.6039206950323012}",0.6039206950323012,"[[75 59]
 [53 81]]","[1. 0. 0. 0. 0. 1. 0. 1. 1. 0. 0. 0. 1. 0. 0. 0. 1. 0. 0. 0. 0. 1. 0. 0.
 0. 0. 1. 1. 1. 1. 1. 0. 0. 0. 1. 0. 0. 0. 1. 0. 0. 0. 1. 1. 0. 0. 1. 0.
 0. 0. 1. 0. 1. 1. 1. 1. 1. 1. 0. 1. 1. 1. 1. 1. 0. 0. 1. 1. 1. 1. 0. 0.
 1. 1. 0. 1. 1. 0. 0. 0. 1. 1. 1. 0. 0. 1. 0. 1. 1. 1. 1. 1. 0. 1. 1. 1.
 0. 0. 1. 1. 0. 1. 0. 0. 0. 0. 0. 1. 0. 1. 0. 0. 0. 1. 1. 0. 1. 0. 0. 0.
 0. 1. 1. 1. 1. 1. 1. 1. 1. 0. 0. 1. 1. 0. 1. 1. 0. 1. 0. 1. 1. 0. 0. 0.
 0. 0. 0. 0. 1. 1. 1. 0. 1. 1. 0. 1. 1. 0. 1. 0. 1. 1. 0. 0. 1. 1. 0. 1.
 1. 1. 0. 1. 1. 0. 0. 1. 1. 0. 1. 0. 0. 1. 1. 1. 0. 0. 1. 1. 0. 0. 1. 1.
 0. 1. 1. 1. 1. 1. 0. 0. 0. 0. 1. 1. 0. 1. 0. 0. 1. 1. 0. 1. 1. 1. 0. 0.
 1. 1. 0. 1. 0. 0. 0. 0. 1. 1. 1. 0. 0. 0. 1. 1. 1. 1. 1. 1. 0. 1. 0. 0.
 1. 1. 0. 0. 1. 1. 0. 1. 0. 1. 1. 0. 1. 0. 0. 1. 0. 1. 0. 1. 0. 0. 1. 1.
 1. 0. 1. 0.]","[0. 1. 0. 0. 0. 1. 1. 1. 0. 0. 0. 0. 0. 1. 0. 0. 1. 1. 0. 0. 0. 0. 0. 1.
 0. 0. 1. 0. 1. 0. 0. 1. 0. 1. 1. 0. 0. 0. 1. 0. 0. 0. 1. 1. 1. 0. 1. 0.
 1. 0. 1. 1. 0. 1. 1. 1. 1. 0. 1. 0. 0. 1. 1. 1. 0. 0. 0. 1. 1. 0. 1. 1.
 0. 0. 1. 0. 0. 1. 0. 1. 0. 1. 1. 1. 0. 1. 0. 1. 1. 1. 1. 1. 1. 1. 1. 0.
 0. 0. 1. 1. 1. 0. 0. 1. 1. 1. 0. 0. 0. 1. 1. 1. 0. 0. 0. 0. 1. 1. 1. 0.
 1. 0. 0. 1. 1. 0. 0. 0. 0. 1. 0. 0. 1. 1. 0. 1. 1. 1. 0. 1. 1. 0. 1. 0.
 1. 1. 0. 0. 0. 1. 1. 0. 1. 1. 0. 1. 0. 0. 0. 1. 1. 1. 0. 1. 0. 1. 1. 0.
 1. 0. 0. 1. 1. 0. 0. 1. 0. 1. 1. 0. 0. 1. 0. 0. 1. 1. 0. 1. 1. 0. 0. 0.
 0. 1. 1. 0. 0. 1. 0. 0. 1. 0. 1. 1. 1. 0. 0. 0. 1. 1. 0. 0. 0. 0. 1. 0.
 0. 1. 0. 1. 1. 1. 1. 0. 0. 0. 0. 1. 1. 1. 1. 0. 1. 1. 1. 1. 0. 1. 0. 0.
 1. 0. 0. 1. 1. 1. 1. 1. 0. 0. 1. 1. 1. 0. 0. 1. 0. 1. 0. 0. 1. 0. 1. 0.
 1. 0. 0. 0.]"
111,randomforest,"{'criterion': 'entropy', 'max_features': 'sqrt', 'n_estimators': 247}",0.6026823530819437,0.19071930493117276,0.1982903167346218,0.35387368075509307,0.5940771985630856,0.19993238491288354,0.5819964349376114,0.16417910447761197,0.582089552238806,0.5820895522388059,"{0: 0.5968478503007351, 1: 0.5968478503007351}","{0: 0.5968478503007351, 1: 0.5968478503007351}",0.5968478503007351,"[[76 58]
 [54 80]]","[1. 0. 0. 0. 0. 1. 0. 1. 1. 0. 0. 0. 1. 0. 0. 0. 1. 0. 0. 0. 0. 1. 0. 0.
 0. 0. 1. 1. 1. 1. 1. 0. 0. 0. 1. 0. 1. 0. 1. 0. 0. 0. 1. 0. 0. 0. 1. 0.
 0. 0. 1. 0. 1. 1. 1. 1. 1. 1. 0. 1. 1. 0. 1. 0. 0. 0. 1. 1. 1. 1. 0. 0.
 0. 1. 0. 1. 1. 0. 1. 0. 0. 1. 1. 0. 0. 1. 0. 1. 1. 1. 1. 1. 0. 1. 1. 1.
 0. 0. 1. 1. 0. 1. 0. 0. 0. 0. 0. 1. 0. 1. 0. 0. 0. 1. 1. 0. 1. 0. 0. 0.
 0. 1. 1. 1. 1. 1. 1. 1. 1. 0. 0. 1. 1. 0. 1. 1. 0. 1. 0. 1. 1. 0. 1. 0.
 0. 0. 0. 0. 1. 1. 1. 0. 1. 1. 0. 1. 1. 0. 1. 0. 1. 1. 0. 0. 1. 1. 0. 1.
 1. 1. 0. 1. 1. 1. 0. 1. 1. 0. 1. 0. 0. 0. 1. 1. 0. 0. 1. 1. 0. 0. 1. 1.
 0. 1. 1. 0. 1. 1. 0. 1. 0. 0. 1. 1. 0. 0. 0. 0. 1. 1. 0. 1. 1. 1. 0. 0.
 1. 1. 0. 1. 0. 0. 0. 0. 1. 1. 1. 0. 1. 0. 1. 1. 1. 1. 1. 1. 0. 1. 0. 0.
 1. 1. 0. 0. 1. 1. 1. 1. 0. 1. 1. 0. 1. 0. 0. 1. 0. 1. 0. 1. 0. 0. 1. 0.
 1. 0. 1. 0.]","[0. 1. 0. 0. 0. 1. 1. 1. 0. 0. 0. 0. 0. 1. 0. 0. 1. 1. 0. 0. 0. 0. 0. 1.
 0. 0. 1. 0. 1. 0. 0. 1. 0. 1. 1. 0. 0. 0. 1. 0. 0. 0. 1. 1. 1. 0. 1. 0.
 1. 0. 1. 1. 0. 1. 1. 1. 1. 0. 1. 0. 0. 1. 1. 1. 0. 0. 0. 1. 1. 0. 1. 1.
 0. 0. 1. 0. 0. 1. 0. 1. 0. 1. 1. 1. 0. 1. 0. 1. 1. 1. 1. 1. 1. 1. 1. 0.
 0. 0. 1. 1. 1. 0. 0. 1. 1. 1. 0. 0. 0. 1. 1. 1. 0. 0. 0. 0. 1. 1. 1. 0.
 1. 0. 0. 1. 1. 0. 0. 0. 0. 1. 0. 0. 1. 1. 0. 1. 1. 1. 0. 1. 1. 0. 1. 0.
 1. 1. 0. 0. 0. 1. 1. 0. 1. 1. 0. 1. 0. 0. 0. 1. 1. 1. 0. 1. 0. 1. 1. 0.
 1. 0. 0. 1. 1. 0. 0. 1. 0. 1. 1. 0. 0. 1. 0. 0. 1. 1. 0. 1. 1. 0. 0. 0.
 0. 1. 1. 0. 0. 1. 0. 0. 1. 0. 1. 1. 1. 0. 0. 0. 1. 1. 0. 0. 0. 0. 1. 0.
 0. 1. 0. 1. 1. 1. 1. 0. 0. 0. 0. 1. 1. 1. 1. 0. 1. 1. 1. 1. 0. 1. 0. 0.
 1. 0. 0. 1. 1. 1. 1. 1. 0. 0. 1. 1. 1. 0. 0. 1. 0. 1. 0. 0. 1. 0. 1. 0.
 1. 0. 0. 0.]"
218,randomforest,"{'criterion': 'gini', 'max_features': 'log2', 'n_estimators': 131}",0.5927433435164565,0.18037241715032093,0.19780317407975168,0.3226040606587601,0.5880748041534332,0.18301281460283184,0.570171401475531,0.14179104477611937,0.5708955223880597,0.5708955223880596,"{0: 0.5843450657161953, 1: 0.5843450657161952}","{0: 0.5843450657161953, 1: 0.5843450657161952}",0.5843450657161952,"[[71 63]
 [52 82]]","[1. 0. 0. 0. 0. 1. 0. 1. 1. 0. 0. 1. 1. 0. 0. 0. 1. 0. 0. 0. 0. 1. 0. 0.
 0. 0. 1. 1. 1. 1. 1. 0. 0. 0. 1. 1. 0. 0. 1. 0. 0. 0. 1. 1. 0. 0. 1. 1.
 0. 0. 1. 1. 1. 1. 1. 1. 1. 1. 0. 1. 0. 0. 1. 0. 0. 0. 1. 1. 1. 1. 0. 0.
 1. 1. 0. 1. 1. 0. 0. 0. 1. 1. 1. 1. 0. 1. 0. 1. 1. 1. 1. 1. 0. 1. 1. 1.
 0. 0. 1. 1. 1. 1. 1. 0. 0. 0. 0. 0. 0. 1. 0. 0. 1. 1. 1. 0. 1. 0. 0. 0.
 0. 1. 1. 1. 1. 1. 1. 1. 1. 0. 0. 1. 1. 0. 1. 1. 0. 1. 0. 1. 1. 0. 0. 0.
 0. 0. 0. 0. 1. 1. 1. 0. 1. 1. 0. 1. 1. 0. 1. 0. 1. 1. 0. 0. 1. 0. 0. 1.
 1. 1. 1. 1. 1. 0. 0. 1. 1. 0. 1. 1. 0. 0. 1. 1. 0. 0. 1. 1. 1. 0. 1. 1.
 1. 1. 0. 0. 1. 1. 0. 0. 0. 0. 1. 1. 0. 0. 0. 0. 1. 1. 0. 1. 1. 1. 0. 0.
 1. 1. 0. 1. 0. 0. 0. 0. 1. 1. 1. 0. 1. 0. 1. 1. 1. 1. 1. 1. 0. 1. 0. 0.
 1. 1. 0. 0. 1. 1. 1. 1. 0. 1. 1. 0. 1. 0. 0. 1. 0. 1. 0. 1. 0. 0. 1. 1.
 1. 0. 1. 0.]","[0. 1. 0. 0. 0. 1. 1. 1. 0. 0. 0. 0. 0. 1. 0. 0. 1. 1. 0. 0. 0. 0. 0. 1.
 0. 0. 1. 0. 1. 0. 0. 1. 0. 1. 1. 0. 0. 0. 1. 0. 0. 0. 1. 1. 1. 0. 1. 0.
 1. 0. 1. 1. 0. 1. 1. 1. 1. 0. 1. 0. 0. 1. 1. 1. 0. 0. 0. 1. 1. 0. 1. 1.
 0. 0. 1. 0. 0. 1. 0. 1. 0. 1. 1. 1. 0. 1. 0. 1. 1. 1. 1. 1. 1. 1. 1. 0.
 0. 0. 1. 1. 1. 0. 0. 1. 1. 1. 0. 0. 0. 1. 1. 1. 0. 0. 0. 0. 1. 1. 1. 0.
 1. 0. 0. 1. 1. 0. 0. 0. 0. 1. 0. 0. 1. 1. 0. 1. 1. 1. 0. 1. 1. 0. 1. 0.
 1. 1. 0. 0. 0. 1. 1. 0. 1. 1. 0. 1. 0. 0. 0. 1. 1. 1. 0. 1. 0. 1. 1. 0.
 1. 0. 0. 1. 1. 0. 0. 1. 0. 1. 1. 0. 0. 1. 0. 0. 1. 1. 0. 1. 1. 0. 0. 0.
 0. 1. 1. 0. 0. 1. 0. 0. 1. 0. 1. 1. 1. 0. 0. 0. 1. 1. 0. 0. 0. 0. 1. 0.
 0. 1. 0. 1. 1. 1. 1. 0. 0. 0. 0. 1. 1. 1. 1. 0. 1. 1. 1. 1. 0. 1. 0. 0.
 1. 0. 0. 1. 1. 1. 1. 1. 0. 0. 1. 1. 1. 0. 0. 1. 0. 1. 0. 0. 1. 0. 1. 0.
 1. 0. 0. 0.]"
409,randomforest,"{'criterion': 'gini', 'max_features': 'sqrt', 'n_estimators': 37}",0.6107485949990693,0.17143327741974673,0.19774564882222545,0.3386685510443032,0.6028449858086955,0.18211490434458408,0.5745320855614974,0.14925373134328357,0.5746268656716418,0.5746268656716418,"{0: 0.5908053018489641, 1: 0.5908053018489642}","{0: 0.5908053018489641, 1: 0.5908053018489642}",0.5908053018489642,"[[75 59]
 [55 79]]","[1. 0. 0. 0. 0. 1. 0. 1. 1. 0. 1. 0. 1. 0. 0. 0. 1. 0. 0. 0. 0. 1. 0. 0.
 1. 0. 1. 1. 1. 0. 1. 0. 0. 1. 1. 0. 0. 0. 1. 0. 1. 1. 1. 0. 0. 1. 1. 1.
 0. 0. 1. 1. 1. 1. 1. 0. 1. 1. 0. 1. 0. 0. 1. 1. 0. 0. 1. 1. 1. 1. 0. 0.
 0. 1. 0. 1. 1. 0. 0. 0. 1. 1. 1. 0. 0. 1. 0. 1. 1. 1. 1. 0. 0. 1. 0. 1.
 0. 0. 1. 1. 0. 1. 1. 0. 0. 0. 0. 1. 0. 1. 0. 0. 0. 1. 1. 1. 1. 0. 0. 0.
 1. 1. 1. 1. 0. 0. 1. 1. 0. 0. 0. 0. 0. 0. 1. 1. 0. 1. 0. 1. 1. 0. 1. 0.
 1. 0. 0. 0. 1. 1. 1. 0. 1. 1. 0. 1. 1. 0. 0. 0. 1. 1. 0. 1. 1. 1. 0. 1.
 1. 1. 1. 1. 1. 1. 0. 1. 1. 0. 0. 1. 0. 0. 1. 1. 0. 0. 1. 1. 1. 0. 0. 1.
 1. 1. 1. 0. 0. 1. 0. 0. 0. 0. 1. 1. 0. 0. 0. 0. 1. 1. 0. 1. 1. 1. 0. 0.
 0. 1. 0. 1. 0. 1. 0. 0. 0. 1. 1. 0. 1. 0. 0. 1. 1. 1. 1. 1. 0. 1. 0. 0.
 1. 1. 0. 0. 1. 1. 0. 1. 0. 1. 1. 0. 1. 0. 1. 1. 0. 0. 0. 1. 0. 0. 1. 1.
 1. 0. 1. 0.]","[0. 1. 0. 0. 0. 1. 1. 1. 0. 0. 0. 0. 0. 1. 0. 0. 1. 1. 0. 0. 0. 0. 0. 1.
 0. 0. 1. 0. 1. 0. 0. 1. 0. 1. 1. 0. 0. 0. 1. 0. 0. 0. 1. 1. 1. 0. 1. 0.
 1. 0. 1. 1. 0. 1. 1. 1. 1. 0. 1. 0. 0. 1. 1. 1. 0. 0. 0. 1. 1. 0. 1. 1.
 0. 0. 1. 0. 0. 1. 0. 1. 0. 1. 1. 1. 0. 1. 0. 1. 1. 1. 1. 1. 1. 1. 1. 0.
 0. 0. 1. 1. 1. 0. 0. 1. 1. 1. 0. 0. 0. 1. 1. 1. 0. 0. 0. 0. 1. 1. 1. 0.
 1. 0. 0. 1. 1. 0. 0. 0. 0. 1. 0. 0. 1. 1. 0. 1. 1. 1. 0. 1. 1. 0. 1. 0.
 1. 1. 0. 0. 0. 1. 1. 0. 1. 1. 0. 1. 0. 0. 0. 1. 1. 1. 0. 1. 0. 1. 1. 0.
 1. 0. 0. 1. 1. 0. 0. 1. 0. 1. 1. 0. 0. 1. 0. 0. 1. 1. 0. 1. 1. 0. 0. 0.
 0. 1. 1. 0. 0. 1. 0. 0. 1. 0. 1. 1. 1. 0. 0. 0. 1. 1. 0. 0. 0. 0. 1. 0.
 0. 1. 0. 1. 1. 1. 1. 0. 0. 0. 0. 1. 1. 1. 1. 0. 1. 1. 1. 1. 0. 1. 0. 0.
 1. 0. 0. 1. 1. 1. 1. 1. 0. 0. 1. 1. 1. 0. 0. 1. 0. 1. 0. 0. 1. 0. 1. 0.
 1. 0. 0. 0.]"
962,randomforest,"{'criterion': 'gini', 'max_features': 'sqrt', 'n_estimators': 539}",0.5972118017862291,0.20243677407926078,0.1976601002292879,0.3728807428643719,0.5887902401511272,0.20877055897871188,0.57821139570189,0.15671641791044777,0.5783582089552238,0.5783582089552238,"{0: 0.5911394519937625, 1: 0.5911394519937625}","{0: 0.5911394519937625, 1: 0.5911394519937625}",0.5911394519937625,"[[75 59]
 [54 80]]","[1. 0. 0. 0. 0. 1. 0. 1. 1. 0. 0. 0. 1. 0. 0. 0. 1. 0. 0. 0. 0. 1. 0. 0.
 0. 0. 1. 1. 1. 1. 1. 0. 0. 0. 1. 0. 1. 0. 1. 0. 0. 0. 1. 0. 0. 0. 1. 1.
 0. 0. 1. 0. 0. 1. 1. 1. 1. 1. 0. 1. 0. 0. 1. 0. 0. 0. 1. 1. 1. 1. 0. 0.
 1. 1. 0. 1. 1. 0. 0. 0. 1. 1. 1. 0. 0. 1. 1. 1. 1. 1. 1. 1. 0. 1. 1. 1.
 0. 0. 1. 1. 0. 1. 0. 0. 0. 0. 0. 1. 0. 1. 0. 0. 0. 1. 1. 0. 1. 0. 0. 0.
 0. 1. 1. 1. 1. 1. 1. 1. 1. 0. 0. 1. 1. 0. 1. 1. 0. 1. 0. 1. 1. 0. 0. 0.
 1. 0. 0. 0. 1. 1. 1. 0. 1. 0. 0. 1. 1. 0. 1. 0. 1. 1. 0. 0. 1. 1. 0. 1.
 1. 1. 0. 1. 1. 0. 0. 1. 1. 0. 1. 0. 0. 1. 1. 1. 0. 0. 1. 1. 0. 0. 1. 1.
 0. 1. 1. 1. 1. 1. 0. 0. 0. 0. 1. 1. 0. 0. 0. 0. 1. 1. 0. 1. 1. 1. 0. 0.
 1. 1. 0. 1. 0. 0. 0. 0. 1. 1. 1. 0. 1. 0. 1. 1. 1. 1. 1. 1. 0. 1. 0. 0.
 1. 1. 0. 0. 1. 1. 1. 1. 0. 1. 1. 0. 1. 0. 0. 1. 0. 1. 0. 1. 0. 0. 1. 1.
 1. 0. 1. 0.]","[0. 1. 0. 0. 0. 1. 1. 1. 0. 0. 0. 0. 0. 1. 0. 0. 1. 1. 0. 0. 0. 0. 0. 1.
 0. 0. 1. 0. 1. 0. 0. 1. 0. 1. 1. 0. 0. 0. 1. 0. 0. 0. 1. 1. 1. 0. 1. 0.
 1. 0. 1. 1. 0. 1. 1. 1. 1. 0. 1. 0. 0. 1. 1. 1. 0. 0. 0. 1. 1. 0. 1. 1.
 0. 0. 1. 0. 0. 1. 0. 1. 0. 1. 1. 1. 0. 1. 0. 1. 1. 1. 1. 1. 1. 1. 1. 0.
 0. 0. 1. 1. 1. 0. 0. 1. 1. 1. 0. 0. 0. 1. 1. 1. 0. 0. 0. 0. 1. 1. 1. 0.
 1. 0. 0. 1. 1. 0. 0. 0. 0. 1. 0. 0. 1. 1. 0. 1. 1. 1. 0. 1. 1. 0. 1. 0.
 1. 1. 0. 0. 0. 1. 1. 0. 1. 1. 0. 1. 0. 0. 0. 1. 1. 1. 0. 1. 0. 1. 1. 0.
 1. 0. 0. 1. 1. 0. 0. 1. 0. 1. 1. 0. 0. 1. 0. 0. 1. 1. 0. 1. 1. 0. 0. 0.
 0. 1. 1. 0. 0. 1. 0. 0. 1. 0. 1. 1. 1. 0. 0. 0. 1. 1. 0. 0. 0. 0. 1. 0.
 0. 1. 0. 1. 1. 1. 1. 0. 0. 0. 0. 1. 1. 1. 1. 0. 1. 1. 1. 1. 0. 1. 0. 0.
 1. 0. 0. 1. 1. 1. 1. 1. 0. 0. 1. 1. 1. 0. 0. 1. 0. 1. 0. 0. 1. 0. 1. 0.
 1. 0. 0. 0.]"
626,randomforest,"{'criterion': 'gini', 'max_features': 'sqrt', 'n_estimators': 233}",0.5953130974988186,0.19085015580241357,0.19734063840175065,0.3446951788056268,0.5871304975639653,0.1961214469364028,0.5820662768031188,0.16417910447761197,0.582089552238806,0.582089552238806,"{0: 0.5786088215638227, 1: 0.5786088215638228}","{0: 0.5786088215638227, 1: 0.5786088215638228}",0.5786088215638228,"[[77 57]
 [55 79]]","[1. 0. 0. 0. 0. 1. 0. 1. 1. 0. 0. 0. 1. 0. 0. 0. 1. 0. 0. 0. 0. 1. 0. 0.
 0. 0. 1. 1. 1. 1. 1. 0. 0. 0. 1. 0. 0. 0. 1. 0. 1. 0. 1. 0. 0. 0. 1. 0.
 0. 0. 1. 0. 1. 1. 1. 1. 1. 1. 0. 1. 0. 0. 1. 0. 0. 0. 1. 1. 1. 1. 0. 0.
 1. 1. 0. 1. 1. 0. 0. 0. 1. 1. 1. 0. 0. 1. 0. 1. 1. 1. 1. 1. 0. 1. 1. 1.
 0. 0. 1. 1. 0. 1. 1. 1. 0. 0. 0. 1. 0. 1. 0. 0. 0. 1. 1. 0. 1. 0. 0. 0.
 0. 1. 1. 1. 1. 1. 1. 1. 0. 0. 0. 0. 1. 0. 1. 1. 0. 1. 0. 1. 1. 0. 0. 0.
 0. 0. 0. 0. 1. 1. 1. 0. 1. 1. 0. 1. 1. 0. 1. 0. 1. 1. 0. 0. 1. 0. 0. 1.
 1. 1. 0. 1. 1. 0. 0. 1. 1. 0. 1. 0. 0. 1. 1. 1. 0. 0. 1. 1. 0. 0. 1. 1.
 1. 1. 1. 1. 1. 1. 0. 0. 0. 0. 1. 1. 0. 0. 0. 0. 1. 1. 0. 1. 1. 1. 0. 0.
 1. 1. 0. 1. 0. 0. 0. 0. 1. 1. 1. 0. 1. 0. 1. 1. 1. 1. 1. 1. 0. 1. 0. 0.
 1. 1. 0. 0. 1. 1. 0. 1. 0. 0. 1. 0. 1. 0. 0. 1. 0. 1. 0. 1. 0. 0. 1. 1.
 1. 0. 1. 0.]","[0. 1. 0. 0. 0. 1. 1. 1. 0. 0. 0. 0. 0. 1. 0. 0. 1. 1. 0. 0. 0. 0. 0. 1.
 0. 0. 1. 0. 1. 0. 0. 1. 0. 1. 1. 0. 0. 0. 1. 0. 0. 0. 1. 1. 1. 0. 1. 0.
 1. 0. 1. 1. 0. 1. 1. 1. 1. 0. 1. 0. 0. 1. 1. 1. 0. 0. 0. 1. 1. 0. 1. 1.
 0. 0. 1. 0. 0. 1. 0. 1. 0. 1. 1. 1. 0. 1. 0. 1. 1. 1. 1. 1. 1. 1. 1. 0.
 0. 0. 1. 1. 1. 0. 0. 1. 1. 1. 0. 0. 0. 1. 1. 1. 0. 0. 0. 0. 1. 1. 1. 0.
 1. 0. 0. 1. 1. 0. 0. 0. 0. 1. 0. 0. 1. 1. 0. 1. 1. 1. 0. 1. 1. 0. 1. 0.
 1. 1. 0. 0. 0. 1. 1. 0. 1. 1. 0. 1. 0. 0. 0. 1. 1. 1. 0. 1. 0. 1. 1. 0.
 1. 0. 0. 1. 1. 0. 0. 1. 0. 1. 1. 0. 0. 1. 0. 0. 1. 1. 0. 1. 1. 0. 0. 0.
 0. 1. 1. 0. 0. 1. 0. 0. 1. 0. 1. 1. 1. 0. 0. 0. 1. 1. 0. 0. 0. 0. 1. 0.
 0. 1. 0. 1. 1. 1. 1. 0. 0. 0. 0. 1. 1. 1. 1. 0. 1. 1. 1. 1. 0. 1. 0. 0.
 1. 0. 0. 1. 1. 1. 1. 1. 0. 0. 1. 1. 1. 0. 0. 1. 0. 1. 0. 0. 1. 0. 1. 0.
 1. 0. 0. 0.]"
400,randomforest,"{'criterion': 'gini', 'max_features': 'sqrt', 'n_estimators': 579}",0.5951218745665825,0.20036390545441962,0.1972645706388001,0.351570047640778,0.5891822652407329,0.20584654018841816,0.5742474916387961,0.14925373134328357,0.5746268656716418,0.5746268656716418,"{0: 0.5914179104477612, 1: 0.5914179104477613}","{0: 0.5914179104477612, 1: 0.5914179104477613}",0.5914179104477613,"[[73 61]
 [53 81]]","[1. 0. 0. 0. 0. 1. 0. 1. 1. 0. 0. 0. 1. 0. 0. 0. 1. 0. 0. 0. 0. 1. 0. 0.
 0. 0. 1. 1. 1. 1. 1. 0. 0. 0. 1. 1. 0. 0. 1. 0. 0. 0. 1. 0. 0. 0. 1. 0.
 0. 0. 1. 0. 1. 1. 1. 1. 1. 1. 0. 1. 1. 0. 1. 1. 0. 0. 1. 1. 1. 1. 0. 0.
 1. 1. 0. 1. 1. 0. 0. 0. 1. 1. 1. 0. 0. 1. 0. 1. 1. 1. 1. 1. 0. 1. 1. 1.
 0. 0. 1. 1. 0. 1. 0. 0. 0. 0. 0. 1. 0. 1. 0. 0. 0. 1. 1. 0. 1. 0. 0. 0.
 0. 1. 1. 1. 1. 1. 1. 1. 1. 0. 0. 1. 1. 0. 1. 1. 0. 1. 0. 1. 1. 0. 1. 0.
 0. 0. 0. 0. 1. 1. 1. 0. 1. 1. 0. 1. 1. 0. 1. 0. 1. 1. 0. 0. 1. 1. 0. 1.
 1. 1. 0. 1. 1. 1. 0. 1. 1. 0. 1. 0. 0. 1. 1. 1. 0. 0. 1. 1. 0. 0. 1. 1.
 1. 1. 1. 0. 1. 1. 0. 0. 0. 0. 1. 1. 0. 1. 0. 0. 1. 1. 0. 1. 1. 1. 0. 0.
 1. 1. 0. 1. 0. 0. 0. 0. 1. 1. 1. 0. 1. 0. 1. 1. 1. 1. 1. 1. 0. 1. 0. 0.
 1. 1. 0. 0. 1. 1. 0. 1. 0. 1. 1. 0. 1. 0. 0. 1. 0. 1. 0. 1. 0. 0. 1. 1.
 1. 0. 1. 0.]","[0. 1. 0. 0. 0. 1. 1. 1. 0. 0. 0. 0. 0. 1. 0. 0. 1. 1. 0. 0. 0. 0. 0. 1.
 0. 0. 1. 0. 1. 0. 0. 1. 0. 1. 1. 0. 0. 0. 1. 0. 0. 0. 1. 1. 1. 0. 1. 0.
 1. 0. 1. 1. 0. 1. 1. 1. 1. 0. 1. 0. 0. 1. 1. 1. 0. 0. 0. 1. 1. 0. 1. 1.
 0. 0. 1. 0. 0. 1. 0. 1. 0. 1. 1. 1. 0. 1. 0. 1. 1. 1. 1. 1. 1. 1. 1. 0.
 0. 0. 1. 1. 1. 0. 0. 1. 1. 1. 0. 0. 0. 1. 1. 1. 0. 0. 0. 0. 1. 1. 1. 0.
 1. 0. 0. 1. 1. 0. 0. 0. 0. 1. 0. 0. 1. 1. 0. 1. 1. 1. 0. 1. 1. 0. 1. 0.
 1. 1. 0. 0. 0. 1. 1. 0. 1. 1. 0. 1. 0. 0. 0. 1. 1. 1. 0. 1. 0. 1. 1. 0.
 1. 0. 0. 1. 1. 0. 0. 1. 0. 1. 1. 0. 0. 1. 0. 0. 1. 1. 0. 1. 1. 0. 0. 0.
 0. 1. 1. 0. 0. 1. 0. 0. 1. 0. 1. 1. 1. 0. 0. 0. 1. 1. 0. 0. 0. 0. 1. 0.
 0. 1. 0. 1. 1. 1. 1. 0. 0. 0. 0. 1. 1. 1. 1. 0. 1. 1. 1. 1. 0. 1. 0. 0.
 1. 0. 0. 1. 1. 1. 1. 1. 0. 0. 1. 1. 1. 0. 0. 1. 0. 1. 0. 0. 1. 0. 1. 0.
 1. 0. 0. 0.]"
3,randomforest,"{'criterion': 'entropy', 'max_features': 'sqrt', 'n_estimators': 429}",0.5945136306158356,0.20383466830962146,0.19712181661068628,0.38364257713451233,0.5854297117905989,0.21099228411122375,0.5745320855614974,0.14925373134328357,0.5746268656716418,0.5746268656716418,"{0: 0.5854310536867899, 1: 0.5854310536867899}","{0: 0.5854310536867899, 1: 0.5854310536867899}",0.5854310536867899,"[[75 59]
 [55 79]]","[1. 0. 0. 0. 0. 1. 0. 1. 1. 0. 0. 0. 1. 0. 0. 0. 1. 0. 0. 0. 0. 1. 0. 0.
 0. 0. 1. 1. 1. 1. 1. 0. 0. 0. 1. 0. 0. 0. 1. 0. 0. 0. 1. 0. 0. 0. 1. 0.
 0. 0. 1. 0. 0. 1. 1. 1. 1. 1. 0. 1. 0. 0. 1. 0. 0. 0. 1. 1. 1. 1. 0. 0.
 1. 1. 0. 1. 1. 0. 0. 0. 1. 1. 1. 0. 0. 1. 0. 1. 1. 1. 1. 1. 0. 1. 1. 1.
 0. 0. 1. 1. 0. 1. 1. 1. 0. 0. 0. 1. 0. 1. 0. 0. 0. 1. 1. 0. 1. 0. 0. 0.
 0. 1. 1. 1. 1. 1. 1. 1. 1. 0. 0. 1. 1. 0. 1. 1. 0. 1. 0. 1. 0. 0. 1. 0.
 0. 0. 0. 0. 1. 1. 1. 0. 1. 0. 0. 1. 1. 0. 1. 0. 1. 1. 0. 0. 1. 1. 0. 1.
 1. 1. 0. 1. 1. 1. 0. 1. 1. 0. 1. 0. 0. 1. 1. 1. 0. 0. 1. 1. 0. 0. 1. 1.
 1. 1. 1. 0. 1. 1. 0. 1. 0. 0. 1. 1. 0. 0. 0. 0. 1. 1. 0. 1. 1. 1. 0. 0.
 1. 1. 0. 1. 0. 0. 0. 0. 1. 1. 1. 0. 0. 0. 1. 1. 1. 1. 1. 1. 0. 1. 0. 0.
 1. 1. 0. 0. 1. 1. 1. 1. 0. 1. 1. 0. 1. 0. 0. 1. 0. 1. 0. 1. 0. 0. 1. 1.
 1. 0. 1. 0.]","[0. 1. 0. 0. 0. 1. 1. 1. 0. 0. 0. 0. 0. 1. 0. 0. 1. 1. 0. 0. 0. 0. 0. 1.
 0. 0. 1. 0. 1. 0. 0. 1. 0. 1. 1. 0. 0. 0. 1. 0. 0. 0. 1. 1. 1. 0. 1. 0.
 1. 0. 1. 1. 0. 1. 1. 1. 1. 0. 1. 0. 0. 1. 1. 1. 0. 0. 0. 1. 1. 0. 1. 1.
 0. 0. 1. 0. 0. 1. 0. 1. 0. 1. 1. 1. 0. 1. 0. 1. 1. 1. 1. 1. 1. 1. 1. 0.
 0. 0. 1. 1. 1. 0. 0. 1. 1. 1. 0. 0. 0. 1. 1. 1. 0. 0. 0. 0. 1. 1. 1. 0.
 1. 0. 0. 1. 1. 0. 0. 0. 0. 1. 0. 0. 1. 1. 0. 1. 1. 1. 0. 1. 1. 0. 1. 0.
 1. 1. 0. 0. 0. 1. 1. 0. 1. 1. 0. 1. 0. 0. 0. 1. 1. 1. 0. 1. 0. 1. 1. 0.
 1. 0. 0. 1. 1. 0. 0. 1. 0. 1. 1. 0. 0. 1. 0. 0. 1. 1. 0. 1. 1. 0. 0. 0.
 0. 1. 1. 0. 0. 1. 0. 0. 1. 0. 1. 1. 1. 0. 0. 0. 1. 1. 0. 0. 0. 0. 1. 0.
 0. 1. 0. 1. 1. 1. 1. 0. 0. 0. 0. 1. 1. 1. 1. 0. 1. 1. 1. 1. 0. 1. 0. 0.
 1. 0. 0. 1. 1. 1. 1. 1. 0. 0. 1. 1. 1. 0. 0. 1. 0. 1. 0. 0. 1. 0. 1. 0.
 1. 0. 0. 0.]"
411,randomforest,"{'criterion': 'gini', 'max_features': 'sqrt', 'n_estimators': 385}",0.6067462977913133,0.19751418474412677,0.19681239453936542,0.3615731676799994,0.6007208442692313,0.1924151164031013,0.5818799799409373,0.16417910447761197,0.582089552238806,0.5820895522388059,"{0: 0.5936734239251503, 1: 0.5936734239251503}","{0: 0.5936734239251503, 1: 0.5936734239251503}",0.5936734239251503,"[[75 59]
 [53 81]]","[1. 0. 0. 0. 0. 1. 0. 1. 1. 0. 0. 0. 1. 0. 0. 0. 1. 0. 0. 0. 0. 1. 0. 0.
 0. 0. 1. 1. 1. 1. 1. 0. 0. 0. 1. 0. 1. 0. 1. 0. 0. 0. 1. 0. 0. 0. 1. 0.
 0. 0. 1. 0. 0. 1. 1. 1. 1. 1. 0. 1. 0. 0. 1. 0. 0. 0. 1. 1. 1. 1. 0. 0.
 1. 1. 0. 1. 1. 0. 0. 0. 1. 1. 1. 0. 0. 1. 0. 1. 1. 1. 1. 1. 0. 1. 1. 1.
 0. 0. 1. 1. 0. 1. 1. 1. 1. 0. 0. 1. 0. 1. 0. 0. 0. 1. 1. 0. 1. 0. 0. 0.
 0. 1. 1. 1. 1. 1. 1. 1. 1. 0. 0. 1. 1. 0. 1. 1. 0. 1. 0. 1. 0. 0. 1. 0.
 1. 0. 0. 0. 1. 1. 1. 0. 1. 1. 0. 1. 1. 0. 1. 0. 1. 1. 0. 0. 1. 1. 0. 1.
 1. 1. 0. 1. 1. 0. 0. 1. 1. 0. 1. 0. 0. 1. 1. 1. 0. 0. 1. 1. 0. 0. 1. 1.
 1. 1. 1. 1. 1. 1. 0. 0. 0. 0. 1. 1. 0. 0. 0. 0. 1. 1. 0. 1. 1. 1. 0. 0.
 1. 1. 0. 1. 0. 0. 0. 0. 1. 1. 1. 0. 1. 0. 1. 1. 1. 1. 1. 1. 0. 1. 0. 0.
 1. 1. 0. 0. 1. 1. 0. 1. 0. 1. 1. 0. 1. 0. 0. 1. 0. 0. 0. 1. 0. 0. 1. 1.
 1. 0. 1. 0.]","[0. 1. 0. 0. 0. 1. 1. 1. 0. 0. 0. 0. 0. 1. 0. 0. 1. 1. 0. 0. 0. 0. 0. 1.
 0. 0. 1. 0. 1. 0. 0. 1. 0. 1. 1. 0. 0. 0. 1. 0. 0. 0. 1. 1. 1. 0. 1. 0.
 1. 0. 1. 1. 0. 1. 1. 1. 1. 0. 1. 0. 0. 1. 1. 1. 0. 0. 0. 1. 1. 0. 1. 1.
 0. 0. 1. 0. 0. 1. 0. 1. 0. 1. 1. 1. 0. 1. 0. 1. 1. 1. 1. 1. 1. 1. 1. 0.
 0. 0. 1. 1. 1. 0. 0. 1. 1. 1. 0. 0. 0. 1. 1. 1. 0. 0. 0. 0. 1. 1. 1. 0.
 1. 0. 0. 1. 1. 0. 0. 0. 0. 1. 0. 0. 1. 1. 0. 1. 1. 1. 0. 1. 1. 0. 1. 0.
 1. 1. 0. 0. 0. 1. 1. 0. 1. 1. 0. 1. 0. 0. 0. 1. 1. 1. 0. 1. 0. 1. 1. 0.
 1. 0. 0. 1. 1. 0. 0. 1. 0. 1. 1. 0. 0. 1. 0. 0. 1. 1. 0. 1. 1. 0. 0. 0.
 0. 1. 1. 0. 0. 1. 0. 0. 1. 0. 1. 1. 1. 0. 0. 0. 1. 1. 0. 0. 0. 0. 1. 0.
 0. 1. 0. 1. 1. 1. 1. 0. 0. 0. 0. 1. 1. 1. 1. 0. 1. 1. 1. 1. 0. 1. 0. 0.
 1. 0. 0. 1. 1. 1. 1. 1. 0. 0. 1. 1. 1. 0. 0. 1. 0. 1. 0. 0. 1. 0. 1. 0.
 1. 0. 0. 0.]"
140,randomforest,"{'criterion': 'gini', 'max_features': 'sqrt', 'n_estimators': 417}",0.5994598690179563,0.17869251192795516,0.1965329634575669,0.3272443298381784,0.5912523613632484,0.18673294966357867,0.5819964349376114,0.16417910447761197,0.582089552238806,0.5820895522388059,"{0: 0.5895522388059702, 1: 0.5895522388059702}","{0: 0.5895522388059702, 1: 0.5895522388059702}",0.5895522388059702,"[[76 58]
 [54 80]]","[1. 0. 0. 0. 0. 1. 0. 1. 1. 0. 0. 0. 1. 0. 0. 0. 1. 0. 0. 0. 0. 1. 0. 0.
 0. 0. 1. 1. 1. 1. 1. 0. 0. 0. 1. 0. 0. 0. 1. 0. 0. 0. 1. 0. 0. 0. 1. 0.
 0. 0. 1. 0. 0. 1. 1. 1. 1. 1. 0. 1. 1. 0. 1. 0. 0. 0. 1. 1. 1. 1. 0. 0.
 1. 1. 0. 1. 1. 0. 0. 0. 1. 1. 1. 0. 0. 1. 0. 1. 1. 1. 1. 1. 0. 1. 1. 1.
 0. 0. 1. 1. 0. 1. 1. 1. 0. 0. 0. 0. 0. 1. 0. 0. 0. 1. 1. 0. 1. 0. 0. 0.
 0. 1. 1. 1. 1. 1. 1. 1. 1. 0. 0. 1. 1. 0. 1. 1. 0. 1. 0. 1. 1. 0. 0. 0.
 0. 0. 0. 0. 1. 1. 1. 0. 1. 1. 0. 1. 1. 0. 1. 0. 1. 1. 0. 0. 1. 1. 0. 1.
 1. 1. 0. 1. 1. 0. 0. 1. 1. 0. 1. 0. 0. 0. 1. 1. 0. 0. 1. 1. 0. 0. 1. 1.
 1. 1. 1. 1. 1. 1. 0. 0. 0. 0. 1. 1. 0. 0. 0. 0. 1. 1. 0. 1. 1. 1. 0. 0.
 1. 1. 0. 1. 0. 0. 0. 0. 1. 1. 1. 0. 1. 0. 1. 1. 1. 1. 1. 1. 0. 1. 0. 0.
 1. 1. 0. 0. 1. 1. 1. 1. 0. 1. 1. 0. 1. 0. 0. 1. 0. 1. 0. 1. 0. 0. 1. 1.
 1. 0. 1. 0.]","[0. 1. 0. 0. 0. 1. 1. 1. 0. 0. 0. 0. 0. 1. 0. 0. 1. 1. 0. 0. 0. 0. 0. 1.
 0. 0. 1. 0. 1. 0. 0. 1. 0. 1. 1. 0. 0. 0. 1. 0. 0. 0. 1. 1. 1. 0. 1. 0.
 1. 0. 1. 1. 0. 1. 1. 1. 1. 0. 1. 0. 0. 1. 1. 1. 0. 0. 0. 1. 1. 0. 1. 1.
 0. 0. 1. 0. 0. 1. 0. 1. 0. 1. 1. 1. 0. 1. 0. 1. 1. 1. 1. 1. 1. 1. 1. 0.
 0. 0. 1. 1. 1. 0. 0. 1. 1. 1. 0. 0. 0. 1. 1. 1. 0. 0. 0. 0. 1. 1. 1. 0.
 1. 0. 0. 1. 1. 0. 0. 0. 0. 1. 0. 0. 1. 1. 0. 1. 1. 1. 0. 1. 1. 0. 1. 0.
 1. 1. 0. 0. 0. 1. 1. 0. 1. 1. 0. 1. 0. 0. 0. 1. 1. 1. 0. 1. 0. 1. 1. 0.
 1. 0. 0. 1. 1. 0. 0. 1. 0. 1. 1. 0. 0. 1. 0. 0. 1. 1. 0. 1. 1. 0. 0. 0.
 0. 1. 1. 0. 0. 1. 0. 0. 1. 0. 1. 1. 1. 0. 0. 0. 1. 1. 0. 0. 0. 0. 1. 0.
 0. 1. 0. 1. 1. 1. 1. 0. 0. 0. 0. 1. 1. 1. 1. 0. 1. 1. 1. 1. 0. 1. 0. 0.
 1. 0. 0. 1. 1. 1. 1. 1. 0. 0. 1. 1. 1. 0. 0. 1. 0. 1. 0. 0. 1. 0. 1. 0.
 1. 0. 0. 0.]"
591,randomforest,"{'criterion': 'gini', 'max_features': 'sqrt', 'n_estimators': 87}",0.601245077457586,0.1984857252745346,0.19638186596717797,0.3575798063135249,0.5916893590280687,0.20207763640828433,0.5620609226385843,0.12686567164179108,0.5634328358208955,0.5634328358208955,"{0: 0.5815047894854087, 1: 0.5815047894854087}","{0: 0.5815047894854087, 1: 0.5815047894854087}",0.5815047894854087,"[[68 66]
 [51 83]]","[1. 0. 0. 0. 0. 1. 0. 1. 1. 0. 0. 1. 1. 0. 0. 0. 0. 0. 0. 0. 0. 1. 0. 0.
 0. 0. 1. 1. 1. 1. 1. 0. 0. 0. 1. 0. 0. 0. 1. 0. 0. 0. 1. 1. 0. 0. 1. 1.
 0. 0. 1. 0. 1. 1. 1. 1. 1. 1. 0. 1. 1. 1. 1. 1. 0. 0. 1. 1. 1. 1. 0. 0.
 0. 1. 0. 1. 1. 0. 1. 0. 1. 1. 1. 0. 0. 1. 0. 1. 1. 1. 1. 1. 0. 1. 1. 1.
 0. 0. 0. 1. 0. 1. 0. 0. 0. 1. 0. 1. 0. 1. 0. 0. 0. 1. 1. 0. 1. 0. 0. 0.
 1. 1. 1. 1. 1. 1. 1. 1. 0. 0. 0. 1. 1. 0. 1. 0. 0. 1. 0. 1. 1. 0. 0. 0.
 1. 0. 0. 0. 1. 1. 1. 0. 1. 0. 0. 1. 1. 0. 1. 0. 1. 1. 1. 0. 1. 1. 0. 1.
 1. 1. 0. 1. 1. 1. 0. 1. 1. 0. 1. 1. 0. 1. 1. 1. 0. 0. 1. 1. 1. 0. 1. 1.
 1. 1. 1. 1. 1. 1. 0. 0. 0. 0. 1. 1. 0. 0. 1. 0. 1. 1. 0. 1. 1. 1. 0. 0.
 1. 1. 0. 1. 0. 0. 0. 0. 1. 1. 1. 0. 1. 0. 1. 1. 1. 1. 1. 1. 0. 1. 0. 0.
 1. 1. 1. 0. 1. 1. 1. 1. 0. 1. 1. 0. 1. 0. 0. 1. 0. 1. 0. 1. 0. 1. 1. 1.
 1. 0. 1. 0.]","[0. 1. 0. 0. 0. 1. 1. 1. 0. 0. 0. 0. 0. 1. 0. 0. 1. 1. 0. 0. 0. 0. 0. 1.
 0. 0. 1. 0. 1. 0. 0. 1. 0. 1. 1. 0. 0. 0. 1. 0. 0. 0. 1. 1. 1. 0. 1. 0.
 1. 0. 1. 1. 0. 1. 1. 1. 1. 0. 1. 0. 0. 1. 1. 1. 0. 0. 0. 1. 1. 0. 1. 1.
 0. 0. 1. 0. 0. 1. 0. 1. 0. 1. 1. 1. 0. 1. 0. 1. 1. 1. 1. 1. 1. 1. 1. 0.
 0. 0. 1. 1. 1. 0. 0. 1. 1. 1. 0. 0. 0. 1. 1. 1. 0. 0. 0. 0. 1. 1. 1. 0.
 1. 0. 0. 1. 1. 0. 0. 0. 0. 1. 0. 0. 1. 1. 0. 1. 1. 1. 0. 1. 1. 0. 1. 0.
 1. 1. 0. 0. 0. 1. 1. 0. 1. 1. 0. 1. 0. 0. 0. 1. 1. 1. 0. 1. 0. 1. 1. 0.
 1. 0. 0. 1. 1. 0. 0. 1. 0. 1. 1. 0. 0. 1. 0. 0. 1. 1. 0. 1. 1. 0. 0. 0.
 0. 1. 1. 0. 0. 1. 0. 0. 1. 0. 1. 1. 1. 0. 0. 0. 1. 1. 0. 0. 0. 0. 1. 0.
 0. 1. 0. 1. 1. 1. 1. 0. 0. 0. 0. 1. 1. 1. 1. 0. 1. 1. 1. 1. 0. 1. 0. 0.
 1. 0. 0. 1. 1. 1. 1. 1. 0. 0. 1. 1. 1. 0. 0. 1. 0. 1. 0. 0. 1. 0. 1. 0.
 1. 0. 0. 0.]"
344,randomforest,"{'criterion': 'gini', 'max_features': 'log2', 'n_estimators': 313}",0.5971343701033507,0.20438195295785652,0.19633904628426188,0.36993626508366184,0.5898567084050955,0.2083491614663112,0.5820662768031188,0.16417910447761197,0.582089552238806,0.582089552238806,"{0: 0.5876587213187793, 1: 0.5876587213187793}","{0: 0.5876587213187793, 1: 0.5876587213187793}",0.5876587213187793,"[[77 57]
 [55 79]]","[1. 0. 0. 0. 0. 1. 0. 1. 1. 0. 0. 0. 1. 0. 0. 0. 1. 0. 0. 0. 0. 1. 0. 0.
 0. 0. 1. 1. 1. 1. 1. 0. 0. 0. 1. 1. 1. 0. 1. 0. 0. 0. 1. 1. 0. 0. 1. 0.
 0. 0. 1. 0. 0. 1. 1. 1. 1. 1. 0. 1. 0. 0. 1. 0. 0. 0. 1. 1. 1. 1. 0. 0.
 1. 1. 0. 1. 1. 0. 0. 0. 0. 1. 1. 0. 0. 1. 0. 1. 1. 1. 1. 1. 0. 1. 1. 1.
 0. 0. 1. 1. 0. 1. 0. 0. 0. 0. 0. 1. 0. 1. 0. 0. 0. 1. 1. 0. 1. 0. 0. 0.
 0. 1. 1. 1. 1. 1. 1. 1. 1. 0. 0. 1. 1. 0. 1. 1. 0. 1. 0. 1. 1. 0. 0. 0.
 0. 0. 0. 0. 1. 1. 1. 0. 1. 1. 0. 1. 1. 0. 1. 0. 1. 1. 0. 0. 1. 0. 0. 1.
 1. 1. 0. 1. 1. 1. 0. 1. 1. 0. 1. 0. 0. 1. 1. 1. 0. 0. 1. 1. 0. 0. 1. 1.
 0. 1. 0. 1. 1. 1. 0. 0. 0. 0. 1. 1. 0. 0. 0. 0. 1. 1. 0. 1. 1. 1. 0. 0.
 1. 1. 0. 1. 0. 0. 0. 0. 1. 1. 1. 0. 1. 0. 1. 1. 1. 1. 1. 1. 0. 1. 0. 0.
 1. 1. 0. 0. 1. 1. 1. 1. 0. 0. 1. 0. 1. 0. 0. 1. 0. 1. 0. 1. 0. 0. 1. 1.
 1. 0. 1. 0.]","[0. 1. 0. 0. 0. 1. 1. 1. 0. 0. 0. 0. 0. 1. 0. 0. 1. 1. 0. 0. 0. 0. 0. 1.
 0. 0. 1. 0. 1. 0. 0. 1. 0. 1. 1. 0. 0. 0. 1. 0. 0. 0. 1. 1. 1. 0. 1. 0.
 1. 0. 1. 1. 0. 1. 1. 1. 1. 0. 1. 0. 0. 1. 1. 1. 0. 0. 0. 1. 1. 0. 1. 1.
 0. 0. 1. 0. 0. 1. 0. 1. 0. 1. 1. 1. 0. 1. 0. 1. 1. 1. 1. 1. 1. 1. 1. 0.
 0. 0. 1. 1. 1. 0. 0. 1. 1. 1. 0. 0. 0. 1. 1. 1. 0. 0. 0. 0. 1. 1. 1. 0.
 1. 0. 0. 1. 1. 0. 0. 0. 0. 1. 0. 0. 1. 1. 0. 1. 1. 1. 0. 1. 1. 0. 1. 0.
 1. 1. 0. 0. 0. 1. 1. 0. 1. 1. 0. 1. 0. 0. 0. 1. 1. 1. 0. 1. 0. 1. 1. 0.
 1. 0. 0. 1. 1. 0. 0. 1. 0. 1. 1. 0. 0. 1. 0. 0. 1. 1. 0. 1. 1. 0. 0. 0.
 0. 1. 1. 0. 0. 1. 0. 0. 1. 0. 1. 1. 1. 0. 0. 0. 1. 1. 0. 0. 0. 0. 1. 0.
 0. 1. 0. 1. 1. 1. 1. 0. 0. 0. 0. 1. 1. 1. 1. 0. 1. 1. 1. 1. 0. 1. 0. 0.
 1. 0. 0. 1. 1. 1. 1. 1. 0. 0. 1. 1. 1. 0. 0. 1. 0. 1. 0. 0. 1. 0. 1. 0.
 1. 0. 0. 0.]"
997,AdaBoost,"{'algorithm': 'SAMME', 'learning_rate': 1.4877551020408164, 'n_estimators': 30}",0.5971620577612246,0.20322066711168707,0.19624793265522125,0.3880725361192447,0.5882362130850033,0.20934007722190393,0.5597014925373134,0.11940298507462688,0.5597014925373134,0.5597014925373134,"{0: 0.5821173980842058, 1: 0.5821173980842058}","{0: 0.5821173980842058, 1: 0.5821173980842058}",0.5821173980842058,"[[75 59]
 [59 75]]","[0. 0. 0. 0. 1. 1. 1. 1. 1. 1. 0. 0. 1. 0. 0. 0. 0. 1. 0. 0. 0. 1. 0. 0.
 0. 0. 1. 1. 1. 1. 1. 0. 0. 0. 1. 1. 1. 0. 1. 0. 0. 0. 1. 1. 0. 0. 1. 1.
 0. 0. 1. 0. 1. 1. 1. 1. 0. 1. 0. 1. 0. 0. 1. 1. 0. 0. 0. 0. 1. 1. 1. 1.
 1. 0. 0. 1. 1. 0. 1. 0. 0. 0. 1. 0. 0. 1. 0. 1. 0. 0. 1. 1. 0. 1. 0. 1.
 0. 0. 1. 0. 1. 1. 1. 0. 1. 0. 0. 0. 0. 1. 1. 0. 1. 0. 1. 0. 1. 1. 0. 0.
 1. 1. 0. 0. 1. 1. 1. 0. 0. 0. 0. 1. 0. 1. 1. 0. 0. 0. 1. 0. 0. 0. 1. 0.
 1. 1. 0. 1. 1. 1. 1. 0. 1. 1. 0. 1. 1. 0. 1. 1. 1. 0. 0. 0. 1. 0. 0. 1.
 1. 1. 0. 1. 1. 0. 0. 1. 0. 1. 1. 1. 0. 0. 0. 1. 0. 0. 1. 1. 0. 0. 1. 0.
 1. 0. 0. 1. 1. 1. 0. 0. 0. 1. 1. 1. 1. 1. 1. 0. 0. 1. 0. 1. 1. 0. 0. 0.
 1. 0. 0. 0. 0. 0. 0. 0. 0. 1. 1. 1. 1. 0. 0. 1. 1. 1. 1. 1. 0. 1. 0. 0.
 1. 1. 1. 0. 1. 1. 0. 0. 0. 0. 1. 1. 1. 0. 0. 1. 0. 1. 0. 1. 0. 1. 1. 1.
 1. 0. 1. 0.]","[0. 1. 0. 0. 0. 1. 1. 1. 0. 0. 0. 0. 0. 1. 0. 0. 1. 1. 0. 0. 0. 0. 0. 1.
 0. 0. 1. 0. 1. 0. 0. 1. 0. 1. 1. 0. 0. 0. 1. 0. 0. 0. 1. 1. 1. 0. 1. 0.
 1. 0. 1. 1. 0. 1. 1. 1. 1. 0. 1. 0. 0. 1. 1. 1. 0. 0. 0. 1. 1. 0. 1. 1.
 0. 0. 1. 0. 0. 1. 0. 1. 0. 1. 1. 1. 0. 1. 0. 1. 1. 1. 1. 1. 1. 1. 1. 0.
 0. 0. 1. 1. 1. 0. 0. 1. 1. 1. 0. 0. 0. 1. 1. 1. 0. 0. 0. 0. 1. 1. 1. 0.
 1. 0. 0. 1. 1. 0. 0. 0. 0. 1. 0. 0. 1. 1. 0. 1. 1. 1. 0. 1. 1. 0. 1. 0.
 1. 1. 0. 0. 0. 1. 1. 0. 1. 1. 0. 1. 0. 0. 0. 1. 1. 1. 0. 1. 0. 1. 1. 0.
 1. 0. 0. 1. 1. 0. 0. 1. 0. 1. 1. 0. 0. 1. 0. 0. 1. 1. 0. 1. 1. 0. 0. 0.
 0. 1. 1. 0. 0. 1. 0. 0. 1. 0. 1. 1. 1. 0. 0. 0. 1. 1. 0. 0. 0. 0. 1. 0.
 0. 1. 0. 1. 1. 1. 1. 0. 0. 0. 0. 1. 1. 1. 1. 0. 1. 1. 1. 1. 0. 1. 0. 0.
 1. 0. 0. 1. 1. 1. 1. 1. 0. 0. 1. 1. 1. 0. 0. 1. 0. 1. 0. 0. 1. 0. 1. 0.
 1. 0. 0. 0.]"
493,randomforest,"{'criterion': 'gini', 'max_features': 'sqrt', 'n_estimators': 541}",0.597693880447412,0.20932332007047014,0.19584571553871896,0.3797680216521575,0.5914707753417431,0.2144509828901532,0.5780703587600139,0.15671641791044777,0.5783582089552238,0.5783582089552239,"{0: 0.5901091557139675, 1: 0.5901091557139675}","{0: 0.5901091557139675, 1: 0.5901091557139675}",0.5901091557139675,"[[74 60]
 [53 81]]","[1. 0. 0. 0. 0. 1. 0. 1. 1. 0. 0. 0. 1. 0. 0. 0. 1. 0. 0. 0. 0. 1. 0. 0.
 0. 0. 1. 1. 1. 1. 1. 0. 0. 0. 1. 0. 1. 0. 1. 0. 0. 0. 1. 1. 0. 0. 1. 0.
 0. 0. 1. 0. 1. 1. 1. 1. 1. 1. 0. 1. 1. 0. 1. 1. 0. 0. 1. 1. 1. 1. 0. 0.
 1. 1. 0. 1. 1. 0. 0. 0. 1. 1. 1. 0. 0. 1. 1. 1. 1. 1. 1. 1. 0. 1. 1. 1.
 0. 0. 1. 1. 0. 1. 1. 1. 0. 0. 0. 1. 0. 1. 0. 0. 0. 1. 1. 0. 1. 0. 0. 0.
 0. 1. 1. 1. 1. 1. 1. 1. 0. 0. 0. 1. 1. 0. 1. 1. 0. 1. 0. 1. 1. 0. 1. 0.
 0. 0. 0. 0. 1. 1. 1. 0. 1. 1. 0. 1. 1. 0. 1. 0. 1. 1. 0. 0. 1. 1. 0. 1.
 1. 1. 0. 1. 1. 1. 0. 1. 1. 0. 1. 0. 0. 1. 1. 1. 0. 0. 1. 1. 0. 0. 1. 1.
 1. 1. 1. 0. 0. 1. 0. 0. 0. 0. 1. 1. 0. 0. 0. 0. 1. 1. 0. 1. 1. 1. 0. 0.
 1. 1. 0. 1. 0. 0. 0. 0. 1. 1. 1. 0. 0. 0. 0. 1. 1. 1. 1. 1. 0. 1. 0. 0.
 1. 1. 0. 0. 1. 1. 1. 1. 0. 1. 1. 0. 1. 0. 0. 1. 0. 0. 0. 1. 0. 0. 1. 1.
 1. 0. 1. 0.]","[0. 1. 0. 0. 0. 1. 1. 1. 0. 0. 0. 0. 0. 1. 0. 0. 1. 1. 0. 0. 0. 0. 0. 1.
 0. 0. 1. 0. 1. 0. 0. 1. 0. 1. 1. 0. 0. 0. 1. 0. 0. 0. 1. 1. 1. 0. 1. 0.
 1. 0. 1. 1. 0. 1. 1. 1. 1. 0. 1. 0. 0. 1. 1. 1. 0. 0. 0. 1. 1. 0. 1. 1.
 0. 0. 1. 0. 0. 1. 0. 1. 0. 1. 1. 1. 0. 1. 0. 1. 1. 1. 1. 1. 1. 1. 1. 0.
 0. 0. 1. 1. 1. 0. 0. 1. 1. 1. 0. 0. 0. 1. 1. 1. 0. 0. 0. 0. 1. 1. 1. 0.
 1. 0. 0. 1. 1. 0. 0. 0. 0. 1. 0. 0. 1. 1. 0. 1. 1. 1. 0. 1. 1. 0. 1. 0.
 1. 1. 0. 0. 0. 1. 1. 0. 1. 1. 0. 1. 0. 0. 0. 1. 1. 1. 0. 1. 0. 1. 1. 0.
 1. 0. 0. 1. 1. 0. 0. 1. 0. 1. 1. 0. 0. 1. 0. 0. 1. 1. 0. 1. 1. 0. 0. 0.
 0. 1. 1. 0. 0. 1. 0. 0. 1. 0. 1. 1. 1. 0. 0. 0. 1. 1. 0. 0. 0. 0. 1. 0.
 0. 1. 0. 1. 1. 1. 1. 0. 0. 0. 0. 1. 1. 1. 1. 0. 1. 1. 1. 1. 0. 1. 0. 0.
 1. 0. 0. 1. 1. 1. 1. 1. 0. 0. 1. 1. 1. 0. 0. 1. 0. 1. 0. 0. 1. 0. 1. 0.
 1. 0. 0. 0.]"
519,randomforest,"{'criterion': 'gini', 'max_features': 'sqrt', 'n_estimators': 575}",0.5941883955878263,0.19330655455840962,0.19576386470053075,0.33878707704399347,0.5886127518688002,0.19677026882966053,0.5745320855614974,0.14925373134328357,0.5746268656716418,0.5746268656716418,"{0: 0.5856538204499889, 1: 0.5856538204499888}","{0: 0.5856538204499889, 1: 0.5856538204499888}",0.5856538204499888,"[[75 59]
 [55 79]]","[1. 0. 0. 0. 0. 1. 0. 1. 1. 0. 0. 0. 1. 0. 0. 0. 1. 0. 0. 0. 0. 1. 0. 0.
 0. 0. 1. 1. 1. 1. 1. 0. 0. 0. 1. 0. 0. 0. 1. 0. 0. 0. 1. 0. 0. 0. 1. 1.
 0. 0. 1. 0. 1. 1. 1. 1. 1. 1. 0. 1. 1. 0. 1. 1. 0. 0. 1. 1. 1. 1. 0. 0.
 1. 1. 0. 1. 1. 0. 0. 0. 1. 1. 1. 0. 0. 1. 1. 1. 1. 1. 1. 1. 0. 1. 1. 1.
 0. 0. 1. 1. 0. 1. 0. 0. 0. 0. 0. 1. 0. 1. 0. 0. 0. 1. 1. 0. 1. 0. 0. 0.
 0. 1. 1. 1. 1. 1. 1. 1. 1. 0. 0. 1. 1. 0. 1. 1. 0. 1. 0. 1. 0. 0. 0. 0.
 0. 0. 0. 0. 1. 1. 1. 0. 1. 1. 0. 1. 1. 0. 1. 0. 1. 1. 0. 0. 1. 1. 0. 1.
 1. 1. 0. 1. 1. 0. 0. 1. 1. 0. 1. 0. 0. 0. 1. 1. 0. 0. 1. 1. 0. 0. 1. 1.
 1. 1. 1. 0. 1. 1. 0. 0. 0. 0. 1. 1. 0. 0. 0. 0. 1. 1. 0. 1. 1. 1. 0. 0.
 1. 1. 0. 1. 0. 0. 0. 0. 1. 1. 1. 0. 1. 0. 1. 1. 1. 1. 1. 1. 0. 1. 0. 0.
 1. 1. 0. 0. 1. 1. 1. 1. 0. 0. 1. 0. 1. 0. 0. 1. 0. 1. 0. 1. 0. 0. 1. 1.
 1. 0. 1. 0.]","[0. 1. 0. 0. 0. 1. 1. 1. 0. 0. 0. 0. 0. 1. 0. 0. 1. 1. 0. 0. 0. 0. 0. 1.
 0. 0. 1. 0. 1. 0. 0. 1. 0. 1. 1. 0. 0. 0. 1. 0. 0. 0. 1. 1. 1. 0. 1. 0.
 1. 0. 1. 1. 0. 1. 1. 1. 1. 0. 1. 0. 0. 1. 1. 1. 0. 0. 0. 1. 1. 0. 1. 1.
 0. 0. 1. 0. 0. 1. 0. 1. 0. 1. 1. 1. 0. 1. 0. 1. 1. 1. 1. 1. 1. 1. 1. 0.
 0. 0. 1. 1. 1. 0. 0. 1. 1. 1. 0. 0. 0. 1. 1. 1. 0. 0. 0. 0. 1. 1. 1. 0.
 1. 0. 0. 1. 1. 0. 0. 0. 0. 1. 0. 0. 1. 1. 0. 1. 1. 1. 0. 1. 1. 0. 1. 0.
 1. 1. 0. 0. 0. 1. 1. 0. 1. 1. 0. 1. 0. 0. 0. 1. 1. 1. 0. 1. 0. 1. 1. 0.
 1. 0. 0. 1. 1. 0. 0. 1. 0. 1. 1. 0. 0. 1. 0. 0. 1. 1. 0. 1. 1. 0. 0. 0.
 0. 1. 1. 0. 0. 1. 0. 0. 1. 0. 1. 1. 1. 0. 0. 0. 1. 1. 0. 0. 0. 0. 1. 0.
 0. 1. 0. 1. 1. 1. 1. 0. 0. 0. 0. 1. 1. 1. 1. 0. 1. 1. 1. 1. 0. 1. 0. 0.
 1. 0. 0. 1. 1. 1. 1. 1. 0. 0. 1. 1. 1. 0. 0. 1. 0. 1. 0. 0. 1. 0. 1. 0.
 1. 0. 0. 0.]"
937,randomforest,"{'criterion': 'gini', 'max_features': 'sqrt', 'n_estimators': 595}",0.6054174210913135,0.19544639627185562,0.19563593354790576,0.3559677646252255,0.5979614471549956,0.2010676370958424,0.5819964349376114,0.16417910447761197,0.582089552238806,0.5820895522388059,"{0: 0.5878257963911786, 1: 0.5878257963911784}","{0: 0.5878257963911786, 1: 0.5878257963911784}",0.5878257963911784,"[[76 58]
 [54 80]]","[1. 0. 0. 0. 0. 1. 0. 1. 1. 0. 0. 0. 1. 0. 0. 0. 1. 0. 0. 0. 0. 1. 0. 0.
 0. 0. 1. 1. 1. 1. 1. 0. 0. 0. 1. 0. 1. 0. 1. 0. 0. 0. 1. 1. 0. 0. 1. 0.
 0. 0. 1. 0. 1. 1. 1. 1. 1. 1. 0. 1. 1. 0. 1. 1. 0. 0. 1. 1. 1. 1. 0. 0.
 0. 1. 0. 1. 1. 0. 0. 0. 1. 1. 1. 0. 0. 1. 0. 1. 1. 1. 1. 1. 0. 1. 1. 1.
 0. 0. 1. 1. 0. 1. 1. 0. 0. 0. 0. 1. 0. 1. 0. 0. 0. 1. 1. 0. 1. 0. 0. 0.
 0. 1. 1. 1. 1. 1. 1. 1. 1. 0. 0. 1. 1. 0. 1. 1. 0. 1. 0. 1. 1. 0. 0. 0.
 1. 0. 0. 0. 1. 1. 1. 0. 1. 0. 0. 1. 1. 0. 1. 0. 1. 1. 0. 0. 1. 1. 0. 1.
 1. 1. 0. 1. 1. 0. 0. 1. 1. 0. 1. 0. 0. 1. 1. 1. 0. 0. 1. 0. 0. 0. 1. 1.
 1. 1. 1. 0. 1. 1. 0. 0. 0. 0. 1. 1. 0. 0. 0. 0. 1. 1. 0. 1. 1. 1. 0. 0.
 1. 1. 0. 1. 0. 0. 0. 0. 1. 1. 1. 0. 0. 1. 1. 1. 1. 1. 1. 1. 0. 1. 0. 0.
 1. 1. 0. 0. 1. 1. 1. 1. 0. 0. 1. 0. 1. 0. 0. 1. 0. 0. 0. 1. 0. 0. 1. 1.
 1. 0. 1. 0.]","[0. 1. 0. 0. 0. 1. 1. 1. 0. 0. 0. 0. 0. 1. 0. 0. 1. 1. 0. 0. 0. 0. 0. 1.
 0. 0. 1. 0. 1. 0. 0. 1. 0. 1. 1. 0. 0. 0. 1. 0. 0. 0. 1. 1. 1. 0. 1. 0.
 1. 0. 1. 1. 0. 1. 1. 1. 1. 0. 1. 0. 0. 1. 1. 1. 0. 0. 0. 1. 1. 0. 1. 1.
 0. 0. 1. 0. 0. 1. 0. 1. 0. 1. 1. 1. 0. 1. 0. 1. 1. 1. 1. 1. 1. 1. 1. 0.
 0. 0. 1. 1. 1. 0. 0. 1. 1. 1. 0. 0. 0. 1. 1. 1. 0. 0. 0. 0. 1. 1. 1. 0.
 1. 0. 0. 1. 1. 0. 0. 0. 0. 1. 0. 0. 1. 1. 0. 1. 1. 1. 0. 1. 1. 0. 1. 0.
 1. 1. 0. 0. 0. 1. 1. 0. 1. 1. 0. 1. 0. 0. 0. 1. 1. 1. 0. 1. 0. 1. 1. 0.
 1. 0. 0. 1. 1. 0. 0. 1. 0. 1. 1. 0. 0. 1. 0. 0. 1. 1. 0. 1. 1. 0. 0. 0.
 0. 1. 1. 0. 0. 1. 0. 0. 1. 0. 1. 1. 1. 0. 0. 0. 1. 1. 0. 0. 0. 0. 1. 0.
 0. 1. 0. 1. 1. 1. 1. 0. 0. 0. 0. 1. 1. 1. 1. 0. 1. 1. 1. 1. 0. 1. 0. 0.
 1. 0. 0. 1. 1. 1. 1. 1. 0. 0. 1. 1. 1. 0. 0. 1. 0. 1. 0. 0. 1. 0. 1. 0.
 1. 0. 0. 0.]"
364,randomforest,"{'criterion': 'gini', 'max_features': 'sqrt', 'n_estimators': 207}",0.5980276969576991,0.18080940273896606,0.19557426067643133,0.3312537161813048,0.5920980415940093,0.18820172896341278,0.582089552238806,0.16417910447761197,0.582089552238806,0.582089552238806,"{0: 0.5878536422365783, 1: 0.5878536422365782}","{0: 0.5878536422365783, 1: 0.5878536422365782}",0.5878536422365782,"[[78 56]
 [56 78]]","[1. 0. 0. 0. 0. 1. 0. 1. 1. 0. 0. 0. 1. 0. 0. 0. 1. 0. 0. 0. 0. 1. 0. 0.
 0. 0. 1. 1. 1. 1. 1. 0. 0. 0. 1. 0. 0. 0. 1. 0. 0. 0. 1. 1. 0. 0. 1. 1.
 0. 0. 1. 0. 0. 1. 1. 1. 1. 1. 0. 1. 1. 0. 1. 0. 0. 0. 1. 1. 1. 1. 0. 0.
 0. 1. 0. 1. 1. 0. 0. 0. 1. 1. 1. 0. 0. 1. 0. 1. 1. 1. 1. 1. 0. 1. 1. 1.
 0. 0. 1. 1. 1. 1. 0. 0. 0. 0. 0. 1. 0. 1. 0. 0. 0. 1. 1. 0. 1. 0. 0. 0.
 0. 1. 1. 1. 1. 1. 1. 1. 1. 0. 0. 1. 1. 0. 1. 1. 0. 1. 0. 1. 0. 0. 0. 0.
 0. 0. 0. 0. 1. 1. 1. 0. 1. 0. 0. 1. 1. 0. 1. 0. 1. 1. 0. 0. 1. 0. 0. 1.
 1. 1. 0. 1. 1. 0. 0. 1. 1. 0. 1. 0. 0. 1. 1. 1. 0. 0. 1. 1. 0. 0. 1. 1.
 1. 1. 1. 0. 1. 1. 0. 0. 0. 0. 1. 1. 0. 0. 0. 0. 1. 1. 0. 1. 1. 1. 0. 0.
 1. 1. 0. 1. 0. 0. 0. 0. 1. 1. 1. 0. 0. 0. 1. 1. 1. 1. 1. 1. 0. 1. 0. 0.
 1. 1. 0. 0. 1. 1. 1. 1. 0. 1. 1. 0. 1. 0. 0. 1. 0. 1. 0. 1. 0. 0. 1. 0.
 1. 0. 1. 0.]","[0. 1. 0. 0. 0. 1. 1. 1. 0. 0. 0. 0. 0. 1. 0. 0. 1. 1. 0. 0. 0. 0. 0. 1.
 0. 0. 1. 0. 1. 0. 0. 1. 0. 1. 1. 0. 0. 0. 1. 0. 0. 0. 1. 1. 1. 0. 1. 0.
 1. 0. 1. 1. 0. 1. 1. 1. 1. 0. 1. 0. 0. 1. 1. 1. 0. 0. 0. 1. 1. 0. 1. 1.
 0. 0. 1. 0. 0. 1. 0. 1. 0. 1. 1. 1. 0. 1. 0. 1. 1. 1. 1. 1. 1. 1. 1. 0.
 0. 0. 1. 1. 1. 0. 0. 1. 1. 1. 0. 0. 0. 1. 1. 1. 0. 0. 0. 0. 1. 1. 1. 0.
 1. 0. 0. 1. 1. 0. 0. 0. 0. 1. 0. 0. 1. 1. 0. 1. 1. 1. 0. 1. 1. 0. 1. 0.
 1. 1. 0. 0. 0. 1. 1. 0. 1. 1. 0. 1. 0. 0. 0. 1. 1. 1. 0. 1. 0. 1. 1. 0.
 1. 0. 0. 1. 1. 0. 0. 1. 0. 1. 1. 0. 0. 1. 0. 0. 1. 1. 0. 1. 1. 0. 0. 0.
 0. 1. 1. 0. 0. 1. 0. 0. 1. 0. 1. 1. 1. 0. 0. 0. 1. 1. 0. 0. 0. 0. 1. 0.
 0. 1. 0. 1. 1. 1. 1. 0. 0. 0. 0. 1. 1. 1. 1. 0. 1. 1. 1. 1. 0. 1. 0. 0.
 1. 0. 0. 1. 1. 1. 1. 1. 0. 0. 1. 1. 1. 0. 0. 1. 0. 1. 0. 0. 1. 0. 1. 0.
 1. 0. 0. 0.]"
407,randomforest,"{'criterion': 'gini', 'max_features': 'sqrt', 'n_estimators': 395}",0.5994896473167083,0.1915373937816585,0.19553456835257177,0.33709613330439514,0.5929397924357601,0.19819243951893456,0.5815068875132452,0.16417910447761197,0.582089552238806,0.582089552238806,"{0: 0.5948986411227446, 1: 0.5948986411227445}","{0: 0.5948986411227446, 1: 0.5948986411227445}",0.5948986411227445,"[[73 61]
 [51 83]]","[1. 0. 0. 0. 0. 1. 0. 1. 1. 0. 0. 0. 1. 0. 0. 0. 1. 0. 0. 0. 0. 1. 0. 0.
 0. 0. 1. 1. 1. 1. 1. 0. 0. 0. 1. 0. 0. 0. 1. 0. 1. 0. 1. 0. 0. 0. 1. 0.
 0. 0. 1. 0. 1. 1. 1. 1. 1. 1. 0. 1. 1. 0. 1. 1. 0. 0. 1. 1. 1. 1. 0. 0.
 1. 1. 0. 1. 1. 0. 0. 0. 1. 1. 1. 0. 0. 1. 0. 1. 1. 1. 1. 1. 0. 1. 1. 1.
 0. 0. 1. 1. 0. 1. 1. 1. 0. 0. 0. 1. 0. 1. 0. 0. 0. 1. 1. 0. 1. 0. 0. 0.
 0. 1. 1. 1. 1. 1. 1. 1. 1. 0. 0. 1. 1. 0. 1. 1. 0. 1. 0. 1. 1. 0. 1. 0.
 0. 0. 0. 0. 1. 1. 1. 0. 1. 1. 0. 1. 1. 0. 1. 0. 1. 1. 0. 0. 1. 1. 0. 1.
 1. 1. 0. 1. 1. 1. 0. 1. 1. 0. 1. 0. 0. 1. 1. 1. 0. 0. 1. 1. 0. 0. 1. 1.
 1. 1. 1. 0. 1. 1. 0. 0. 0. 0. 1. 1. 0. 0. 0. 0. 1. 1. 0. 1. 1. 1. 0. 0.
 1. 1. 0. 1. 0. 0. 0. 0. 1. 1. 1. 0. 1. 0. 1. 1. 1. 1. 1. 1. 0. 1. 0. 0.
 1. 1. 0. 0. 1. 1. 1. 1. 0. 1. 1. 0. 1. 0. 0. 1. 0. 1. 0. 1. 0. 0. 1. 1.
 1. 0. 1. 0.]","[0. 1. 0. 0. 0. 1. 1. 1. 0. 0. 0. 0. 0. 1. 0. 0. 1. 1. 0. 0. 0. 0. 0. 1.
 0. 0. 1. 0. 1. 0. 0. 1. 0. 1. 1. 0. 0. 0. 1. 0. 0. 0. 1. 1. 1. 0. 1. 0.
 1. 0. 1. 1. 0. 1. 1. 1. 1. 0. 1. 0. 0. 1. 1. 1. 0. 0. 0. 1. 1. 0. 1. 1.
 0. 0. 1. 0. 0. 1. 0. 1. 0. 1. 1. 1. 0. 1. 0. 1. 1. 1. 1. 1. 1. 1. 1. 0.
 0. 0. 1. 1. 1. 0. 0. 1. 1. 1. 0. 0. 0. 1. 1. 1. 0. 0. 0. 0. 1. 1. 1. 0.
 1. 0. 0. 1. 1. 0. 0. 0. 0. 1. 0. 0. 1. 1. 0. 1. 1. 1. 0. 1. 1. 0. 1. 0.
 1. 1. 0. 0. 0. 1. 1. 0. 1. 1. 0. 1. 0. 0. 0. 1. 1. 1. 0. 1. 0. 1. 1. 0.
 1. 0. 0. 1. 1. 0. 0. 1. 0. 1. 1. 0. 0. 1. 0. 0. 1. 1. 0. 1. 1. 0. 0. 0.
 0. 1. 1. 0. 0. 1. 0. 0. 1. 0. 1. 1. 1. 0. 0. 0. 1. 1. 0. 0. 0. 0. 1. 0.
 0. 1. 0. 1. 1. 1. 1. 0. 0. 0. 0. 1. 1. 1. 1. 0. 1. 1. 1. 1. 0. 1. 0. 0.
 1. 0. 0. 1. 1. 1. 1. 1. 0. 0. 1. 1. 1. 0. 0. 1. 0. 1. 0. 0. 1. 0. 1. 0.
 1. 0. 0. 0.]"
967,randomforest,"{'criterion': 'gini', 'max_features': 'sqrt', 'n_estimators': 463}",0.6008886469308407,0.18709751972121166,0.1955218576824033,0.32341644777376616,0.5963224089232154,0.1914530620824304,0.5891861761426979,0.17910447761194026,0.5895522388059702,0.5895522388059702,"{0: 0.5843172198707953, 1: 0.5843172198707953}","{0: 0.5843172198707953, 1: 0.5843172198707953}",0.5843172198707953,"[[75 59]
 [51 83]]","[1. 0. 0. 0. 0. 1. 0. 1. 1. 0. 0. 0. 1. 0. 0. 0. 1. 0. 0. 0. 0. 1. 0. 0.
 1. 0. 1. 1. 1. 1. 1. 0. 0. 0. 1. 0. 0. 0. 1. 0. 1. 0. 1. 1. 0. 0. 1. 0.
 0. 0. 1. 0. 0. 1. 1. 1. 1. 1. 0. 1. 1. 0. 1. 1. 0. 0. 1. 1. 1. 1. 0. 0.
 1. 1. 0. 1. 1. 0. 0. 0. 1. 1. 1. 0. 0. 1. 0. 1. 1. 1. 1. 1. 0. 1. 1. 1.
 0. 0. 0. 1. 0. 1. 1. 0. 0. 0. 0. 1. 0. 1. 0. 0. 0. 1. 1. 0. 1. 0. 0. 0.
 0. 1. 1. 1. 1. 1. 1. 1. 1. 0. 0. 1. 1. 0. 1. 1. 0. 1. 0. 1. 1. 0. 1. 0.
 1. 0. 0. 0. 1. 1. 1. 0. 1. 1. 0. 1. 1. 0. 1. 0. 1. 1. 0. 0. 1. 1. 0. 1.
 1. 1. 0. 1. 1. 0. 0. 1. 1. 0. 1. 0. 0. 1. 1. 1. 0. 0. 1. 1. 0. 0. 1. 1.
 0. 1. 1. 0. 1. 1. 0. 0. 0. 0. 1. 1. 0. 0. 0. 0. 1. 1. 0. 1. 1. 1. 0. 0.
 1. 1. 0. 1. 0. 0. 0. 0. 1. 1. 1. 0. 1. 0. 1. 1. 1. 1. 1. 1. 0. 1. 0. 0.
 1. 1. 0. 0. 1. 1. 1. 1. 0. 1. 1. 0. 1. 0. 0. 1. 0. 1. 0. 1. 0. 0. 1. 1.
 1. 0. 1. 0.]","[0. 1. 0. 0. 0. 1. 1. 1. 0. 0. 0. 0. 0. 1. 0. 0. 1. 1. 0. 0. 0. 0. 0. 1.
 0. 0. 1. 0. 1. 0. 0. 1. 0. 1. 1. 0. 0. 0. 1. 0. 0. 0. 1. 1. 1. 0. 1. 0.
 1. 0. 1. 1. 0. 1. 1. 1. 1. 0. 1. 0. 0. 1. 1. 1. 0. 0. 0. 1. 1. 0. 1. 1.
 0. 0. 1. 0. 0. 1. 0. 1. 0. 1. 1. 1. 0. 1. 0. 1. 1. 1. 1. 1. 1. 1. 1. 0.
 0. 0. 1. 1. 1. 0. 0. 1. 1. 1. 0. 0. 0. 1. 1. 1. 0. 0. 0. 0. 1. 1. 1. 0.
 1. 0. 0. 1. 1. 0. 0. 0. 0. 1. 0. 0. 1. 1. 0. 1. 1. 1. 0. 1. 1. 0. 1. 0.
 1. 1. 0. 0. 0. 1. 1. 0. 1. 1. 0. 1. 0. 0. 0. 1. 1. 1. 0. 1. 0. 1. 1. 0.
 1. 0. 0. 1. 1. 0. 0. 1. 0. 1. 1. 0. 0. 1. 0. 0. 1. 1. 0. 1. 1. 0. 0. 0.
 0. 1. 1. 0. 0. 1. 0. 0. 1. 0. 1. 1. 1. 0. 0. 0. 1. 1. 0. 0. 0. 0. 1. 0.
 0. 1. 0. 1. 1. 1. 1. 0. 0. 0. 0. 1. 1. 1. 1. 0. 1. 1. 1. 1. 0. 1. 0. 0.
 1. 0. 0. 1. 1. 1. 1. 1. 0. 0. 1. 1. 1. 0. 0. 1. 0. 1. 0. 0. 1. 0. 1. 0.
 1. 0. 0. 0.]"
558,randomforest,"{'criterion': 'gini', 'max_features': 'sqrt', 'n_estimators': 543}",0.5944846597811494,0.19583790050738942,0.19550369675952375,0.3537198136082987,0.5866544670980155,0.20019132795374284,0.5706025774991291,0.14179104477611937,0.5708955223880597,0.5708955223880596,"{0: 0.5889674760525729, 1: 0.5889674760525729}","{0: 0.5889674760525729, 1: 0.5889674760525729}",0.5889674760525729,"[[73 61]
 [54 80]]","[1. 0. 0. 0. 0. 1. 0. 1. 1. 0. 0. 0. 1. 0. 0. 0. 1. 0. 0. 0. 0. 1. 0. 0.
 0. 0. 1. 1. 1. 1. 1. 0. 0. 0. 1. 0. 0. 0. 1. 0. 0. 0. 1. 0. 0. 0. 1. 1.
 0. 0. 1. 0. 1. 1. 1. 1. 1. 1. 0. 1. 0. 0. 1. 0. 0. 0. 1. 1. 1. 1. 0. 0.
 1. 1. 0. 1. 1. 0. 0. 0. 1. 1. 1. 0. 0. 1. 0. 1. 1. 1. 1. 1. 0. 1. 1. 1.
 0. 0. 1. 1. 0. 1. 1. 0. 0. 0. 0. 1. 0. 1. 0. 0. 0. 1. 1. 0. 1. 0. 0. 0.
 0. 1. 1. 1. 1. 1. 1. 1. 1. 0. 0. 1. 1. 0. 1. 1. 0. 1. 0. 1. 1. 0. 0. 0.
 1. 0. 0. 0. 1. 1. 1. 0. 1. 1. 0. 1. 1. 0. 1. 0. 1. 1. 0. 0. 1. 1. 0. 1.
 1. 1. 0. 1. 1. 1. 0. 1. 1. 0. 1. 0. 0. 0. 1. 1. 0. 0. 1. 1. 0. 0. 1. 1.
 1. 1. 1. 1. 1. 1. 0. 0. 0. 0. 1. 1. 0. 0. 0. 0. 1. 1. 0. 1. 1. 1. 0. 0.
 1. 1. 0. 1. 0. 0. 0. 0. 1. 1. 1. 0. 1. 0. 1. 1. 1. 1. 1. 1. 0. 1. 0. 0.
 1. 1. 0. 0. 1. 1. 1. 1. 0. 1. 1. 0. 1. 0. 0. 1. 0. 1. 0. 1. 0. 0. 1. 1.
 1. 0. 1. 0.]","[0. 1. 0. 0. 0. 1. 1. 1. 0. 0. 0. 0. 0. 1. 0. 0. 1. 1. 0. 0. 0. 0. 0. 1.
 0. 0. 1. 0. 1. 0. 0. 1. 0. 1. 1. 0. 0. 0. 1. 0. 0. 0. 1. 1. 1. 0. 1. 0.
 1. 0. 1. 1. 0. 1. 1. 1. 1. 0. 1. 0. 0. 1. 1. 1. 0. 0. 0. 1. 1. 0. 1. 1.
 0. 0. 1. 0. 0. 1. 0. 1. 0. 1. 1. 1. 0. 1. 0. 1. 1. 1. 1. 1. 1. 1. 1. 0.
 0. 0. 1. 1. 1. 0. 0. 1. 1. 1. 0. 0. 0. 1. 1. 1. 0. 0. 0. 0. 1. 1. 1. 0.
 1. 0. 0. 1. 1. 0. 0. 0. 0. 1. 0. 0. 1. 1. 0. 1. 1. 1. 0. 1. 1. 0. 1. 0.
 1. 1. 0. 0. 0. 1. 1. 0. 1. 1. 0. 1. 0. 0. 0. 1. 1. 1. 0. 1. 0. 1. 1. 0.
 1. 0. 0. 1. 1. 0. 0. 1. 0. 1. 1. 0. 0. 1. 0. 0. 1. 1. 0. 1. 1. 0. 0. 0.
 0. 1. 1. 0. 0. 1. 0. 0. 1. 0. 1. 1. 1. 0. 0. 0. 1. 1. 0. 0. 0. 0. 1. 0.
 0. 1. 0. 1. 1. 1. 1. 0. 0. 0. 0. 1. 1. 1. 1. 0. 1. 1. 1. 1. 0. 1. 0. 0.
 1. 0. 0. 1. 1. 1. 1. 1. 0. 0. 1. 1. 1. 0. 0. 1. 0. 1. 0. 0. 1. 0. 1. 0.
 1. 0. 0. 0.]"
805,randomforest,"{'criterion': 'gini', 'max_features': 'sqrt', 'n_estimators': 229}",0.59659780921851,0.17832297544518916,0.1952811461012851,0.32961662216718235,0.5870170133779005,0.18927462581859536,0.5820662768031188,0.16417910447761197,0.582089552238806,0.582089552238806,"{0: 0.5886890175985743, 1: 0.5886890175985743}","{0: 0.5886890175985743, 1: 0.5886890175985743}",0.5886890175985743,"[[77 57]
 [55 79]]","[1. 0. 0. 0. 0. 1. 0. 1. 1. 0. 0. 0. 1. 0. 0. 0. 0. 0. 0. 0. 0. 1. 0. 0.
 0. 0. 1. 1. 1. 1. 1. 0. 0. 0. 1. 1. 0. 0. 1. 0. 1. 1. 1. 0. 0. 0. 1. 0.
 0. 0. 1. 0. 1. 1. 1. 1. 1. 1. 0. 1. 0. 0. 1. 0. 0. 0. 1. 1. 1. 1. 0. 0.
 1. 1. 0. 1. 1. 0. 1. 0. 0. 1. 1. 0. 0. 1. 0. 1. 1. 1. 1. 1. 0. 1. 1. 1.
 0. 0. 1. 1. 0. 1. 0. 0. 0. 0. 0. 1. 0. 1. 0. 0. 0. 1. 1. 0. 1. 0. 0. 0.
 0. 1. 1. 1. 1. 1. 1. 1. 1. 0. 0. 0. 1. 0. 1. 1. 0. 1. 0. 1. 1. 0. 0. 0.
 1. 0. 0. 0. 0. 1. 1. 0. 1. 1. 0. 1. 1. 0. 1. 0. 1. 1. 0. 0. 1. 1. 0. 1.
 1. 1. 0. 1. 1. 1. 0. 1. 1. 0. 1. 0. 0. 0. 1. 1. 0. 0. 1. 1. 0. 0. 1. 1.
 0. 1. 1. 0. 1. 1. 0. 0. 0. 0. 1. 1. 0. 0. 0. 0. 1. 1. 0. 1. 1. 1. 0. 0.
 1. 1. 0. 1. 0. 0. 0. 0. 1. 1. 1. 0. 1. 0. 1. 1. 1. 1. 1. 1. 0. 1. 0. 0.
 1. 1. 0. 0. 1. 1. 1. 1. 0. 0. 1. 0. 1. 0. 0. 1. 0. 1. 0. 1. 0. 0. 1. 1.
 1. 0. 1. 0.]","[0. 1. 0. 0. 0. 1. 1. 1. 0. 0. 0. 0. 0. 1. 0. 0. 1. 1. 0. 0. 0. 0. 0. 1.
 0. 0. 1. 0. 1. 0. 0. 1. 0. 1. 1. 0. 0. 0. 1. 0. 0. 0. 1. 1. 1. 0. 1. 0.
 1. 0. 1. 1. 0. 1. 1. 1. 1. 0. 1. 0. 0. 1. 1. 1. 0. 0. 0. 1. 1. 0. 1. 1.
 0. 0. 1. 0. 0. 1. 0. 1. 0. 1. 1. 1. 0. 1. 0. 1. 1. 1. 1. 1. 1. 1. 1. 0.
 0. 0. 1. 1. 1. 0. 0. 1. 1. 1. 0. 0. 0. 1. 1. 1. 0. 0. 0. 0. 1. 1. 1. 0.
 1. 0. 0. 1. 1. 0. 0. 0. 0. 1. 0. 0. 1. 1. 0. 1. 1. 1. 0. 1. 1. 0. 1. 0.
 1. 1. 0. 0. 0. 1. 1. 0. 1. 1. 0. 1. 0. 0. 0. 1. 1. 1. 0. 1. 0. 1. 1. 0.
 1. 0. 0. 1. 1. 0. 0. 1. 0. 1. 1. 0. 0. 1. 0. 0. 1. 1. 0. 1. 1. 0. 0. 0.
 0. 1. 1. 0. 0. 1. 0. 0. 1. 0. 1. 1. 1. 0. 0. 0. 1. 1. 0. 0. 0. 0. 1. 0.
 0. 1. 0. 1. 1. 1. 1. 0. 0. 0. 0. 1. 1. 1. 1. 0. 1. 1. 1. 1. 0. 1. 0. 0.
 1. 0. 0. 1. 1. 1. 1. 1. 0. 0. 1. 1. 1. 0. 0. 1. 0. 1. 0. 0. 1. 0. 1. 0.
 1. 0. 0. 0.]"
872,randomforest,"{'criterion': 'gini', 'max_features': 'sqrt', 'n_estimators': 33}",0.5967625545141094,0.16907543494628782,0.19505201710617104,0.309361896102666,0.5920678597089887,0.17740534485191917,0.57830536795934,0.15671641791044777,0.5783582089552238,0.5783582089552239,"{0: 0.604978837157496, 1: 0.604978837157496}","{0: 0.604978837157496, 1: 0.604978837157496}",0.604978837157496,"[[76 58]
 [55 79]]","[1. 0. 0. 0. 0. 1. 0. 1. 1. 0. 1. 0. 1. 0. 0. 0. 0. 0. 0. 1. 0. 1. 0. 0.
 0. 0. 1. 1. 1. 1. 1. 0. 0. 0. 1. 0. 1. 0. 1. 0. 0. 1. 1. 1. 0. 0. 1. 0.
 0. 0. 1. 0. 0. 1. 1. 1. 1. 1. 0. 1. 1. 0. 1. 0. 0. 0. 1. 1. 1. 1. 0. 0.
 1. 1. 0. 1. 1. 0. 0. 0. 0. 1. 1. 0. 0. 1. 0. 1. 1. 1. 1. 1. 0. 1. 1. 1.
 0. 0. 1. 1. 1. 1. 0. 1. 0. 0. 0. 1. 0. 1. 0. 0. 0. 1. 1. 0. 1. 0. 0. 0.
 0. 1. 1. 1. 1. 1. 1. 1. 1. 0. 0. 1. 1. 0. 1. 0. 0. 1. 0. 1. 0. 0. 1. 0.
 0. 0. 0. 0. 1. 1. 1. 0. 0. 0. 0. 1. 1. 0. 1. 0. 1. 1. 0. 1. 1. 1. 0. 1.
 1. 0. 1. 1. 1. 0. 0. 1. 1. 0. 1. 0. 0. 0. 1. 1. 0. 1. 0. 0. 0. 0. 1. 1.
 1. 1. 1. 0. 1. 1. 0. 0. 1. 0. 1. 1. 0. 0. 0. 0. 1. 1. 0. 1. 1. 1. 0. 0.
 1. 1. 0. 0. 0. 1. 0. 0. 1. 1. 1. 0. 0. 1. 1. 1. 1. 1. 1. 1. 0. 1. 0. 0.
 1. 1. 0. 0. 1. 1. 0. 1. 0. 0. 1. 0. 1. 0. 0. 1. 0. 1. 0. 1. 0. 0. 1. 1.
 1. 0. 1. 0.]","[0. 1. 0. 0. 0. 1. 1. 1. 0. 0. 0. 0. 0. 1. 0. 0. 1. 1. 0. 0. 0. 0. 0. 1.
 0. 0. 1. 0. 1. 0. 0. 1. 0. 1. 1. 0. 0. 0. 1. 0. 0. 0. 1. 1. 1. 0. 1. 0.
 1. 0. 1. 1. 0. 1. 1. 1. 1. 0. 1. 0. 0. 1. 1. 1. 0. 0. 0. 1. 1. 0. 1. 1.
 0. 0. 1. 0. 0. 1. 0. 1. 0. 1. 1. 1. 0. 1. 0. 1. 1. 1. 1. 1. 1. 1. 1. 0.
 0. 0. 1. 1. 1. 0. 0. 1. 1. 1. 0. 0. 0. 1. 1. 1. 0. 0. 0. 0. 1. 1. 1. 0.
 1. 0. 0. 1. 1. 0. 0. 0. 0. 1. 0. 0. 1. 1. 0. 1. 1. 1. 0. 1. 1. 0. 1. 0.
 1. 1. 0. 0. 0. 1. 1. 0. 1. 1. 0. 1. 0. 0. 0. 1. 1. 1. 0. 1. 0. 1. 1. 0.
 1. 0. 0. 1. 1. 0. 0. 1. 0. 1. 1. 0. 0. 1. 0. 0. 1. 1. 0. 1. 1. 0. 0. 0.
 0. 1. 1. 0. 0. 1. 0. 0. 1. 0. 1. 1. 1. 0. 0. 0. 1. 1. 0. 0. 0. 0. 1. 0.
 0. 1. 0. 1. 1. 1. 1. 0. 0. 0. 0. 1. 1. 1. 1. 0. 1. 1. 1. 1. 0. 1. 0. 0.
 1. 0. 0. 1. 1. 1. 1. 1. 0. 0. 1. 1. 1. 0. 0. 1. 0. 1. 0. 0. 1. 0. 1. 0.
 1. 0. 0. 0.]"
845,randomforest,"{'criterion': 'gini', 'max_features': 'sqrt', 'n_estimators': 563}",0.5995642262720061,0.18661954406857173,0.19501228192923373,0.33087884886773505,0.5922453479913157,0.19178511167349505,0.5780703587600139,0.15671641791044777,0.5783582089552238,0.5783582089552239,"{0: 0.5959289374025396, 1: 0.5959289374025396}","{0: 0.5959289374025396, 1: 0.5959289374025396}",0.5959289374025396,"[[74 60]
 [53 81]]","[1. 0. 0. 0. 0. 1. 0. 1. 1. 0. 0. 0. 1. 0. 0. 0. 1. 0. 0. 0. 0. 1. 0. 0.
 0. 0. 1. 1. 1. 1. 1. 0. 0. 0. 1. 0. 0. 0. 1. 0. 0. 0. 1. 0. 0. 0. 1. 1.
 0. 0. 1. 0. 0. 1. 1. 1. 1. 1. 0. 1. 1. 0. 1. 1. 0. 0. 1. 1. 1. 1. 0. 0.
 1. 1. 0. 1. 1. 0. 0. 0. 1. 1. 1. 0. 0. 1. 0. 1. 1. 1. 1. 1. 0. 1. 1. 1.
 0. 0. 1. 1. 0. 1. 1. 1. 0. 0. 0. 1. 0. 1. 0. 0. 0. 1. 1. 0. 1. 0. 0. 0.
 0. 1. 1. 1. 1. 1. 1. 1. 1. 0. 0. 1. 1. 0. 1. 1. 0. 1. 0. 1. 1. 0. 0. 0.
 1. 0. 0. 0. 1. 1. 1. 0. 1. 1. 0. 1. 1. 0. 1. 0. 1. 1. 0. 0. 1. 1. 0. 1.
 1. 1. 0. 1. 1. 1. 0. 1. 1. 0. 1. 0. 0. 0. 1. 1. 0. 0. 1. 1. 0. 0. 1. 1.
 1. 1. 1. 0. 1. 1. 0. 0. 0. 0. 1. 1. 0. 0. 0. 0. 1. 1. 0. 1. 1. 1. 0. 0.
 1. 1. 0. 1. 0. 0. 0. 0. 1. 1. 1. 0. 1. 0. 1. 1. 1. 1. 1. 1. 0. 1. 0. 0.
 1. 1. 0. 0. 1. 1. 0. 1. 0. 1. 1. 0. 1. 0. 0. 1. 0. 1. 0. 1. 0. 0. 1. 1.
 1. 0. 1. 0.]","[0. 1. 0. 0. 0. 1. 1. 1. 0. 0. 0. 0. 0. 1. 0. 0. 1. 1. 0. 0. 0. 0. 0. 1.
 0. 0. 1. 0. 1. 0. 0. 1. 0. 1. 1. 0. 0. 0. 1. 0. 0. 0. 1. 1. 1. 0. 1. 0.
 1. 0. 1. 1. 0. 1. 1. 1. 1. 0. 1. 0. 0. 1. 1. 1. 0. 0. 0. 1. 1. 0. 1. 1.
 0. 0. 1. 0. 0. 1. 0. 1. 0. 1. 1. 1. 0. 1. 0. 1. 1. 1. 1. 1. 1. 1. 1. 0.
 0. 0. 1. 1. 1. 0. 0. 1. 1. 1. 0. 0. 0. 1. 1. 1. 0. 0. 0. 0. 1. 1. 1. 0.
 1. 0. 0. 1. 1. 0. 0. 0. 0. 1. 0. 0. 1. 1. 0. 1. 1. 1. 0. 1. 1. 0. 1. 0.
 1. 1. 0. 0. 0. 1. 1. 0. 1. 1. 0. 1. 0. 0. 0. 1. 1. 1. 0. 1. 0. 1. 1. 0.
 1. 0. 0. 1. 1. 0. 0. 1. 0. 1. 1. 0. 0. 1. 0. 0. 1. 1. 0. 1. 1. 0. 0. 0.
 0. 1. 1. 0. 0. 1. 0. 0. 1. 0. 1. 1. 1. 0. 0. 0. 1. 1. 0. 0. 0. 0. 1. 0.
 0. 1. 0. 1. 1. 1. 1. 0. 0. 0. 0. 1. 1. 1. 1. 0. 1. 1. 1. 1. 0. 1. 0. 0.
 1. 0. 0. 1. 1. 1. 1. 1. 0. 0. 1. 1. 1. 0. 0. 1. 0. 1. 0. 0. 1. 0. 1. 0.
 1. 0. 0. 0.]"
898,AdaBoost,"{'algorithm': 'SAMME.R', 'learning_rate': 0.26326530612244897, 'n_estimators': 41}",0.6025822347023536,0.16906117157721448,0.19461403323679619,0.2983381610973936,0.594624966953596,0.15648988169724354,0.5669471220816849,0.13432835820895528,0.5671641791044776,0.5671641791044777,"{0: 0.5400701715304077, 1: 0.5400701715304077}","{0: 0.5400701715304077, 1: 0.5400701715304077}",0.5400701715304077,"[[73 61]
 [55 79]]","[1. 0. 0. 0. 1. 1. 1. 1. 1. 0. 0. 0. 1. 1. 0. 0. 1. 0. 0. 1. 0. 1. 0. 0.
 0. 0. 1. 1. 1. 1. 1. 0. 0. 0. 1. 0. 0. 0. 0. 0. 0. 0. 1. 1. 0. 0. 1. 1.
 0. 0. 1. 1. 0. 0. 1. 1. 1. 1. 0. 1. 0. 1. 1. 0. 0. 0. 0. 1. 1. 1. 1. 1.
 1. 1. 0. 1. 1. 0. 1. 1. 0. 1. 1. 0. 0. 1. 0. 1. 1. 0. 1. 1. 0. 1. 1. 1.
 0. 0. 0. 0. 0. 1. 0. 1. 1. 0. 0. 1. 0. 1. 0. 0. 0. 1. 1. 0. 1. 1. 0. 0.
 0. 1. 1. 0. 0. 1. 1. 1. 1. 0. 0. 1. 0. 0. 1. 1. 0. 0. 0. 0. 1. 0. 0. 0.
 1. 1. 0. 1. 1. 1. 1. 0. 1. 1. 0. 1. 1. 0. 1. 1. 1. 0. 0. 0. 1. 0. 0. 1.
 1. 1. 1. 1. 1. 0. 0. 1. 0. 1. 0. 1. 0. 0. 0. 1. 0. 0. 1. 1. 1. 1. 1. 1.
 1. 1. 0. 0. 1. 1. 0. 1. 0. 0. 1. 1. 1. 1. 1. 0. 0. 1. 0. 1. 1. 0. 0. 0.
 1. 0. 0. 1. 0. 1. 0. 0. 0. 1. 1. 1. 0. 0. 0. 1. 1. 1. 1. 1. 0. 1. 0. 0.
 1. 0. 0. 0. 1. 1. 0. 0. 0. 1. 1. 1. 1. 0. 0. 1. 0. 1. 0. 1. 0. 1. 1. 1.
 1. 0. 1. 0.]","[0. 1. 0. 0. 0. 1. 1. 1. 0. 0. 0. 0. 0. 1. 0. 0. 1. 1. 0. 0. 0. 0. 0. 1.
 0. 0. 1. 0. 1. 0. 0. 1. 0. 1. 1. 0. 0. 0. 1. 0. 0. 0. 1. 1. 1. 0. 1. 0.
 1. 0. 1. 1. 0. 1. 1. 1. 1. 0. 1. 0. 0. 1. 1. 1. 0. 0. 0. 1. 1. 0. 1. 1.
 0. 0. 1. 0. 0. 1. 0. 1. 0. 1. 1. 1. 0. 1. 0. 1. 1. 1. 1. 1. 1. 1. 1. 0.
 0. 0. 1. 1. 1. 0. 0. 1. 1. 1. 0. 0. 0. 1. 1. 1. 0. 0. 0. 0. 1. 1. 1. 0.
 1. 0. 0. 1. 1. 0. 0. 0. 0. 1. 0. 0. 1. 1. 0. 1. 1. 1. 0. 1. 1. 0. 1. 0.
 1. 1. 0. 0. 0. 1. 1. 0. 1. 1. 0. 1. 0. 0. 0. 1. 1. 1. 0. 1. 0. 1. 1. 0.
 1. 0. 0. 1. 1. 0. 0. 1. 0. 1. 1. 0. 0. 1. 0. 0. 1. 1. 0. 1. 1. 0. 0. 0.
 0. 1. 1. 0. 0. 1. 0. 0. 1. 0. 1. 1. 1. 0. 0. 0. 1. 1. 0. 0. 0. 0. 1. 0.
 0. 1. 0. 1. 1. 1. 1. 0. 0. 0. 0. 1. 1. 1. 1. 0. 1. 1. 1. 1. 0. 1. 0. 0.
 1. 0. 0. 1. 1. 1. 1. 1. 0. 0. 1. 1. 1. 0. 0. 1. 0. 1. 0. 0. 1. 0. 1. 0.
 1. 0. 0. 0.]"
914,randomforest,"{'criterion': 'entropy', 'max_features': 'sqrt', 'n_estimators': 519}",0.5933315622938534,0.19834319969845246,0.19457045107707946,0.36482540596101337,0.5853457064142548,0.20305293471659144,0.5670677361853831,0.13432835820895528,0.5671641791044776,0.5671641791044777,"{0: 0.585625974604589, 1: 0.585625974604589}","{0: 0.585625974604589, 1: 0.585625974604589}",0.585625974604589,"[[74 60]
 [56 78]]","[1. 0. 0. 0. 0. 1. 0. 1. 1. 0. 0. 0. 1. 0. 0. 0. 1. 0. 0. 0. 0. 1. 0. 0.
 0. 0. 1. 1. 1. 1. 1. 0. 0. 0. 1. 0. 0. 0. 1. 0. 0. 0. 1. 0. 0. 0. 1. 0.
 0. 0. 1. 0. 1. 1. 1. 1. 1. 1. 0. 1. 0. 0. 1. 0. 0. 0. 1. 1. 1. 1. 0. 0.
 1. 1. 0. 1. 1. 0. 0. 0. 1. 1. 1. 0. 0. 1. 0. 1. 1. 1. 1. 1. 0. 1. 1. 1.
 0. 0. 1. 1. 0. 1. 1. 1. 0. 0. 0. 1. 0. 1. 0. 0. 0. 1. 1. 0. 1. 0. 0. 0.
 0. 1. 1. 1. 1. 1. 1. 1. 1. 0. 0. 1. 1. 0. 1. 0. 0. 1. 0. 1. 1. 0. 1. 0.
 0. 0. 0. 0. 1. 1. 1. 0. 1. 1. 0. 1. 1. 0. 1. 0. 1. 1. 0. 0. 1. 1. 0. 1.
 1. 1. 0. 1. 1. 1. 0. 1. 1. 0. 1. 0. 0. 0. 1. 1. 0. 0. 1. 1. 0. 0. 1. 1.
 1. 1. 1. 0. 1. 1. 0. 1. 0. 0. 1. 1. 0. 0. 0. 0. 1. 1. 0. 1. 1. 1. 0. 0.
 1. 1. 0. 1. 0. 0. 0. 0. 1. 1. 1. 0. 0. 0. 1. 1. 1. 1. 1. 1. 0. 1. 0. 0.
 1. 1. 0. 0. 1. 1. 0. 1. 0. 1. 1. 0. 1. 0. 0. 1. 0. 1. 0. 1. 0. 0. 1. 1.
 1. 0. 1. 0.]","[0. 1. 0. 0. 0. 1. 1. 1. 0. 0. 0. 0. 0. 1. 0. 0. 1. 1. 0. 0. 0. 0. 0. 1.
 0. 0. 1. 0. 1. 0. 0. 1. 0. 1. 1. 0. 0. 0. 1. 0. 0. 0. 1. 1. 1. 0. 1. 0.
 1. 0. 1. 1. 0. 1. 1. 1. 1. 0. 1. 0. 0. 1. 1. 1. 0. 0. 0. 1. 1. 0. 1. 1.
 0. 0. 1. 0. 0. 1. 0. 1. 0. 1. 1. 1. 0. 1. 0. 1. 1. 1. 1. 1. 1. 1. 1. 0.
 0. 0. 1. 1. 1. 0. 0. 1. 1. 1. 0. 0. 0. 1. 1. 1. 0. 0. 0. 0. 1. 1. 1. 0.
 1. 0. 0. 1. 1. 0. 0. 0. 0. 1. 0. 0. 1. 1. 0. 1. 1. 1. 0. 1. 1. 0. 1. 0.
 1. 1. 0. 0. 0. 1. 1. 0. 1. 1. 0. 1. 0. 0. 0. 1. 1. 1. 0. 1. 0. 1. 1. 0.
 1. 0. 0. 1. 1. 0. 0. 1. 0. 1. 1. 0. 0. 1. 0. 0. 1. 1. 0. 1. 1. 0. 0. 0.
 0. 1. 1. 0. 0. 1. 0. 0. 1. 0. 1. 1. 1. 0. 0. 0. 1. 1. 0. 0. 0. 0. 1. 0.
 0. 1. 0. 1. 1. 1. 1. 0. 0. 0. 0. 1. 1. 1. 1. 0. 1. 1. 1. 1. 0. 1. 0. 0.
 1. 0. 0. 1. 1. 1. 1. 1. 0. 0. 1. 1. 1. 0. 0. 1. 0. 1. 0. 0. 1. 0. 1. 0.
 1. 0. 0. 0.]"
289,randomforest,"{'criterion': 'gini', 'max_features': 'log2', 'n_estimators': 557}",0.5960097358782809,0.19863406783445864,0.19446490650108791,0.36344369243671226,0.5876065280299151,0.2036125261651246,0.5780703587600139,0.15671641791044777,0.5783582089552238,0.5783582089552239,"{0: 0.5855424370683894, 1: 0.5855424370683895}","{0: 0.5855424370683894, 1: 0.5855424370683895}",0.5855424370683895,"[[74 60]
 [53 81]]","[1. 0. 0. 0. 0. 1. 0. 1. 1. 0. 0. 0. 1. 0. 0. 0. 1. 0. 0. 0. 0. 1. 0. 0.
 0. 0. 1. 1. 1. 1. 1. 0. 0. 0. 1. 0. 1. 0. 1. 0. 0. 0. 1. 0. 0. 0. 1. 0.
 0. 0. 1. 0. 1. 1. 1. 1. 1. 1. 0. 1. 0. 0. 1. 0. 0. 0. 1. 1. 1. 1. 0. 0.
 1. 1. 0. 1. 1. 0. 0. 0. 1. 1. 1. 0. 0. 1. 0. 1. 1. 1. 1. 1. 0. 1. 1. 1.
 0. 0. 1. 1. 0. 1. 1. 1. 0. 0. 0. 1. 0. 1. 0. 0. 0. 1. 1. 0. 1. 0. 0. 0.
 0. 1. 1. 1. 1. 1. 1. 1. 1. 0. 0. 1. 1. 0. 1. 1. 0. 1. 0. 1. 1. 0. 0. 0.
 0. 0. 0. 0. 1. 1. 1. 0. 1. 1. 0. 1. 1. 0. 1. 0. 1. 1. 0. 0. 1. 1. 0. 1.
 1. 1. 0. 1. 1. 1. 0. 1. 1. 0. 1. 0. 0. 1. 1. 1. 0. 0. 1. 1. 0. 0. 1. 1.
 0. 1. 1. 1. 1. 1. 0. 0. 0. 0. 1. 1. 0. 0. 0. 0. 1. 1. 0. 1. 1. 1. 0. 0.
 1. 1. 0. 1. 0. 0. 0. 0. 1. 1. 1. 0. 1. 0. 1. 1. 1. 1. 1. 1. 0. 1. 0. 0.
 1. 1. 0. 0. 1. 1. 1. 1. 0. 1. 1. 0. 1. 0. 0. 1. 0. 1. 0. 1. 0. 0. 1. 1.
 1. 0. 1. 0.]","[0. 1. 0. 0. 0. 1. 1. 1. 0. 0. 0. 0. 0. 1. 0. 0. 1. 1. 0. 0. 0. 0. 0. 1.
 0. 0. 1. 0. 1. 0. 0. 1. 0. 1. 1. 0. 0. 0. 1. 0. 0. 0. 1. 1. 1. 0. 1. 0.
 1. 0. 1. 1. 0. 1. 1. 1. 1. 0. 1. 0. 0. 1. 1. 1. 0. 0. 0. 1. 1. 0. 1. 1.
 0. 0. 1. 0. 0. 1. 0. 1. 0. 1. 1. 1. 0. 1. 0. 1. 1. 1. 1. 1. 1. 1. 1. 0.
 0. 0. 1. 1. 1. 0. 0. 1. 1. 1. 0. 0. 0. 1. 1. 1. 0. 0. 0. 0. 1. 1. 1. 0.
 1. 0. 0. 1. 1. 0. 0. 0. 0. 1. 0. 0. 1. 1. 0. 1. 1. 1. 0. 1. 1. 0. 1. 0.
 1. 1. 0. 0. 0. 1. 1. 0. 1. 1. 0. 1. 0. 0. 0. 1. 1. 1. 0. 1. 0. 1. 1. 0.
 1. 0. 0. 1. 1. 0. 0. 1. 0. 1. 1. 0. 0. 1. 0. 0. 1. 1. 0. 1. 1. 0. 0. 0.
 0. 1. 1. 0. 0. 1. 0. 0. 1. 0. 1. 1. 1. 0. 0. 0. 1. 1. 0. 0. 0. 0. 1. 0.
 0. 1. 0. 1. 1. 1. 1. 0. 0. 0. 0. 1. 1. 1. 1. 0. 1. 1. 1. 1. 0. 1. 0. 0.
 1. 0. 0. 1. 1. 1. 1. 1. 0. 0. 1. 1. 1. 0. 0. 1. 0. 1. 0. 0. 1. 0. 1. 0.
 1. 0. 0. 0.]"
357,randomforest,"{'criterion': 'gini', 'max_features': 'sqrt', 'n_estimators': 237}",0.5884332276410076,0.21112661673944383,0.1943509118174059,0.38596582068783053,0.5825417414127091,0.21425480370591513,0.5629399383912019,0.12686567164179108,0.5634328358208955,0.5634328358208955,"{0: 0.5891345511249723, 1: 0.5891345511249722}","{0: 0.5891345511249723, 1: 0.5891345511249722}",0.5891345511249722,"[[71 63]
 [54 80]]","[1. 0. 0. 0. 0. 1. 0. 1. 1. 0. 0. 0. 1. 0. 0. 0. 1. 0. 0. 0. 0. 1. 0. 0.
 0. 0. 1. 1. 1. 1. 1. 0. 0. 0. 1. 0. 1. 0. 1. 0. 0. 0. 1. 0. 0. 0. 1. 1.
 0. 0. 1. 0. 0. 1. 1. 1. 1. 1. 0. 1. 0. 0. 1. 0. 0. 0. 1. 1. 1. 1. 0. 0.
 1. 1. 0. 1. 1. 0. 1. 0. 1. 1. 1. 0. 0. 1. 0. 1. 1. 1. 1. 1. 0. 1. 1. 1.
 0. 0. 1. 1. 1. 1. 1. 0. 0. 0. 0. 1. 0. 1. 0. 0. 0. 1. 1. 0. 1. 0. 0. 0.
 0. 1. 1. 1. 1. 1. 1. 1. 1. 0. 0. 1. 1. 0. 1. 1. 0. 1. 0. 1. 1. 0. 1. 0.
 0. 0. 0. 0. 1. 1. 1. 0. 0. 1. 0. 1. 1. 0. 1. 0. 1. 1. 0. 0. 1. 1. 0. 1.
 1. 1. 0. 1. 1. 0. 0. 1. 1. 0. 1. 1. 0. 0. 1. 1. 0. 0. 1. 1. 0. 0. 1. 1.
 1. 1. 1. 1. 0. 1. 0. 1. 0. 0. 1. 1. 0. 1. 0. 0. 1. 1. 0. 1. 1. 1. 0. 0.
 1. 1. 0. 1. 0. 0. 0. 0. 1. 1. 1. 0. 1. 0. 1. 1. 1. 1. 1. 1. 0. 1. 0. 0.
 1. 1. 0. 0. 1. 1. 1. 1. 0. 1. 1. 0. 1. 0. 0. 1. 0. 1. 0. 1. 0. 0. 1. 1.
 1. 0. 1. 0.]","[0. 1. 0. 0. 0. 1. 1. 1. 0. 0. 0. 0. 0. 1. 0. 0. 1. 1. 0. 0. 0. 0. 0. 1.
 0. 0. 1. 0. 1. 0. 0. 1. 0. 1. 1. 0. 0. 0. 1. 0. 0. 0. 1. 1. 1. 0. 1. 0.
 1. 0. 1. 1. 0. 1. 1. 1. 1. 0. 1. 0. 0. 1. 1. 1. 0. 0. 0. 1. 1. 0. 1. 1.
 0. 0. 1. 0. 0. 1. 0. 1. 0. 1. 1. 1. 0. 1. 0. 1. 1. 1. 1. 1. 1. 1. 1. 0.
 0. 0. 1. 1. 1. 0. 0. 1. 1. 1. 0. 0. 0. 1. 1. 1. 0. 0. 0. 0. 1. 1. 1. 0.
 1. 0. 0. 1. 1. 0. 0. 0. 0. 1. 0. 0. 1. 1. 0. 1. 1. 1. 0. 1. 1. 0. 1. 0.
 1. 1. 0. 0. 0. 1. 1. 0. 1. 1. 0. 1. 0. 0. 0. 1. 1. 1. 0. 1. 0. 1. 1. 0.
 1. 0. 0. 1. 1. 0. 0. 1. 0. 1. 1. 0. 0. 1. 0. 0. 1. 1. 0. 1. 1. 0. 0. 0.
 0. 1. 1. 0. 0. 1. 0. 0. 1. 0. 1. 1. 1. 0. 0. 0. 1. 1. 0. 0. 0. 0. 1. 0.
 0. 1. 0. 1. 1. 1. 1. 0. 0. 0. 0. 1. 1. 1. 1. 0. 1. 1. 1. 1. 0. 1. 0. 0.
 1. 0. 0. 1. 1. 1. 1. 1. 0. 0. 1. 1. 1. 0. 0. 1. 0. 1. 0. 0. 1. 0. 1. 0.
 1. 0. 0. 0.]"
886,randomforest,"{'criterion': 'gini', 'max_features': 'sqrt', 'n_estimators': 487}",0.5981990584253128,0.1931170774873491,0.1942248801260725,0.3444964917577098,0.5910023817281881,0.19960294870900694,0.5853532748839607,0.17164179104477617,0.585820895522388,0.585820895522388,"{0: 0.591417910447761, 1: 0.5914179104477612}","{0: 0.591417910447761, 1: 0.5914179104477612}",0.5914179104477612,"[[74 60]
 [51 83]]","[1. 0. 0. 0. 0. 1. 0. 1. 1. 0. 0. 0. 1. 0. 0. 0. 1. 0. 0. 0. 0. 1. 0. 0.
 0. 0. 1. 1. 1. 1. 1. 0. 0. 0. 1. 0. 1. 0. 1. 0. 1. 0. 1. 0. 0. 0. 1. 0.
 0. 0. 1. 0. 0. 1. 1. 1. 1. 1. 0. 1. 1. 0. 1. 0. 0. 0. 1. 1. 1. 1. 0. 0.
 1. 1. 0. 1. 1. 0. 0. 0. 1. 1. 1. 1. 0. 1. 0. 1. 1. 1. 1. 1. 0. 1. 1. 1.
 0. 0. 1. 1. 0. 1. 0. 1. 0. 0. 0. 1. 0. 1. 0. 0. 0. 1. 1. 0. 1. 0. 0. 0.
 0. 1. 1. 1. 1. 1. 1. 1. 1. 0. 0. 1. 1. 0. 1. 1. 0. 1. 0. 1. 1. 0. 1. 0.
 0. 0. 0. 0. 1. 1. 1. 0. 1. 1. 0. 1. 1. 0. 1. 0. 1. 1. 0. 0. 1. 1. 0. 1.
 1. 1. 0. 1. 1. 0. 0. 1. 1. 0. 1. 0. 0. 1. 1. 1. 0. 0. 1. 1. 0. 0. 1. 1.
 1. 1. 1. 1. 1. 1. 0. 0. 0. 0. 1. 1. 0. 0. 0. 0. 1. 1. 0. 1. 1. 1. 0. 0.
 1. 1. 0. 1. 0. 0. 0. 0. 1. 1. 1. 0. 1. 0. 1. 1. 1. 1. 1. 1. 0. 1. 0. 0.
 1. 1. 0. 0. 1. 1. 1. 1. 0. 1. 1. 0. 1. 0. 0. 1. 0. 1. 0. 1. 0. 0. 1. 1.
 1. 0. 1. 0.]","[0. 1. 0. 0. 0. 1. 1. 1. 0. 0. 0. 0. 0. 1. 0. 0. 1. 1. 0. 0. 0. 0. 0. 1.
 0. 0. 1. 0. 1. 0. 0. 1. 0. 1. 1. 0. 0. 0. 1. 0. 0. 0. 1. 1. 1. 0. 1. 0.
 1. 0. 1. 1. 0. 1. 1. 1. 1. 0. 1. 0. 0. 1. 1. 1. 0. 0. 0. 1. 1. 0. 1. 1.
 0. 0. 1. 0. 0. 1. 0. 1. 0. 1. 1. 1. 0. 1. 0. 1. 1. 1. 1. 1. 1. 1. 1. 0.
 0. 0. 1. 1. 1. 0. 0. 1. 1. 1. 0. 0. 0. 1. 1. 1. 0. 0. 0. 0. 1. 1. 1. 0.
 1. 0. 0. 1. 1. 0. 0. 0. 0. 1. 0. 0. 1. 1. 0. 1. 1. 1. 0. 1. 1. 0. 1. 0.
 1. 1. 0. 0. 0. 1. 1. 0. 1. 1. 0. 1. 0. 0. 0. 1. 1. 1. 0. 1. 0. 1. 1. 0.
 1. 0. 0. 1. 1. 0. 0. 1. 0. 1. 1. 0. 0. 1. 0. 0. 1. 1. 0. 1. 1. 0. 0. 0.
 0. 1. 1. 0. 0. 1. 0. 0. 1. 0. 1. 1. 1. 0. 0. 0. 1. 1. 0. 0. 0. 0. 1. 0.
 0. 1. 0. 1. 1. 1. 1. 0. 0. 0. 0. 1. 1. 1. 1. 0. 1. 1. 1. 1. 0. 1. 0. 0.
 1. 0. 0. 1. 1. 1. 1. 1. 0. 0. 1. 1. 1. 0. 0. 1. 0. 1. 0. 0. 1. 0. 1. 0.
 1. 0. 0. 0.]"
753,randomforest,"{'criterion': 'gini', 'max_features': 'sqrt', 'n_estimators': 211}",0.5962488602887658,0.19851021760656998,0.1942081184523842,0.34843281593345743,0.5887848598534082,0.20298416705167732,0.5706025774991291,0.14179104477611937,0.5708955223880597,0.5708955223880596,"{0: 0.5951770995767434, 1: 0.5951770995767431}","{0: 0.5951770995767434, 1: 0.5951770995767431}",0.5951770995767431,"[[73 61]
 [54 80]]","[1. 0. 0. 0. 0. 1. 0. 1. 1. 0. 0. 0. 1. 0. 0. 0. 1. 0. 0. 0. 0. 1. 0. 0.
 0. 0. 1. 1. 1. 1. 1. 0. 0. 0. 1. 0. 0. 0. 1. 0. 1. 0. 1. 1. 0. 0. 1. 1.
 0. 0. 1. 0. 0. 1. 1. 1. 1. 1. 0. 1. 1. 0. 1. 0. 0. 0. 1. 1. 1. 1. 0. 0.
 1. 1. 0. 1. 1. 0. 1. 0. 0. 1. 1. 0. 0. 1. 1. 1. 1. 1. 1. 1. 0. 1. 1. 1.
 0. 0. 1. 1. 0. 1. 0. 0. 0. 0. 0. 1. 0. 1. 0. 0. 0. 1. 1. 0. 1. 0. 0. 0.
 1. 1. 1. 1. 1. 1. 1. 1. 1. 0. 0. 1. 1. 0. 1. 0. 0. 1. 0. 1. 1. 0. 1. 0.
 0. 0. 0. 0. 1. 1. 1. 0. 1. 1. 0. 1. 1. 0. 1. 0. 1. 1. 0. 0. 1. 1. 0. 1.
 1. 1. 0. 1. 1. 0. 0. 1. 1. 0. 1. 0. 0. 0. 1. 1. 0. 0. 1. 1. 0. 0. 1. 1.
 1. 1. 1. 1. 1. 1. 0. 0. 0. 0. 1. 1. 0. 0. 0. 0. 1. 1. 0. 1. 1. 1. 1. 0.
 1. 1. 0. 1. 0. 0. 0. 0. 1. 1. 1. 0. 0. 1. 0. 1. 1. 1. 1. 1. 0. 1. 0. 0.
 1. 1. 0. 0. 1. 1. 0. 1. 0. 1. 1. 0. 1. 0. 0. 1. 0. 1. 0. 1. 0. 0. 1. 1.
 1. 0. 1. 0.]","[0. 1. 0. 0. 0. 1. 1. 1. 0. 0. 0. 0. 0. 1. 0. 0. 1. 1. 0. 0. 0. 0. 0. 1.
 0. 0. 1. 0. 1. 0. 0. 1. 0. 1. 1. 0. 0. 0. 1. 0. 0. 0. 1. 1. 1. 0. 1. 0.
 1. 0. 1. 1. 0. 1. 1. 1. 1. 0. 1. 0. 0. 1. 1. 1. 0. 0. 0. 1. 1. 0. 1. 1.
 0. 0. 1. 0. 0. 1. 0. 1. 0. 1. 1. 1. 0. 1. 0. 1. 1. 1. 1. 1. 1. 1. 1. 0.
 0. 0. 1. 1. 1. 0. 0. 1. 1. 1. 0. 0. 0. 1. 1. 1. 0. 0. 0. 0. 1. 1. 1. 0.
 1. 0. 0. 1. 1. 0. 0. 0. 0. 1. 0. 0. 1. 1. 0. 1. 1. 1. 0. 1. 1. 0. 1. 0.
 1. 1. 0. 0. 0. 1. 1. 0. 1. 1. 0. 1. 0. 0. 0. 1. 1. 1. 0. 1. 0. 1. 1. 0.
 1. 0. 0. 1. 1. 0. 0. 1. 0. 1. 1. 0. 0. 1. 0. 0. 1. 1. 0. 1. 1. 0. 0. 0.
 0. 1. 1. 0. 0. 1. 0. 0. 1. 0. 1. 1. 1. 0. 0. 0. 1. 1. 0. 0. 0. 0. 1. 0.
 0. 1. 0. 1. 1. 1. 1. 0. 0. 0. 0. 1. 1. 1. 1. 0. 1. 1. 1. 1. 0. 1. 0. 0.
 1. 0. 0. 1. 1. 1. 1. 1. 0. 0. 1. 1. 1. 0. 0. 1. 0. 1. 0. 0. 1. 0. 1. 0.
 1. 0. 0. 0.]"
998,randomforest,"{'criterion': 'gini', 'max_features': 'sqrt', 'n_estimators': 377}",0.6017704824868012,0.16428188778354366,0.19419979862052297,0.29820352386241783,0.5951388665098342,0.17310696249920418,0.5820662768031188,0.16417910447761197,0.582089552238806,0.582089552238806,"{0: 0.5911394519937624, 1: 0.5911394519937625}","{0: 0.5911394519937624, 1: 0.5911394519937625}",0.5911394519937625,"[[77 57]
 [55 79]]","[1. 0. 0. 0. 0. 1. 0. 1. 1. 0. 0. 0. 1. 0. 0. 0. 1. 0. 0. 0. 0. 1. 0. 0.
 0. 0. 1. 1. 1. 1. 1. 0. 0. 0. 1. 1. 0. 0. 1. 0. 0. 0. 1. 0. 0. 1. 1. 1.
 0. 0. 1. 0. 0. 1. 1. 1. 1. 1. 0. 1. 1. 0. 1. 1. 0. 0. 1. 1. 1. 1. 0. 0.
 0. 1. 0. 1. 1. 0. 0. 0. 1. 1. 1. 0. 0. 1. 0. 1. 1. 1. 1. 1. 0. 1. 1. 1.
 0. 0. 1. 1. 0. 1. 1. 1. 0. 0. 0. 1. 0. 1. 0. 0. 0. 1. 1. 0. 1. 0. 0. 0.
 0. 1. 1. 1. 1. 1. 1. 1. 1. 0. 0. 1. 1. 0. 1. 0. 0. 1. 0. 1. 1. 0. 0. 0.
 0. 0. 0. 0. 0. 1. 1. 0. 1. 1. 0. 1. 1. 0. 1. 0. 1. 1. 0. 0. 1. 1. 0. 1.
 1. 1. 0. 1. 1. 0. 0. 1. 1. 0. 1. 0. 0. 0. 1. 1. 0. 0. 1. 1. 0. 0. 1. 1.
 0. 1. 1. 0. 0. 1. 0. 0. 0. 0. 1. 1. 0. 0. 0. 0. 1. 1. 0. 1. 1. 1. 0. 0.
 1. 1. 0. 1. 0. 0. 0. 0. 1. 1. 1. 0. 1. 0. 1. 1. 1. 1. 1. 1. 0. 1. 0. 0.
 1. 1. 0. 0. 1. 1. 0. 1. 0. 1. 1. 0. 1. 0. 0. 1. 0. 1. 0. 1. 0. 0. 1. 1.
 1. 0. 1. 0.]","[0. 1. 0. 0. 0. 1. 1. 1. 0. 0. 0. 0. 0. 1. 0. 0. 1. 1. 0. 0. 0. 0. 0. 1.
 0. 0. 1. 0. 1. 0. 0. 1. 0. 1. 1. 0. 0. 0. 1. 0. 0. 0. 1. 1. 1. 0. 1. 0.
 1. 0. 1. 1. 0. 1. 1. 1. 1. 0. 1. 0. 0. 1. 1. 1. 0. 0. 0. 1. 1. 0. 1. 1.
 0. 0. 1. 0. 0. 1. 0. 1. 0. 1. 1. 1. 0. 1. 0. 1. 1. 1. 1. 1. 1. 1. 1. 0.
 0. 0. 1. 1. 1. 0. 0. 1. 1. 1. 0. 0. 0. 1. 1. 1. 0. 0. 0. 0. 1. 1. 1. 0.
 1. 0. 0. 1. 1. 0. 0. 0. 0. 1. 0. 0. 1. 1. 0. 1. 1. 1. 0. 1. 1. 0. 1. 0.
 1. 1. 0. 0. 0. 1. 1. 0. 1. 1. 0. 1. 0. 0. 0. 1. 1. 1. 0. 1. 0. 1. 1. 0.
 1. 0. 0. 1. 1. 0. 0. 1. 0. 1. 1. 0. 0. 1. 0. 0. 1. 1. 0. 1. 1. 0. 0. 0.
 0. 1. 1. 0. 0. 1. 0. 0. 1. 0. 1. 1. 1. 0. 0. 0. 1. 1. 0. 0. 0. 0. 1. 0.
 0. 1. 0. 1. 1. 1. 1. 0. 0. 0. 0. 1. 1. 1. 1. 0. 1. 1. 1. 1. 0. 1. 0. 0.
 1. 0. 0. 1. 1. 1. 1. 1. 0. 0. 1. 1. 1. 0. 0. 1. 0. 1. 0. 0. 1. 0. 1. 0.
 1. 0. 0. 0.]"
994,randomforest,"{'criterion': 'gini', 'max_features': 'sqrt', 'n_estimators': 489}",0.5944010294197412,0.19135024093627354,0.19390004823466991,0.34239632189454167,0.5880117903303387,0.19588918036325645,0.5744135510113111,0.14925373134328357,0.5746268656716418,0.5746268656716418,"{0: 0.5840666072621965, 1: 0.5840666072621965}","{0: 0.5840666072621965, 1: 0.5840666072621965}",0.5840666072621965,"[[74 60]
 [54 80]]","[1. 0. 0. 0. 0. 1. 0. 1. 1. 0. 0. 0. 1. 0. 0. 0. 1. 0. 0. 0. 0. 1. 0. 0.
 1. 0. 1. 1. 1. 1. 1. 0. 0. 0. 1. 0. 0. 0. 1. 0. 0. 0. 1. 0. 0. 0. 1. 1.
 0. 0. 1. 0. 1. 1. 1. 1. 1. 1. 0. 1. 1. 0. 1. 0. 0. 0. 1. 1. 1. 1. 0. 0.
 1. 1. 0. 1. 1. 0. 0. 0. 1. 1. 1. 0. 0. 1. 0. 1. 1. 1. 1. 1. 0. 1. 1. 1.
 0. 0. 1. 1. 0. 1. 0. 0. 0. 0. 0. 1. 0. 1. 0. 0. 0. 1. 1. 0. 1. 0. 0. 0.
 0. 1. 1. 1. 1. 1. 1. 1. 1. 0. 0. 1. 1. 0. 1. 1. 0. 1. 0. 1. 1. 0. 0. 0.
 1. 0. 0. 0. 1. 1. 1. 0. 1. 1. 0. 1. 1. 0. 1. 0. 1. 1. 0. 0. 1. 1. 0. 1.
 1. 1. 0. 1. 1. 0. 0. 1. 1. 0. 1. 0. 0. 1. 1. 1. 0. 0. 1. 1. 0. 0. 1. 1.
 1. 1. 1. 1. 0. 1. 0. 0. 0. 0. 1. 1. 0. 0. 0. 0. 1. 1. 0. 1. 1. 1. 0. 0.
 1. 1. 0. 1. 0. 0. 0. 0. 1. 1. 1. 0. 0. 0. 1. 1. 1. 1. 1. 1. 0. 1. 0. 0.
 1. 1. 0. 0. 1. 1. 1. 1. 0. 1. 1. 0. 1. 0. 0. 1. 0. 1. 0. 1. 0. 0. 1. 1.
 1. 0. 1. 0.]","[0. 1. 0. 0. 0. 1. 1. 1. 0. 0. 0. 0. 0. 1. 0. 0. 1. 1. 0. 0. 0. 0. 0. 1.
 0. 0. 1. 0. 1. 0. 0. 1. 0. 1. 1. 0. 0. 0. 1. 0. 0. 0. 1. 1. 1. 0. 1. 0.
 1. 0. 1. 1. 0. 1. 1. 1. 1. 0. 1. 0. 0. 1. 1. 1. 0. 0. 0. 1. 1. 0. 1. 1.
 0. 0. 1. 0. 0. 1. 0. 1. 0. 1. 1. 1. 0. 1. 0. 1. 1. 1. 1. 1. 1. 1. 1. 0.
 0. 0. 1. 1. 1. 0. 0. 1. 1. 1. 0. 0. 0. 1. 1. 1. 0. 0. 0. 0. 1. 1. 1. 0.
 1. 0. 0. 1. 1. 0. 0. 0. 0. 1. 0. 0. 1. 1. 0. 1. 1. 1. 0. 1. 1. 0. 1. 0.
 1. 1. 0. 0. 0. 1. 1. 0. 1. 1. 0. 1. 0. 0. 0. 1. 1. 1. 0. 1. 0. 1. 1. 0.
 1. 0. 0. 1. 1. 0. 0. 1. 0. 1. 1. 0. 0. 1. 0. 0. 1. 1. 0. 1. 1. 0. 0. 0.
 0. 1. 1. 0. 0. 1. 0. 0. 1. 0. 1. 1. 1. 0. 0. 0. 1. 1. 0. 0. 0. 0. 1. 0.
 0. 1. 0. 1. 1. 1. 1. 0. 0. 0. 0. 1. 1. 1. 1. 0. 1. 1. 1. 1. 0. 1. 0. 0.
 1. 0. 0. 1. 1. 1. 1. 1. 0. 0. 1. 1. 1. 0. 0. 1. 0. 1. 0. 0. 1. 0. 1. 0.
 1. 0. 0. 0.]"
91,randomforest,"{'criterion': 'entropy', 'max_features': 'sqrt', 'n_estimators': 233}",0.5914054846768074,0.1888154748266114,0.19389956165637134,0.3309987027939021,0.5859876607860479,0.19239067454107836,0.5742474916387961,0.14925373134328357,0.5746268656716418,0.5746268656716418,"{0: 0.591891289819559, 1: 0.591891289819559}","{0: 0.591891289819559, 1: 0.591891289819559}",0.591891289819559,"[[73 61]
 [53 81]]","[1. 0. 0. 0. 0. 1. 0. 1. 1. 0. 0. 0. 1. 0. 0. 0. 1. 0. 0. 0. 0. 1. 0. 0.
 0. 1. 1. 1. 1. 1. 1. 0. 0. 0. 1. 0. 0. 0. 1. 0. 0. 0. 1. 0. 0. 0. 1. 0.
 0. 0. 1. 0. 1. 1. 1. 1. 1. 1. 0. 1. 1. 0. 1. 0. 0. 0. 1. 1. 1. 1. 0. 0.
 0. 1. 0. 1. 1. 0. 0. 0. 1. 1. 1. 0. 0. 1. 1. 1. 1. 1. 1. 1. 0. 1. 1. 1.
 0. 0. 1. 1. 0. 1. 0. 1. 0. 0. 0. 1. 0. 1. 0. 0. 0. 1. 1. 0. 1. 0. 0. 0.
 0. 1. 1. 1. 1. 1. 1. 1. 1. 0. 0. 1. 1. 0. 1. 1. 0. 1. 0. 1. 1. 0. 0. 0.
 1. 0. 0. 0. 1. 1. 1. 0. 1. 1. 0. 1. 1. 0. 1. 0. 1. 1. 0. 0. 1. 1. 0. 1.
 1. 1. 1. 1. 1. 1. 0. 1. 1. 0. 1. 0. 0. 1. 1. 1. 0. 0. 1. 1. 0. 0. 1. 1.
 0. 1. 1. 1. 1. 1. 0. 1. 0. 0. 1. 1. 0. 0. 0. 0. 1. 1. 0. 1. 1. 0. 0. 0.
 1. 1. 0. 1. 0. 0. 0. 0. 1. 1. 1. 0. 1. 0. 0. 1. 1. 1. 1. 1. 0. 1. 0. 0.
 1. 1. 0. 0. 1. 1. 1. 1. 0. 1. 1. 0. 1. 0. 0. 1. 0. 1. 0. 1. 0. 0. 1. 1.
 1. 0. 1. 0.]","[0. 1. 0. 0. 0. 1. 1. 1. 0. 0. 0. 0. 0. 1. 0. 0. 1. 1. 0. 0. 0. 0. 0. 1.
 0. 0. 1. 0. 1. 0. 0. 1. 0. 1. 1. 0. 0. 0. 1. 0. 0. 0. 1. 1. 1. 0. 1. 0.
 1. 0. 1. 1. 0. 1. 1. 1. 1. 0. 1. 0. 0. 1. 1. 1. 0. 0. 0. 1. 1. 0. 1. 1.
 0. 0. 1. 0. 0. 1. 0. 1. 0. 1. 1. 1. 0. 1. 0. 1. 1. 1. 1. 1. 1. 1. 1. 0.
 0. 0. 1. 1. 1. 0. 0. 1. 1. 1. 0. 0. 0. 1. 1. 1. 0. 0. 0. 0. 1. 1. 1. 0.
 1. 0. 0. 1. 1. 0. 0. 0. 0. 1. 0. 0. 1. 1. 0. 1. 1. 1. 0. 1. 1. 0. 1. 0.
 1. 1. 0. 0. 0. 1. 1. 0. 1. 1. 0. 1. 0. 0. 0. 1. 1. 1. 0. 1. 0. 1. 1. 0.
 1. 0. 0. 1. 1. 0. 0. 1. 0. 1. 1. 0. 0. 1. 0. 0. 1. 1. 0. 1. 1. 0. 0. 0.
 0. 1. 1. 0. 0. 1. 0. 0. 1. 0. 1. 1. 1. 0. 0. 0. 1. 1. 0. 0. 0. 0. 1. 0.
 0. 1. 0. 1. 1. 1. 1. 0. 0. 0. 0. 1. 1. 1. 1. 0. 1. 1. 1. 1. 0. 1. 0. 0.
 1. 0. 0. 1. 1. 1. 1. 1. 0. 0. 1. 1. 1. 0. 0. 1. 0. 1. 0. 0. 1. 0. 1. 0.
 1. 0. 0. 0.]"
338,randomforest,"{'criterion': 'gini', 'max_features': 'sqrt', 'n_estimators': 569}",0.5916487783423268,0.2036504312450485,0.19379010981568032,0.3626833387043985,0.5844910055595539,0.21121507068010628,0.5662946428571429,0.13432835820895528,0.5671641791044776,0.5671641791044776,"{0: 0.5884662508353753, 1: 0.5884662508353754}","{0: 0.5884662508353753, 1: 0.5884662508353754}",0.5884662508353754,"[[70 64]
 [52 82]]","[1. 0. 0. 0. 0. 1. 0. 1. 1. 0. 0. 0. 1. 0. 0. 0. 1. 0. 0. 0. 0. 1. 0. 0.
 0. 0. 1. 1. 1. 1. 1. 0. 0. 0. 1. 0. 1. 0. 1. 0. 0. 0. 1. 0. 0. 0. 1. 1.
 0. 0. 1. 0. 1. 1. 1. 1. 1. 1. 0. 1. 1. 0. 1. 1. 0. 0. 1. 1. 1. 1. 0. 0.
 1. 1. 0. 1. 1. 0. 1. 0. 1. 1. 1. 0. 0. 1. 0. 1. 1. 1. 1. 1. 0. 1. 1. 1.
 0. 0. 1. 1. 0. 1. 0. 0. 0. 0. 0. 1. 0. 1. 0. 0. 0. 1. 1. 0. 1. 0. 0. 0.
 0. 1. 1. 1. 1. 1. 1. 1. 1. 0. 0. 1. 1. 0. 1. 1. 0. 1. 0. 1. 1. 0. 1. 0.
 1. 0. 0. 0. 1. 1. 1. 0. 1. 1. 0. 1. 1. 0. 1. 0. 1. 1. 0. 0. 1. 1. 0. 1.
 1. 1. 0. 1. 1. 0. 0. 1. 1. 0. 1. 0. 0. 1. 1. 1. 0. 0. 1. 1. 0. 0. 1. 1.
 1. 1. 1. 1. 1. 1. 0. 1. 0. 0. 1. 1. 0. 1. 0. 0. 1. 1. 0. 1. 1. 1. 0. 0.
 1. 1. 0. 1. 0. 0. 0. 0. 1. 1. 1. 0. 1. 0. 0. 1. 1. 1. 1. 1. 0. 1. 0. 0.
 1. 1. 0. 0. 1. 1. 1. 1. 0. 1. 1. 0. 1. 0. 0. 1. 0. 1. 0. 1. 0. 0. 1. 1.
 1. 0. 1. 0.]","[0. 1. 0. 0. 0. 1. 1. 1. 0. 0. 0. 0. 0. 1. 0. 0. 1. 1. 0. 0. 0. 0. 0. 1.
 0. 0. 1. 0. 1. 0. 0. 1. 0. 1. 1. 0. 0. 0. 1. 0. 0. 0. 1. 1. 1. 0. 1. 0.
 1. 0. 1. 1. 0. 1. 1. 1. 1. 0. 1. 0. 0. 1. 1. 1. 0. 0. 0. 1. 1. 0. 1. 1.
 0. 0. 1. 0. 0. 1. 0. 1. 0. 1. 1. 1. 0. 1. 0. 1. 1. 1. 1. 1. 1. 1. 1. 0.
 0. 0. 1. 1. 1. 0. 0. 1. 1. 1. 0. 0. 0. 1. 1. 1. 0. 0. 0. 0. 1. 1. 1. 0.
 1. 0. 0. 1. 1. 0. 0. 0. 0. 1. 0. 0. 1. 1. 0. 1. 1. 1. 0. 1. 1. 0. 1. 0.
 1. 1. 0. 0. 0. 1. 1. 0. 1. 1. 0. 1. 0. 0. 0. 1. 1. 1. 0. 1. 0. 1. 1. 0.
 1. 0. 0. 1. 1. 0. 0. 1. 0. 1. 1. 0. 0. 1. 0. 0. 1. 1. 0. 1. 1. 0. 0. 0.
 0. 1. 1. 0. 0. 1. 0. 0. 1. 0. 1. 1. 1. 0. 0. 0. 1. 1. 0. 0. 0. 0. 1. 0.
 0. 1. 0. 1. 1. 1. 1. 0. 0. 0. 0. 1. 1. 1. 1. 0. 1. 1. 1. 1. 0. 1. 0. 0.
 1. 0. 0. 1. 1. 1. 1. 1. 0. 0. 1. 1. 1. 0. 0. 1. 0. 1. 0. 0. 1. 0. 1. 0.
 1. 0. 0. 0.]"
348,randomforest,"{'criterion': 'gini', 'max_features': 'log2', 'n_estimators': 589}",0.5986884501378774,0.2137970730655374,0.19370831731570615,0.3926428195799334,0.5909051391410262,0.21932564810909927,0.5780703587600139,0.15671641791044777,0.5783582089552238,0.5783582089552239,"{0: 0.5866841167297839, 1: 0.5866841167297838}","{0: 0.5866841167297839, 1: 0.5866841167297838}",0.5866841167297838,"[[74 60]
 [53 81]]","[1. 0. 0. 0. 0. 1. 0. 1. 1. 0. 0. 0. 1. 0. 0. 0. 1. 0. 0. 0. 0. 1. 0. 0.
 0. 0. 1. 1. 1. 1. 1. 0. 0. 0. 1. 0. 1. 0. 1. 0. 0. 0. 1. 1. 0. 0. 1. 0.
 0. 0. 1. 0. 0. 1. 1. 1. 1. 1. 0. 1. 0. 0. 1. 1. 0. 0. 1. 1. 1. 1. 0. 0.
 1. 1. 0. 1. 1. 0. 0. 0. 1. 1. 1. 0. 0. 1. 0. 1. 1. 1. 1. 1. 0. 1. 1. 1.
 0. 0. 1. 1. 0. 1. 1. 0. 0. 0. 0. 1. 0. 1. 0. 0. 0. 1. 1. 0. 1. 0. 0. 0.
 0. 1. 1. 1. 1. 1. 1. 1. 1. 0. 0. 1. 1. 0. 1. 1. 0. 1. 0. 1. 1. 0. 0. 0.
 0. 0. 0. 0. 1. 1. 1. 0. 1. 0. 0. 1. 1. 0. 1. 0. 1. 1. 0. 0. 1. 1. 0. 1.
 1. 1. 0. 1. 1. 1. 0. 1. 1. 0. 1. 0. 0. 1. 1. 1. 0. 0. 1. 1. 0. 0. 1. 1.
 1. 1. 1. 1. 1. 1. 0. 0. 0. 0. 1. 1. 0. 0. 0. 0. 1. 1. 0. 1. 1. 1. 0. 0.
 1. 1. 0. 1. 0. 0. 0. 0. 1. 1. 1. 0. 1. 0. 1. 1. 1. 1. 1. 1. 0. 1. 0. 0.
 1. 1. 0. 0. 1. 1. 1. 1. 0. 1. 1. 0. 1. 0. 0. 1. 0. 1. 0. 1. 0. 0. 1. 1.
 1. 0. 1. 0.]","[0. 1. 0. 0. 0. 1. 1. 1. 0. 0. 0. 0. 0. 1. 0. 0. 1. 1. 0. 0. 0. 0. 0. 1.
 0. 0. 1. 0. 1. 0. 0. 1. 0. 1. 1. 0. 0. 0. 1. 0. 0. 0. 1. 1. 1. 0. 1. 0.
 1. 0. 1. 1. 0. 1. 1. 1. 1. 0. 1. 0. 0. 1. 1. 1. 0. 0. 0. 1. 1. 0. 1. 1.
 0. 0. 1. 0. 0. 1. 0. 1. 0. 1. 1. 1. 0. 1. 0. 1. 1. 1. 1. 1. 1. 1. 1. 0.
 0. 0. 1. 1. 1. 0. 0. 1. 1. 1. 0. 0. 0. 1. 1. 1. 0. 0. 0. 0. 1. 1. 1. 0.
 1. 0. 0. 1. 1. 0. 0. 0. 0. 1. 0. 0. 1. 1. 0. 1. 1. 1. 0. 1. 1. 0. 1. 0.
 1. 1. 0. 0. 0. 1. 1. 0. 1. 1. 0. 1. 0. 0. 0. 1. 1. 1. 0. 1. 0. 1. 1. 0.
 1. 0. 0. 1. 1. 0. 0. 1. 0. 1. 1. 0. 0. 1. 0. 0. 1. 1. 0. 1. 1. 0. 0. 0.
 0. 1. 1. 0. 0. 1. 0. 0. 1. 0. 1. 1. 1. 0. 0. 0. 1. 1. 0. 0. 0. 0. 1. 0.
 0. 1. 0. 1. 1. 1. 1. 0. 0. 0. 0. 1. 1. 1. 1. 0. 1. 1. 1. 1. 0. 1. 0. 0.
 1. 0. 0. 1. 1. 1. 1. 1. 0. 0. 1. 1. 1. 0. 0. 1. 0. 1. 0. 0. 1. 0. 1. 0.
 1. 0. 0. 0.]"
660,randomforest,"{'criterion': 'gini', 'max_features': None, 'n_estimators': 467}",0.5974726070083701,0.20125736947210673,0.19361363654217711,0.39391808689737556,0.5904776712236389,0.2077481827817171,0.5745320855614974,0.14925373134328357,0.5746268656716418,0.5746268656716418,"{0: 0.5867119625751839, 1: 0.5867119625751839}","{0: 0.5867119625751839, 1: 0.5867119625751839}",0.5867119625751839,"[[75 59]
 [55 79]]","[1. 0. 0. 0. 0. 1. 0. 1. 1. 0. 0. 0. 1. 0. 0. 0. 0. 0. 0. 0. 0. 1. 0. 0.
 0. 0. 1. 1. 1. 1. 1. 0. 0. 0. 1. 1. 0. 0. 1. 0. 1. 0. 1. 1. 0. 1. 1. 0.
 0. 0. 1. 0. 0. 1. 1. 1. 1. 1. 0. 1. 0. 0. 1. 1. 0. 0. 1. 1. 1. 1. 0. 0.
 1. 1. 0. 1. 1. 0. 0. 0. 1. 1. 1. 0. 0. 1. 1. 1. 1. 1. 1. 1. 0. 1. 1. 1.
 0. 0. 1. 1. 0. 1. 0. 0. 0. 0. 0. 0. 0. 1. 0. 0. 0. 1. 1. 0. 1. 0. 0. 0.
 1. 1. 1. 1. 1. 1. 1. 1. 1. 0. 0. 1. 1. 0. 1. 1. 0. 1. 0. 1. 0. 0. 1. 0.
 0. 0. 0. 0. 1. 1. 1. 0. 1. 1. 0. 1. 1. 0. 1. 0. 1. 1. 0. 0. 1. 1. 0. 1.
 1. 1. 0. 1. 1. 0. 0. 1. 1. 0. 1. 0. 0. 0. 1. 1. 0. 0. 1. 1. 0. 0. 1. 1.
 1. 1. 0. 0. 0. 1. 0. 1. 0. 0. 1. 1. 0. 0. 0. 0. 1. 1. 0. 1. 1. 1. 0. 0.
 1. 1. 0. 1. 0. 0. 0. 0. 1. 1. 1. 0. 0. 0. 1. 1. 1. 1. 1. 1. 0. 1. 0. 0.
 1. 1. 0. 0. 1. 1. 1. 1. 0. 1. 1. 0. 1. 0. 0. 1. 0. 1. 0. 1. 0. 0. 1. 1.
 1. 0. 1. 0.]","[0. 1. 0. 0. 0. 1. 1. 1. 0. 0. 0. 0. 0. 1. 0. 0. 1. 1. 0. 0. 0. 0. 0. 1.
 0. 0. 1. 0. 1. 0. 0. 1. 0. 1. 1. 0. 0. 0. 1. 0. 0. 0. 1. 1. 1. 0. 1. 0.
 1. 0. 1. 1. 0. 1. 1. 1. 1. 0. 1. 0. 0. 1. 1. 1. 0. 0. 0. 1. 1. 0. 1. 1.
 0. 0. 1. 0. 0. 1. 0. 1. 0. 1. 1. 1. 0. 1. 0. 1. 1. 1. 1. 1. 1. 1. 1. 0.
 0. 0. 1. 1. 1. 0. 0. 1. 1. 1. 0. 0. 0. 1. 1. 1. 0. 0. 0. 0. 1. 1. 1. 0.
 1. 0. 0. 1. 1. 0. 0. 0. 0. 1. 0. 0. 1. 1. 0. 1. 1. 1. 0. 1. 1. 0. 1. 0.
 1. 1. 0. 0. 0. 1. 1. 0. 1. 1. 0. 1. 0. 0. 0. 1. 1. 1. 0. 1. 0. 1. 1. 0.
 1. 0. 0. 1. 1. 0. 0. 1. 0. 1. 1. 0. 0. 1. 0. 0. 1. 1. 0. 1. 1. 0. 0. 0.
 0. 1. 1. 0. 0. 1. 0. 0. 1. 0. 1. 1. 1. 0. 0. 0. 1. 1. 0. 0. 0. 0. 1. 0.
 0. 1. 0. 1. 1. 1. 1. 0. 0. 0. 0. 1. 1. 1. 1. 0. 1. 1. 1. 1. 0. 1. 0. 0.
 1. 0. 0. 1. 1. 1. 1. 1. 0. 0. 1. 1. 1. 0. 0. 1. 0. 1. 0. 0. 1. 0. 1. 0.
 1. 0. 0. 0.]"
710,randomforest,"{'criterion': 'gini', 'max_features': None, 'n_estimators': 361}",0.5981848660646408,0.1848850875468541,0.19360013464186235,0.3521377855807036,0.5906159569970054,0.19513057682423968,0.5780703587600139,0.15671641791044777,0.5783582089552238,0.5783582089552239,"{0: 0.5859601247493875, 1: 0.5859601247493875}","{0: 0.5859601247493875, 1: 0.5859601247493875}",0.5859601247493875,"[[74 60]
 [53 81]]","[1. 0. 0. 0. 0. 1. 0. 1. 1. 0. 0. 0. 1. 0. 0. 0. 0. 0. 0. 0. 0. 1. 0. 0.
 0. 0. 1. 1. 1. 1. 1. 0. 0. 0. 1. 1. 0. 0. 1. 0. 1. 0. 1. 0. 0. 1. 1. 0.
 0. 0. 1. 0. 1. 1. 1. 1. 1. 1. 0. 1. 1. 0. 1. 0. 0. 0. 1. 1. 1. 1. 0. 0.
 1. 1. 0. 1. 1. 0. 0. 0. 1. 1. 1. 0. 0. 1. 0. 1. 1. 1. 1. 1. 0. 1. 1. 1.
 0. 0. 1. 1. 0. 1. 0. 0. 0. 0. 0. 0. 0. 1. 0. 0. 1. 1. 1. 0. 1. 0. 0. 0.
 1. 1. 1. 1. 1. 1. 1. 1. 1. 0. 0. 1. 1. 0. 1. 1. 0. 1. 0. 1. 1. 0. 1. 0.
 1. 0. 0. 0. 1. 1. 1. 0. 1. 1. 0. 1. 1. 0. 1. 0. 1. 1. 0. 0. 1. 1. 0. 1.
 1. 1. 0. 1. 1. 0. 0. 1. 1. 0. 1. 0. 0. 1. 1. 1. 0. 0. 1. 1. 1. 0. 1. 1.
 0. 1. 0. 1. 0. 1. 0. 0. 0. 0. 1. 1. 0. 0. 0. 0. 1. 1. 0. 1. 1. 1. 0. 0.
 1. 1. 0. 1. 0. 0. 0. 0. 1. 1. 1. 0. 0. 0. 1. 1. 1. 1. 1. 1. 0. 1. 0. 0.
 1. 1. 0. 0. 1. 1. 1. 1. 0. 1. 1. 0. 1. 0. 0. 1. 0. 1. 0. 1. 0. 0. 1. 1.
 1. 0. 1. 0.]","[0. 1. 0. 0. 0. 1. 1. 1. 0. 0. 0. 0. 0. 1. 0. 0. 1. 1. 0. 0. 0. 0. 0. 1.
 0. 0. 1. 0. 1. 0. 0. 1. 0. 1. 1. 0. 0. 0. 1. 0. 0. 0. 1. 1. 1. 0. 1. 0.
 1. 0. 1. 1. 0. 1. 1. 1. 1. 0. 1. 0. 0. 1. 1. 1. 0. 0. 0. 1. 1. 0. 1. 1.
 0. 0. 1. 0. 0. 1. 0. 1. 0. 1. 1. 1. 0. 1. 0. 1. 1. 1. 1. 1. 1. 1. 1. 0.
 0. 0. 1. 1. 1. 0. 0. 1. 1. 1. 0. 0. 0. 1. 1. 1. 0. 0. 0. 0. 1. 1. 1. 0.
 1. 0. 0. 1. 1. 0. 0. 0. 0. 1. 0. 0. 1. 1. 0. 1. 1. 1. 0. 1. 1. 0. 1. 0.
 1. 1. 0. 0. 0. 1. 1. 0. 1. 1. 0. 1. 0. 0. 0. 1. 1. 1. 0. 1. 0. 1. 1. 0.
 1. 0. 0. 1. 1. 0. 0. 1. 0. 1. 1. 0. 0. 1. 0. 0. 1. 1. 0. 1. 1. 0. 0. 0.
 0. 1. 1. 0. 0. 1. 0. 0. 1. 0. 1. 1. 1. 0. 0. 0. 1. 1. 0. 0. 0. 0. 1. 0.
 0. 1. 0. 1. 1. 1. 1. 0. 0. 0. 0. 1. 1. 1. 1. 0. 1. 1. 1. 1. 0. 1. 0. 0.
 1. 0. 0. 1. 1. 1. 1. 1. 0. 0. 1. 1. 1. 0. 0. 1. 0. 1. 0. 0. 1. 0. 1. 0.
 1. 0. 0. 0.]"
721,randomforest,"{'criterion': 'entropy', 'max_features': 'log2', 'n_estimators': 333}",0.5907542403450075,0.19272372259052306,0.19334001992673985,0.34136080082432135,0.5838672117905989,0.19580010540650025,0.5708895479164056,0.14179104477611937,0.5708955223880597,0.5708955223880596,"{0: 0.5863499665849855, 1: 0.5863499665849855}","{0: 0.5863499665849855, 1: 0.5863499665849855}",0.5863499665849855,"[[76 58]
 [57 77]]","[1. 0. 0. 0. 0. 1. 0. 1. 1. 0. 0. 0. 1. 0. 0. 0. 1. 0. 0. 0. 0. 1. 0. 0.
 0. 0. 1. 1. 1. 1. 1. 0. 0. 0. 1. 1. 0. 0. 1. 0. 0. 0. 1. 1. 0. 0. 1. 0.
 0. 0. 1. 0. 1. 1. 1. 1. 1. 1. 0. 1. 0. 0. 1. 0. 0. 0. 1. 1. 1. 1. 0. 0.
 1. 1. 0. 1. 1. 0. 1. 0. 1. 1. 1. 0. 0. 1. 0. 1. 1. 1. 1. 1. 0. 1. 1. 1.
 0. 0. 1. 1. 0. 1. 0. 0. 0. 0. 0. 1. 0. 1. 0. 0. 0. 1. 1. 0. 1. 0. 0. 0.
 0. 1. 1. 1. 1. 1. 1. 1. 1. 0. 0. 1. 1. 0. 1. 1. 0. 1. 0. 1. 1. 0. 0. 0.
 0. 0. 0. 0. 1. 1. 1. 0. 1. 1. 0. 1. 1. 0. 1. 0. 1. 1. 0. 0. 1. 1. 0. 1.
 1. 1. 0. 1. 1. 0. 0. 1. 1. 0. 1. 0. 0. 0. 1. 1. 0. 0. 1. 1. 0. 0. 1. 1.
 0. 1. 1. 0. 1. 1. 0. 1. 0. 0. 1. 1. 0. 0. 0. 0. 1. 1. 0. 1. 1. 1. 0. 0.
 1. 1. 0. 1. 0. 0. 0. 0. 1. 1. 1. 0. 0. 0. 0. 1. 1. 1. 1. 1. 0. 1. 0. 0.
 1. 1. 0. 0. 1. 1. 0. 1. 0. 0. 1. 0. 1. 0. 0. 1. 0. 1. 0. 1. 0. 0. 1. 1.
 1. 0. 1. 0.]","[0. 1. 0. 0. 0. 1. 1. 1. 0. 0. 0. 0. 0. 1. 0. 0. 1. 1. 0. 0. 0. 0. 0. 1.
 0. 0. 1. 0. 1. 0. 0. 1. 0. 1. 1. 0. 0. 0. 1. 0. 0. 0. 1. 1. 1. 0. 1. 0.
 1. 0. 1. 1. 0. 1. 1. 1. 1. 0. 1. 0. 0. 1. 1. 1. 0. 0. 0. 1. 1. 0. 1. 1.
 0. 0. 1. 0. 0. 1. 0. 1. 0. 1. 1. 1. 0. 1. 0. 1. 1. 1. 1. 1. 1. 1. 1. 0.
 0. 0. 1. 1. 1. 0. 0. 1. 1. 1. 0. 0. 0. 1. 1. 1. 0. 0. 0. 0. 1. 1. 1. 0.
 1. 0. 0. 1. 1. 0. 0. 0. 0. 1. 0. 0. 1. 1. 0. 1. 1. 1. 0. 1. 1. 0. 1. 0.
 1. 1. 0. 0. 0. 1. 1. 0. 1. 1. 0. 1. 0. 0. 0. 1. 1. 1. 0. 1. 0. 1. 1. 0.
 1. 0. 0. 1. 1. 0. 0. 1. 0. 1. 1. 0. 0. 1. 0. 0. 1. 1. 0. 1. 1. 0. 0. 0.
 0. 1. 1. 0. 0. 1. 0. 0. 1. 0. 1. 1. 1. 0. 0. 0. 1. 1. 0. 0. 0. 0. 1. 0.
 0. 1. 0. 1. 1. 1. 1. 0. 0. 0. 0. 1. 1. 1. 1. 0. 1. 1. 1. 1. 0. 1. 0. 0.
 1. 0. 0. 1. 1. 1. 1. 1. 0. 0. 1. 1. 1. 0. 0. 1. 0. 1. 0. 0. 1. 0. 1. 0.
 1. 0. 0. 0.]"
881,randomforest,"{'criterion': 'entropy', 'max_features': 'sqrt', 'n_estimators': 125}",0.5916815019321344,0.18676057905188345,0.19294309418236066,0.34631209205915336,0.5824775694735372,0.1913142127688688,0.5742474916387961,0.14925373134328357,0.5746268656716418,0.5746268656716418,"{0: 0.5852918244597907, 1: 0.5852918244597906}","{0: 0.5852918244597907, 1: 0.5852918244597906}",0.5852918244597906,"[[73 61]
 [53 81]]","[1. 0. 0. 0. 0. 1. 0. 1. 1. 0. 0. 0. 1. 0. 0. 0. 1. 0. 0. 0. 0. 1. 0. 0.
 0. 0. 1. 1. 1. 1. 1. 0. 0. 0. 1. 0. 1. 0. 1. 0. 0. 1. 1. 0. 0. 0. 1. 0.
 0. 0. 1. 0. 1. 1. 1. 1. 1. 1. 0. 1. 0. 0. 1. 0. 0. 0. 1. 1. 1. 1. 0. 0.
 1. 1. 0. 1. 1. 0. 0. 0. 1. 1. 1. 0. 0. 1. 0. 1. 1. 1. 1. 1. 0. 1. 1. 1.
 0. 0. 1. 1. 1. 1. 0. 1. 0. 0. 0. 1. 0. 1. 0. 0. 0. 1. 1. 0. 1. 0. 0. 0.
 0. 1. 1. 1. 1. 1. 1. 1. 1. 0. 0. 0. 1. 0. 1. 0. 0. 1. 0. 1. 1. 0. 1. 0.
 1. 0. 0. 0. 1. 1. 1. 0. 1. 1. 0. 1. 1. 0. 1. 0. 1. 1. 0. 0. 1. 0. 0. 1.
 1. 1. 0. 1. 1. 0. 0. 1. 1. 0. 1. 0. 0. 1. 1. 1. 0. 0. 1. 1. 0. 0. 1. 1.
 0. 1. 1. 1. 1. 1. 0. 1. 0. 0. 1. 1. 0. 0. 1. 1. 1. 1. 0. 1. 1. 1. 0. 0.
 1. 1. 0. 0. 0. 1. 0. 0. 1. 1. 1. 0. 1. 0. 1. 1. 1. 1. 1. 1. 0. 1. 0. 0.
 1. 1. 0. 0. 1. 1. 0. 1. 0. 1. 1. 0. 1. 0. 0. 1. 0. 1. 0. 1. 0. 0. 1. 1.
 1. 0. 1. 0.]","[0. 1. 0. 0. 0. 1. 1. 1. 0. 0. 0. 0. 0. 1. 0. 0. 1. 1. 0. 0. 0. 0. 0. 1.
 0. 0. 1. 0. 1. 0. 0. 1. 0. 1. 1. 0. 0. 0. 1. 0. 0. 0. 1. 1. 1. 0. 1. 0.
 1. 0. 1. 1. 0. 1. 1. 1. 1. 0. 1. 0. 0. 1. 1. 1. 0. 0. 0. 1. 1. 0. 1. 1.
 0. 0. 1. 0. 0. 1. 0. 1. 0. 1. 1. 1. 0. 1. 0. 1. 1. 1. 1. 1. 1. 1. 1. 0.
 0. 0. 1. 1. 1. 0. 0. 1. 1. 1. 0. 0. 0. 1. 1. 1. 0. 0. 0. 0. 1. 1. 1. 0.
 1. 0. 0. 1. 1. 0. 0. 0. 0. 1. 0. 0. 1. 1. 0. 1. 1. 1. 0. 1. 1. 0. 1. 0.
 1. 1. 0. 0. 0. 1. 1. 0. 1. 1. 0. 1. 0. 0. 0. 1. 1. 1. 0. 1. 0. 1. 1. 0.
 1. 0. 0. 1. 1. 0. 0. 1. 0. 1. 1. 0. 0. 1. 0. 0. 1. 1. 0. 1. 1. 0. 0. 0.
 0. 1. 1. 0. 0. 1. 0. 0. 1. 0. 1. 1. 1. 0. 0. 0. 1. 1. 0. 0. 0. 0. 1. 0.
 0. 1. 0. 1. 1. 1. 1. 0. 0. 0. 0. 1. 1. 1. 1. 0. 1. 1. 1. 1. 0. 1. 0. 0.
 1. 0. 0. 1. 1. 1. 1. 1. 0. 0. 1. 1. 1. 0. 0. 1. 0. 1. 0. 0. 1. 0. 1. 0.
 1. 0. 0. 0.]"
220,randomforest,"{'criterion': 'gini', 'max_features': 'log2', 'n_estimators': 155}",0.6103961649294903,0.19934795001097827,0.1928820544385267,0.37149851516806603,0.604256250022379,0.1965937157267753,0.5742474916387961,0.14925373134328357,0.5746268656716418,0.5746268656716418,"{0: 0.5807529516596124, 1: 0.5807529516596124}","{0: 0.5807529516596124, 1: 0.5807529516596124}",0.5807529516596124,"[[73 61]
 [53 81]]","[1. 0. 0. 0. 0. 1. 0. 1. 1. 0. 0. 0. 1. 0. 0. 0. 1. 0. 0. 0. 0. 1. 0. 0.
 0. 0. 1. 1. 1. 1. 1. 0. 0. 0. 1. 1. 1. 0. 1. 0. 1. 0. 1. 0. 0. 0. 1. 1.
 0. 0. 1. 0. 1. 1. 1. 0. 1. 1. 0. 1. 0. 0. 1. 1. 0. 0. 1. 1. 1. 1. 0. 0.
 0. 1. 0. 1. 1. 0. 0. 0. 1. 1. 1. 1. 0. 1. 0. 1. 1. 1. 1. 1. 0. 1. 1. 1.
 0. 0. 1. 1. 0. 1. 0. 1. 1. 0. 0. 1. 0. 1. 0. 0. 0. 1. 1. 0. 1. 0. 0. 0.
 0. 1. 1. 1. 1. 1. 1. 1. 1. 0. 0. 1. 1. 0. 1. 1. 0. 1. 0. 1. 1. 0. 1. 0.
 1. 0. 0. 0. 1. 1. 1. 0. 0. 0. 0. 1. 1. 0. 1. 0. 1. 1. 1. 0. 1. 1. 0. 1.
 1. 1. 0. 1. 1. 0. 0. 1. 1. 0. 1. 0. 0. 0. 1. 1. 0. 0. 1. 0. 0. 0. 1. 1.
 1. 1. 1. 0. 1. 1. 0. 0. 0. 0. 1. 1. 0. 0. 0. 0. 1. 1. 0. 1. 1. 1. 0. 0.
 1. 1. 0. 1. 0. 0. 0. 0. 1. 1. 1. 0. 1. 0. 1. 1. 1. 1. 1. 1. 0. 1. 0. 0.
 1. 1. 0. 0. 1. 1. 1. 1. 0. 1. 1. 0. 1. 0. 0. 1. 0. 1. 0. 1. 0. 0. 1. 1.
 1. 0. 1. 0.]","[0. 1. 0. 0. 0. 1. 1. 1. 0. 0. 0. 0. 0. 1. 0. 0. 1. 1. 0. 0. 0. 0. 0. 1.
 0. 0. 1. 0. 1. 0. 0. 1. 0. 1. 1. 0. 0. 0. 1. 0. 0. 0. 1. 1. 1. 0. 1. 0.
 1. 0. 1. 1. 0. 1. 1. 1. 1. 0. 1. 0. 0. 1. 1. 1. 0. 0. 0. 1. 1. 0. 1. 1.
 0. 0. 1. 0. 0. 1. 0. 1. 0. 1. 1. 1. 0. 1. 0. 1. 1. 1. 1. 1. 1. 1. 1. 0.
 0. 0. 1. 1. 1. 0. 0. 1. 1. 1. 0. 0. 0. 1. 1. 1. 0. 0. 0. 0. 1. 1. 1. 0.
 1. 0. 0. 1. 1. 0. 0. 0. 0. 1. 0. 0. 1. 1. 0. 1. 1. 1. 0. 1. 1. 0. 1. 0.
 1. 1. 0. 0. 0. 1. 1. 0. 1. 1. 0. 1. 0. 0. 0. 1. 1. 1. 0. 1. 0. 1. 1. 0.
 1. 0. 0. 1. 1. 0. 0. 1. 0. 1. 1. 0. 0. 1. 0. 0. 1. 1. 0. 1. 1. 0. 0. 0.
 0. 1. 1. 0. 0. 1. 0. 0. 1. 0. 1. 1. 1. 0. 0. 0. 1. 1. 0. 0. 0. 0. 1. 0.
 0. 1. 0. 1. 1. 1. 1. 0. 0. 0. 0. 1. 1. 1. 1. 0. 1. 1. 1. 1. 0. 1. 0. 0.
 1. 0. 0. 1. 1. 1. 1. 1. 0. 0. 1. 1. 1. 0. 0. 1. 0. 1. 0. 0. 1. 0. 1. 0.
 1. 0. 0. 0.]"
917,randomforest,"{'criterion': 'gini', 'max_features': 'sqrt', 'n_estimators': 435}",0.5993940239153467,0.17713194967541046,0.19285483623710722,0.3219876159790478,0.5921193762927633,0.18258905106478626,0.5855381400208987,0.17164179104477617,0.585820895522388,0.585820895522388,"{0: 0.5851525952327913, 1: 0.5851525952327913}","{0: 0.5851525952327913, 1: 0.5851525952327913}",0.5851525952327913,"[[75 59]
 [52 82]]","[1. 0. 0. 0. 0. 1. 0. 1. 1. 0. 0. 0. 1. 0. 0. 0. 1. 0. 0. 0. 0. 1. 0. 0.
 1. 0. 1. 1. 1. 1. 1. 0. 0. 0. 1. 0. 1. 0. 1. 0. 0. 0. 1. 1. 0. 0. 1. 0.
 0. 0. 1. 0. 1. 1. 1. 1. 1. 1. 0. 1. 1. 0. 1. 0. 0. 0. 1. 1. 1. 1. 0. 0.
 1. 1. 0. 1. 1. 0. 0. 0. 1. 1. 1. 0. 0. 1. 0. 1. 1. 1. 1. 1. 0. 1. 1. 1.
 0. 0. 1. 1. 0. 1. 0. 0. 0. 0. 0. 0. 0. 1. 0. 0. 0. 1. 1. 0. 1. 0. 0. 0.
 0. 1. 1. 1. 1. 1. 1. 1. 1. 0. 0. 1. 1. 0. 1. 1. 0. 1. 0. 1. 1. 0. 0. 0.
 1. 0. 0. 0. 1. 1. 1. 0. 1. 1. 0. 1. 1. 0. 1. 0. 1. 1. 0. 0. 1. 1. 0. 1.
 1. 1. 0. 1. 1. 0. 0. 1. 1. 0. 1. 1. 0. 1. 1. 1. 0. 0. 1. 1. 1. 0. 1. 1.
 0. 1. 1. 0. 1. 1. 0. 0. 0. 0. 1. 1. 0. 0. 0. 0. 1. 1. 0. 1. 1. 1. 0. 0.
 1. 1. 0. 0. 0. 0. 0. 0. 1. 1. 1. 0. 1. 0. 1. 1. 1. 1. 1. 1. 0. 1. 0. 0.
 1. 1. 0. 0. 1. 1. 1. 1. 0. 1. 1. 0. 1. 0. 0. 1. 0. 1. 0. 1. 0. 0. 1. 1.
 1. 0. 1. 0.]","[0. 1. 0. 0. 0. 1. 1. 1. 0. 0. 0. 0. 0. 1. 0. 0. 1. 1. 0. 0. 0. 0. 0. 1.
 0. 0. 1. 0. 1. 0. 0. 1. 0. 1. 1. 0. 0. 0. 1. 0. 0. 0. 1. 1. 1. 0. 1. 0.
 1. 0. 1. 1. 0. 1. 1. 1. 1. 0. 1. 0. 0. 1. 1. 1. 0. 0. 0. 1. 1. 0. 1. 1.
 0. 0. 1. 0. 0. 1. 0. 1. 0. 1. 1. 1. 0. 1. 0. 1. 1. 1. 1. 1. 1. 1. 1. 0.
 0. 0. 1. 1. 1. 0. 0. 1. 1. 1. 0. 0. 0. 1. 1. 1. 0. 0. 0. 0. 1. 1. 1. 0.
 1. 0. 0. 1. 1. 0. 0. 0. 0. 1. 0. 0. 1. 1. 0. 1. 1. 1. 0. 1. 1. 0. 1. 0.
 1. 1. 0. 0. 0. 1. 1. 0. 1. 1. 0. 1. 0. 0. 0. 1. 1. 1. 0. 1. 0. 1. 1. 0.
 1. 0. 0. 1. 1. 0. 0. 1. 0. 1. 1. 0. 0. 1. 0. 0. 1. 1. 0. 1. 1. 0. 0. 0.
 0. 1. 1. 0. 0. 1. 0. 0. 1. 0. 1. 1. 1. 0. 0. 0. 1. 1. 0. 0. 0. 0. 1. 0.
 0. 1. 0. 1. 1. 1. 1. 0. 0. 0. 0. 1. 1. 1. 1. 0. 1. 1. 1. 1. 0. 1. 0. 0.
 1. 0. 0. 1. 1. 1. 1. 1. 0. 0. 1. 1. 1. 0. 0. 1. 0. 1. 0. 0. 1. 0. 1. 0.
 1. 0. 0. 0.]"
703,randomforest,"{'criterion': 'gini', 'max_features': 'log2', 'n_estimators': 469}",0.5892655686387896,0.20779284217725438,0.19272872330376334,0.376192791272688,0.5815749420084098,0.21199519417538681,0.5669471220816849,0.13432835820895528,0.5671641791044776,0.5671641791044777,"{0: 0.5875194920917799, 1: 0.5875194920917799}","{0: 0.5875194920917799, 1: 0.5875194920917799}",0.5875194920917799,"[[73 61]
 [55 79]]","[1. 0. 0. 0. 0. 1. 0. 1. 1. 0. 0. 0. 1. 0. 0. 0. 1. 0. 0. 0. 0. 1. 0. 0.
 0. 0. 1. 1. 1. 1. 1. 0. 0. 0. 1. 0. 1. 0. 1. 0. 1. 0. 1. 0. 0. 0. 1. 1.
 0. 0. 1. 0. 0. 1. 1. 1. 1. 1. 0. 1. 0. 0. 1. 0. 0. 0. 1. 1. 1. 1. 0. 0.
 1. 1. 0. 1. 1. 0. 0. 0. 1. 1. 1. 0. 0. 1. 0. 1. 1. 1. 1. 1. 0. 1. 1. 1.
 0. 0. 1. 1. 0. 1. 1. 0. 0. 0. 0. 1. 0. 1. 0. 0. 0. 1. 1. 0. 1. 0. 0. 0.
 0. 1. 1. 1. 1. 1. 1. 1. 1. 0. 0. 1. 1. 0. 1. 1. 0. 1. 0. 1. 1. 0. 1. 0.
 0. 0. 0. 0. 1. 1. 1. 0. 1. 0. 0. 1. 1. 0. 1. 0. 1. 1. 0. 0. 1. 1. 0. 1.
 1. 1. 0. 1. 1. 0. 0. 1. 1. 0. 1. 0. 0. 0. 1. 1. 0. 0. 1. 1. 0. 0. 1. 1.
 1. 1. 1. 1. 1. 1. 0. 0. 0. 0. 1. 1. 0. 0. 0. 1. 1. 1. 0. 1. 1. 0. 0. 0.
 1. 1. 0. 1. 0. 0. 0. 0. 1. 1. 1. 0. 1. 0. 1. 1. 1. 1. 1. 1. 0. 1. 0. 0.
 1. 1. 0. 0. 1. 1. 1. 1. 0. 1. 1. 0. 1. 0. 0. 1. 0. 1. 0. 1. 0. 0. 1. 1.
 1. 0. 1. 0.]","[0. 1. 0. 0. 0. 1. 1. 1. 0. 0. 0. 0. 0. 1. 0. 0. 1. 1. 0. 0. 0. 0. 0. 1.
 0. 0. 1. 0. 1. 0. 0. 1. 0. 1. 1. 0. 0. 0. 1. 0. 0. 0. 1. 1. 1. 0. 1. 0.
 1. 0. 1. 1. 0. 1. 1. 1. 1. 0. 1. 0. 0. 1. 1. 1. 0. 0. 0. 1. 1. 0. 1. 1.
 0. 0. 1. 0. 0. 1. 0. 1. 0. 1. 1. 1. 0. 1. 0. 1. 1. 1. 1. 1. 1. 1. 1. 0.
 0. 0. 1. 1. 1. 0. 0. 1. 1. 1. 0. 0. 0. 1. 1. 1. 0. 0. 0. 0. 1. 1. 1. 0.
 1. 0. 0. 1. 1. 0. 0. 0. 0. 1. 0. 0. 1. 1. 0. 1. 1. 1. 0. 1. 1. 0. 1. 0.
 1. 1. 0. 0. 0. 1. 1. 0. 1. 1. 0. 1. 0. 0. 0. 1. 1. 1. 0. 1. 0. 1. 1. 0.
 1. 0. 0. 1. 1. 0. 0. 1. 0. 1. 1. 0. 0. 1. 0. 0. 1. 1. 0. 1. 1. 0. 0. 0.
 0. 1. 1. 0. 0. 1. 0. 0. 1. 0. 1. 1. 1. 0. 0. 0. 1. 1. 0. 0. 0. 0. 1. 0.
 0. 1. 0. 1. 1. 1. 1. 0. 0. 0. 0. 1. 1. 1. 1. 0. 1. 1. 1. 1. 0. 1. 0. 0.
 1. 0. 0. 1. 1. 1. 1. 1. 0. 0. 1. 1. 1. 0. 0. 1. 0. 1. 0. 0. 1. 0. 1. 0.
 1. 0. 0. 0.]"
931,randomforest,"{'criterion': 'gini', 'max_features': 'sqrt', 'n_estimators': 143}",0.5962600324326816,0.19285920840119397,0.1926805059154165,0.33829516045644914,0.5939276356111033,0.19589788230350977,0.5776466814498695,0.15671641791044777,0.5783582089552238,0.5783582089552239,"{0: 0.5734573401648474, 1: 0.5734573401648475}","{0: 0.5734573401648474, 1: 0.5734573401648475}",0.5734573401648475,"[[72 62]
 [51 83]]","[1. 0. 0. 0. 0. 1. 0. 1. 1. 0. 0. 0. 1. 0. 0. 0. 1. 0. 0. 1. 0. 1. 0. 0.
 0. 0. 1. 1. 1. 1. 1. 0. 0. 0. 1. 1. 1. 0. 1. 0. 1. 0. 1. 1. 0. 0. 1. 0.
 0. 0. 1. 0. 1. 1. 1. 1. 1. 1. 0. 1. 0. 0. 1. 1. 0. 0. 1. 1. 1. 1. 0. 0.
 0. 1. 0. 1. 1. 0. 0. 0. 1. 1. 1. 0. 0. 1. 1. 1. 1. 1. 1. 1. 0. 1. 1. 1.
 0. 0. 1. 1. 1. 1. 0. 0. 0. 0. 0. 1. 0. 1. 0. 0. 0. 1. 1. 0. 1. 0. 0. 0.
 0. 1. 1. 1. 1. 1. 1. 1. 0. 0. 0. 1. 1. 0. 1. 1. 0. 1. 0. 1. 1. 0. 0. 0.
 0. 0. 0. 0. 1. 1. 1. 0. 1. 1. 0. 1. 1. 0. 1. 0. 1. 1. 0. 0. 1. 1. 0. 1.
 1. 1. 1. 1. 1. 1. 0. 1. 1. 0. 1. 0. 0. 1. 1. 1. 0. 0. 1. 1. 0. 0. 1. 1.
 1. 1. 1. 0. 0. 1. 0. 0. 0. 0. 1. 1. 0. 1. 0. 0. 1. 1. 0. 1. 1. 1. 1. 0.
 1. 1. 0. 1. 0. 0. 0. 0. 1. 1. 1. 0. 1. 0. 1. 1. 1. 1. 1. 1. 0. 1. 0. 0.
 1. 1. 0. 0. 1. 1. 0. 1. 0. 1. 1. 0. 1. 0. 0. 1. 0. 1. 0. 1. 0. 0. 1. 1.
 1. 0. 1. 0.]","[0. 1. 0. 0. 0. 1. 1. 1. 0. 0. 0. 0. 0. 1. 0. 0. 1. 1. 0. 0. 0. 0. 0. 1.
 0. 0. 1. 0. 1. 0. 0. 1. 0. 1. 1. 0. 0. 0. 1. 0. 0. 0. 1. 1. 1. 0. 1. 0.
 1. 0. 1. 1. 0. 1. 1. 1. 1. 0. 1. 0. 0. 1. 1. 1. 0. 0. 0. 1. 1. 0. 1. 1.
 0. 0. 1. 0. 0. 1. 0. 1. 0. 1. 1. 1. 0. 1. 0. 1. 1. 1. 1. 1. 1. 1. 1. 0.
 0. 0. 1. 1. 1. 0. 0. 1. 1. 1. 0. 0. 0. 1. 1. 1. 0. 0. 0. 0. 1. 1. 1. 0.
 1. 0. 0. 1. 1. 0. 0. 0. 0. 1. 0. 0. 1. 1. 0. 1. 1. 1. 0. 1. 1. 0. 1. 0.
 1. 1. 0. 0. 0. 1. 1. 0. 1. 1. 0. 1. 0. 0. 0. 1. 1. 1. 0. 1. 0. 1. 1. 0.
 1. 0. 0. 1. 1. 0. 0. 1. 0. 1. 1. 0. 0. 1. 0. 0. 1. 1. 0. 1. 1. 0. 0. 0.
 0. 1. 1. 0. 0. 1. 0. 0. 1. 0. 1. 1. 1. 0. 0. 0. 1. 1. 0. 0. 0. 0. 1. 0.
 0. 1. 0. 1. 1. 1. 1. 0. 0. 0. 0. 1. 1. 1. 1. 0. 1. 1. 1. 1. 0. 1. 0. 0.
 1. 0. 0. 1. 1. 1. 1. 1. 0. 0. 1. 1. 1. 0. 0. 1. 0. 1. 0. 0. 1. 0. 1. 0.
 1. 0. 0. 0.]"
226,randomforest,"{'criterion': 'gini', 'max_features': 'log2', 'n_estimators': 591}",0.5973141613025389,0.20918090647454754,0.1925493521171353,0.3894858461958266,0.5913906471366149,0.2125540487554763,0.5744135510113111,0.14925373134328357,0.5746268656716418,0.5746268656716418,"{0: 0.5896636221875695, 1: 0.5896636221875696}","{0: 0.5896636221875695, 1: 0.5896636221875696}",0.5896636221875696,"[[74 60]
 [54 80]]","[1. 0. 0. 0. 0. 1. 0. 1. 1. 0. 0. 0. 1. 0. 0. 0. 1. 0. 0. 0. 0. 1. 0. 0.
 0. 0. 1. 1. 1. 1. 1. 0. 0. 0. 1. 0. 1. 0. 1. 0. 0. 0. 1. 1. 0. 0. 1. 0.
 0. 0. 1. 0. 1. 1. 1. 1. 1. 1. 0. 1. 0. 0. 1. 1. 0. 0. 1. 1. 1. 1. 0. 0.
 1. 1. 0. 1. 1. 0. 0. 0. 1. 1. 1. 0. 0. 1. 0. 1. 1. 1. 1. 1. 0. 1. 1. 1.
 0. 0. 1. 1. 0. 1. 1. 1. 0. 0. 0. 1. 0. 1. 0. 0. 0. 1. 1. 0. 1. 0. 0. 0.
 0. 1. 1. 1. 1. 1. 1. 1. 1. 0. 0. 1. 1. 0. 1. 0. 0. 1. 0. 1. 1. 0. 1. 0.
 0. 0. 0. 0. 1. 1. 1. 0. 1. 1. 0. 1. 1. 0. 1. 0. 1. 1. 0. 0. 1. 1. 0. 1.
 1. 1. 0. 1. 1. 1. 0. 1. 1. 0. 1. 0. 0. 0. 1. 1. 0. 0. 1. 1. 0. 0. 1. 1.
 0. 1. 1. 1. 1. 1. 0. 0. 0. 0. 1. 1. 0. 0. 0. 0. 1. 1. 0. 1. 1. 1. 0. 0.
 1. 1. 0. 1. 0. 0. 0. 0. 1. 1. 1. 0. 1. 0. 1. 1. 1. 1. 1. 1. 0. 1. 0. 0.
 1. 1. 0. 0. 1. 1. 0. 1. 0. 1. 1. 0. 1. 0. 0. 1. 0. 0. 0. 1. 0. 0. 1. 1.
 1. 0. 1. 0.]","[0. 1. 0. 0. 0. 1. 1. 1. 0. 0. 0. 0. 0. 1. 0. 0. 1. 1. 0. 0. 0. 0. 0. 1.
 0. 0. 1. 0. 1. 0. 0. 1. 0. 1. 1. 0. 0. 0. 1. 0. 0. 0. 1. 1. 1. 0. 1. 0.
 1. 0. 1. 1. 0. 1. 1. 1. 1. 0. 1. 0. 0. 1. 1. 1. 0. 0. 0. 1. 1. 0. 1. 1.
 0. 0. 1. 0. 0. 1. 0. 1. 0. 1. 1. 1. 0. 1. 0. 1. 1. 1. 1. 1. 1. 1. 1. 0.
 0. 0. 1. 1. 1. 0. 0. 1. 1. 1. 0. 0. 0. 1. 1. 1. 0. 0. 0. 0. 1. 1. 1. 0.
 1. 0. 0. 1. 1. 0. 0. 0. 0. 1. 0. 0. 1. 1. 0. 1. 1. 1. 0. 1. 1. 0. 1. 0.
 1. 1. 0. 0. 0. 1. 1. 0. 1. 1. 0. 1. 0. 0. 0. 1. 1. 1. 0. 1. 0. 1. 1. 0.
 1. 0. 0. 1. 1. 0. 0. 1. 0. 1. 1. 0. 0. 1. 0. 0. 1. 1. 0. 1. 1. 0. 0. 0.
 0. 1. 1. 0. 0. 1. 0. 0. 1. 0. 1. 1. 1. 0. 0. 0. 1. 1. 0. 0. 0. 0. 1. 0.
 0. 1. 0. 1. 1. 1. 1. 0. 0. 0. 0. 1. 1. 1. 1. 0. 1. 1. 1. 1. 0. 1. 0. 0.
 1. 0. 0. 1. 1. 1. 1. 1. 0. 0. 1. 1. 1. 0. 0. 1. 0. 1. 0. 0. 1. 0. 1. 0.
 1. 0. 0. 0.]"
968,randomforest,"{'criterion': 'gini', 'max_features': 'sqrt', 'n_estimators': 515}",0.5995310717025613,0.1989194651974258,0.1925299952418161,0.3547385124139466,0.5942261777947262,0.20208812601381015,0.5778821627197077,0.15671641791044777,0.5783582089552238,0.5783582089552239,"{0: 0.5984072176431275, 1: 0.5984072176431277}","{0: 0.5984072176431275, 1: 0.5984072176431277}",0.5984072176431277,"[[73 61]
 [52 82]]","[1. 0. 0. 0. 0. 1. 0. 1. 1. 0. 0. 0. 1. 0. 0. 0. 1. 0. 0. 0. 0. 1. 0. 0.
 0. 0. 1. 1. 1. 1. 1. 0. 0. 0. 1. 0. 0. 0. 1. 0. 0. 0. 1. 1. 0. 0. 1. 1.
 0. 0. 1. 0. 1. 1. 1. 1. 1. 1. 0. 1. 1. 0. 1. 1. 0. 0. 1. 1. 1. 1. 0. 0.
 1. 1. 0. 1. 1. 0. 0. 0. 1. 1. 1. 0. 0. 1. 0. 1. 1. 1. 1. 1. 0. 1. 1. 1.
 0. 0. 1. 1. 0. 1. 0. 0. 0. 0. 0. 1. 0. 1. 0. 0. 0. 1. 1. 0. 1. 0. 0. 0.
 0. 1. 1. 1. 1. 1. 1. 1. 1. 0. 0. 1. 1. 0. 1. 1. 0. 1. 0. 1. 1. 0. 0. 0.
 1. 0. 0. 0. 1. 1. 1. 0. 1. 1. 0. 1. 1. 0. 1. 0. 1. 1. 0. 0. 1. 1. 0. 1.
 1. 1. 1. 1. 1. 1. 0. 1. 1. 0. 1. 0. 0. 0. 1. 1. 0. 0. 1. 1. 0. 0. 1. 1.
 1. 1. 1. 0. 1. 1. 0. 0. 0. 0. 1. 1. 0. 0. 0. 0. 1. 1. 0. 1. 1. 1. 0. 0.
 1. 1. 0. 1. 0. 0. 0. 0. 1. 1. 1. 0. 1. 0. 1. 1. 1. 1. 1. 1. 0. 1. 0. 0.
 1. 1. 0. 0. 1. 1. 1. 1. 0. 1. 1. 0. 1. 0. 0. 1. 0. 1. 0. 1. 0. 0. 1. 1.
 1. 0. 1. 0.]","[0. 1. 0. 0. 0. 1. 1. 1. 0. 0. 0. 0. 0. 1. 0. 0. 1. 1. 0. 0. 0. 0. 0. 1.
 0. 0. 1. 0. 1. 0. 0. 1. 0. 1. 1. 0. 0. 0. 1. 0. 0. 0. 1. 1. 1. 0. 1. 0.
 1. 0. 1. 1. 0. 1. 1. 1. 1. 0. 1. 0. 0. 1. 1. 1. 0. 0. 0. 1. 1. 0. 1. 1.
 0. 0. 1. 0. 0. 1. 0. 1. 0. 1. 1. 1. 0. 1. 0. 1. 1. 1. 1. 1. 1. 1. 1. 0.
 0. 0. 1. 1. 1. 0. 0. 1. 1. 1. 0. 0. 0. 1. 1. 1. 0. 0. 0. 0. 1. 1. 1. 0.
 1. 0. 0. 1. 1. 0. 0. 0. 0. 1. 0. 0. 1. 1. 0. 1. 1. 1. 0. 1. 1. 0. 1. 0.
 1. 1. 0. 0. 0. 1. 1. 0. 1. 1. 0. 1. 0. 0. 0. 1. 1. 1. 0. 1. 0. 1. 1. 0.
 1. 0. 0. 1. 1. 0. 0. 1. 0. 1. 1. 0. 0. 1. 0. 0. 1. 1. 0. 1. 1. 0. 0. 0.
 0. 1. 1. 0. 0. 1. 0. 0. 1. 0. 1. 1. 1. 0. 0. 0. 1. 1. 0. 0. 0. 0. 1. 0.
 0. 1. 0. 1. 1. 1. 1. 0. 0. 0. 0. 1. 1. 1. 1. 0. 1. 1. 1. 1. 0. 1. 0. 0.
 1. 0. 0. 1. 1. 1. 1. 1. 0. 0. 1. 1. 1. 0. 0. 1. 0. 1. 0. 0. 1. 0. 1. 0.
 1. 0. 0. 0.]"
169,randomforest,"{'criterion': 'gini', 'max_features': 'sqrt', 'n_estimators': 535}",0.5931145280943668,0.1923540749310079,0.1924111189534685,0.3318233062626549,0.5884259035468712,0.1950456728935972,0.5740337962188389,0.14925373134328357,0.5746268656716418,0.5746268656716418,"{0: 0.5886890175985744, 1: 0.5886890175985744}","{0: 0.5886890175985744, 1: 0.5886890175985744}",0.5886890175985744,"[[72 62]
 [52 82]]","[1. 0. 0. 0. 0. 1. 0. 1. 1. 0. 0. 0. 1. 0. 0. 0. 1. 0. 0. 0. 0. 1. 0. 0.
 0. 0. 1. 1. 1. 1. 1. 0. 0. 0. 1. 0. 0. 0. 1. 0. 0. 0. 1. 1. 0. 0. 1. 0.
 0. 0. 1. 1. 1. 1. 1. 1. 1. 1. 0. 1. 1. 0. 1. 0. 0. 0. 1. 1. 1. 1. 0. 0.
 1. 1. 0. 1. 1. 0. 0. 0. 1. 1. 1. 0. 0. 1. 1. 1. 1. 1. 1. 1. 0. 1. 1. 1.
 0. 0. 1. 1. 0. 1. 1. 0. 0. 0. 0. 1. 0. 1. 0. 0. 0. 1. 1. 0. 1. 0. 0. 0.
 0. 1. 1. 1. 1. 1. 1. 1. 1. 0. 0. 1. 1. 0. 1. 1. 0. 1. 0. 1. 1. 0. 1. 0.
 0. 0. 0. 0. 1. 1. 1. 0. 1. 1. 0. 1. 1. 0. 1. 0. 1. 1. 0. 0. 1. 1. 0. 1.
 1. 1. 0. 1. 1. 0. 0. 1. 1. 0. 1. 0. 0. 1. 1. 1. 0. 0. 1. 1. 0. 0. 1. 1.
 1. 1. 1. 1. 1. 1. 0. 1. 0. 0. 1. 1. 0. 0. 0. 0. 1. 1. 0. 1. 1. 1. 0. 0.
 1. 1. 0. 1. 0. 0. 0. 0. 1. 1. 1. 0. 1. 0. 1. 1. 1. 1. 1. 1. 0. 1. 0. 0.
 1. 1. 0. 0. 1. 1. 0. 1. 0. 1. 1. 0. 1. 0. 0. 1. 0. 1. 0. 1. 0. 0. 1. 1.
 1. 0. 1. 0.]","[0. 1. 0. 0. 0. 1. 1. 1. 0. 0. 0. 0. 0. 1. 0. 0. 1. 1. 0. 0. 0. 0. 0. 1.
 0. 0. 1. 0. 1. 0. 0. 1. 0. 1. 1. 0. 0. 0. 1. 0. 0. 0. 1. 1. 1. 0. 1. 0.
 1. 0. 1. 1. 0. 1. 1. 1. 1. 0. 1. 0. 0. 1. 1. 1. 0. 0. 0. 1. 1. 0. 1. 1.
 0. 0. 1. 0. 0. 1. 0. 1. 0. 1. 1. 1. 0. 1. 0. 1. 1. 1. 1. 1. 1. 1. 1. 0.
 0. 0. 1. 1. 1. 0. 0. 1. 1. 1. 0. 0. 0. 1. 1. 1. 0. 0. 0. 0. 1. 1. 1. 0.
 1. 0. 0. 1. 1. 0. 0. 0. 0. 1. 0. 0. 1. 1. 0. 1. 1. 1. 0. 1. 1. 0. 1. 0.
 1. 1. 0. 0. 0. 1. 1. 0. 1. 1. 0. 1. 0. 0. 0. 1. 1. 1. 0. 1. 0. 1. 1. 0.
 1. 0. 0. 1. 1. 0. 0. 1. 0. 1. 1. 0. 0. 1. 0. 0. 1. 1. 0. 1. 1. 0. 0. 0.
 0. 1. 1. 0. 0. 1. 0. 0. 1. 0. 1. 1. 1. 0. 0. 0. 1. 1. 0. 0. 0. 0. 1. 0.
 0. 1. 0. 1. 1. 1. 1. 0. 0. 0. 0. 1. 1. 1. 1. 0. 1. 1. 1. 1. 0. 1. 0. 0.
 1. 0. 0. 1. 1. 1. 1. 1. 0. 0. 1. 1. 1. 0. 0. 1. 0. 1. 0. 0. 1. 0. 1. 0.
 1. 0. 0. 0.]"
677,randomforest,"{'criterion': 'entropy', 'max_features': None, 'n_estimators': 483}",0.5957482571631053,0.19539433935555572,0.19227941616427602,0.37123203861482706,0.5857731743316421,0.20203764343945377,0.5706025774991291,0.14179104477611937,0.5708955223880597,0.5708955223880596,"{0: 0.5794998886166184, 1: 0.5794998886166185}","{0: 0.5794998886166184, 1: 0.5794998886166185}",0.5794998886166185,"[[73 61]
 [54 80]]","[1. 0. 0. 0. 0. 1. 0. 1. 1. 0. 0. 0. 1. 0. 0. 0. 0. 0. 0. 0. 0. 1. 0. 0.
 0. 0. 1. 1. 1. 1. 1. 0. 0. 0. 1. 0. 0. 0. 1. 0. 0. 0. 1. 1. 0. 0. 1. 0.
 0. 0. 1. 0. 0. 1. 1. 1. 1. 1. 0. 1. 0. 0. 1. 0. 0. 0. 1. 1. 1. 1. 0. 0.
 1. 1. 0. 1. 1. 0. 1. 0. 1. 1. 1. 0. 0. 1. 1. 1. 1. 1. 1. 1. 0. 1. 1. 1.
 0. 0. 1. 1. 0. 1. 1. 0. 0. 0. 0. 0. 0. 1. 0. 0. 1. 1. 1. 0. 1. 0. 0. 0.
 1. 1. 1. 1. 1. 1. 1. 1. 1. 0. 0. 1. 0. 0. 1. 1. 0. 1. 0. 1. 1. 0. 1. 0.
 1. 0. 0. 0. 1. 1. 1. 0. 1. 1. 0. 1. 1. 0. 1. 0. 1. 1. 0. 0. 1. 1. 0. 1.
 1. 1. 0. 1. 1. 1. 0. 1. 1. 0. 1. 0. 0. 1. 1. 1. 0. 0. 1. 1. 1. 0. 1. 1.
 0. 1. 0. 1. 1. 1. 0. 1. 0. 0. 1. 1. 0. 0. 0. 0. 1. 1. 0. 1. 1. 1. 0. 0.
 1. 1. 0. 1. 0. 0. 0. 0. 1. 1. 1. 0. 0. 0. 1. 1. 1. 1. 1. 1. 0. 1. 0. 0.
 1. 1. 0. 0. 1. 1. 0. 1. 0. 0. 1. 0. 1. 0. 1. 1. 0. 1. 0. 1. 0. 0. 1. 1.
 1. 0. 1. 0.]","[0. 1. 0. 0. 0. 1. 1. 1. 0. 0. 0. 0. 0. 1. 0. 0. 1. 1. 0. 0. 0. 0. 0. 1.
 0. 0. 1. 0. 1. 0. 0. 1. 0. 1. 1. 0. 0. 0. 1. 0. 0. 0. 1. 1. 1. 0. 1. 0.
 1. 0. 1. 1. 0. 1. 1. 1. 1. 0. 1. 0. 0. 1. 1. 1. 0. 0. 0. 1. 1. 0. 1. 1.
 0. 0. 1. 0. 0. 1. 0. 1. 0. 1. 1. 1. 0. 1. 0. 1. 1. 1. 1. 1. 1. 1. 1. 0.
 0. 0. 1. 1. 1. 0. 0. 1. 1. 1. 0. 0. 0. 1. 1. 1. 0. 0. 0. 0. 1. 1. 1. 0.
 1. 0. 0. 1. 1. 0. 0. 0. 0. 1. 0. 0. 1. 1. 0. 1. 1. 1. 0. 1. 1. 0. 1. 0.
 1. 1. 0. 0. 0. 1. 1. 0. 1. 1. 0. 1. 0. 0. 0. 1. 1. 1. 0. 1. 0. 1. 1. 0.
 1. 0. 0. 1. 1. 0. 0. 1. 0. 1. 1. 0. 0. 1. 0. 0. 1. 1. 0. 1. 1. 0. 0. 0.
 0. 1. 1. 0. 0. 1. 0. 0. 1. 0. 1. 1. 1. 0. 0. 0. 1. 1. 0. 0. 0. 0. 1. 0.
 0. 1. 0. 1. 1. 1. 1. 0. 0. 0. 0. 1. 1. 1. 1. 0. 1. 1. 1. 1. 0. 1. 0. 0.
 1. 0. 0. 1. 1. 1. 1. 1. 0. 0. 1. 1. 1. 0. 0. 1. 0. 1. 0. 0. 1. 0. 1. 0.
 1. 0. 0. 0.]"
287,randomforest,"{'criterion': 'gini', 'max_features': 'sqrt', 'n_estimators': 51}",0.6018842550006568,0.19400828318398386,0.1922149884169602,0.36610974437540544,0.5900728695587566,0.2001320311695384,0.57821139570189,0.15671641791044777,0.5783582089552238,0.5783582089552238,"{0: 0.5958453998663399, 1: 0.5958453998663399}","{0: 0.5958453998663399, 1: 0.5958453998663399}",0.5958453998663399,"[[75 59]
 [54 80]]","[1. 0. 0. 0. 0. 1. 0. 1. 1. 1. 0. 0. 1. 0. 0. 0. 1. 0. 0. 0. 0. 1. 1. 0.
 0. 1. 1. 1. 1. 1. 1. 0. 0. 0. 1. 0. 0. 0. 1. 0. 0. 0. 1. 0. 0. 0. 1. 1.
 0. 0. 0. 0. 0. 1. 1. 1. 1. 1. 0. 1. 0. 0. 1. 0. 0. 0. 0. 1. 1. 0. 0. 0.
 0. 1. 0. 1. 1. 0. 0. 0. 1. 1. 1. 1. 0. 1. 0. 1. 1. 1. 0. 1. 0. 1. 1. 1.
 0. 0. 0. 1. 0. 1. 1. 0. 0. 0. 0. 1. 0. 1. 0. 0. 0. 1. 1. 1. 1. 0. 0. 0.
 1. 1. 1. 1. 1. 1. 1. 1. 0. 0. 0. 1. 1. 0. 1. 1. 0. 1. 0. 1. 1. 0. 0. 0.
 1. 1. 0. 0. 1. 1. 1. 0. 0. 0. 0. 1. 1. 0. 1. 0. 1. 1. 0. 0. 1. 1. 0. 1.
 1. 1. 0. 1. 1. 1. 0. 1. 1. 0. 1. 0. 0. 0. 1. 1. 1. 0. 1. 1. 0. 0. 1. 1.
 1. 1. 1. 0. 1. 1. 0. 0. 0. 0. 1. 1. 0. 0. 0. 0. 1. 1. 0. 1. 1. 1. 0. 0.
 1. 1. 0. 1. 0. 1. 0. 0. 1. 1. 1. 1. 0. 0. 1. 1. 1. 1. 1. 1. 0. 1. 0. 0.
 1. 1. 0. 0. 1. 1. 1. 1. 0. 1. 1. 0. 1. 0. 0. 1. 0. 1. 0. 1. 0. 0. 1. 1.
 1. 0. 1. 0.]","[0. 1. 0. 0. 0. 1. 1. 1. 0. 0. 0. 0. 0. 1. 0. 0. 1. 1. 0. 0. 0. 0. 0. 1.
 0. 0. 1. 0. 1. 0. 0. 1. 0. 1. 1. 0. 0. 0. 1. 0. 0. 0. 1. 1. 1. 0. 1. 0.
 1. 0. 1. 1. 0. 1. 1. 1. 1. 0. 1. 0. 0. 1. 1. 1. 0. 0. 0. 1. 1. 0. 1. 1.
 0. 0. 1. 0. 0. 1. 0. 1. 0. 1. 1. 1. 0. 1. 0. 1. 1. 1. 1. 1. 1. 1. 1. 0.
 0. 0. 1. 1. 1. 0. 0. 1. 1. 1. 0. 0. 0. 1. 1. 1. 0. 0. 0. 0. 1. 1. 1. 0.
 1. 0. 0. 1. 1. 0. 0. 0. 0. 1. 0. 0. 1. 1. 0. 1. 1. 1. 0. 1. 1. 0. 1. 0.
 1. 1. 0. 0. 0. 1. 1. 0. 1. 1. 0. 1. 0. 0. 0. 1. 1. 1. 0. 1. 0. 1. 1. 0.
 1. 0. 0. 1. 1. 0. 0. 1. 0. 1. 1. 0. 0. 1. 0. 0. 1. 1. 0. 1. 1. 0. 0. 0.
 0. 1. 1. 0. 0. 1. 0. 0. 1. 0. 1. 1. 1. 0. 0. 0. 1. 1. 0. 0. 0. 0. 1. 0.
 0. 1. 0. 1. 1. 1. 1. 0. 0. 0. 0. 1. 1. 1. 1. 0. 1. 1. 1. 1. 0. 1. 0. 0.
 1. 0. 0. 1. 1. 1. 1. 1. 0. 0. 1. 1. 1. 0. 0. 1. 0. 1. 0. 0. 1. 0. 1. 0.
 1. 0. 0. 0.]"
837,randomforest,"{'criterion': 'gini', 'max_features': 'sqrt', 'n_estimators': 363}",0.6069944416659313,0.20278969821345175,0.19215306976940336,0.3690144669739852,0.6015038538224021,0.1964538120635437,0.5780703587600139,0.15671641791044777,0.5783582089552238,0.5783582089552239,"{0: 0.5950378703497438, 1: 0.5950378703497439}","{0: 0.5950378703497438, 1: 0.5950378703497439}",0.5950378703497439,"[[74 60]
 [53 81]]","[1. 0. 0. 0. 0. 1. 0. 1. 1. 0. 0. 0. 1. 0. 0. 0. 1. 0. 0. 0. 0. 1. 0. 0.
 0. 0. 1. 1. 1. 1. 1. 0. 0. 0. 1. 0. 1. 0. 1. 0. 1. 0. 1. 1. 0. 0. 1. 1.
 0. 0. 1. 0. 1. 1. 1. 1. 1. 1. 0. 1. 0. 0. 1. 0. 0. 0. 1. 1. 1. 1. 0. 0.
 1. 1. 0. 1. 1. 0. 0. 0. 1. 1. 1. 0. 0. 1. 0. 1. 1. 1. 1. 1. 0. 1. 1. 1.
 0. 0. 1. 1. 0. 1. 0. 0. 1. 0. 0. 1. 0. 1. 0. 0. 0. 1. 1. 0. 1. 0. 0. 0.
 0. 1. 1. 1. 1. 1. 1. 1. 1. 0. 0. 1. 1. 0. 1. 1. 0. 1. 0. 1. 1. 0. 1. 0.
 1. 0. 0. 0. 1. 1. 1. 0. 1. 1. 0. 1. 1. 0. 1. 0. 1. 1. 0. 0. 1. 1. 0. 1.
 1. 1. 0. 1. 1. 0. 0. 1. 1. 0. 1. 0. 0. 0. 1. 1. 0. 0. 1. 1. 0. 0. 1. 1.
 1. 1. 1. 1. 0. 1. 0. 0. 0. 0. 1. 1. 0. 0. 0. 0. 1. 1. 0. 1. 1. 1. 0. 0.
 1. 1. 0. 0. 0. 0. 0. 0. 1. 1. 1. 0. 0. 0. 1. 1. 1. 1. 1. 1. 0. 1. 0. 0.
 1. 1. 0. 0. 1. 1. 1. 1. 0. 1. 1. 0. 1. 0. 0. 1. 0. 1. 0. 1. 0. 0. 1. 1.
 1. 0. 1. 0.]","[0. 1. 0. 0. 0. 1. 1. 1. 0. 0. 0. 0. 0. 1. 0. 0. 1. 1. 0. 0. 0. 0. 0. 1.
 0. 0. 1. 0. 1. 0. 0. 1. 0. 1. 1. 0. 0. 0. 1. 0. 0. 0. 1. 1. 1. 0. 1. 0.
 1. 0. 1. 1. 0. 1. 1. 1. 1. 0. 1. 0. 0. 1. 1. 1. 0. 0. 0. 1. 1. 0. 1. 1.
 0. 0. 1. 0. 0. 1. 0. 1. 0. 1. 1. 1. 0. 1. 0. 1. 1. 1. 1. 1. 1. 1. 1. 0.
 0. 0. 1. 1. 1. 0. 0. 1. 1. 1. 0. 0. 0. 1. 1. 1. 0. 0. 0. 0. 1. 1. 1. 0.
 1. 0. 0. 1. 1. 0. 0. 0. 0. 1. 0. 0. 1. 1. 0. 1. 1. 1. 0. 1. 1. 0. 1. 0.
 1. 1. 0. 0. 0. 1. 1. 0. 1. 1. 0. 1. 0. 0. 0. 1. 1. 1. 0. 1. 0. 1. 1. 0.
 1. 0. 0. 1. 1. 0. 0. 1. 0. 1. 1. 0. 0. 1. 0. 0. 1. 1. 0. 1. 1. 0. 0. 0.
 0. 1. 1. 0. 0. 1. 0. 0. 1. 0. 1. 1. 1. 0. 0. 0. 1. 1. 0. 0. 0. 0. 1. 0.
 0. 1. 0. 1. 1. 1. 1. 0. 0. 0. 0. 1. 1. 1. 1. 0. 1. 1. 1. 1. 0. 1. 0. 0.
 1. 0. 0. 1. 1. 1. 1. 1. 0. 0. 1. 1. 1. 0. 0. 1. 0. 1. 0. 0. 1. 0. 1. 0.
 1. 0. 0. 0.]"
875,randomforest,"{'criterion': 'gini', 'max_features': 'sqrt', 'n_estimators': 199}",0.5932509258726842,0.1893675164337071,0.19207930188109426,0.34780205858394697,0.5847956814690686,0.19652046731376485,0.5746031746031746,0.14925373134328357,0.5746268656716418,0.5746268656716418,"{0: 0.5897750055691691, 1: 0.5897750055691691}","{0: 0.5897750055691691, 1: 0.5897750055691691}",0.5897750055691691,"[[76 58]
 [56 78]]","[1. 0. 0. 0. 0. 1. 0. 1. 1. 0. 0. 0. 1. 0. 0. 0. 1. 0. 0. 1. 0. 1. 0. 0.
 0. 0. 1. 1. 1. 1. 1. 0. 0. 0. 1. 0. 0. 0. 1. 0. 1. 0. 1. 0. 0. 0. 1. 0.
 0. 0. 1. 0. 0. 1. 1. 1. 1. 1. 0. 1. 0. 0. 1. 0. 0. 0. 1. 1. 1. 1. 0. 0.
 0. 1. 0. 1. 1. 0. 0. 0. 0. 1. 1. 0. 0. 1. 0. 1. 1. 1. 1. 1. 0. 1. 1. 1.
 0. 0. 1. 1. 0. 1. 1. 0. 0. 0. 0. 1. 0. 1. 0. 0. 0. 1. 1. 0. 1. 0. 0. 0.
 0. 1. 1. 1. 1. 1. 1. 1. 1. 0. 0. 1. 1. 0. 1. 1. 0. 1. 0. 1. 1. 0. 1. 0.
 1. 0. 0. 0. 1. 1. 1. 0. 1. 1. 0. 1. 1. 0. 1. 0. 1. 1. 0. 0. 1. 1. 0. 1.
 1. 1. 0. 1. 1. 1. 0. 1. 1. 0. 1. 0. 0. 0. 1. 1. 0. 0. 1. 0. 0. 0. 1. 1.
 0. 1. 1. 1. 1. 1. 0. 0. 0. 0. 1. 1. 0. 0. 0. 0. 1. 1. 0. 1. 1. 1. 0. 0.
 1. 1. 0. 1. 0. 0. 0. 0. 1. 1. 1. 0. 1. 0. 0. 1. 1. 1. 1. 1. 0. 1. 0. 0.
 1. 1. 0. 0. 1. 1. 0. 1. 0. 1. 1. 0. 1. 0. 0. 1. 0. 1. 0. 1. 0. 0. 1. 1.
 1. 0. 1. 0.]","[0. 1. 0. 0. 0. 1. 1. 1. 0. 0. 0. 0. 0. 1. 0. 0. 1. 1. 0. 0. 0. 0. 0. 1.
 0. 0. 1. 0. 1. 0. 0. 1. 0. 1. 1. 0. 0. 0. 1. 0. 0. 0. 1. 1. 1. 0. 1. 0.
 1. 0. 1. 1. 0. 1. 1. 1. 1. 0. 1. 0. 0. 1. 1. 1. 0. 0. 0. 1. 1. 0. 1. 1.
 0. 0. 1. 0. 0. 1. 0. 1. 0. 1. 1. 1. 0. 1. 0. 1. 1. 1. 1. 1. 1. 1. 1. 0.
 0. 0. 1. 1. 1. 0. 0. 1. 1. 1. 0. 0. 0. 1. 1. 1. 0. 0. 0. 0. 1. 1. 1. 0.
 1. 0. 0. 1. 1. 0. 0. 0. 0. 1. 0. 0. 1. 1. 0. 1. 1. 1. 0. 1. 1. 0. 1. 0.
 1. 1. 0. 0. 0. 1. 1. 0. 1. 1. 0. 1. 0. 0. 0. 1. 1. 1. 0. 1. 0. 1. 1. 0.
 1. 0. 0. 1. 1. 0. 0. 1. 0. 1. 1. 0. 0. 1. 0. 0. 1. 1. 0. 1. 1. 0. 0. 0.
 0. 1. 1. 0. 0. 1. 0. 0. 1. 0. 1. 1. 1. 0. 0. 0. 1. 1. 0. 0. 0. 0. 1. 0.
 0. 1. 0. 1. 1. 1. 1. 0. 0. 0. 0. 1. 1. 1. 1. 0. 1. 1. 1. 1. 0. 1. 0. 0.
 1. 0. 0. 1. 1. 1. 1. 1. 0. 0. 1. 1. 1. 0. 0. 1. 0. 1. 0. 0. 1. 0. 1. 0.
 1. 0. 0. 0.]"
611,randomforest,"{'criterion': 'gini', 'max_features': 'sqrt', 'n_estimators': 39}",0.6087911364646331,0.1670305112243335,0.19203234553824308,0.312144450738742,0.6001550905784777,0.16813676196602173,0.5820662768031188,0.16417910447761197,0.582089552238806,0.582089552238806,"{0: 0.5930608153263534, 1: 0.5930608153263534}","{0: 0.5930608153263534, 1: 0.5930608153263534}",0.5930608153263534,"[[77 57]
 [55 79]]","[1. 0. 0. 0. 0. 1. 0. 1. 1. 0. 1. 0. 1. 0. 0. 0. 0. 0. 0. 1. 0. 1. 0. 0.
 0. 0. 1. 1. 1. 1. 1. 0. 0. 0. 1. 1. 1. 0. 1. 0. 0. 1. 1. 1. 0. 0. 1. 1.
 0. 0. 1. 0. 0. 1. 1. 1. 1. 1. 0. 1. 0. 0. 1. 0. 0. 0. 0. 1. 1. 0. 0. 0.
 0. 1. 0. 0. 1. 0. 0. 0. 1. 1. 1. 1. 0. 1. 0. 0. 1. 1. 1. 0. 0. 1. 1. 1.
 0. 0. 1. 1. 0. 1. 0. 1. 1. 1. 0. 1. 0. 1. 0. 0. 0. 1. 1. 0. 1. 0. 0. 0.
 1. 1. 1. 1. 1. 1. 1. 1. 1. 0. 0. 1. 1. 0. 1. 1. 0. 1. 0. 1. 1. 0. 1. 0.
 0. 0. 0. 0. 1. 1. 0. 0. 0. 1. 0. 1. 1. 0. 0. 0. 1. 1. 0. 0. 1. 1. 0. 1.
 1. 1. 1. 1. 1. 0. 0. 1. 1. 0. 1. 1. 0. 1. 1. 1. 0. 0. 1. 0. 0. 0. 1. 1.
 1. 1. 1. 0. 1. 1. 0. 0. 0. 0. 1. 1. 1. 0. 0. 0. 1. 1. 0. 1. 1. 1. 0. 0.
 1. 0. 0. 1. 0. 0. 0. 0. 1. 1. 1. 0. 1. 1. 0. 1. 1. 1. 1. 1. 0. 1. 0. 0.
 1. 1. 1. 0. 1. 1. 0. 1. 0. 0. 1. 0. 1. 0. 0. 1. 0. 0. 0. 0. 0. 0. 1. 0.
 1. 0. 1. 0.]","[0. 1. 0. 0. 0. 1. 1. 1. 0. 0. 0. 0. 0. 1. 0. 0. 1. 1. 0. 0. 0. 0. 0. 1.
 0. 0. 1. 0. 1. 0. 0. 1. 0. 1. 1. 0. 0. 0. 1. 0. 0. 0. 1. 1. 1. 0. 1. 0.
 1. 0. 1. 1. 0. 1. 1. 1. 1. 0. 1. 0. 0. 1. 1. 1. 0. 0. 0. 1. 1. 0. 1. 1.
 0. 0. 1. 0. 0. 1. 0. 1. 0. 1. 1. 1. 0. 1. 0. 1. 1. 1. 1. 1. 1. 1. 1. 0.
 0. 0. 1. 1. 1. 0. 0. 1. 1. 1. 0. 0. 0. 1. 1. 1. 0. 0. 0. 0. 1. 1. 1. 0.
 1. 0. 0. 1. 1. 0. 0. 0. 0. 1. 0. 0. 1. 1. 0. 1. 1. 1. 0. 1. 1. 0. 1. 0.
 1. 1. 0. 0. 0. 1. 1. 0. 1. 1. 0. 1. 0. 0. 0. 1. 1. 1. 0. 1. 0. 1. 1. 0.
 1. 0. 0. 1. 1. 0. 0. 1. 0. 1. 1. 0. 0. 1. 0. 0. 1. 1. 0. 1. 1. 0. 0. 0.
 0. 1. 1. 0. 0. 1. 0. 0. 1. 0. 1. 1. 1. 0. 0. 0. 1. 1. 0. 0. 0. 0. 1. 0.
 0. 1. 0. 1. 1. 1. 1. 0. 0. 0. 0. 1. 1. 1. 1. 0. 1. 1. 1. 1. 0. 1. 0. 0.
 1. 0. 0. 1. 1. 1. 1. 1. 0. 0. 1. 1. 1. 0. 0. 1. 0. 1. 0. 0. 1. 0. 1. 0.
 1. 0. 0. 0.]"
949,randomforest,"{'criterion': 'gini', 'max_features': 'log2', 'n_estimators': 315}",0.599538776094358,0.19633248069500123,0.19161865189581273,0.3595484273837507,0.5926898128006999,0.2040351566859702,0.5818799799409373,0.16417910447761197,0.582089552238806,0.5820895522388059,"{0: 0.5923646691913567, 1: 0.5923646691913567}","{0: 0.5923646691913567, 1: 0.5923646691913567}",0.5923646691913567,"[[75 59]
 [53 81]]","[1. 0. 0. 0. 0. 1. 0. 1. 1. 0. 0. 0. 1. 0. 0. 0. 1. 0. 0. 0. 0. 1. 0. 0.
 0. 0. 1. 1. 1. 1. 1. 0. 0. 0. 1. 0. 1. 0. 1. 0. 0. 0. 1. 1. 0. 0. 1. 0.
 0. 0. 1. 0. 0. 1. 1. 1. 1. 1. 0. 1. 1. 0. 1. 1. 0. 0. 1. 1. 1. 1. 0. 0.
 1. 1. 0. 1. 1. 0. 0. 0. 1. 1. 1. 0. 0. 1. 1. 1. 1. 1. 1. 1. 0. 1. 1. 1.
 0. 0. 1. 1. 0. 1. 0. 0. 0. 0. 0. 1. 0. 1. 0. 0. 0. 1. 1. 0. 1. 0. 0. 0.
 0. 1. 1. 1. 1. 1. 1. 1. 1. 0. 0. 1. 1. 0. 1. 1. 0. 1. 0. 1. 0. 0. 1. 0.
 0. 0. 0. 0. 1. 1. 1. 0. 1. 1. 0. 1. 1. 0. 1. 0. 1. 1. 0. 0. 1. 1. 0. 1.
 1. 1. 0. 1. 1. 1. 0. 1. 1. 0. 1. 0. 0. 1. 1. 1. 0. 0. 1. 0. 0. 0. 1. 1.
 0. 1. 1. 0. 1. 1. 0. 1. 0. 0. 1. 1. 0. 0. 0. 0. 1. 1. 0. 1. 1. 1. 0. 0.
 1. 1. 0. 1. 0. 0. 0. 0. 1. 1. 1. 0. 1. 0. 1. 1. 1. 1. 1. 1. 0. 1. 0. 0.
 1. 1. 0. 0. 1. 1. 1. 1. 0. 1. 1. 0. 1. 0. 0. 1. 0. 1. 0. 1. 0. 0. 1. 0.
 1. 0. 1. 0.]","[0. 1. 0. 0. 0. 1. 1. 1. 0. 0. 0. 0. 0. 1. 0. 0. 1. 1. 0. 0. 0. 0. 0. 1.
 0. 0. 1. 0. 1. 0. 0. 1. 0. 1. 1. 0. 0. 0. 1. 0. 0. 0. 1. 1. 1. 0. 1. 0.
 1. 0. 1. 1. 0. 1. 1. 1. 1. 0. 1. 0. 0. 1. 1. 1. 0. 0. 0. 1. 1. 0. 1. 1.
 0. 0. 1. 0. 0. 1. 0. 1. 0. 1. 1. 1. 0. 1. 0. 1. 1. 1. 1. 1. 1. 1. 1. 0.
 0. 0. 1. 1. 1. 0. 0. 1. 1. 1. 0. 0. 0. 1. 1. 1. 0. 0. 0. 0. 1. 1. 1. 0.
 1. 0. 0. 1. 1. 0. 0. 0. 0. 1. 0. 0. 1. 1. 0. 1. 1. 1. 0. 1. 1. 0. 1. 0.
 1. 1. 0. 0. 0. 1. 1. 0. 1. 1. 0. 1. 0. 0. 0. 1. 1. 1. 0. 1. 0. 1. 1. 0.
 1. 0. 0. 1. 1. 0. 0. 1. 0. 1. 1. 0. 0. 1. 0. 0. 1. 1. 0. 1. 1. 0. 0. 0.
 0. 1. 1. 0. 0. 1. 0. 0. 1. 0. 1. 1. 1. 0. 0. 0. 1. 1. 0. 0. 0. 0. 1. 0.
 0. 1. 0. 1. 1. 1. 1. 0. 0. 0. 0. 1. 1. 1. 1. 0. 1. 1. 1. 1. 0. 1. 0. 0.
 1. 0. 0. 1. 1. 1. 1. 1. 0. 0. 1. 1. 1. 0. 0. 1. 0. 1. 0. 0. 1. 0. 1. 0.
 1. 0. 0. 0.]"
350,randomforest,"{'criterion': 'gini', 'max_features': 'sqrt', 'n_estimators': 593}",0.5949781865552475,0.1953988308333174,0.19160132838992006,0.34670784327616494,0.5879985531195208,0.20133552236044785,0.5742474916387961,0.14925373134328357,0.5746268656716418,0.5746268656716418,"{0: 0.5852918244597906, 1: 0.5852918244597906}","{0: 0.5852918244597906, 1: 0.5852918244597906}",0.5852918244597906,"[[73 61]
 [53 81]]","[1. 0. 0. 0. 0. 1. 0. 1. 1. 0. 0. 0. 1. 0. 0. 0. 1. 0. 0. 0. 0. 1. 0. 0.
 0. 0. 1. 1. 1. 1. 1. 0. 0. 0. 1. 0. 0. 0. 1. 0. 0. 0. 1. 0. 0. 0. 1. 0.
 0. 0. 1. 0. 1. 1. 1. 1. 1. 1. 0. 1. 1. 0. 1. 1. 0. 0. 1. 1. 1. 1. 0. 0.
 1. 1. 0. 1. 1. 0. 0. 0. 1. 1. 1. 0. 0. 1. 0. 1. 1. 1. 1. 1. 0. 1. 1. 1.
 0. 0. 1. 1. 0. 1. 1. 1. 0. 0. 0. 1. 0. 1. 0. 0. 0. 1. 1. 0. 1. 0. 0. 0.
 0. 1. 1. 1. 1. 1. 1. 1. 1. 0. 0. 1. 1. 0. 1. 1. 0. 1. 0. 1. 1. 0. 1. 0.
 0. 0. 0. 0. 1. 1. 1. 0. 1. 1. 0. 1. 1. 0. 1. 0. 1. 1. 0. 0. 1. 1. 0. 1.
 1. 1. 0. 1. 1. 1. 0. 1. 1. 0. 1. 0. 0. 1. 1. 1. 0. 0. 1. 1. 0. 0. 1. 1.
 1. 1. 1. 1. 1. 1. 0. 0. 0. 0. 1. 1. 0. 0. 0. 0. 1. 1. 0. 1. 1. 1. 0. 0.
 1. 1. 0. 1. 0. 0. 0. 0. 1. 1. 1. 0. 0. 0. 1. 1. 1. 1. 1. 1. 0. 1. 0. 0.
 1. 1. 0. 0. 1. 1. 0. 1. 0. 1. 1. 0. 1. 0. 0. 1. 0. 1. 0. 1. 0. 0. 1. 1.
 1. 0. 1. 0.]","[0. 1. 0. 0. 0. 1. 1. 1. 0. 0. 0. 0. 0. 1. 0. 0. 1. 1. 0. 0. 0. 0. 0. 1.
 0. 0. 1. 0. 1. 0. 0. 1. 0. 1. 1. 0. 0. 0. 1. 0. 0. 0. 1. 1. 1. 0. 1. 0.
 1. 0. 1. 1. 0. 1. 1. 1. 1. 0. 1. 0. 0. 1. 1. 1. 0. 0. 0. 1. 1. 0. 1. 1.
 0. 0. 1. 0. 0. 1. 0. 1. 0. 1. 1. 1. 0. 1. 0. 1. 1. 1. 1. 1. 1. 1. 1. 0.
 0. 0. 1. 1. 1. 0. 0. 1. 1. 1. 0. 0. 0. 1. 1. 1. 0. 0. 0. 0. 1. 1. 1. 0.
 1. 0. 0. 1. 1. 0. 0. 0. 0. 1. 0. 0. 1. 1. 0. 1. 1. 1. 0. 1. 1. 0. 1. 0.
 1. 1. 0. 0. 0. 1. 1. 0. 1. 1. 0. 1. 0. 0. 0. 1. 1. 1. 0. 1. 0. 1. 1. 0.
 1. 0. 0. 1. 1. 0. 0. 1. 0. 1. 1. 0. 0. 1. 0. 0. 1. 1. 0. 1. 1. 0. 0. 0.
 0. 1. 1. 0. 0. 1. 0. 0. 1. 0. 1. 1. 1. 0. 0. 0. 1. 1. 0. 0. 0. 0. 1. 0.
 0. 1. 0. 1. 1. 1. 1. 0. 0. 0. 0. 1. 1. 1. 1. 0. 1. 1. 1. 1. 0. 1. 0. 0.
 1. 0. 0. 1. 1. 1. 1. 1. 0. 0. 1. 1. 1. 0. 0. 1. 0. 1. 0. 0. 1. 0. 1. 0.
 1. 0. 0. 0.]"
525,randomforest,"{'criterion': 'gini', 'max_features': 'log2', 'n_estimators': 453}",0.5963406442984241,0.19191927372070178,0.191536836658747,0.35104592405380286,0.5870741303200981,0.19687809548279164,0.57821139570189,0.15671641791044777,0.5783582089552238,0.5783582089552238,"{0: 0.5895800846513699, 1: 0.5895800846513701}","{0: 0.5895800846513699, 1: 0.5895800846513701}",0.5895800846513701,"[[75 59]
 [54 80]]","[1. 0. 0. 0. 0. 1. 0. 1. 1. 0. 0. 0. 1. 0. 0. 0. 1. 0. 0. 0. 0. 1. 0. 0.
 0. 0. 1. 1. 1. 1. 1. 0. 0. 0. 1. 0. 0. 0. 1. 0. 1. 0. 1. 0. 0. 0. 1. 0.
 0. 0. 1. 0. 1. 1. 1. 1. 1. 1. 0. 1. 0. 0. 1. 0. 0. 0. 1. 1. 1. 1. 0. 0.
 1. 1. 0. 1. 1. 0. 0. 0. 0. 1. 1. 0. 0. 1. 0. 1. 1. 1. 1. 1. 0. 1. 1. 1.
 0. 0. 1. 1. 0. 1. 0. 1. 0. 0. 0. 1. 0. 1. 0. 0. 0. 1. 1. 0. 1. 0. 0. 0.
 0. 1. 1. 1. 1. 1. 1. 1. 0. 0. 0. 1. 1. 0. 1. 1. 0. 1. 0. 1. 1. 0. 0. 0.
 1. 0. 0. 0. 1. 1. 1. 0. 1. 1. 0. 1. 1. 0. 1. 0. 1. 1. 0. 0. 1. 1. 0. 1.
 1. 1. 0. 1. 1. 1. 0. 1. 1. 0. 1. 1. 0. 1. 1. 1. 0. 0. 1. 1. 0. 0. 1. 1.
 1. 1. 1. 1. 1. 1. 0. 0. 0. 0. 1. 1. 0. 0. 0. 0. 1. 1. 0. 1. 1. 1. 0. 0.
 1. 1. 0. 0. 0. 0. 0. 0. 1. 1. 1. 0. 1. 0. 1. 1. 1. 1. 1. 1. 0. 1. 0. 0.
 1. 1. 0. 0. 1. 1. 0. 1. 0. 1. 1. 0. 1. 0. 0. 1. 0. 1. 0. 1. 0. 0. 1. 1.
 1. 0. 1. 0.]","[0. 1. 0. 0. 0. 1. 1. 1. 0. 0. 0. 0. 0. 1. 0. 0. 1. 1. 0. 0. 0. 0. 0. 1.
 0. 0. 1. 0. 1. 0. 0. 1. 0. 1. 1. 0. 0. 0. 1. 0. 0. 0. 1. 1. 1. 0. 1. 0.
 1. 0. 1. 1. 0. 1. 1. 1. 1. 0. 1. 0. 0. 1. 1. 1. 0. 0. 0. 1. 1. 0. 1. 1.
 0. 0. 1. 0. 0. 1. 0. 1. 0. 1. 1. 1. 0. 1. 0. 1. 1. 1. 1. 1. 1. 1. 1. 0.
 0. 0. 1. 1. 1. 0. 0. 1. 1. 1. 0. 0. 0. 1. 1. 1. 0. 0. 0. 0. 1. 1. 1. 0.
 1. 0. 0. 1. 1. 0. 0. 0. 0. 1. 0. 0. 1. 1. 0. 1. 1. 1. 0. 1. 1. 0. 1. 0.
 1. 1. 0. 0. 0. 1. 1. 0. 1. 1. 0. 1. 0. 0. 0. 1. 1. 1. 0. 1. 0. 1. 1. 0.
 1. 0. 0. 1. 1. 0. 0. 1. 0. 1. 1. 0. 0. 1. 0. 0. 1. 1. 0. 1. 1. 0. 0. 0.
 0. 1. 1. 0. 0. 1. 0. 0. 1. 0. 1. 1. 1. 0. 0. 0. 1. 1. 0. 0. 0. 0. 1. 0.
 0. 1. 0. 1. 1. 1. 1. 0. 0. 0. 0. 1. 1. 1. 1. 0. 1. 1. 1. 1. 0. 1. 0. 0.
 1. 0. 0. 1. 1. 1. 1. 1. 0. 0. 1. 1. 1. 0. 0. 1. 0. 1. 0. 0. 1. 0. 1. 0.
 1. 0. 0. 0.]"
176,randomforest,"{'criterion': 'gini', 'max_features': 'sqrt', 'n_estimators': 333}",0.5994136108099335,0.20762668056836003,0.1912884745443474,0.3879899287591649,0.5907315280299151,0.213124088435216,0.5708895479164056,0.14179104477611937,0.5708955223880597,0.5708955223880596,"{0: 0.5931721987079528, 1: 0.5931721987079527}","{0: 0.5931721987079528, 1: 0.5931721987079527}",0.5931721987079527,"[[76 58]
 [57 77]]","[1. 0. 0. 0. 0. 1. 0. 1. 1. 0. 0. 0. 1. 0. 0. 0. 1. 0. 0. 0. 0. 1. 0. 0.
 0. 0. 1. 1. 1. 1. 1. 0. 0. 0. 1. 1. 0. 0. 1. 0. 0. 0. 1. 0. 0. 0. 1. 0.
 0. 0. 1. 0. 1. 1. 1. 1. 1. 1. 0. 1. 0. 0. 1. 1. 0. 0. 1. 1. 1. 1. 0. 0.
 1. 1. 0. 1. 1. 0. 0. 0. 1. 1. 1. 0. 0. 1. 0. 1. 1. 1. 1. 1. 0. 1. 1. 1.
 0. 0. 1. 1. 0. 1. 1. 0. 0. 0. 0. 1. 0. 1. 0. 0. 0. 1. 1. 0. 1. 0. 0. 0.
 0. 1. 1. 1. 1. 1. 1. 1. 1. 0. 0. 1. 1. 0. 1. 1. 0. 1. 0. 1. 1. 0. 0. 0.
 0. 0. 0. 0. 1. 1. 1. 0. 1. 0. 0. 1. 1. 0. 1. 0. 1. 1. 0. 0. 1. 1. 0. 1.
 1. 1. 0. 1. 1. 1. 0. 1. 1. 0. 1. 0. 0. 0. 1. 1. 0. 0. 1. 1. 0. 0. 0. 1.
 0. 1. 1. 0. 1. 1. 0. 0. 0. 0. 1. 1. 0. 0. 0. 0. 1. 1. 0. 1. 1. 1. 0. 0.
 1. 1. 0. 1. 0. 0. 0. 0. 1. 1. 1. 0. 0. 0. 1. 1. 1. 1. 1. 1. 0. 1. 0. 0.
 1. 1. 0. 0. 1. 1. 1. 1. 0. 1. 1. 0. 1. 0. 0. 1. 0. 0. 0. 1. 0. 0. 1. 1.
 1. 0. 1. 0.]","[0. 1. 0. 0. 0. 1. 1. 1. 0. 0. 0. 0. 0. 1. 0. 0. 1. 1. 0. 0. 0. 0. 0. 1.
 0. 0. 1. 0. 1. 0. 0. 1. 0. 1. 1. 0. 0. 0. 1. 0. 0. 0. 1. 1. 1. 0. 1. 0.
 1. 0. 1. 1. 0. 1. 1. 1. 1. 0. 1. 0. 0. 1. 1. 1. 0. 0. 0. 1. 1. 0. 1. 1.
 0. 0. 1. 0. 0. 1. 0. 1. 0. 1. 1. 1. 0. 1. 0. 1. 1. 1. 1. 1. 1. 1. 1. 0.
 0. 0. 1. 1. 1. 0. 0. 1. 1. 1. 0. 0. 0. 1. 1. 1. 0. 0. 0. 0. 1. 1. 1. 0.
 1. 0. 0. 1. 1. 0. 0. 0. 0. 1. 0. 0. 1. 1. 0. 1. 1. 1. 0. 1. 1. 0. 1. 0.
 1. 1. 0. 0. 0. 1. 1. 0. 1. 1. 0. 1. 0. 0. 0. 1. 1. 1. 0. 1. 0. 1. 1. 0.
 1. 0. 0. 1. 1. 0. 0. 1. 0. 1. 1. 0. 0. 1. 0. 0. 1. 1. 0. 1. 1. 0. 0. 0.
 0. 1. 1. 0. 0. 1. 0. 0. 1. 0. 1. 1. 1. 0. 0. 0. 1. 1. 0. 0. 0. 0. 1. 0.
 0. 1. 0. 1. 1. 1. 1. 0. 0. 0. 0. 1. 1. 1. 1. 0. 1. 1. 1. 1. 0. 1. 0. 0.
 1. 0. 0. 1. 1. 1. 1. 1. 0. 0. 1. 1. 1. 0. 0. 1. 0. 1. 0. 0. 1. 0. 1. 0.
 1. 0. 0. 0.]"
716,randomforest,"{'criterion': 'gini', 'max_features': 'log2', 'n_estimators': 27}",0.5978533620621302,0.17174409591278658,0.1912186375311501,0.3380245411036038,0.5883904085012955,0.182550056447218,0.5817168338907468,0.16417910447761197,0.582089552238806,0.582089552238806,"{0: 0.592698819336155, 1: 0.5926988193361551}","{0: 0.592698819336155, 1: 0.5926988193361551}",0.5926988193361551,"[[74 60]
 [52 82]]","[1. 0. 0. 0. 0. 1. 0. 1. 1. 0. 0. 0. 1. 0. 0. 0. 0. 0. 0. 0. 1. 1. 0. 0.
 0. 0. 1. 1. 1. 1. 1. 0. 0. 1. 1. 0. 1. 0. 0. 1. 1. 0. 1. 0. 0. 1. 1. 1.
 0. 0. 1. 0. 0. 1. 1. 1. 1. 1. 0. 1. 0. 0. 1. 0. 0. 0. 1. 1. 1. 0. 0. 0.
 1. 1. 0. 0. 1. 0. 1. 0. 0. 1. 1. 0. 1. 1. 0. 1. 1. 0. 1. 1. 0. 1. 1. 1.
 0. 0. 1. 0. 1. 1. 1. 1. 0. 1. 0. 1. 0. 1. 0. 0. 0. 1. 1. 0. 1. 0. 0. 0.
 0. 1. 1. 1. 1. 1. 1. 1. 1. 0. 0. 0. 1. 0. 1. 0. 0. 1. 0. 1. 0. 0. 1. 0.
 1. 0. 0. 0. 1. 1. 0. 0. 1. 0. 0. 1. 1. 0. 1. 0. 1. 1. 0. 1. 1. 1. 0. 0.
 1. 1. 0. 1. 1. 1. 0. 1. 1. 0. 1. 0. 0. 1. 1. 1. 0. 1. 1. 1. 1. 0. 0. 1.
 1. 1. 0. 1. 0. 1. 0. 0. 0. 0. 1. 1. 0. 1. 0. 1. 1. 1. 0. 1. 1. 1. 1. 0.
 1. 1. 0. 1. 0. 0. 0. 0. 1. 1. 1. 0. 1. 1. 1. 1. 1. 1. 1. 1. 0. 1. 0. 0.
 1. 1. 0. 0. 1. 1. 1. 1. 0. 1. 1. 0. 1. 0. 0. 1. 0. 1. 0. 0. 0. 0. 1. 0.
 1. 0. 1. 0.]","[0. 1. 0. 0. 0. 1. 1. 1. 0. 0. 0. 0. 0. 1. 0. 0. 1. 1. 0. 0. 0. 0. 0. 1.
 0. 0. 1. 0. 1. 0. 0. 1. 0. 1. 1. 0. 0. 0. 1. 0. 0. 0. 1. 1. 1. 0. 1. 0.
 1. 0. 1. 1. 0. 1. 1. 1. 1. 0. 1. 0. 0. 1. 1. 1. 0. 0. 0. 1. 1. 0. 1. 1.
 0. 0. 1. 0. 0. 1. 0. 1. 0. 1. 1. 1. 0. 1. 0. 1. 1. 1. 1. 1. 1. 1. 1. 0.
 0. 0. 1. 1. 1. 0. 0. 1. 1. 1. 0. 0. 0. 1. 1. 1. 0. 0. 0. 0. 1. 1. 1. 0.
 1. 0. 0. 1. 1. 0. 0. 0. 0. 1. 0. 0. 1. 1. 0. 1. 1. 1. 0. 1. 1. 0. 1. 0.
 1. 1. 0. 0. 0. 1. 1. 0. 1. 1. 0. 1. 0. 0. 0. 1. 1. 1. 0. 1. 0. 1. 1. 0.
 1. 0. 0. 1. 1. 0. 0. 1. 0. 1. 1. 0. 0. 1. 0. 0. 1. 1. 0. 1. 1. 0. 0. 0.
 0. 1. 1. 0. 0. 1. 0. 0. 1. 0. 1. 1. 1. 0. 0. 0. 1. 1. 0. 0. 0. 0. 1. 0.
 0. 1. 0. 1. 1. 1. 1. 0. 0. 0. 0. 1. 1. 1. 1. 0. 1. 1. 1. 1. 0. 1. 0. 0.
 1. 0. 0. 1. 1. 1. 1. 1. 0. 0. 1. 1. 1. 0. 0. 1. 0. 1. 0. 0. 1. 0. 1. 0.
 1. 0. 0. 0.]"
295,randomforest,"{'criterion': 'gini', 'max_features': 'sqrt', 'n_estimators': 129}",0.590837850918496,0.19572325380898012,0.19120535432945837,0.3646674698422341,0.5844726771138061,0.2041599738851887,0.5671400724032303,0.13432835820895528,0.5671641791044776,0.5671641791044776,"{0: 0.5779962129650256, 1: 0.5779962129650256}","{0: 0.5779962129650256, 1: 0.5779962129650256}",0.5779962129650256,"[[75 59]
 [57 77]]","[1. 0. 0. 0. 0. 1. 0. 1. 1. 0. 0. 0. 1. 0. 0. 0. 1. 0. 0. 0. 0. 1. 0. 0.
 0. 0. 1. 1. 1. 1. 1. 0. 0. 0. 1. 0. 0. 0. 1. 0. 0. 0. 1. 0. 0. 0. 1. 1.
 0. 0. 1. 0. 1. 1. 1. 1. 1. 1. 0. 1. 1. 1. 1. 1. 0. 0. 1. 1. 1. 1. 0. 0.
 1. 1. 0. 1. 1. 0. 0. 0. 1. 1. 1. 0. 0. 1. 0. 1. 1. 1. 1. 0. 0. 1. 1. 1.
 0. 0. 1. 1. 0. 1. 0. 0. 0. 0. 0. 0. 0. 1. 0. 0. 0. 1. 1. 0. 1. 0. 0. 0.
 0. 1. 1. 1. 1. 1. 1. 1. 1. 0. 0. 1. 1. 0. 1. 1. 0. 1. 0. 1. 0. 0. 1. 0.
 0. 0. 0. 0. 1. 1. 1. 0. 1. 0. 0. 1. 1. 0. 1. 0. 1. 1. 0. 0. 1. 0. 0. 1.
 1. 1. 0. 1. 1. 0. 0. 1. 1. 0. 1. 0. 0. 0. 1. 1. 0. 0. 1. 1. 0. 0. 1. 1.
 1. 1. 1. 1. 0. 1. 0. 0. 0. 0. 1. 1. 0. 1. 0. 0. 1. 1. 0. 1. 1. 1. 0. 0.
 1. 1. 0. 1. 0. 0. 0. 0. 1. 1. 1. 0. 0. 0. 1. 1. 1. 1. 1. 1. 0. 1. 0. 0.
 1. 1. 0. 0. 1. 1. 1. 1. 0. 1. 1. 0. 1. 0. 0. 1. 0. 1. 0. 1. 0. 0. 1. 1.
 1. 0. 1. 0.]","[0. 1. 0. 0. 0. 1. 1. 1. 0. 0. 0. 0. 0. 1. 0. 0. 1. 1. 0. 0. 0. 0. 0. 1.
 0. 0. 1. 0. 1. 0. 0. 1. 0. 1. 1. 0. 0. 0. 1. 0. 0. 0. 1. 1. 1. 0. 1. 0.
 1. 0. 1. 1. 0. 1. 1. 1. 1. 0. 1. 0. 0. 1. 1. 1. 0. 0. 0. 1. 1. 0. 1. 1.
 0. 0. 1. 0. 0. 1. 0. 1. 0. 1. 1. 1. 0. 1. 0. 1. 1. 1. 1. 1. 1. 1. 1. 0.
 0. 0. 1. 1. 1. 0. 0. 1. 1. 1. 0. 0. 0. 1. 1. 1. 0. 0. 0. 0. 1. 1. 1. 0.
 1. 0. 0. 1. 1. 0. 0. 0. 0. 1. 0. 0. 1. 1. 0. 1. 1. 1. 0. 1. 1. 0. 1. 0.
 1. 1. 0. 0. 0. 1. 1. 0. 1. 1. 0. 1. 0. 0. 0. 1. 1. 1. 0. 1. 0. 1. 1. 0.
 1. 0. 0. 1. 1. 0. 0. 1. 0. 1. 1. 0. 0. 1. 0. 0. 1. 1. 0. 1. 1. 0. 0. 0.
 0. 1. 1. 0. 0. 1. 0. 0. 1. 0. 1. 1. 1. 0. 0. 0. 1. 1. 0. 0. 0. 0. 1. 0.
 0. 1. 0. 1. 1. 1. 1. 0. 0. 0. 0. 1. 1. 1. 1. 0. 1. 1. 1. 1. 0. 1. 0. 0.
 1. 0. 0. 1. 1. 1. 1. 1. 0. 0. 1. 1. 1. 0. 0. 1. 0. 1. 0. 0. 1. 0. 1. 0.
 1. 0. 0. 0.]"
21,randomforest,"{'criterion': 'entropy', 'max_features': 'sqrt', 'n_estimators': 35}",0.5946797042746007,0.18157807451274358,0.19105498444432226,0.3267674477244239,0.5897169661282565,0.1784518771285717,0.5594806931520588,0.11940298507462688,0.5597014925373134,0.5597014925373134,"{0: 0.5664401871240811, 1: 0.5664401871240812}","{0: 0.5664401871240811, 1: 0.5664401871240812}",0.5664401871240812,"[[72 62]
 [56 78]]","[1. 0. 0. 0. 0. 1. 0. 1. 1. 0. 0. 0. 1. 0. 0. 0. 1. 0. 0. 0. 0. 1. 0. 0.
 0. 0. 0. 1. 1. 1. 1. 0. 0. 0. 1. 0. 1. 0. 0. 0. 0. 0. 1. 0. 0. 0. 1. 1.
 0. 0. 1. 0. 1. 1. 1. 0. 1. 1. 0. 0. 0. 0. 1. 0. 0. 0. 1. 1. 1. 1. 0. 0.
 1. 1. 0. 1. 1. 0. 0. 1. 1. 1. 1. 0. 0. 1. 0. 0. 1. 1. 1. 1. 0. 1. 0. 1.
 0. 0. 1. 1. 1. 1. 1. 0. 0. 0. 0. 0. 0. 1. 0. 0. 1. 1. 1. 0. 1. 0. 0. 0.
 0. 1. 1. 1. 1. 1. 1. 1. 1. 0. 0. 1. 1. 0. 1. 1. 0. 1. 0. 1. 1. 0. 0. 0.
 1. 1. 0. 0. 1. 1. 1. 0. 1. 1. 0. 1. 0. 0. 1. 0. 1. 1. 1. 1. 1. 1. 0. 1.
 1. 1. 0. 0. 1. 0. 0. 1. 1. 1. 1. 0. 0. 0. 1. 1. 0. 0. 1. 0. 0. 0. 1. 1.
 1. 1. 1. 1. 1. 1. 0. 0. 0. 0. 1. 1. 0. 1. 0. 0. 1. 1. 0. 1. 1. 1. 1. 0.
 1. 1. 0. 0. 0. 1. 0. 0. 1. 1. 1. 0. 0. 1. 1. 1. 1. 1. 1. 1. 0. 1. 0. 0.
 1. 1. 1. 0. 1. 1. 0. 1. 0. 1. 1. 0. 1. 0. 0. 1. 0. 0. 0. 1. 1. 0. 1. 1.
 1. 0. 1. 0.]","[0. 1. 0. 0. 0. 1. 1. 1. 0. 0. 0. 0. 0. 1. 0. 0. 1. 1. 0. 0. 0. 0. 0. 1.
 0. 0. 1. 0. 1. 0. 0. 1. 0. 1. 1. 0. 0. 0. 1. 0. 0. 0. 1. 1. 1. 0. 1. 0.
 1. 0. 1. 1. 0. 1. 1. 1. 1. 0. 1. 0. 0. 1. 1. 1. 0. 0. 0. 1. 1. 0. 1. 1.
 0. 0. 1. 0. 0. 1. 0. 1. 0. 1. 1. 1. 0. 1. 0. 1. 1. 1. 1. 1. 1. 1. 1. 0.
 0. 0. 1. 1. 1. 0. 0. 1. 1. 1. 0. 0. 0. 1. 1. 1. 0. 0. 0. 0. 1. 1. 1. 0.
 1. 0. 0. 1. 1. 0. 0. 0. 0. 1. 0. 0. 1. 1. 0. 1. 1. 1. 0. 1. 1. 0. 1. 0.
 1. 1. 0. 0. 0. 1. 1. 0. 1. 1. 0. 1. 0. 0. 0. 1. 1. 1. 0. 1. 0. 1. 1. 0.
 1. 0. 0. 1. 1. 0. 0. 1. 0. 1. 1. 0. 0. 1. 0. 0. 1. 1. 0. 1. 1. 0. 0. 0.
 0. 1. 1. 0. 0. 1. 0. 0. 1. 0. 1. 1. 1. 0. 0. 0. 1. 1. 0. 0. 0. 0. 1. 0.
 0. 1. 0. 1. 1. 1. 1. 0. 0. 0. 0. 1. 1. 1. 1. 0. 1. 1. 1. 1. 0. 1. 0. 0.
 1. 0. 0. 1. 1. 1. 1. 1. 0. 0. 1. 1. 1. 0. 0. 1. 0. 1. 0. 0. 1. 0. 1. 0.
 1. 0. 0. 0.]"
672,randomforest,"{'criterion': 'gini', 'max_features': None, 'n_estimators': 357}",0.6012234984242901,0.1901205345842269,0.19080027380147443,0.3223842162812351,0.5994476961210832,0.18074067183725362,0.57821139570189,0.15671641791044777,0.5783582089552238,0.5783582089552238,"{0: 0.5902205390955669, 1: 0.5902205390955669}","{0: 0.5902205390955669, 1: 0.5902205390955669}",0.5902205390955669,"[[75 59]
 [54 80]]","[1. 0. 0. 0. 0. 1. 0. 1. 1. 0. 0. 0. 1. 0. 0. 0. 0. 0. 0. 0. 0. 1. 0. 0.
 0. 0. 1. 1. 1. 1. 1. 0. 0. 0. 1. 1. 0. 0. 1. 0. 0. 0. 1. 1. 0. 0. 1. 0.
 0. 0. 1. 0. 0. 1. 1. 1. 1. 1. 0. 1. 1. 0. 1. 0. 0. 0. 1. 1. 1. 1. 0. 0.
 0. 1. 0. 1. 1. 0. 0. 0. 1. 1. 1. 0. 0. 1. 1. 1. 1. 1. 1. 1. 0. 1. 1. 1.
 0. 0. 1. 1. 0. 1. 1. 0. 1. 0. 0. 1. 0. 1. 0. 0. 0. 1. 1. 0. 1. 0. 0. 0.
 0. 1. 1. 1. 1. 1. 1. 1. 1. 0. 0. 1. 1. 0. 1. 1. 0. 1. 0. 1. 1. 0. 1. 0.
 0. 0. 0. 0. 1. 1. 1. 0. 1. 1. 0. 1. 1. 0. 1. 0. 1. 1. 0. 0. 1. 1. 0. 1.
 1. 1. 0. 1. 1. 0. 0. 1. 1. 0. 1. 0. 0. 1. 1. 1. 0. 0. 1. 1. 1. 0. 1. 1.
 0. 1. 0. 1. 0. 1. 0. 0. 0. 0. 1. 1. 0. 1. 0. 0. 1. 1. 0. 1. 1. 1. 0. 0.
 1. 1. 0. 1. 0. 0. 0. 0. 1. 1. 1. 0. 0. 0. 1. 1. 1. 1. 1. 1. 0. 1. 0. 0.
 1. 1. 0. 0. 1. 1. 0. 1. 0. 1. 1. 0. 1. 0. 0. 1. 0. 1. 0. 1. 0. 0. 1. 1.
 1. 0. 1. 0.]","[0. 1. 0. 0. 0. 1. 1. 1. 0. 0. 0. 0. 0. 1. 0. 0. 1. 1. 0. 0. 0. 0. 0. 1.
 0. 0. 1. 0. 1. 0. 0. 1. 0. 1. 1. 0. 0. 0. 1. 0. 0. 0. 1. 1. 1. 0. 1. 0.
 1. 0. 1. 1. 0. 1. 1. 1. 1. 0. 1. 0. 0. 1. 1. 1. 0. 0. 0. 1. 1. 0. 1. 1.
 0. 0. 1. 0. 0. 1. 0. 1. 0. 1. 1. 1. 0. 1. 0. 1. 1. 1. 1. 1. 1. 1. 1. 0.
 0. 0. 1. 1. 1. 0. 0. 1. 1. 1. 0. 0. 0. 1. 1. 1. 0. 0. 0. 0. 1. 1. 1. 0.
 1. 0. 0. 1. 1. 0. 0. 0. 0. 1. 0. 0. 1. 1. 0. 1. 1. 1. 0. 1. 1. 0. 1. 0.
 1. 1. 0. 0. 0. 1. 1. 0. 1. 1. 0. 1. 0. 0. 0. 1. 1. 1. 0. 1. 0. 1. 1. 0.
 1. 0. 0. 1. 1. 0. 0. 1. 0. 1. 1. 0. 0. 1. 0. 0. 1. 1. 0. 1. 1. 0. 0. 0.
 0. 1. 1. 0. 0. 1. 0. 0. 1. 0. 1. 1. 1. 0. 0. 0. 1. 1. 0. 0. 0. 0. 1. 0.
 0. 1. 0. 1. 1. 1. 1. 0. 0. 0. 0. 1. 1. 1. 1. 0. 1. 1. 1. 1. 0. 1. 0. 0.
 1. 0. 0. 1. 1. 1. 1. 1. 0. 0. 1. 1. 1. 0. 0. 1. 0. 1. 0. 0. 1. 0. 1. 0.
 1. 0. 0. 0.]"
778,randomforest,"{'criterion': 'gini', 'max_features': 'sqrt', 'n_estimators': 269}",0.5975959037348735,0.20593322144461113,0.19079025949980422,0.38079883023497163,0.5910694424303294,0.2097576100295226,0.57821139570189,0.15671641791044777,0.5783582089552238,0.5783582089552238,"{0: 0.5904433058587658, 1: 0.5904433058587658}","{0: 0.5904433058587658, 1: 0.5904433058587658}",0.5904433058587658,"[[75 59]
 [54 80]]","[1. 0. 0. 0. 0. 1. 0. 1. 1. 0. 0. 0. 1. 0. 0. 0. 1. 0. 0. 0. 0. 1. 0. 0.
 0. 0. 1. 1. 1. 1. 1. 0. 0. 0. 1. 1. 1. 0. 1. 0. 1. 0. 1. 1. 0. 0. 1. 0.
 0. 0. 1. 0. 0. 1. 1. 1. 1. 1. 0. 1. 0. 0. 1. 0. 0. 0. 1. 1. 1. 1. 0. 0.
 0. 1. 0. 1. 1. 0. 0. 0. 1. 1. 1. 0. 0. 1. 0. 1. 1. 1. 1. 1. 0. 1. 1. 1.
 0. 0. 1. 1. 0. 1. 0. 0. 0. 0. 0. 1. 0. 1. 0. 0. 0. 1. 1. 0. 1. 0. 0. 0.
 0. 1. 1. 1. 1. 1. 1. 1. 1. 0. 0. 1. 1. 0. 1. 1. 0. 1. 0. 1. 1. 0. 1. 0.
 0. 0. 0. 0. 1. 1. 1. 0. 1. 1. 0. 1. 1. 0. 1. 0. 1. 1. 0. 0. 1. 1. 0. 1.
 1. 1. 0. 1. 1. 1. 0. 1. 1. 0. 1. 0. 0. 0. 1. 1. 0. 0. 1. 1. 0. 0. 1. 1.
 1. 1. 1. 0. 1. 1. 0. 0. 0. 0. 1. 1. 0. 0. 0. 0. 1. 1. 0. 1. 1. 1. 0. 0.
 1. 1. 0. 1. 0. 0. 0. 0. 1. 1. 1. 0. 0. 0. 1. 1. 1. 1. 1. 1. 0. 1. 0. 0.
 1. 1. 0. 0. 1. 1. 1. 1. 0. 1. 1. 0. 1. 0. 0. 1. 0. 1. 0. 1. 0. 0. 1. 1.
 1. 0. 1. 0.]","[0. 1. 0. 0. 0. 1. 1. 1. 0. 0. 0. 0. 0. 1. 0. 0. 1. 1. 0. 0. 0. 0. 0. 1.
 0. 0. 1. 0. 1. 0. 0. 1. 0. 1. 1. 0. 0. 0. 1. 0. 0. 0. 1. 1. 1. 0. 1. 0.
 1. 0. 1. 1. 0. 1. 1. 1. 1. 0. 1. 0. 0. 1. 1. 1. 0. 0. 0. 1. 1. 0. 1. 1.
 0. 0. 1. 0. 0. 1. 0. 1. 0. 1. 1. 1. 0. 1. 0. 1. 1. 1. 1. 1. 1. 1. 1. 0.
 0. 0. 1. 1. 1. 0. 0. 1. 1. 1. 0. 0. 0. 1. 1. 1. 0. 0. 0. 0. 1. 1. 1. 0.
 1. 0. 0. 1. 1. 0. 0. 0. 0. 1. 0. 0. 1. 1. 0. 1. 1. 1. 0. 1. 1. 0. 1. 0.
 1. 1. 0. 0. 0. 1. 1. 0. 1. 1. 0. 1. 0. 0. 0. 1. 1. 1. 0. 1. 0. 1. 1. 0.
 1. 0. 0. 1. 1. 0. 0. 1. 0. 1. 1. 0. 0. 1. 0. 0. 1. 1. 0. 1. 1. 0. 0. 0.
 0. 1. 1. 0. 0. 1. 0. 0. 1. 0. 1. 1. 1. 0. 0. 0. 1. 1. 0. 0. 0. 0. 1. 0.
 0. 1. 0. 1. 1. 1. 1. 0. 0. 0. 0. 1. 1. 1. 1. 0. 1. 1. 1. 1. 0. 1. 0. 0.
 1. 0. 0. 1. 1. 1. 1. 1. 0. 0. 1. 1. 1. 0. 0. 1. 0. 1. 0. 0. 1. 0. 1. 0.
 1. 0. 0. 0.]"
945,randomforest,"{'criterion': 'entropy', 'max_features': 'sqrt', 'n_estimators': 135}",0.5965239703755362,0.17632780642814405,0.1907723912819742,0.3403928811037909,0.5870568462302334,0.18609874646817104,0.57821139570189,0.15671641791044777,0.5783582089552238,0.5783582089552238,"{0: 0.5940354199153486, 1: 0.5940354199153487}","{0: 0.5940354199153486, 1: 0.5940354199153487}",0.5940354199153487,"[[75 59]
 [54 80]]","[1. 0. 0. 0. 0. 1. 0. 1. 1. 0. 0. 0. 1. 0. 0. 0. 1. 0. 0. 1. 0. 1. 0. 0.
 0. 0. 1. 1. 1. 1. 1. 0. 0. 0. 1. 0. 0. 0. 1. 0. 1. 0. 1. 0. 0. 0. 1. 0.
 0. 0. 1. 0. 0. 1. 1. 1. 1. 1. 0. 1. 0. 0. 1. 0. 0. 0. 1. 1. 1. 1. 0. 0.
 0. 1. 0. 1. 1. 0. 1. 0. 0. 1. 1. 0. 0. 1. 0. 1. 1. 1. 1. 1. 0. 1. 1. 1.
 1. 0. 1. 1. 1. 1. 1. 0. 0. 0. 0. 0. 0. 1. 0. 0. 0. 1. 1. 0. 1. 0. 0. 0.
 0. 1. 0. 1. 1. 1. 1. 1. 1. 0. 0. 1. 1. 0. 1. 1. 0. 1. 0. 1. 1. 0. 1. 0.
 0. 0. 0. 0. 0. 1. 1. 0. 1. 1. 0. 1. 1. 0. 1. 0. 1. 1. 0. 0. 1. 1. 0. 1.
 1. 1. 0. 1. 1. 1. 0. 1. 1. 0. 1. 1. 0. 1. 1. 1. 0. 0. 1. 1. 0. 0. 1. 1.
 0. 1. 1. 0. 1. 1. 0. 0. 0. 0. 1. 1. 0. 1. 0. 0. 1. 1. 0. 1. 1. 1. 0. 0.
 1. 1. 1. 0. 0. 0. 0. 0. 1. 1. 1. 0. 1. 0. 1. 1. 1. 1. 1. 1. 0. 1. 0. 0.
 1. 1. 0. 0. 1. 1. 0. 1. 0. 1. 1. 0. 1. 0. 0. 1. 0. 1. 0. 1. 0. 0. 1. 1.
 1. 0. 1. 0.]","[0. 1. 0. 0. 0. 1. 1. 1. 0. 0. 0. 0. 0. 1. 0. 0. 1. 1. 0. 0. 0. 0. 0. 1.
 0. 0. 1. 0. 1. 0. 0. 1. 0. 1. 1. 0. 0. 0. 1. 0. 0. 0. 1. 1. 1. 0. 1. 0.
 1. 0. 1. 1. 0. 1. 1. 1. 1. 0. 1. 0. 0. 1. 1. 1. 0. 0. 0. 1. 1. 0. 1. 1.
 0. 0. 1. 0. 0. 1. 0. 1. 0. 1. 1. 1. 0. 1. 0. 1. 1. 1. 1. 1. 1. 1. 1. 0.
 0. 0. 1. 1. 1. 0. 0. 1. 1. 1. 0. 0. 0. 1. 1. 1. 0. 0. 0. 0. 1. 1. 1. 0.
 1. 0. 0. 1. 1. 0. 0. 0. 0. 1. 0. 0. 1. 1. 0. 1. 1. 1. 0. 1. 1. 0. 1. 0.
 1. 1. 0. 0. 0. 1. 1. 0. 1. 1. 0. 1. 0. 0. 0. 1. 1. 1. 0. 1. 0. 1. 1. 0.
 1. 0. 0. 1. 1. 0. 0. 1. 0. 1. 1. 0. 0. 1. 0. 0. 1. 1. 0. 1. 1. 0. 0. 0.
 0. 1. 1. 0. 0. 1. 0. 0. 1. 0. 1. 1. 1. 0. 0. 0. 1. 1. 0. 0. 0. 0. 1. 0.
 0. 1. 0. 1. 1. 1. 1. 0. 0. 0. 0. 1. 1. 1. 1. 0. 1. 1. 1. 1. 0. 1. 0. 0.
 1. 0. 0. 1. 1. 1. 1. 1. 0. 0. 1. 1. 1. 0. 0. 1. 0. 1. 0. 0. 1. 0. 1. 0.
 1. 0. 0. 0.]"
885,randomforest,"{'criterion': 'gini', 'max_features': 'sqrt', 'n_estimators': 443}",0.5870259106781349,0.1939799213948233,0.19064466137128697,0.34585740397504144,0.5808737334947013,0.19741119383400177,0.5670677361853831,0.13432835820895528,0.5671641791044776,0.5671641791044777,"{0: 0.5843172198707953, 1: 0.5843172198707953}","{0: 0.5843172198707953, 1: 0.5843172198707953}",0.5843172198707953,"[[74 60]
 [56 78]]","[1. 0. 0. 0. 0. 1. 0. 1. 1. 0. 0. 0. 1. 0. 0. 0. 1. 0. 0. 0. 0. 1. 0. 0.
 0. 0. 1. 1. 1. 1. 1. 0. 0. 0. 1. 0. 0. 0. 1. 0. 0. 1. 1. 0. 0. 0. 1. 1.
 0. 0. 1. 0. 0. 1. 1. 1. 1. 1. 0. 1. 0. 0. 1. 0. 0. 0. 1. 1. 1. 1. 0. 0.
 1. 1. 0. 1. 1. 0. 0. 0. 0. 1. 1. 0. 0. 1. 1. 1. 1. 1. 1. 1. 0. 1. 1. 1.
 0. 0. 1. 1. 0. 1. 0. 0. 0. 0. 0. 1. 0. 1. 0. 0. 0. 1. 1. 0. 1. 0. 0. 0.
 0. 1. 1. 1. 1. 1. 1. 1. 1. 0. 0. 1. 1. 0. 1. 1. 0. 1. 0. 1. 0. 0. 0. 0.
 0. 0. 0. 0. 1. 1. 1. 0. 1. 1. 0. 1. 1. 0. 1. 0. 1. 1. 0. 0. 1. 1. 0. 1.
 1. 1. 0. 1. 1. 1. 0. 1. 1. 0. 1. 1. 0. 0. 1. 1. 0. 0. 1. 1. 0. 0. 1. 1.
 1. 1. 1. 1. 0. 1. 0. 0. 0. 0. 1. 1. 0. 0. 0. 0. 1. 1. 0. 1. 1. 1. 0. 0.
 1. 1. 0. 1. 0. 0. 0. 0. 1. 1. 1. 0. 1. 0. 1. 1. 1. 1. 1. 1. 0. 1. 0. 0.
 1. 1. 0. 0. 1. 1. 1. 1. 0. 1. 1. 0. 1. 0. 0. 1. 0. 1. 0. 1. 0. 0. 1. 1.
 1. 0. 1. 0.]","[0. 1. 0. 0. 0. 1. 1. 1. 0. 0. 0. 0. 0. 1. 0. 0. 1. 1. 0. 0. 0. 0. 0. 1.
 0. 0. 1. 0. 1. 0. 0. 1. 0. 1. 1. 0. 0. 0. 1. 0. 0. 0. 1. 1. 1. 0. 1. 0.
 1. 0. 1. 1. 0. 1. 1. 1. 1. 0. 1. 0. 0. 1. 1. 1. 0. 0. 0. 1. 1. 0. 1. 1.
 0. 0. 1. 0. 0. 1. 0. 1. 0. 1. 1. 1. 0. 1. 0. 1. 1. 1. 1. 1. 1. 1. 1. 0.
 0. 0. 1. 1. 1. 0. 0. 1. 1. 1. 0. 0. 0. 1. 1. 1. 0. 0. 0. 0. 1. 1. 1. 0.
 1. 0. 0. 1. 1. 0. 0. 0. 0. 1. 0. 0. 1. 1. 0. 1. 1. 1. 0. 1. 1. 0. 1. 0.
 1. 1. 0. 0. 0. 1. 1. 0. 1. 1. 0. 1. 0. 0. 0. 1. 1. 1. 0. 1. 0. 1. 1. 0.
 1. 0. 0. 1. 1. 0. 0. 1. 0. 1. 1. 0. 0. 1. 0. 0. 1. 1. 0. 1. 1. 0. 0. 0.
 0. 1. 1. 0. 0. 1. 0. 0. 1. 0. 1. 1. 1. 0. 0. 0. 1. 1. 0. 0. 0. 0. 1. 0.
 0. 1. 0. 1. 1. 1. 1. 0. 0. 0. 0. 1. 1. 1. 1. 0. 1. 1. 1. 1. 0. 1. 0. 0.
 1. 0. 0. 1. 1. 1. 1. 1. 0. 0. 1. 1. 1. 0. 0. 1. 0. 1. 0. 0. 1. 0. 1. 0.
 1. 0. 0. 0.]"
428,randomforest,"{'criterion': 'gini', 'max_features': 'log2', 'n_estimators': 213}",0.5913902297355543,0.1935049612821609,0.190633678982832,0.357862638479614,0.5832175702135379,0.19883297205164505,0.5742474916387961,0.14925373134328357,0.5746268656716418,0.5746268656716418,"{0: 0.5869347293383828, 1: 0.5869347293383828}","{0: 0.5869347293383828, 1: 0.5869347293383828}",0.5869347293383828,"[[73 61]
 [53 81]]","[1. 0. 0. 0. 0. 1. 0. 1. 1. 0. 0. 0. 1. 0. 0. 0. 1. 0. 0. 0. 0. 1. 0. 0.
 1. 0. 1. 1. 1. 1. 1. 0. 0. 1. 1. 0. 0. 0. 1. 0. 1. 0. 1. 0. 0. 0. 1. 1.
 0. 0. 1. 0. 1. 1. 1. 0. 1. 1. 0. 1. 0. 0. 1. 0. 0. 0. 1. 1. 1. 1. 0. 0.
 1. 1. 0. 1. 1. 0. 0. 0. 1. 1. 1. 1. 0. 1. 0. 1. 1. 1. 1. 1. 0. 1. 1. 1.
 0. 0. 1. 1. 0. 1. 1. 1. 0. 0. 0. 1. 0. 1. 0. 0. 1. 1. 1. 0. 1. 0. 0. 0.
 0. 1. 1. 1. 1. 1. 1. 1. 1. 0. 0. 1. 1. 0. 1. 1. 0. 1. 0. 1. 1. 0. 1. 0.
 1. 0. 0. 0. 1. 1. 1. 0. 1. 1. 0. 1. 1. 0. 1. 0. 1. 1. 0. 0. 1. 1. 0. 1.
 1. 1. 0. 1. 1. 1. 0. 1. 1. 0. 1. 0. 0. 0. 1. 1. 0. 0. 1. 1. 0. 0. 1. 1.
 0. 1. 1. 0. 0. 1. 0. 0. 0. 0. 1. 1. 0. 0. 0. 0. 1. 1. 0. 1. 1. 1. 0. 0.
 1. 1. 0. 1. 0. 0. 0. 0. 1. 1. 1. 0. 0. 0. 1. 1. 1. 1. 1. 1. 0. 1. 0. 0.
 1. 1. 0. 0. 1. 1. 0. 1. 0. 1. 1. 0. 1. 0. 0. 1. 0. 1. 0. 1. 0. 0. 1. 1.
 1. 0. 1. 0.]","[0. 1. 0. 0. 0. 1. 1. 1. 0. 0. 0. 0. 0. 1. 0. 0. 1. 1. 0. 0. 0. 0. 0. 1.
 0. 0. 1. 0. 1. 0. 0. 1. 0. 1. 1. 0. 0. 0. 1. 0. 0. 0. 1. 1. 1. 0. 1. 0.
 1. 0. 1. 1. 0. 1. 1. 1. 1. 0. 1. 0. 0. 1. 1. 1. 0. 0. 0. 1. 1. 0. 1. 1.
 0. 0. 1. 0. 0. 1. 0. 1. 0. 1. 1. 1. 0. 1. 0. 1. 1. 1. 1. 1. 1. 1. 1. 0.
 0. 0. 1. 1. 1. 0. 0. 1. 1. 1. 0. 0. 0. 1. 1. 1. 0. 0. 0. 0. 1. 1. 1. 0.
 1. 0. 0. 1. 1. 0. 0. 0. 0. 1. 0. 0. 1. 1. 0. 1. 1. 1. 0. 1. 1. 0. 1. 0.
 1. 1. 0. 0. 0. 1. 1. 0. 1. 1. 0. 1. 0. 0. 0. 1. 1. 1. 0. 1. 0. 1. 1. 0.
 1. 0. 0. 1. 1. 0. 0. 1. 0. 1. 1. 0. 0. 1. 0. 0. 1. 1. 0. 1. 1. 0. 0. 0.
 0. 1. 1. 0. 0. 1. 0. 0. 1. 0. 1. 1. 1. 0. 0. 0. 1. 1. 0. 0. 0. 0. 1. 0.
 0. 1. 0. 1. 1. 1. 1. 0. 0. 0. 0. 1. 1. 1. 1. 0. 1. 1. 1. 1. 0. 1. 0. 0.
 1. 0. 0. 1. 1. 1. 1. 1. 0. 0. 1. 1. 1. 0. 0. 1. 0. 1. 0. 0. 1. 0. 1. 0.
 1. 0. 0. 0.]"
478,randomforest,"{'criterion': 'gini', 'max_features': 'sqrt', 'n_estimators': 375}",0.5951560444332687,0.2078876361316272,0.19042538291941336,0.3847822475427793,0.5882259877219554,0.2112080514612589,0.5706025774991291,0.14179104477611937,0.5708955223880597,0.5708955223880596,"{0: 0.5824237023836044, 1: 0.5824237023836044}","{0: 0.5824237023836044, 1: 0.5824237023836044}",0.5824237023836044,"[[73 61]
 [54 80]]","[1. 0. 0. 0. 0. 1. 0. 1. 1. 0. 0. 0. 1. 0. 0. 0. 1. 0. 0. 0. 0. 1. 0. 0.
 0. 0. 1. 1. 1. 1. 1. 0. 0. 0. 1. 0. 1. 0. 1. 0. 0. 0. 1. 1. 0. 0. 1. 0.
 0. 0. 1. 0. 1. 1. 1. 1. 1. 1. 0. 1. 0. 0. 1. 0. 0. 0. 1. 1. 1. 1. 0. 0.
 0. 1. 0. 1. 1. 0. 1. 0. 1. 1. 1. 0. 0. 1. 0. 1. 1. 1. 1. 1. 0. 1. 1. 1.
 0. 0. 1. 1. 0. 1. 1. 0. 0. 0. 0. 1. 0. 1. 0. 0. 0. 1. 1. 0. 1. 0. 0. 0.
 0. 1. 1. 1. 1. 1. 1. 1. 1. 0. 0. 1. 1. 0. 1. 1. 0. 1. 0. 1. 1. 0. 1. 0.
 0. 0. 0. 0. 1. 1. 1. 0. 1. 1. 0. 1. 1. 0. 1. 0. 1. 1. 0. 0. 1. 1. 0. 1.
 1. 1. 0. 1. 1. 1. 0. 1. 1. 0. 1. 0. 0. 0. 1. 1. 0. 0. 1. 1. 0. 0. 1. 1.
 1. 1. 1. 0. 1. 1. 0. 1. 0. 0. 1. 1. 0. 0. 0. 0. 1. 1. 0. 1. 1. 1. 0. 0.
 1. 1. 0. 1. 0. 0. 0. 0. 1. 1. 1. 0. 0. 0. 1. 1. 1. 1. 1. 1. 0. 1. 0. 0.
 1. 1. 0. 0. 1. 1. 1. 1. 0. 1. 1. 0. 1. 0. 0. 1. 0. 1. 0. 1. 0. 0. 1. 1.
 1. 0. 1. 0.]","[0. 1. 0. 0. 0. 1. 1. 1. 0. 0. 0. 0. 0. 1. 0. 0. 1. 1. 0. 0. 0. 0. 0. 1.
 0. 0. 1. 0. 1. 0. 0. 1. 0. 1. 1. 0. 0. 0. 1. 0. 0. 0. 1. 1. 1. 0. 1. 0.
 1. 0. 1. 1. 0. 1. 1. 1. 1. 0. 1. 0. 0. 1. 1. 1. 0. 0. 0. 1. 1. 0. 1. 1.
 0. 0. 1. 0. 0. 1. 0. 1. 0. 1. 1. 1. 0. 1. 0. 1. 1. 1. 1. 1. 1. 1. 1. 0.
 0. 0. 1. 1. 1. 0. 0. 1. 1. 1. 0. 0. 0. 1. 1. 1. 0. 0. 0. 0. 1. 1. 1. 0.
 1. 0. 0. 1. 1. 0. 0. 0. 0. 1. 0. 0. 1. 1. 0. 1. 1. 1. 0. 1. 1. 0. 1. 0.
 1. 1. 0. 0. 0. 1. 1. 0. 1. 1. 0. 1. 0. 0. 0. 1. 1. 1. 0. 1. 0. 1. 1. 0.
 1. 0. 0. 1. 1. 0. 0. 1. 0. 1. 1. 0. 0. 1. 0. 0. 1. 1. 0. 1. 1. 0. 0. 0.
 0. 1. 1. 0. 0. 1. 0. 0. 1. 0. 1. 1. 1. 0. 0. 0. 1. 1. 0. 0. 0. 0. 1. 0.
 0. 1. 0. 1. 1. 1. 1. 0. 0. 0. 0. 1. 1. 1. 1. 0. 1. 1. 1. 1. 0. 1. 0. 0.
 1. 0. 0. 1. 1. 1. 1. 1. 0. 0. 1. 1. 1. 0. 0. 1. 0. 1. 0. 0. 1. 0. 1. 0.
 1. 0. 0. 0.]"
891,randomforest,"{'criterion': 'gini', 'max_features': 'sqrt', 'n_estimators': 191}",0.5945852318364899,0.2030024899137236,0.18997657674881643,0.3840159207452432,0.5865465329175007,0.2099031934367157,0.5707461106700651,0.14179104477611937,0.5708955223880597,0.5708955223880597,"{0: 0.5977110715081311, 1: 0.5977110715081311}","{0: 0.5977110715081311, 1: 0.5977110715081311}",0.5977110715081311,"[[74 60]
 [55 79]]","[1. 0. 0. 0. 0. 1. 0. 1. 1. 0. 0. 0. 1. 0. 0. 0. 1. 0. 0. 0. 0. 1. 0. 0.
 0. 0. 1. 1. 1. 1. 1. 0. 0. 0. 1. 0. 0. 0. 1. 0. 0. 0. 1. 1. 0. 0. 1. 0.
 0. 0. 1. 0. 1. 1. 1. 1. 1. 1. 0. 1. 0. 1. 1. 1. 0. 0. 1. 1. 1. 1. 0. 0.
 1. 1. 0. 1. 1. 0. 0. 0. 1. 1. 1. 0. 0. 1. 0. 0. 1. 1. 1. 1. 0. 1. 1. 1.
 0. 0. 0. 1. 0. 1. 0. 0. 0. 0. 0. 1. 0. 1. 0. 0. 0. 1. 1. 0. 1. 0. 0. 0.
 0. 1. 1. 1. 1. 1. 1. 1. 1. 0. 0. 1. 1. 0. 1. 1. 0. 1. 0. 1. 0. 0. 1. 0.
 0. 0. 0. 0. 0. 1. 1. 0. 1. 0. 0. 1. 1. 0. 1. 0. 1. 1. 0. 0. 1. 1. 0. 1.
 1. 1. 0. 1. 1. 1. 0. 1. 1. 0. 1. 1. 0. 1. 1. 1. 0. 0. 1. 1. 0. 0. 1. 1.
 1. 1. 1. 1. 1. 1. 0. 1. 0. 0. 1. 1. 0. 0. 0. 0. 1. 1. 0. 1. 1. 1. 0. 0.
 1. 1. 0. 1. 0. 0. 0. 0. 1. 1. 1. 0. 0. 0. 1. 1. 1. 1. 1. 1. 0. 1. 0. 0.
 1. 1. 0. 0. 1. 1. 1. 1. 0. 1. 1. 0. 1. 0. 0. 1. 0. 1. 0. 1. 0. 0. 1. 1.
 1. 0. 1. 0.]","[0. 1. 0. 0. 0. 1. 1. 1. 0. 0. 0. 0. 0. 1. 0. 0. 1. 1. 0. 0. 0. 0. 0. 1.
 0. 0. 1. 0. 1. 0. 0. 1. 0. 1. 1. 0. 0. 0. 1. 0. 0. 0. 1. 1. 1. 0. 1. 0.
 1. 0. 1. 1. 0. 1. 1. 1. 1. 0. 1. 0. 0. 1. 1. 1. 0. 0. 0. 1. 1. 0. 1. 1.
 0. 0. 1. 0. 0. 1. 0. 1. 0. 1. 1. 1. 0. 1. 0. 1. 1. 1. 1. 1. 1. 1. 1. 0.
 0. 0. 1. 1. 1. 0. 0. 1. 1. 1. 0. 0. 0. 1. 1. 1. 0. 0. 0. 0. 1. 1. 1. 0.
 1. 0. 0. 1. 1. 0. 0. 0. 0. 1. 0. 0. 1. 1. 0. 1. 1. 1. 0. 1. 1. 0. 1. 0.
 1. 1. 0. 0. 0. 1. 1. 0. 1. 1. 0. 1. 0. 0. 0. 1. 1. 1. 0. 1. 0. 1. 1. 0.
 1. 0. 0. 1. 1. 0. 0. 1. 0. 1. 1. 0. 0. 1. 0. 0. 1. 1. 0. 1. 1. 0. 0. 0.
 0. 1. 1. 0. 0. 1. 0. 0. 1. 0. 1. 1. 1. 0. 0. 0. 1. 1. 0. 0. 0. 0. 1. 0.
 0. 1. 0. 1. 1. 1. 1. 0. 0. 0. 0. 1. 1. 1. 1. 0. 1. 1. 1. 1. 0. 1. 0. 0.
 1. 0. 0. 1. 1. 1. 1. 1. 0. 0. 1. 1. 1. 0. 0. 1. 0. 1. 0. 0. 1. 0. 1. 0.
 1. 0. 0. 0.]"
634,randomforest,"{'criterion': 'gini', 'max_features': 'log2', 'n_estimators': 247}",0.5978953054445886,0.19611476996943214,0.18996972315869853,0.3601543607281544,0.5913194220653898,0.20396810586178524,0.5742474916387961,0.14925373134328357,0.5746268656716418,0.5746268656716418,"{0: 0.5893851637335712, 1: 0.589385163733571}","{0: 0.5893851637335712, 1: 0.589385163733571}",0.589385163733571,"[[73 61]
 [53 81]]","[1. 0. 0. 0. 0. 1. 0. 1. 1. 0. 0. 0. 1. 0. 0. 0. 1. 0. 0. 0. 0. 1. 0. 0.
 0. 0. 1. 1. 1. 1. 1. 0. 0. 0. 1. 0. 0. 0. 1. 0. 0. 0. 1. 1. 0. 0. 1. 0.
 0. 0. 1. 0. 1. 1. 1. 1. 1. 1. 0. 1. 1. 0. 1. 0. 0. 0. 1. 1. 1. 1. 0. 0.
 1. 1. 0. 1. 1. 0. 0. 0. 1. 1. 1. 0. 0. 1. 1. 1. 1. 1. 1. 1. 0. 1. 1. 1.
 0. 0. 1. 1. 0. 1. 1. 0. 0. 0. 0. 1. 0. 1. 0. 0. 0. 1. 1. 0. 1. 0. 0. 0.
 0. 1. 1. 1. 1. 1. 1. 1. 1. 0. 0. 1. 1. 0. 1. 1. 0. 1. 0. 1. 1. 0. 1. 0.
 0. 0. 0. 0. 0. 1. 1. 0. 1. 0. 0. 1. 1. 0. 1. 0. 1. 1. 0. 0. 1. 1. 0. 1.
 1. 1. 0. 1. 1. 1. 0. 1. 1. 0. 1. 0. 0. 0. 1. 1. 0. 0. 1. 1. 0. 0. 1. 1.
 1. 1. 1. 0. 1. 1. 0. 1. 0. 0. 1. 1. 0. 0. 0. 0. 1. 1. 0. 1. 1. 1. 1. 0.
 1. 1. 0. 1. 0. 0. 0. 0. 1. 1. 1. 0. 1. 0. 1. 1. 1. 1. 1. 1. 0. 1. 0. 0.
 1. 1. 0. 0. 1. 1. 1. 1. 0. 1. 1. 0. 1. 0. 0. 1. 0. 1. 0. 1. 0. 0. 1. 1.
 1. 0. 1. 0.]","[0. 1. 0. 0. 0. 1. 1. 1. 0. 0. 0. 0. 0. 1. 0. 0. 1. 1. 0. 0. 0. 0. 0. 1.
 0. 0. 1. 0. 1. 0. 0. 1. 0. 1. 1. 0. 0. 0. 1. 0. 0. 0. 1. 1. 1. 0. 1. 0.
 1. 0. 1. 1. 0. 1. 1. 1. 1. 0. 1. 0. 0. 1. 1. 1. 0. 0. 0. 1. 1. 0. 1. 1.
 0. 0. 1. 0. 0. 1. 0. 1. 0. 1. 1. 1. 0. 1. 0. 1. 1. 1. 1. 1. 1. 1. 1. 0.
 0. 0. 1. 1. 1. 0. 0. 1. 1. 1. 0. 0. 0. 1. 1. 1. 0. 0. 0. 0. 1. 1. 1. 0.
 1. 0. 0. 1. 1. 0. 0. 0. 0. 1. 0. 0. 1. 1. 0. 1. 1. 1. 0. 1. 1. 0. 1. 0.
 1. 1. 0. 0. 0. 1. 1. 0. 1. 1. 0. 1. 0. 0. 0. 1. 1. 1. 0. 1. 0. 1. 1. 0.
 1. 0. 0. 1. 1. 0. 0. 1. 0. 1. 1. 0. 0. 1. 0. 0. 1. 1. 0. 1. 1. 0. 0. 0.
 0. 1. 1. 0. 0. 1. 0. 0. 1. 0. 1. 1. 1. 0. 0. 0. 1. 1. 0. 0. 0. 0. 1. 0.
 0. 1. 0. 1. 1. 1. 1. 0. 0. 0. 0. 1. 1. 1. 1. 0. 1. 1. 1. 1. 0. 1. 0. 0.
 1. 0. 0. 1. 1. 1. 1. 1. 0. 0. 1. 1. 1. 0. 0. 1. 0. 1. 0. 0. 1. 0. 1. 0.
 1. 0. 0. 0.]"
412,randomforest,"{'criterion': 'gini', 'max_features': 'sqrt', 'n_estimators': 379}",0.5934142760044089,0.20935214100223293,0.18995889180038592,0.3908755103457921,0.5866230189314866,0.21543396422212227,0.5704110505554549,0.14179104477611937,0.5708955223880597,0.5708955223880596,"{0: 0.5899420806415683, 1: 0.5899420806415683}","{0: 0.5899420806415683, 1: 0.5899420806415683}",0.5899420806415683,"[[72 62]
 [53 81]]","[1. 0. 0. 0. 0. 1. 0. 1. 1. 0. 0. 0. 1. 0. 0. 0. 1. 0. 0. 0. 0. 1. 0. 0.
 0. 0. 1. 1. 1. 1. 1. 0. 0. 0. 1. 0. 0. 0. 1. 0. 1. 0. 1. 0. 0. 0. 1. 1.
 0. 0. 1. 0. 1. 1. 1. 1. 1. 1. 0. 1. 0. 0. 1. 1. 0. 0. 1. 1. 1. 1. 0. 0.
 1. 1. 0. 1. 1. 0. 0. 0. 1. 1. 1. 0. 0. 1. 0. 1. 1. 1. 1. 1. 0. 1. 1. 1.
 0. 0. 1. 1. 0. 1. 1. 0. 0. 0. 0. 1. 0. 1. 0. 0. 0. 1. 1. 0. 1. 0. 0. 0.
 0. 1. 1. 1. 1. 1. 1. 1. 1. 0. 0. 1. 1. 0. 1. 1. 0. 1. 0. 1. 1. 0. 1. 0.
 1. 0. 0. 0. 1. 1. 1. 0. 1. 0. 0. 1. 1. 0. 1. 0. 1. 1. 0. 0. 1. 1. 0. 1.
 1. 1. 0. 1. 1. 0. 0. 1. 1. 0. 1. 0. 0. 1. 1. 1. 0. 0. 1. 1. 0. 0. 1. 1.
 0. 1. 1. 1. 1. 1. 0. 1. 0. 0. 1. 1. 0. 1. 0. 0. 1. 1. 0. 1. 1. 1. 0. 0.
 1. 1. 0. 1. 0. 0. 0. 0. 1. 1. 1. 0. 1. 0. 1. 1. 1. 1. 1. 1. 0. 1. 0. 0.
 1. 1. 0. 0. 1. 1. 1. 1. 0. 1. 1. 0. 1. 0. 0. 1. 0. 0. 0. 1. 0. 0. 1. 1.
 1. 0. 1. 0.]","[0. 1. 0. 0. 0. 1. 1. 1. 0. 0. 0. 0. 0. 1. 0. 0. 1. 1. 0. 0. 0. 0. 0. 1.
 0. 0. 1. 0. 1. 0. 0. 1. 0. 1. 1. 0. 0. 0. 1. 0. 0. 0. 1. 1. 1. 0. 1. 0.
 1. 0. 1. 1. 0. 1. 1. 1. 1. 0. 1. 0. 0. 1. 1. 1. 0. 0. 0. 1. 1. 0. 1. 1.
 0. 0. 1. 0. 0. 1. 0. 1. 0. 1. 1. 1. 0. 1. 0. 1. 1. 1. 1. 1. 1. 1. 1. 0.
 0. 0. 1. 1. 1. 0. 0. 1. 1. 1. 0. 0. 0. 1. 1. 1. 0. 0. 0. 0. 1. 1. 1. 0.
 1. 0. 0. 1. 1. 0. 0. 0. 0. 1. 0. 0. 1. 1. 0. 1. 1. 1. 0. 1. 1. 0. 1. 0.
 1. 1. 0. 0. 0. 1. 1. 0. 1. 1. 0. 1. 0. 0. 0. 1. 1. 1. 0. 1. 0. 1. 1. 0.
 1. 0. 0. 1. 1. 0. 0. 1. 0. 1. 1. 0. 0. 1. 0. 0. 1. 1. 0. 1. 1. 0. 0. 0.
 0. 1. 1. 0. 0. 1. 0. 0. 1. 0. 1. 1. 1. 0. 0. 0. 1. 1. 0. 0. 0. 0. 1. 0.
 0. 1. 0. 1. 1. 1. 1. 0. 0. 0. 0. 1. 1. 1. 1. 0. 1. 1. 1. 1. 0. 1. 0. 0.
 1. 0. 0. 1. 1. 1. 1. 1. 0. 0. 1. 1. 1. 0. 0. 1. 0. 1. 0. 0. 1. 0. 1. 0.
 1. 0. 0. 0.]"
146,randomforest,"{'criterion': 'gini', 'max_features': 'sqrt', 'n_estimators': 479}",0.5986155280246573,0.19396491133816235,0.18985860522875583,0.3391534553334648,0.5914707753417431,0.19639308180552417,0.5780703587600139,0.15671641791044777,0.5783582089552238,0.5783582089552239,"{0: 0.5875751837825797, 1: 0.5875751837825796}","{0: 0.5875751837825797, 1: 0.5875751837825796}",0.5875751837825796,"[[74 60]
 [53 81]]","[1. 0. 0. 0. 0. 1. 0. 1. 1. 0. 0. 0. 1. 0. 0. 0. 1. 0. 0. 0. 0. 1. 0. 0.
 0. 0. 1. 1. 1. 1. 1. 0. 0. 0. 1. 0. 0. 0. 1. 0. 1. 0. 1. 1. 0. 0. 1. 0.
 0. 0. 1. 0. 1. 1. 1. 1. 1. 1. 0. 1. 1. 0. 1. 0. 0. 0. 1. 1. 1. 1. 0. 0.
 1. 1. 0. 1. 1. 0. 0. 0. 1. 1. 1. 0. 0. 1. 0. 1. 1. 1. 1. 1. 0. 1. 1. 1.
 0. 0. 1. 1. 0. 1. 1. 0. 0. 0. 0. 1. 0. 1. 0. 0. 0. 1. 1. 0. 1. 0. 0. 0.
 1. 1. 1. 1. 1. 1. 1. 1. 1. 0. 0. 1. 1. 0. 1. 1. 0. 1. 0. 1. 1. 0. 0. 0.
 0. 0. 0. 0. 1. 1. 1. 0. 1. 1. 0. 1. 1. 0. 1. 0. 1. 1. 0. 0. 1. 1. 0. 1.
 1. 1. 0. 1. 1. 0. 0. 1. 1. 0. 1. 0. 0. 1. 1. 1. 0. 0. 1. 0. 0. 0. 1. 1.
 0. 1. 1. 1. 1. 1. 0. 0. 0. 0. 1. 1. 0. 0. 0. 0. 1. 1. 0. 1. 1. 1. 0. 0.
 1. 1. 0. 1. 0. 0. 0. 0. 1. 1. 1. 0. 1. 0. 1. 1. 1. 1. 1. 1. 0. 1. 0. 0.
 1. 1. 0. 0. 1. 1. 1. 1. 0. 1. 1. 0. 1. 0. 0. 1. 0. 1. 0. 1. 0. 0. 1. 1.
 1. 0. 1. 0.]","[0. 1. 0. 0. 0. 1. 1. 1. 0. 0. 0. 0. 0. 1. 0. 0. 1. 1. 0. 0. 0. 0. 0. 1.
 0. 0. 1. 0. 1. 0. 0. 1. 0. 1. 1. 0. 0. 0. 1. 0. 0. 0. 1. 1. 1. 0. 1. 0.
 1. 0. 1. 1. 0. 1. 1. 1. 1. 0. 1. 0. 0. 1. 1. 1. 0. 0. 0. 1. 1. 0. 1. 1.
 0. 0. 1. 0. 0. 1. 0. 1. 0. 1. 1. 1. 0. 1. 0. 1. 1. 1. 1. 1. 1. 1. 1. 0.
 0. 0. 1. 1. 1. 0. 0. 1. 1. 1. 0. 0. 0. 1. 1. 1. 0. 0. 0. 0. 1. 1. 1. 0.
 1. 0. 0. 1. 1. 0. 0. 0. 0. 1. 0. 0. 1. 1. 0. 1. 1. 1. 0. 1. 1. 0. 1. 0.
 1. 1. 0. 0. 0. 1. 1. 0. 1. 1. 0. 1. 0. 0. 0. 1. 1. 1. 0. 1. 0. 1. 1. 0.
 1. 0. 0. 1. 1. 0. 0. 1. 0. 1. 1. 0. 0. 1. 0. 0. 1. 1. 0. 1. 1. 0. 0. 0.
 0. 1. 1. 0. 0. 1. 0. 0. 1. 0. 1. 1. 1. 0. 0. 0. 1. 1. 0. 0. 0. 0. 1. 0.
 0. 1. 0. 1. 1. 1. 1. 0. 0. 0. 0. 1. 1. 1. 1. 0. 1. 1. 1. 1. 0. 1. 0. 0.
 1. 0. 0. 1. 1. 1. 1. 1. 0. 0. 1. 1. 1. 0. 0. 1. 0. 1. 0. 0. 1. 0. 1. 0.
 1. 0. 0. 0.]"
718,randomforest,"{'criterion': 'gini', 'max_features': None, 'n_estimators': 517}",0.5725247828722687,0.23084329727837252,0.18969981800824284,0.3591401176617092,0.5713442005276682,0.2300570916345696,0.5667781493868451,0.13432835820895528,0.5671641791044776,0.5671641791044776,"{0: 0.5823958565382045, 1: 0.5823958565382045}","{0: 0.5823958565382045, 1: 0.5823958565382045}",0.5823958565382045,"[[72 62]
 [54 80]]","[1. 0. 0. 0. 0. 1. 0. 1. 1. 0. 0. 0. 1. 0. 0. 0. 0. 0. 0. 0. 0. 1. 0. 0.
 0. 0. 1. 1. 1. 1. 1. 0. 0. 0. 1. 1. 0. 0. 1. 0. 1. 0. 1. 1. 0. 0. 1. 0.
 0. 0. 1. 0. 1. 1. 1. 1. 1. 1. 0. 1. 1. 0. 1. 0. 0. 0. 1. 1. 1. 1. 0. 0.
 1. 1. 0. 1. 1. 0. 0. 0. 1. 1. 1. 0. 0. 1. 0. 1. 1. 1. 1. 1. 0. 1. 1. 1.
 0. 0. 1. 1. 0. 1. 0. 1. 0. 0. 0. 1. 0. 1. 0. 0. 0. 1. 1. 0. 1. 0. 0. 0.
 1. 1. 1. 1. 1. 1. 1. 1. 1. 0. 0. 1. 1. 0. 1. 1. 0. 1. 0. 0. 1. 0. 1. 0.
 0. 0. 0. 0. 1. 1. 1. 0. 1. 1. 0. 1. 1. 0. 1. 0. 1. 1. 0. 0. 1. 1. 0. 1.
 1. 1. 0. 1. 1. 0. 0. 1. 1. 0. 1. 0. 0. 1. 1. 1. 0. 0. 1. 1. 0. 0. 1. 1.
 1. 1. 1. 1. 0. 1. 0. 1. 0. 0. 1. 1. 0. 1. 0. 0. 1. 1. 0. 1. 1. 1. 0. 0.
 1. 1. 0. 0. 0. 0. 0. 0. 1. 1. 1. 0. 0. 0. 1. 1. 1. 1. 1. 1. 0. 1. 0. 0.
 1. 1. 0. 0. 1. 1. 1. 1. 0. 1. 1. 0. 1. 0. 0. 1. 0. 1. 0. 1. 0. 0. 1. 1.
 1. 0. 1. 0.]","[0. 1. 0. 0. 0. 1. 1. 1. 0. 0. 0. 0. 0. 1. 0. 0. 1. 1. 0. 0. 0. 0. 0. 1.
 0. 0. 1. 0. 1. 0. 0. 1. 0. 1. 1. 0. 0. 0. 1. 0. 0. 0. 1. 1. 1. 0. 1. 0.
 1. 0. 1. 1. 0. 1. 1. 1. 1. 0. 1. 0. 0. 1. 1. 1. 0. 0. 0. 1. 1. 0. 1. 1.
 0. 0. 1. 0. 0. 1. 0. 1. 0. 1. 1. 1. 0. 1. 0. 1. 1. 1. 1. 1. 1. 1. 1. 0.
 0. 0. 1. 1. 1. 0. 0. 1. 1. 1. 0. 0. 0. 1. 1. 1. 0. 0. 0. 0. 1. 1. 1. 0.
 1. 0. 0. 1. 1. 0. 0. 0. 0. 1. 0. 0. 1. 1. 0. 1. 1. 1. 0. 1. 1. 0. 1. 0.
 1. 1. 0. 0. 0. 1. 1. 0. 1. 1. 0. 1. 0. 0. 0. 1. 1. 1. 0. 1. 0. 1. 1. 0.
 1. 0. 0. 1. 1. 0. 0. 1. 0. 1. 1. 0. 0. 1. 0. 0. 1. 1. 0. 1. 1. 0. 0. 0.
 0. 1. 1. 0. 0. 1. 0. 0. 1. 0. 1. 1. 1. 0. 0. 0. 1. 1. 0. 0. 0. 0. 1. 0.
 0. 1. 0. 1. 1. 1. 1. 0. 0. 0. 0. 1. 1. 1. 1. 0. 1. 1. 1. 1. 0. 1. 0. 0.
 1. 0. 0. 1. 1. 1. 1. 1. 0. 0. 1. 1. 1. 0. 0. 1. 0. 1. 0. 0. 1. 0. 1. 0.
 1. 0. 0. 0.]"
855,randomforest,"{'criterion': 'gini', 'max_features': 'sqrt', 'n_estimators': 369}",0.5935310226080835,0.19742760343069743,0.1896271444255225,0.3511883772928382,0.5863110045569723,0.20385415671332957,0.5744135510113111,0.14925373134328357,0.5746268656716418,0.5746268656716418,"{0: 0.5842058364891959, 1: 0.5842058364891958}","{0: 0.5842058364891959, 1: 0.5842058364891958}",0.5842058364891958,"[[74 60]
 [54 80]]","[1. 0. 0. 0. 0. 1. 0. 1. 1. 0. 0. 0. 1. 0. 0. 0. 1. 0. 0. 0. 0. 1. 0. 0.
 0. 0. 1. 1. 1. 1. 1. 0. 0. 0. 1. 0. 0. 0. 1. 0. 0. 0. 1. 0. 0. 0. 1. 0.
 0. 0. 1. 0. 1. 1. 1. 1. 1. 1. 0. 1. 1. 0. 1. 0. 0. 0. 1. 1. 1. 1. 0. 0.
 1. 1. 0. 1. 1. 0. 0. 0. 1. 1. 1. 0. 0. 1. 0. 1. 1. 1. 1. 1. 0. 1. 1. 1.
 0. 0. 1. 1. 0. 1. 0. 0. 0. 0. 0. 1. 0. 1. 0. 0. 0. 1. 1. 0. 1. 0. 0. 0.
 0. 1. 1. 1. 1. 1. 1. 1. 1. 0. 0. 1. 1. 0. 1. 1. 0. 1. 0. 1. 1. 0. 1. 0.
 0. 0. 0. 0. 1. 1. 1. 0. 1. 1. 0. 1. 1. 0. 1. 0. 1. 1. 0. 0. 1. 1. 0. 1.
 1. 1. 0. 1. 1. 1. 0. 1. 1. 0. 1. 0. 0. 1. 1. 1. 0. 0. 1. 1. 0. 0. 1. 1.
 1. 1. 1. 0. 1. 1. 0. 0. 0. 0. 1. 1. 0. 0. 0. 0. 1. 1. 0. 1. 1. 1. 0. 0.
 1. 1. 0. 1. 0. 0. 0. 0. 1. 1. 1. 0. 1. 0. 1. 1. 1. 1. 1. 1. 0. 1. 0. 0.
 1. 1. 0. 0. 1. 1. 0. 1. 0. 1. 1. 0. 1. 0. 1. 1. 0. 1. 0. 1. 0. 0. 1. 1.
 1. 0. 1. 0.]","[0. 1. 0. 0. 0. 1. 1. 1. 0. 0. 0. 0. 0. 1. 0. 0. 1. 1. 0. 0. 0. 0. 0. 1.
 0. 0. 1. 0. 1. 0. 0. 1. 0. 1. 1. 0. 0. 0. 1. 0. 0. 0. 1. 1. 1. 0. 1. 0.
 1. 0. 1. 1. 0. 1. 1. 1. 1. 0. 1. 0. 0. 1. 1. 1. 0. 0. 0. 1. 1. 0. 1. 1.
 0. 0. 1. 0. 0. 1. 0. 1. 0. 1. 1. 1. 0. 1. 0. 1. 1. 1. 1. 1. 1. 1. 1. 0.
 0. 0. 1. 1. 1. 0. 0. 1. 1. 1. 0. 0. 0. 1. 1. 1. 0. 0. 0. 0. 1. 1. 1. 0.
 1. 0. 0. 1. 1. 0. 0. 0. 0. 1. 0. 0. 1. 1. 0. 1. 1. 1. 0. 1. 1. 0. 1. 0.
 1. 1. 0. 0. 0. 1. 1. 0. 1. 1. 0. 1. 0. 0. 0. 1. 1. 1. 0. 1. 0. 1. 1. 0.
 1. 0. 0. 1. 1. 0. 0. 1. 0. 1. 1. 0. 0. 1. 0. 0. 1. 1. 0. 1. 1. 0. 0. 0.
 0. 1. 1. 0. 0. 1. 0. 0. 1. 0. 1. 1. 1. 0. 0. 0. 1. 1. 0. 0. 0. 0. 1. 0.
 0. 1. 0. 1. 1. 1. 1. 0. 0. 0. 0. 1. 1. 1. 1. 0. 1. 1. 1. 1. 0. 1. 0. 0.
 1. 0. 0. 1. 1. 1. 1. 1. 0. 0. 1. 1. 1. 0. 0. 1. 0. 1. 0. 0. 1. 0. 1. 0.
 1. 0. 0. 0.]"
588,randomforest,"{'criterion': 'gini', 'max_features': 'sqrt', 'n_estimators': 445}",0.5980839748925612,0.18476137845114754,0.18956192447822917,0.3246032534632253,0.5912932870594161,0.1901604666400371,0.5742474916387961,0.14925373134328357,0.5746268656716418,0.5746268656716418,"{0: 0.5861271998217866, 1: 0.5861271998217865}","{0: 0.5861271998217866, 1: 0.5861271998217865}",0.5861271998217865,"[[73 61]
 [53 81]]","[1. 0. 0. 0. 0. 1. 0. 1. 1. 0. 0. 0. 1. 0. 0. 0. 1. 0. 0. 0. 0. 1. 0. 0.
 0. 0. 1. 1. 1. 1. 1. 0. 0. 0. 1. 0. 0. 0. 1. 0. 1. 0. 1. 0. 0. 0. 1. 1.
 0. 0. 1. 0. 1. 1. 1. 1. 1. 1. 0. 1. 1. 0. 1. 1. 0. 0. 1. 1. 1. 1. 0. 0.
 1. 1. 0. 1. 1. 0. 0. 0. 1. 1. 1. 0. 0. 1. 0. 1. 1. 1. 1. 1. 0. 1. 1. 1.
 0. 0. 1. 1. 0. 1. 1. 1. 0. 0. 0. 1. 0. 1. 0. 0. 0. 1. 1. 0. 1. 0. 0. 0.
 0. 1. 1. 1. 1. 1. 1. 1. 1. 0. 0. 1. 1. 0. 1. 0. 0. 1. 0. 1. 1. 0. 0. 0.
 1. 0. 0. 0. 1. 1. 1. 0. 1. 1. 0. 1. 1. 0. 1. 0. 1. 1. 0. 0. 1. 1. 0. 1.
 1. 1. 0. 1. 1. 0. 0. 1. 1. 0. 1. 0. 0. 0. 1. 1. 0. 0. 1. 1. 0. 0. 1. 1.
 1. 1. 1. 0. 1. 1. 0. 0. 0. 0. 1. 1. 0. 0. 0. 0. 1. 1. 0. 1. 1. 1. 0. 0.
 1. 1. 0. 1. 0. 0. 0. 0. 1. 1. 1. 0. 1. 0. 1. 1. 1. 1. 1. 1. 0. 1. 0. 0.
 1. 1. 0. 0. 1. 1. 1. 1. 0. 1. 1. 0. 1. 0. 0. 1. 0. 1. 0. 1. 0. 0. 1. 1.
 1. 0. 1. 0.]","[0. 1. 0. 0. 0. 1. 1. 1. 0. 0. 0. 0. 0. 1. 0. 0. 1. 1. 0. 0. 0. 0. 0. 1.
 0. 0. 1. 0. 1. 0. 0. 1. 0. 1. 1. 0. 0. 0. 1. 0. 0. 0. 1. 1. 1. 0. 1. 0.
 1. 0. 1. 1. 0. 1. 1. 1. 1. 0. 1. 0. 0. 1. 1. 1. 0. 0. 0. 1. 1. 0. 1. 1.
 0. 0. 1. 0. 0. 1. 0. 1. 0. 1. 1. 1. 0. 1. 0. 1. 1. 1. 1. 1. 1. 1. 1. 0.
 0. 0. 1. 1. 1. 0. 0. 1. 1. 1. 0. 0. 0. 1. 1. 1. 0. 0. 0. 0. 1. 1. 1. 0.
 1. 0. 0. 1. 1. 0. 0. 0. 0. 1. 0. 0. 1. 1. 0. 1. 1. 1. 0. 1. 1. 0. 1. 0.
 1. 1. 0. 0. 0. 1. 1. 0. 1. 1. 0. 1. 0. 0. 0. 1. 1. 1. 0. 1. 0. 1. 1. 0.
 1. 0. 0. 1. 1. 0. 0. 1. 0. 1. 1. 0. 0. 1. 0. 0. 1. 1. 0. 1. 1. 0. 0. 0.
 0. 1. 1. 0. 0. 1. 0. 0. 1. 0. 1. 1. 1. 0. 0. 0. 1. 1. 0. 0. 0. 0. 1. 0.
 0. 1. 0. 1. 1. 1. 1. 0. 0. 0. 0. 1. 1. 1. 1. 0. 1. 1. 1. 1. 0. 1. 0. 0.
 1. 0. 0. 1. 1. 1. 1. 1. 0. 0. 1. 1. 1. 0. 0. 1. 0. 1. 0. 0. 1. 0. 1. 0.
 1. 0. 0. 0.]"
792,randomforest,"{'criterion': 'gini', 'max_features': 'sqrt', 'n_estimators': 73}",0.5774393377094039,0.18189927688096616,0.1894697205677106,0.3133124349144325,0.5709191570078667,0.18397535376739543,0.5484508807352225,0.09701492537313428,0.5485074626865671,0.5485074626865671,"{0: 0.59166852305636, 1: 0.59166852305636}","{0: 0.59166852305636, 1: 0.59166852305636}",0.59166852305636,"[[72 62]
 [59 75]]","[1. 0. 0. 0. 0. 1. 0. 1. 1. 0. 0. 1. 1. 0. 0. 0. 1. 0. 0. 0. 0. 1. 0. 0.
 0. 0. 1. 1. 1. 1. 1. 0. 0. 1. 1. 1. 0. 0. 1. 0. 0. 0. 1. 0. 0. 0. 1. 1.
 0. 0. 1. 1. 1. 1. 1. 1. 1. 1. 0. 1. 0. 0. 1. 0. 0. 0. 1. 1. 1. 1. 0. 0.
 1. 1. 0. 1. 1. 0. 1. 0. 1. 1. 1. 0. 0. 1. 0. 1. 1. 1. 1. 1. 0. 1. 1. 1.
 0. 0. 0. 1. 0. 1. 1. 0. 0. 0. 0. 1. 0. 1. 0. 0. 1. 1. 1. 0. 1. 0. 0. 0.
 1. 1. 1. 1. 1. 1. 1. 1. 1. 0. 0. 1. 1. 0. 1. 1. 0. 0. 0. 1. 1. 0. 0. 0.
 0. 0. 0. 0. 0. 1. 1. 0. 1. 1. 0. 1. 1. 0. 1. 0. 1. 1. 0. 0. 1. 0. 0. 0.
 1. 0. 0. 1. 1. 0. 1. 1. 1. 0. 1. 1. 0. 1. 1. 1. 0. 0. 1. 0. 1. 0. 1. 1.
 0. 1. 0. 0. 1. 1. 0. 0. 0. 0. 1. 1. 0. 1. 0. 0. 1. 1. 0. 1. 1. 0. 0. 0.
 1. 1. 0. 1. 0. 0. 0. 1. 1. 1. 1. 0. 0. 0. 0. 1. 1. 1. 1. 1. 0. 1. 0. 0.
 1. 1. 0. 0. 1. 1. 0. 1. 0. 1. 1. 0. 1. 0. 0. 1. 0. 0. 0. 1. 0. 0. 1. 1.
 1. 0. 1. 0.]","[0. 1. 0. 0. 0. 1. 1. 1. 0. 0. 0. 0. 0. 1. 0. 0. 1. 1. 0. 0. 0. 0. 0. 1.
 0. 0. 1. 0. 1. 0. 0. 1. 0. 1. 1. 0. 0. 0. 1. 0. 0. 0. 1. 1. 1. 0. 1. 0.
 1. 0. 1. 1. 0. 1. 1. 1. 1. 0. 1. 0. 0. 1. 1. 1. 0. 0. 0. 1. 1. 0. 1. 1.
 0. 0. 1. 0. 0. 1. 0. 1. 0. 1. 1. 1. 0. 1. 0. 1. 1. 1. 1. 1. 1. 1. 1. 0.
 0. 0. 1. 1. 1. 0. 0. 1. 1. 1. 0. 0. 0. 1. 1. 1. 0. 0. 0. 0. 1. 1. 1. 0.
 1. 0. 0. 1. 1. 0. 0. 0. 0. 1. 0. 0. 1. 1. 0. 1. 1. 1. 0. 1. 1. 0. 1. 0.
 1. 1. 0. 0. 0. 1. 1. 0. 1. 1. 0. 1. 0. 0. 0. 1. 1. 1. 0. 1. 0. 1. 1. 0.
 1. 0. 0. 1. 1. 0. 0. 1. 0. 1. 1. 0. 0. 1. 0. 0. 1. 1. 0. 1. 1. 0. 0. 0.
 0. 1. 1. 0. 0. 1. 0. 0. 1. 0. 1. 1. 1. 0. 0. 0. 1. 1. 0. 0. 0. 0. 1. 0.
 0. 1. 0. 1. 1. 1. 1. 0. 0. 0. 0. 1. 1. 1. 1. 0. 1. 1. 1. 1. 0. 1. 0. 0.
 1. 0. 0. 1. 1. 1. 1. 1. 0. 0. 1. 1. 1. 0. 0. 1. 0. 1. 0. 0. 1. 0. 1. 0.
 1. 0. 0. 0.]"
789,randomforest,"{'criterion': 'gini', 'max_features': 'sqrt', 'n_estimators': 569}",0.5911129286316404,0.19286951461219523,0.18942060479081965,0.3507985720634722,0.5821711032396516,0.19727082928630083,0.5707461106700651,0.14179104477611937,0.5708955223880597,0.5708955223880597,"{0: 0.5884384049899755, 1: 0.5884384049899756}","{0: 0.5884384049899755, 1: 0.5884384049899756}",0.5884384049899756,"[[74 60]
 [55 79]]","[1. 0. 0. 0. 0. 1. 0. 1. 1. 0. 0. 0. 1. 0. 0. 0. 1. 0. 0. 0. 0. 1. 0. 0.
 0. 0. 1. 1. 1. 1. 1. 0. 0. 0. 1. 0. 1. 0. 1. 0. 0. 0. 1. 0. 0. 0. 1. 1.
 0. 0. 1. 0. 1. 1. 1. 1. 1. 1. 0. 1. 0. 0. 1. 0. 0. 0. 1. 1. 1. 1. 0. 0.
 1. 1. 0. 1. 1. 0. 0. 0. 1. 1. 1. 0. 0. 1. 0. 1. 1. 1. 1. 1. 0. 1. 1. 1.
 0. 0. 1. 1. 0. 1. 1. 0. 0. 0. 0. 1. 0. 1. 0. 0. 0. 1. 1. 0. 1. 0. 0. 0.
 0. 1. 1. 1. 1. 1. 1. 1. 1. 0. 0. 1. 1. 0. 1. 1. 0. 1. 0. 1. 1. 0. 0. 0.
 1. 0. 0. 0. 1. 1. 1. 0. 1. 1. 0. 1. 1. 0. 1. 0. 1. 1. 0. 0. 1. 1. 0. 1.
 1. 1. 0. 1. 1. 0. 0. 1. 1. 0. 1. 0. 0. 1. 1. 1. 0. 0. 1. 1. 0. 0. 1. 1.
 1. 1. 1. 0. 1. 1. 0. 0. 0. 0. 1. 1. 0. 0. 0. 0. 1. 1. 0. 1. 1. 1. 0. 0.
 1. 1. 0. 0. 0. 0. 0. 0. 1. 1. 1. 0. 0. 0. 1. 1. 1. 1. 1. 1. 0. 1. 0. 0.
 1. 1. 0. 0. 1. 1. 1. 1. 0. 1. 1. 0. 1. 0. 0. 1. 0. 1. 0. 1. 0. 0. 1. 1.
 1. 0. 1. 0.]","[0. 1. 0. 0. 0. 1. 1. 1. 0. 0. 0. 0. 0. 1. 0. 0. 1. 1. 0. 0. 0. 0. 0. 1.
 0. 0. 1. 0. 1. 0. 0. 1. 0. 1. 1. 0. 0. 0. 1. 0. 0. 0. 1. 1. 1. 0. 1. 0.
 1. 0. 1. 1. 0. 1. 1. 1. 1. 0. 1. 0. 0. 1. 1. 1. 0. 0. 0. 1. 1. 0. 1. 1.
 0. 0. 1. 0. 0. 1. 0. 1. 0. 1. 1. 1. 0. 1. 0. 1. 1. 1. 1. 1. 1. 1. 1. 0.
 0. 0. 1. 1. 1. 0. 0. 1. 1. 1. 0. 0. 0. 1. 1. 1. 0. 0. 0. 0. 1. 1. 1. 0.
 1. 0. 0. 1. 1. 0. 0. 0. 0. 1. 0. 0. 1. 1. 0. 1. 1. 1. 0. 1. 1. 0. 1. 0.
 1. 1. 0. 0. 0. 1. 1. 0. 1. 1. 0. 1. 0. 0. 0. 1. 1. 1. 0. 1. 0. 1. 1. 0.
 1. 0. 0. 1. 1. 0. 0. 1. 0. 1. 1. 0. 0. 1. 0. 0. 1. 1. 0. 1. 1. 0. 0. 0.
 0. 1. 1. 0. 0. 1. 0. 0. 1. 0. 1. 1. 1. 0. 0. 0. 1. 1. 0. 0. 0. 0. 1. 0.
 0. 1. 0. 1. 1. 1. 1. 0. 0. 0. 0. 1. 1. 1. 1. 0. 1. 1. 1. 1. 0. 1. 0. 0.
 1. 0. 0. 1. 1. 1. 1. 1. 0. 0. 1. 1. 1. 0. 0. 1. 0. 1. 0. 0. 1. 0. 1. 0.
 1. 0. 0. 0.]"
899,randomforest,"{'criterion': 'entropy', 'max_features': 'sqrt', 'n_estimators': 581}",0.5894764735229631,0.20098724823996855,0.18937308782524842,0.3590526376691674,0.582103462547011,0.20444439227654937,0.5667781493868451,0.13432835820895528,0.5671641791044776,0.5671641791044776,"{0: 0.5892737803519714, 1: 0.5892737803519715}","{0: 0.5892737803519714, 1: 0.5892737803519715}",0.5892737803519715,"[[72 62]
 [54 80]]","[1. 0. 0. 0. 0. 1. 0. 1. 1. 0. 0. 0. 1. 0. 0. 0. 1. 0. 0. 0. 0. 1. 0. 0.
 0. 0. 1. 1. 1. 1. 1. 0. 0. 0. 1. 0. 0. 0. 1. 0. 0. 0. 1. 0. 0. 0. 1. 1.
 0. 0. 1. 0. 1. 1. 1. 1. 1. 1. 0. 1. 0. 0. 1. 0. 0. 0. 1. 1. 1. 1. 0. 0.
 1. 1. 0. 1. 1. 0. 1. 0. 0. 1. 1. 0. 0. 1. 1. 1. 1. 1. 1. 1. 0. 1. 1. 1.
 0. 0. 1. 1. 0. 1. 1. 0. 0. 0. 0. 1. 0. 1. 0. 0. 0. 1. 1. 0. 1. 0. 0. 0.
 0. 1. 1. 1. 1. 1. 1. 1. 1. 0. 0. 1. 1. 0. 1. 1. 0. 1. 0. 1. 1. 0. 0. 0.
 0. 0. 0. 0. 1. 1. 1. 0. 1. 1. 0. 1. 1. 0. 1. 0. 1. 1. 0. 0. 1. 1. 0. 1.
 1. 1. 0. 1. 1. 1. 0. 1. 1. 0. 1. 0. 0. 1. 1. 1. 0. 0. 1. 1. 0. 0. 1. 1.
 1. 1. 1. 0. 1. 1. 0. 1. 0. 0. 1. 1. 0. 0. 0. 0. 1. 1. 0. 1. 1. 1. 0. 0.
 1. 1. 0. 1. 0. 0. 0. 0. 1. 1. 1. 0. 1. 0. 1. 1. 1. 1. 1. 1. 0. 1. 0. 0.
 1. 1. 0. 0. 1. 1. 1. 1. 0. 1. 1. 0. 1. 0. 0. 1. 0. 1. 0. 1. 0. 0. 1. 1.
 1. 0. 1. 0.]","[0. 1. 0. 0. 0. 1. 1. 1. 0. 0. 0. 0. 0. 1. 0. 0. 1. 1. 0. 0. 0. 0. 0. 1.
 0. 0. 1. 0. 1. 0. 0. 1. 0. 1. 1. 0. 0. 0. 1. 0. 0. 0. 1. 1. 1. 0. 1. 0.
 1. 0. 1. 1. 0. 1. 1. 1. 1. 0. 1. 0. 0. 1. 1. 1. 0. 0. 0. 1. 1. 0. 1. 1.
 0. 0. 1. 0. 0. 1. 0. 1. 0. 1. 1. 1. 0. 1. 0. 1. 1. 1. 1. 1. 1. 1. 1. 0.
 0. 0. 1. 1. 1. 0. 0. 1. 1. 1. 0. 0. 0. 1. 1. 1. 0. 0. 0. 0. 1. 1. 1. 0.
 1. 0. 0. 1. 1. 0. 0. 0. 0. 1. 0. 0. 1. 1. 0. 1. 1. 1. 0. 1. 1. 0. 1. 0.
 1. 1. 0. 0. 0. 1. 1. 0. 1. 1. 0. 1. 0. 0. 0. 1. 1. 1. 0. 1. 0. 1. 1. 0.
 1. 0. 0. 1. 1. 0. 0. 1. 0. 1. 1. 0. 0. 1. 0. 0. 1. 1. 0. 1. 1. 0. 0. 0.
 0. 1. 1. 0. 0. 1. 0. 0. 1. 0. 1. 1. 1. 0. 0. 0. 1. 1. 0. 0. 0. 0. 1. 0.
 0. 1. 0. 1. 1. 1. 1. 0. 0. 0. 0. 1. 1. 1. 1. 0. 1. 1. 1. 1. 0. 1. 0. 0.
 1. 0. 0. 1. 1. 1. 1. 1. 0. 0. 1. 1. 1. 0. 0. 1. 0. 1. 0. 0. 1. 0. 1. 0.
 1. 0. 0. 0.]"
940,randomforest,"{'criterion': 'gini', 'max_features': 'sqrt', 'n_estimators': 319}",0.5958918123384179,0.18630436336272613,0.1891876525042694,0.3331989168321659,0.5888389201897266,0.1907180030512891,0.5820662768031188,0.16417910447761197,0.582089552238806,0.582089552238806,"{0: 0.5925874359545555, 1: 0.5925874359545555}","{0: 0.5925874359545555, 1: 0.5925874359545555}",0.5925874359545555,"[[77 57]
 [55 79]]","[1. 0. 0. 0. 0. 1. 0. 1. 1. 0. 0. 0. 1. 0. 0. 0. 1. 0. 0. 0. 0. 1. 0. 0.
 0. 0. 1. 1. 1. 1. 1. 0. 0. 0. 1. 0. 0. 0. 1. 0. 0. 0. 1. 0. 0. 0. 1. 0.
 0. 0. 1. 0. 0. 1. 1. 1. 1. 1. 0. 1. 1. 0. 1. 0. 0. 0. 1. 1. 1. 1. 0. 0.
 1. 1. 0. 1. 1. 0. 0. 0. 1. 1. 1. 0. 0. 1. 0. 1. 1. 1. 1. 1. 0. 1. 1. 1.
 0. 0. 1. 1. 0. 1. 0. 1. 0. 0. 0. 1. 0. 1. 0. 0. 0. 1. 1. 0. 1. 0. 0. 0.
 0. 1. 1. 1. 1. 1. 1. 1. 1. 0. 0. 1. 1. 0. 1. 1. 0. 1. 0. 1. 1. 0. 0. 0.
 1. 0. 0. 0. 1. 1. 1. 0. 1. 1. 0. 1. 1. 0. 1. 0. 1. 1. 0. 0. 1. 1. 0. 1.
 1. 1. 0. 1. 1. 0. 0. 1. 1. 0. 1. 0. 0. 1. 1. 1. 0. 0. 1. 1. 0. 0. 1. 1.
 0. 1. 1. 1. 1. 1. 0. 0. 0. 0. 1. 1. 0. 0. 0. 0. 1. 1. 0. 1. 1. 1. 0. 0.
 1. 1. 0. 1. 0. 0. 0. 0. 1. 1. 1. 0. 0. 0. 1. 1. 1. 1. 1. 1. 0. 1. 0. 0.
 1. 1. 0. 0. 1. 1. 0. 1. 0. 1. 1. 0. 1. 0. 0. 1. 0. 0. 0. 1. 0. 0. 1. 1.
 1. 0. 1. 0.]","[0. 1. 0. 0. 0. 1. 1. 1. 0. 0. 0. 0. 0. 1. 0. 0. 1. 1. 0. 0. 0. 0. 0. 1.
 0. 0. 1. 0. 1. 0. 0. 1. 0. 1. 1. 0. 0. 0. 1. 0. 0. 0. 1. 1. 1. 0. 1. 0.
 1. 0. 1. 1. 0. 1. 1. 1. 1. 0. 1. 0. 0. 1. 1. 1. 0. 0. 0. 1. 1. 0. 1. 1.
 0. 0. 1. 0. 0. 1. 0. 1. 0. 1. 1. 1. 0. 1. 0. 1. 1. 1. 1. 1. 1. 1. 1. 0.
 0. 0. 1. 1. 1. 0. 0. 1. 1. 1. 0. 0. 0. 1. 1. 1. 0. 0. 0. 0. 1. 1. 1. 0.
 1. 0. 0. 1. 1. 0. 0. 0. 0. 1. 0. 0. 1. 1. 0. 1. 1. 1. 0. 1. 1. 0. 1. 0.
 1. 1. 0. 0. 0. 1. 1. 0. 1. 1. 0. 1. 0. 0. 0. 1. 1. 1. 0. 1. 0. 1. 1. 0.
 1. 0. 0. 1. 1. 0. 0. 1. 0. 1. 1. 0. 0. 1. 0. 0. 1. 1. 0. 1. 1. 0. 0. 0.
 0. 1. 1. 0. 0. 1. 0. 0. 1. 0. 1. 1. 1. 0. 0. 0. 1. 1. 0. 0. 0. 0. 1. 0.
 0. 1. 0. 1. 1. 1. 1. 0. 0. 0. 0. 1. 1. 1. 1. 0. 1. 1. 1. 1. 0. 1. 0. 0.
 1. 0. 0. 1. 1. 1. 1. 1. 0. 0. 1. 1. 1. 0. 0. 1. 0. 1. 0. 0. 1. 0. 1. 0.
 1. 0. 0. 0.]"
584,randomforest,"{'criterion': 'gini', 'max_features': 'sqrt', 'n_estimators': 577}",0.5950180594485359,0.19056176684948598,0.18912779093250232,0.3474892364937518,0.5865609841920326,0.19803949418908287,0.5745320855614974,0.14925373134328357,0.5746268656716418,0.5746268656716418,"{0: 0.5866284250389843, 1: 0.5866284250389842}","{0: 0.5866284250389843, 1: 0.5866284250389842}",0.5866284250389842,"[[75 59]
 [55 79]]","[1. 0. 0. 0. 0. 1. 0. 1. 1. 0. 0. 0. 1. 0. 0. 0. 1. 0. 0. 0. 0. 1. 0. 0.
 0. 0. 1. 1. 1. 1. 1. 0. 0. 0. 1. 0. 1. 0. 1. 0. 0. 0. 1. 1. 0. 0. 1. 1.
 0. 0. 1. 0. 1. 1. 1. 1. 1. 1. 0. 1. 1. 0. 1. 0. 0. 0. 1. 1. 1. 1. 0. 0.
 1. 1. 0. 1. 1. 0. 0. 0. 1. 1. 1. 0. 0. 1. 0. 1. 1. 1. 1. 1. 0. 1. 1. 1.
 0. 0. 1. 1. 0. 1. 1. 0. 0. 0. 0. 0. 0. 1. 0. 0. 0. 1. 1. 0. 1. 0. 0. 0.
 0. 1. 1. 1. 1. 1. 1. 1. 0. 0. 0. 1. 1. 0. 1. 1. 0. 1. 0. 1. 1. 0. 0. 0.
 0. 0. 0. 0. 1. 1. 1. 0. 1. 1. 0. 1. 1. 0. 1. 0. 1. 1. 0. 0. 1. 1. 0. 1.
 1. 1. 0. 1. 1. 0. 0. 1. 1. 0. 1. 0. 0. 1. 1. 1. 0. 0. 1. 1. 0. 0. 1. 1.
 1. 1. 1. 0. 1. 1. 0. 0. 0. 0. 1. 1. 0. 0. 0. 0. 1. 1. 0. 1. 1. 1. 0. 0.
 1. 1. 0. 1. 0. 0. 0. 0. 1. 1. 1. 0. 0. 0. 0. 1. 1. 1. 1. 1. 0. 1. 0. 0.
 1. 1. 0. 0. 1. 1. 1. 1. 0. 1. 1. 0. 1. 0. 0. 1. 0. 1. 0. 1. 0. 0. 1. 1.
 1. 0. 1. 0.]","[0. 1. 0. 0. 0. 1. 1. 1. 0. 0. 0. 0. 0. 1. 0. 0. 1. 1. 0. 0. 0. 0. 0. 1.
 0. 0. 1. 0. 1. 0. 0. 1. 0. 1. 1. 0. 0. 0. 1. 0. 0. 0. 1. 1. 1. 0. 1. 0.
 1. 0. 1. 1. 0. 1. 1. 1. 1. 0. 1. 0. 0. 1. 1. 1. 0. 0. 0. 1. 1. 0. 1. 1.
 0. 0. 1. 0. 0. 1. 0. 1. 0. 1. 1. 1. 0. 1. 0. 1. 1. 1. 1. 1. 1. 1. 1. 0.
 0. 0. 1. 1. 1. 0. 0. 1. 1. 1. 0. 0. 0. 1. 1. 1. 0. 0. 0. 0. 1. 1. 1. 0.
 1. 0. 0. 1. 1. 0. 0. 0. 0. 1. 0. 0. 1. 1. 0. 1. 1. 1. 0. 1. 1. 0. 1. 0.
 1. 1. 0. 0. 0. 1. 1. 0. 1. 1. 0. 1. 0. 0. 0. 1. 1. 1. 0. 1. 0. 1. 1. 0.
 1. 0. 0. 1. 1. 0. 0. 1. 0. 1. 1. 0. 0. 1. 0. 0. 1. 1. 0. 1. 1. 0. 0. 0.
 0. 1. 1. 0. 0. 1. 0. 0. 1. 0. 1. 1. 1. 0. 0. 0. 1. 1. 0. 0. 0. 0. 1. 0.
 0. 1. 0. 1. 1. 1. 1. 0. 0. 0. 0. 1. 1. 1. 1. 0. 1. 1. 1. 1. 0. 1. 0. 0.
 1. 0. 0. 1. 1. 1. 1. 1. 0. 0. 1. 1. 1. 0. 0. 1. 0. 1. 0. 0. 1. 0. 1. 0.
 1. 0. 0. 0.]"
393,randomforest,"{'criterion': 'gini', 'max_features': 'sqrt', 'n_estimators': 49}",0.6043732040589251,0.17048616557737295,0.18890684732589244,0.309277211213607,0.598854884288352,0.1680816892745499,0.5893464088705633,0.17910447761194026,0.5895522388059702,0.5895522388059702,"{0: 0.5865727333481845, 1: 0.5865727333481845}","{0: 0.5865727333481845, 1: 0.5865727333481845}",0.5865727333481845,"[[82 52]
 [58 76]]","[1. 0. 0. 0. 0. 1. 0. 1. 1. 0. 0. 0. 1. 0. 0. 0. 0. 0. 0. 0. 0. 1. 0. 0.
 0. 0. 0. 1. 1. 1. 1. 0. 0. 0. 1. 0. 0. 0. 1. 0. 1. 0. 1. 1. 0. 0. 1. 1.
 0. 0. 1. 0. 0. 1. 1. 1. 1. 1. 0. 1. 0. 0. 1. 0. 0. 0. 0. 1. 1. 1. 0. 0.
 1. 1. 0. 1. 1. 0. 0. 0. 1. 1. 1. 0. 0. 1. 1. 1. 1. 1. 1. 1. 0. 1. 1. 1.
 0. 0. 1. 1. 0. 1. 1. 1. 1. 0. 0. 1. 0. 1. 0. 0. 0. 1. 1. 1. 1. 0. 0. 0.
 0. 1. 1. 1. 0. 1. 0. 1. 1. 0. 0. 0. 1. 0. 1. 1. 0. 1. 0. 1. 1. 0. 0. 0.
 0. 0. 0. 0. 0. 1. 1. 0. 0. 1. 0. 1. 0. 0. 0. 0. 1. 1. 0. 0. 1. 0. 0. 1.
 1. 1. 0. 1. 1. 0. 0. 1. 1. 0. 1. 0. 0. 1. 1. 1. 0. 0. 1. 1. 0. 0. 1. 1.
 1. 1. 1. 0. 0. 1. 0. 0. 0. 0. 1. 1. 0. 0. 0. 0. 1. 1. 0. 1. 1. 0. 0. 0.
 1. 1. 0. 0. 0. 0. 0. 0. 1. 1. 1. 0. 0. 0. 1. 1. 1. 1. 1. 1. 0. 1. 0. 0.
 1. 1. 0. 0. 1. 1. 1. 1. 0. 0. 1. 0. 1. 0. 0. 1. 0. 0. 0. 1. 1. 0. 1. 1.
 1. 0. 1. 0.]","[0. 1. 0. 0. 0. 1. 1. 1. 0. 0. 0. 0. 0. 1. 0. 0. 1. 1. 0. 0. 0. 0. 0. 1.
 0. 0. 1. 0. 1. 0. 0. 1. 0. 1. 1. 0. 0. 0. 1. 0. 0. 0. 1. 1. 1. 0. 1. 0.
 1. 0. 1. 1. 0. 1. 1. 1. 1. 0. 1. 0. 0. 1. 1. 1. 0. 0. 0. 1. 1. 0. 1. 1.
 0. 0. 1. 0. 0. 1. 0. 1. 0. 1. 1. 1. 0. 1. 0. 1. 1. 1. 1. 1. 1. 1. 1. 0.
 0. 0. 1. 1. 1. 0. 0. 1. 1. 1. 0. 0. 0. 1. 1. 1. 0. 0. 0. 0. 1. 1. 1. 0.
 1. 0. 0. 1. 1. 0. 0. 0. 0. 1. 0. 0. 1. 1. 0. 1. 1. 1. 0. 1. 1. 0. 1. 0.
 1. 1. 0. 0. 0. 1. 1. 0. 1. 1. 0. 1. 0. 0. 0. 1. 1. 1. 0. 1. 0. 1. 1. 0.
 1. 0. 0. 1. 1. 0. 0. 1. 0. 1. 1. 0. 0. 1. 0. 0. 1. 1. 0. 1. 1. 0. 0. 0.
 0. 1. 1. 0. 0. 1. 0. 0. 1. 0. 1. 1. 1. 0. 0. 0. 1. 1. 0. 0. 0. 0. 1. 0.
 0. 1. 0. 1. 1. 1. 1. 0. 0. 0. 0. 1. 1. 1. 1. 0. 1. 1. 1. 1. 0. 1. 0. 0.
 1. 0. 0. 1. 1. 1. 1. 1. 0. 0. 1. 1. 1. 0. 0. 1. 0. 1. 0. 0. 1. 0. 1. 0.
 1. 0. 0. 0.]"
851,randomforest,"{'criterion': 'gini', 'max_features': 'sqrt', 'n_estimators': 133}",0.6145024495181964,0.17447708273383675,0.18852342324238122,0.3212222070038285,0.6060530680490358,0.1714732649995957,0.5853532748839607,0.17164179104477617,0.585820895522388,0.585820895522388,"{0: 0.598574292715527, 1: 0.5985742927155269}","{0: 0.598574292715527, 1: 0.5985742927155269}",0.5985742927155269,"[[74 60]
 [51 83]]","[1. 0. 0. 0. 0. 1. 0. 1. 1. 0. 0. 0. 1. 0. 0. 0. 1. 0. 0. 0. 0. 1. 0. 0.
 0. 0. 1. 1. 1. 1. 1. 0. 0. 0. 1. 0. 1. 0. 1. 0. 1. 0. 1. 0. 0. 0. 1. 0.
 0. 0. 1. 0. 1. 1. 1. 1. 1. 1. 0. 1. 1. 1. 1. 0. 0. 0. 1. 1. 1. 1. 0. 0.
 1. 1. 0. 0. 1. 0. 1. 1. 1. 1. 1. 0. 0. 1. 1. 1. 1. 1. 1. 1. 0. 1. 1. 1.
 0. 0. 1. 1. 0. 1. 0. 0. 0. 0. 0. 0. 0. 1. 0. 0. 0. 1. 1. 0. 1. 0. 0. 0.
 0. 1. 1. 1. 1. 1. 1. 1. 1. 0. 0. 1. 1. 0. 1. 1. 0. 1. 0. 1. 1. 0. 1. 0.
 1. 0. 0. 0. 1. 1. 1. 0. 1. 1. 0. 1. 1. 0. 1. 0. 1. 1. 0. 0. 1. 1. 0. 1.
 1. 1. 0. 1. 1. 0. 0. 1. 1. 0. 1. 0. 0. 1. 1. 1. 1. 0. 1. 1. 0. 0. 0. 1.
 1. 1. 0. 0. 1. 1. 0. 0. 0. 0. 1. 1. 0. 0. 0. 1. 1. 1. 0. 1. 1. 1. 0. 0.
 1. 1. 0. 0. 0. 0. 0. 0. 1. 1. 1. 0. 1. 0. 1. 1. 1. 1. 1. 1. 0. 1. 0. 0.
 1. 1. 0. 0. 1. 1. 1. 1. 0. 1. 1. 0. 1. 0. 0. 1. 0. 1. 0. 1. 0. 0. 1. 1.
 1. 0. 1. 0.]","[0. 1. 0. 0. 0. 1. 1. 1. 0. 0. 0. 0. 0. 1. 0. 0. 1. 1. 0. 0. 0. 0. 0. 1.
 0. 0. 1. 0. 1. 0. 0. 1. 0. 1. 1. 0. 0. 0. 1. 0. 0. 0. 1. 1. 1. 0. 1. 0.
 1. 0. 1. 1. 0. 1. 1. 1. 1. 0. 1. 0. 0. 1. 1. 1. 0. 0. 0. 1. 1. 0. 1. 1.
 0. 0. 1. 0. 0. 1. 0. 1. 0. 1. 1. 1. 0. 1. 0. 1. 1. 1. 1. 1. 1. 1. 1. 0.
 0. 0. 1. 1. 1. 0. 0. 1. 1. 1. 0. 0. 0. 1. 1. 1. 0. 0. 0. 0. 1. 1. 1. 0.
 1. 0. 0. 1. 1. 0. 0. 0. 0. 1. 0. 0. 1. 1. 0. 1. 1. 1. 0. 1. 1. 0. 1. 0.
 1. 1. 0. 0. 0. 1. 1. 0. 1. 1. 0. 1. 0. 0. 0. 1. 1. 1. 0. 1. 0. 1. 1. 0.
 1. 0. 0. 1. 1. 0. 0. 1. 0. 1. 1. 0. 0. 1. 0. 0. 1. 1. 0. 1. 1. 0. 0. 0.
 0. 1. 1. 0. 0. 1. 0. 0. 1. 0. 1. 1. 1. 0. 0. 0. 1. 1. 0. 0. 0. 0. 1. 0.
 0. 1. 0. 1. 1. 1. 1. 0. 0. 0. 0. 1. 1. 1. 1. 0. 1. 1. 1. 1. 0. 1. 0. 0.
 1. 0. 0. 1. 1. 1. 1. 1. 0. 0. 1. 1. 1. 0. 0. 1. 0. 1. 0. 0. 1. 0. 1. 0.
 1. 0. 0. 0.]"
905,randomforest,"{'criterion': 'gini', 'max_features': 'sqrt', 'n_estimators': 327}",0.5928334745034901,0.1944315614542929,0.1884779239990125,0.3749549964276754,0.5840211088194959,0.20251146363781397,0.5746031746031746,0.14925373134328357,0.5746268656716418,0.5746268656716418,"{0: 0.594397415905547, 1: 0.594397415905547}","{0: 0.594397415905547, 1: 0.594397415905547}",0.594397415905547,"[[78 56]
 [58 76]]","[1. 0. 0. 0. 0. 1. 0. 1. 1. 0. 0. 0. 1. 0. 0. 0. 1. 0. 0. 0. 0. 1. 0. 0.
 0. 0. 1. 1. 1. 1. 1. 0. 0. 0. 1. 0. 0. 0. 1. 0. 0. 0. 1. 0. 0. 0. 1. 0.
 0. 0. 1. 0. 1. 1. 1. 1. 1. 1. 0. 1. 0. 0. 1. 0. 0. 0. 1. 1. 1. 1. 0. 0.
 0. 1. 0. 1. 1. 0. 0. 0. 0. 1. 1. 0. 0. 1. 0. 1. 1. 1. 1. 1. 0. 1. 1. 1.
 0. 0. 1. 1. 0. 1. 1. 0. 0. 0. 0. 0. 0. 1. 0. 0. 0. 1. 1. 0. 1. 0. 0. 0.
 0. 1. 1. 1. 1. 1. 1. 1. 1. 0. 0. 1. 1. 0. 1. 1. 0. 1. 0. 1. 0. 0. 1. 0.
 0. 0. 0. 0. 1. 1. 1. 0. 1. 0. 0. 1. 1. 0. 1. 0. 1. 1. 0. 0. 1. 1. 0. 1.
 1. 1. 0. 1. 1. 1. 0. 1. 1. 0. 1. 0. 0. 1. 1. 1. 0. 0. 1. 1. 0. 0. 1. 1.
 0. 1. 1. 1. 1. 1. 0. 0. 0. 0. 1. 1. 0. 0. 0. 0. 1. 1. 0. 1. 1. 1. 0. 0.
 1. 1. 0. 1. 0. 0. 0. 0. 1. 1. 1. 0. 0. 0. 1. 1. 1. 1. 1. 1. 0. 1. 0. 0.
 1. 1. 0. 0. 1. 1. 0. 1. 0. 1. 1. 0. 1. 0. 0. 1. 0. 0. 0. 1. 0. 0. 1. 1.
 1. 0. 1. 0.]","[0. 1. 0. 0. 0. 1. 1. 1. 0. 0. 0. 0. 0. 1. 0. 0. 1. 1. 0. 0. 0. 0. 0. 1.
 0. 0. 1. 0. 1. 0. 0. 1. 0. 1. 1. 0. 0. 0. 1. 0. 0. 0. 1. 1. 1. 0. 1. 0.
 1. 0. 1. 1. 0. 1. 1. 1. 1. 0. 1. 0. 0. 1. 1. 1. 0. 0. 0. 1. 1. 0. 1. 1.
 0. 0. 1. 0. 0. 1. 0. 1. 0. 1. 1. 1. 0. 1. 0. 1. 1. 1. 1. 1. 1. 1. 1. 0.
 0. 0. 1. 1. 1. 0. 0. 1. 1. 1. 0. 0. 0. 1. 1. 1. 0. 0. 0. 0. 1. 1. 1. 0.
 1. 0. 0. 1. 1. 0. 0. 0. 0. 1. 0. 0. 1. 1. 0. 1. 1. 1. 0. 1. 1. 0. 1. 0.
 1. 1. 0. 0. 0. 1. 1. 0. 1. 1. 0. 1. 0. 0. 0. 1. 1. 1. 0. 1. 0. 1. 1. 0.
 1. 0. 0. 1. 1. 0. 0. 1. 0. 1. 1. 0. 0. 1. 0. 0. 1. 1. 0. 1. 1. 0. 0. 0.
 0. 1. 1. 0. 0. 1. 0. 0. 1. 0. 1. 1. 1. 0. 0. 0. 1. 1. 0. 0. 0. 0. 1. 0.
 0. 1. 0. 1. 1. 1. 1. 0. 0. 0. 0. 1. 1. 1. 1. 0. 1. 1. 1. 1. 0. 1. 0. 0.
 1. 0. 0. 1. 1. 1. 1. 1. 0. 0. 1. 1. 1. 0. 0. 1. 0. 1. 0. 0. 1. 0. 1. 0.
 1. 0. 0. 0.]"
771,randomforest,"{'criterion': 'gini', 'max_features': 'sqrt', 'n_estimators': 521}",0.5932185046975263,0.2009736902002336,0.18847790561672947,0.37569798331833776,0.5846999420084097,0.2095890304244016,0.5706025774991291,0.14179104477611937,0.5708955223880597,0.5708955223880596,"{0: 0.5859879705947872, 1: 0.5859879705947872}","{0: 0.5859879705947872, 1: 0.5859879705947872}",0.5859879705947872,"[[73 61]
 [54 80]]","[1. 0. 0. 0. 0. 1. 0. 1. 1. 0. 0. 0. 1. 0. 0. 0. 0. 0. 0. 1. 0. 1. 0. 0.
 0. 0. 1. 1. 1. 1. 1. 0. 0. 0. 1. 0. 1. 0. 1. 0. 0. 0. 1. 0. 0. 0. 1. 0.
 0. 0. 1. 0. 1. 1. 1. 1. 1. 1. 0. 1. 0. 0. 1. 1. 0. 0. 1. 1. 1. 1. 0. 0.
 1. 1. 0. 1. 1. 0. 0. 0. 1. 1. 1. 0. 0. 1. 0. 1. 1. 1. 1. 1. 0. 1. 1. 1.
 0. 0. 1. 1. 0. 1. 1. 1. 0. 0. 0. 1. 0. 1. 0. 0. 0. 1. 1. 0. 1. 0. 0. 0.
 0. 1. 1. 1. 1. 1. 1. 1. 1. 0. 0. 1. 1. 0. 1. 1. 0. 1. 0. 1. 1. 0. 0. 0.
 1. 0. 0. 0. 1. 1. 1. 0. 1. 0. 0. 1. 1. 0. 1. 0. 1. 1. 0. 0. 1. 1. 0. 1.
 1. 1. 0. 1. 1. 1. 0. 1. 1. 0. 1. 0. 0. 1. 1. 1. 0. 0. 1. 1. 0. 0. 1. 1.
 1. 1. 1. 0. 1. 1. 0. 0. 0. 0. 1. 1. 0. 0. 0. 0. 1. 1. 0. 1. 1. 1. 0. 0.
 1. 1. 0. 1. 0. 0. 0. 0. 1. 1. 1. 0. 1. 0. 1. 1. 1. 1. 1. 1. 0. 1. 0. 0.
 1. 1. 0. 0. 1. 1. 1. 1. 0. 1. 1. 0. 1. 0. 0. 1. 0. 0. 0. 1. 0. 0. 1. 1.
 1. 0. 1. 0.]","[0. 1. 0. 0. 0. 1. 1. 1. 0. 0. 0. 0. 0. 1. 0. 0. 1. 1. 0. 0. 0. 0. 0. 1.
 0. 0. 1. 0. 1. 0. 0. 1. 0. 1. 1. 0. 0. 0. 1. 0. 0. 0. 1. 1. 1. 0. 1. 0.
 1. 0. 1. 1. 0. 1. 1. 1. 1. 0. 1. 0. 0. 1. 1. 1. 0. 0. 0. 1. 1. 0. 1. 1.
 0. 0. 1. 0. 0. 1. 0. 1. 0. 1. 1. 1. 0. 1. 0. 1. 1. 1. 1. 1. 1. 1. 1. 0.
 0. 0. 1. 1. 1. 0. 0. 1. 1. 1. 0. 0. 0. 1. 1. 1. 0. 0. 0. 0. 1. 1. 1. 0.
 1. 0. 0. 1. 1. 0. 0. 0. 0. 1. 0. 0. 1. 1. 0. 1. 1. 1. 0. 1. 1. 0. 1. 0.
 1. 1. 0. 0. 0. 1. 1. 0. 1. 1. 0. 1. 0. 0. 0. 1. 1. 1. 0. 1. 0. 1. 1. 0.
 1. 0. 0. 1. 1. 0. 0. 1. 0. 1. 1. 0. 0. 1. 0. 0. 1. 1. 0. 1. 1. 0. 0. 0.
 0. 1. 1. 0. 0. 1. 0. 0. 1. 0. 1. 1. 1. 0. 0. 0. 1. 1. 0. 0. 0. 0. 1. 0.
 0. 1. 0. 1. 1. 1. 1. 0. 0. 0. 0. 1. 1. 1. 1. 0. 1. 1. 1. 1. 0. 1. 0. 0.
 1. 0. 0. 1. 1. 1. 1. 1. 0. 0. 1. 1. 1. 0. 0. 1. 0. 1. 0. 0. 1. 0. 1. 0.
 1. 0. 0. 0.]"
841,randomforest,"{'criterion': 'gini', 'max_features': 'sqrt', 'n_estimators': 565}",0.5942625208967715,0.19847789354472176,0.18846310209727068,0.35822792832887684,0.5883142096851773,0.20281609680115623,0.5744135510113111,0.14925373134328357,0.5746268656716418,0.5746268656716418,"{0: 0.588354867453776, 1: 0.5883548674537759}","{0: 0.588354867453776, 1: 0.5883548674537759}",0.5883548674537759,"[[74 60]
 [54 80]]","[1. 0. 0. 0. 0. 1. 0. 1. 1. 0. 0. 0. 1. 0. 0. 0. 1. 0. 0. 0. 0. 1. 0. 0.
 1. 0. 1. 1. 1. 1. 1. 0. 0. 0. 1. 0. 1. 0. 1. 0. 1. 0. 1. 0. 0. 0. 1. 0.
 0. 0. 1. 0. 1. 1. 1. 1. 1. 1. 0. 1. 0. 0. 1. 1. 0. 0. 1. 1. 1. 1. 0. 0.
 1. 1. 0. 1. 1. 0. 0. 0. 1. 1. 1. 0. 0. 1. 0. 1. 1. 1. 1. 1. 0. 1. 1. 1.
 0. 0. 1. 1. 0. 1. 0. 0. 0. 0. 0. 1. 0. 1. 0. 0. 0. 1. 1. 0. 1. 0. 0. 0.
 0. 1. 1. 1. 1. 1. 1. 1. 1. 0. 0. 1. 1. 0. 1. 1. 0. 1. 0. 1. 1. 0. 0. 0.
 1. 0. 0. 0. 1. 1. 1. 0. 1. 1. 0. 1. 1. 0. 1. 0. 1. 1. 0. 0. 1. 1. 0. 1.
 1. 1. 0. 1. 1. 0. 0. 1. 1. 0. 1. 0. 0. 0. 1. 1. 0. 0. 1. 1. 0. 0. 1. 1.
 1. 1. 1. 0. 1. 1. 0. 0. 0. 0. 1. 1. 0. 0. 0. 0. 1. 1. 0. 1. 1. 1. 0. 0.
 1. 1. 0. 1. 0. 0. 0. 0. 1. 1. 1. 0. 1. 0. 1. 1. 1. 1. 1. 1. 0. 1. 0. 0.
 1. 1. 0. 0. 1. 1. 1. 1. 0. 1. 1. 0. 1. 0. 0. 1. 0. 0. 0. 1. 0. 0. 1. 1.
 1. 0. 1. 0.]","[0. 1. 0. 0. 0. 1. 1. 1. 0. 0. 0. 0. 0. 1. 0. 0. 1. 1. 0. 0. 0. 0. 0. 1.
 0. 0. 1. 0. 1. 0. 0. 1. 0. 1. 1. 0. 0. 0. 1. 0. 0. 0. 1. 1. 1. 0. 1. 0.
 1. 0. 1. 1. 0. 1. 1. 1. 1. 0. 1. 0. 0. 1. 1. 1. 0. 0. 0. 1. 1. 0. 1. 1.
 0. 0. 1. 0. 0. 1. 0. 1. 0. 1. 1. 1. 0. 1. 0. 1. 1. 1. 1. 1. 1. 1. 1. 0.
 0. 0. 1. 1. 1. 0. 0. 1. 1. 1. 0. 0. 0. 1. 1. 1. 0. 0. 0. 0. 1. 1. 1. 0.
 1. 0. 0. 1. 1. 0. 0. 0. 0. 1. 0. 0. 1. 1. 0. 1. 1. 1. 0. 1. 1. 0. 1. 0.
 1. 1. 0. 0. 0. 1. 1. 0. 1. 1. 0. 1. 0. 0. 0. 1. 1. 1. 0. 1. 0. 1. 1. 0.
 1. 0. 0. 1. 1. 0. 0. 1. 0. 1. 1. 0. 0. 1. 0. 0. 1. 1. 0. 1. 1. 0. 0. 0.
 0. 1. 1. 0. 0. 1. 0. 0. 1. 0. 1. 1. 1. 0. 0. 0. 1. 1. 0. 0. 0. 0. 1. 0.
 0. 1. 0. 1. 1. 1. 1. 0. 0. 0. 0. 1. 1. 1. 1. 0. 1. 1. 1. 1. 0. 1. 0. 0.
 1. 0. 0. 1. 1. 1. 1. 1. 0. 0. 1. 1. 1. 0. 0. 1. 0. 1. 0. 0. 1. 0. 1. 0.
 1. 0. 0. 0.]"
887,randomforest,"{'criterion': 'gini', 'max_features': 'sqrt', 'n_estimators': 345}",0.5934018617935787,0.17142911091603388,0.18839501387304333,0.32179836757081454,0.5840716351301029,0.17804641865981363,0.5746031746031746,0.14925373134328357,0.5746268656716418,0.5746268656716418,"{0: 0.595650478948541, 1: 0.5956504789485408}","{0: 0.595650478948541, 1: 0.5956504789485408}",0.5956504789485408,"[[76 58]
 [56 78]]","[1. 0. 0. 0. 0. 1. 0. 1. 1. 0. 0. 0. 1. 0. 0. 0. 1. 0. 0. 1. 0. 1. 0. 0.
 0. 0. 1. 1. 1. 1. 1. 0. 0. 0. 1. 0. 0. 0. 1. 0. 0. 0. 1. 0. 0. 0. 1. 1.
 0. 0. 1. 0. 1. 1. 1. 1. 1. 1. 0. 1. 0. 0. 1. 0. 0. 0. 1. 1. 1. 1. 0. 0.
 0. 1. 0. 1. 1. 0. 0. 0. 1. 1. 1. 0. 0. 1. 0. 1. 1. 1. 1. 1. 0. 1. 1. 1.
 0. 0. 1. 1. 0. 1. 1. 1. 0. 0. 0. 0. 0. 1. 0. 0. 0. 1. 1. 0. 1. 0. 0. 0.
 0. 1. 1. 1. 1. 1. 1. 1. 1. 0. 0. 0. 1. 0. 1. 1. 0. 1. 0. 1. 1. 0. 0. 0.
 0. 0. 0. 0. 1. 1. 1. 0. 1. 1. 0. 1. 1. 0. 1. 0. 1. 1. 0. 0. 1. 1. 0. 1.
 1. 1. 0. 1. 1. 0. 0. 1. 1. 0. 1. 0. 0. 0. 1. 1. 0. 0. 1. 1. 0. 0. 1. 1.
 0. 1. 1. 1. 1. 1. 0. 0. 0. 0. 1. 1. 0. 0. 0. 1. 1. 1. 0. 1. 1. 1. 0. 0.
 1. 1. 0. 0. 0. 0. 0. 0. 1. 1. 1. 0. 0. 1. 1. 1. 1. 1. 1. 1. 0. 1. 0. 0.
 1. 1. 0. 0. 1. 1. 1. 1. 0. 1. 1. 0. 1. 0. 0. 1. 0. 0. 0. 1. 0. 0. 1. 1.
 1. 0. 1. 0.]","[0. 1. 0. 0. 0. 1. 1. 1. 0. 0. 0. 0. 0. 1. 0. 0. 1. 1. 0. 0. 0. 0. 0. 1.
 0. 0. 1. 0. 1. 0. 0. 1. 0. 1. 1. 0. 0. 0. 1. 0. 0. 0. 1. 1. 1. 0. 1. 0.
 1. 0. 1. 1. 0. 1. 1. 1. 1. 0. 1. 0. 0. 1. 1. 1. 0. 0. 0. 1. 1. 0. 1. 1.
 0. 0. 1. 0. 0. 1. 0. 1. 0. 1. 1. 1. 0. 1. 0. 1. 1. 1. 1. 1. 1. 1. 1. 0.
 0. 0. 1. 1. 1. 0. 0. 1. 1. 1. 0. 0. 0. 1. 1. 1. 0. 0. 0. 0. 1. 1. 1. 0.
 1. 0. 0. 1. 1. 0. 0. 0. 0. 1. 0. 0. 1. 1. 0. 1. 1. 1. 0. 1. 1. 0. 1. 0.
 1. 1. 0. 0. 0. 1. 1. 0. 1. 1. 0. 1. 0. 0. 0. 1. 1. 1. 0. 1. 0. 1. 1. 0.
 1. 0. 0. 1. 1. 0. 0. 1. 0. 1. 1. 0. 0. 1. 0. 0. 1. 1. 0. 1. 1. 0. 0. 0.
 0. 1. 1. 0. 0. 1. 0. 0. 1. 0. 1. 1. 1. 0. 0. 0. 1. 1. 0. 0. 0. 0. 1. 0.
 0. 1. 0. 1. 1. 1. 1. 0. 0. 0. 0. 1. 1. 1. 1. 0. 1. 1. 1. 1. 0. 1. 0. 0.
 1. 0. 0. 1. 1. 1. 1. 1. 0. 0. 1. 1. 1. 0. 0. 1. 0. 1. 0. 0. 1. 0. 1. 0.
 1. 0. 0. 0.]"
608,randomforest,"{'criterion': 'gini', 'max_features': None, 'n_estimators': 387}",0.5891805423272016,0.18750243523847523,0.18815670678189114,0.3314275578011337,0.5824735225944904,0.18752694194374184,0.5708417461533105,0.14179104477611937,0.5708955223880597,0.5708955223880596,"{0: 0.5926431276453553, 1: 0.5926431276453552}","{0: 0.5926431276453553, 1: 0.5926431276453552}",0.5926431276453552,"[[75 59]
 [56 78]]","[1. 0. 0. 0. 0. 1. 0. 1. 1. 0. 0. 0. 1. 0. 0. 0. 0. 0. 0. 0. 0. 1. 0. 0.
 0. 0. 1. 1. 1. 1. 1. 0. 0. 0. 1. 1. 0. 0. 1. 0. 1. 0. 1. 1. 0. 0. 1. 0.
 0. 0. 1. 0. 0. 1. 1. 1. 1. 1. 0. 1. 0. 0. 1. 0. 0. 0. 1. 1. 1. 1. 0. 0.
 1. 1. 0. 1. 1. 0. 0. 0. 1. 1. 1. 0. 0. 1. 0. 1. 1. 1. 1. 1. 0. 1. 1. 1.
 0. 0. 1. 1. 0. 1. 1. 0. 0. 0. 0. 1. 0. 1. 0. 0. 0. 1. 1. 0. 1. 0. 0. 0.
 1. 1. 1. 1. 1. 1. 1. 1. 1. 0. 0. 1. 1. 0. 1. 1. 0. 1. 0. 1. 0. 0. 0. 0.
 0. 0. 0. 0. 1. 1. 1. 0. 1. 1. 0. 1. 1. 0. 1. 0. 1. 1. 0. 0. 1. 1. 0. 1.
 1. 1. 0. 1. 1. 0. 0. 1. 1. 0. 1. 0. 0. 1. 1. 1. 0. 0. 1. 1. 1. 0. 1. 1.
 1. 1. 0. 0. 0. 1. 0. 1. 1. 0. 1. 1. 0. 0. 0. 0. 1. 1. 0. 1. 1. 1. 0. 0.
 1. 1. 0. 0. 0. 0. 0. 0. 1. 1. 1. 0. 0. 0. 1. 1. 1. 1. 1. 1. 0. 1. 0. 0.
 1. 1. 0. 0. 1. 1. 0. 1. 0. 1. 1. 0. 1. 0. 0. 1. 0. 1. 0. 1. 0. 0. 1. 1.
 1. 0. 1. 0.]","[0. 1. 0. 0. 0. 1. 1. 1. 0. 0. 0. 0. 0. 1. 0. 0. 1. 1. 0. 0. 0. 0. 0. 1.
 0. 0. 1. 0. 1. 0. 0. 1. 0. 1. 1. 0. 0. 0. 1. 0. 0. 0. 1. 1. 1. 0. 1. 0.
 1. 0. 1. 1. 0. 1. 1. 1. 1. 0. 1. 0. 0. 1. 1. 1. 0. 0. 0. 1. 1. 0. 1. 1.
 0. 0. 1. 0. 0. 1. 0. 1. 0. 1. 1. 1. 0. 1. 0. 1. 1. 1. 1. 1. 1. 1. 1. 0.
 0. 0. 1. 1. 1. 0. 0. 1. 1. 1. 0. 0. 0. 1. 1. 1. 0. 0. 0. 0. 1. 1. 1. 0.
 1. 0. 0. 1. 1. 0. 0. 0. 0. 1. 0. 0. 1. 1. 0. 1. 1. 1. 0. 1. 1. 0. 1. 0.
 1. 1. 0. 0. 0. 1. 1. 0. 1. 1. 0. 1. 0. 0. 0. 1. 1. 1. 0. 1. 0. 1. 1. 0.
 1. 0. 0. 1. 1. 0. 0. 1. 0. 1. 1. 0. 0. 1. 0. 0. 1. 1. 0. 1. 1. 0. 0. 0.
 0. 1. 1. 0. 0. 1. 0. 0. 1. 0. 1. 1. 1. 0. 0. 0. 1. 1. 0. 0. 0. 0. 1. 0.
 0. 1. 0. 1. 1. 1. 1. 0. 0. 0. 0. 1. 1. 1. 1. 0. 1. 1. 1. 1. 0. 1. 0. 0.
 1. 0. 0. 1. 1. 1. 1. 1. 0. 0. 1. 1. 1. 0. 0. 1. 0. 1. 0. 0. 1. 0. 1. 0.
 1. 0. 0. 0.]"
262,randomforest,"{'criterion': 'gini', 'max_features': 'log2', 'n_estimators': 403}",0.5889244193679678,0.19663872595365423,0.18788448848242076,0.34579832332456695,0.5831822448757932,0.20094010734916956,0.5669471220816849,0.13432835820895528,0.5671641791044776,0.5671641791044777,"{0: 0.5902483849409669, 1: 0.5902483849409669}","{0: 0.5902483849409669, 1: 0.5902483849409669}",0.5902483849409669,"[[73 61]
 [55 79]]","[1. 0. 0. 0. 0. 1. 0. 1. 1. 0. 0. 0. 1. 0. 0. 0. 1. 0. 0. 0. 0. 1. 0. 0.
 0. 0. 1. 1. 1. 1. 1. 0. 0. 0. 1. 0. 0. 0. 1. 0. 0. 0. 1. 0. 0. 0. 1. 1.
 0. 0. 1. 0. 1. 1. 1. 1. 1. 1. 0. 1. 1. 0. 1. 0. 0. 0. 1. 1. 1. 1. 0. 0.
 1. 1. 0. 1. 1. 0. 0. 0. 1. 1. 1. 0. 0. 1. 0. 1. 1. 1. 1. 1. 0. 1. 1. 1.
 0. 0. 1. 1. 0. 1. 1. 0. 0. 0. 0. 1. 0. 1. 0. 0. 0. 1. 1. 0. 1. 0. 0. 0.
 0. 1. 1. 1. 1. 1. 1. 1. 1. 0. 0. 1. 1. 0. 1. 1. 0. 1. 0. 1. 1. 0. 1. 0.
 0. 0. 0. 0. 1. 1. 1. 0. 1. 1. 0. 1. 1. 0. 1. 0. 1. 1. 0. 0. 1. 1. 0. 1.
 1. 1. 0. 1. 1. 0. 0. 1. 1. 0. 1. 0. 0. 0. 1. 1. 0. 0. 1. 1. 0. 0. 1. 1.
 1. 1. 1. 1. 1. 1. 0. 0. 0. 0. 1. 1. 0. 0. 0. 0. 1. 1. 0. 1. 1. 1. 0. 0.
 1. 1. 0. 1. 0. 0. 0. 0. 1. 1. 1. 0. 0. 0. 1. 1. 1. 1. 1. 1. 0. 1. 0. 0.
 1. 1. 0. 0. 1. 1. 1. 1. 0. 1. 1. 0. 1. 0. 0. 1. 0. 1. 0. 1. 0. 0. 1. 1.
 1. 0. 1. 0.]","[0. 1. 0. 0. 0. 1. 1. 1. 0. 0. 0. 0. 0. 1. 0. 0. 1. 1. 0. 0. 0. 0. 0. 1.
 0. 0. 1. 0. 1. 0. 0. 1. 0. 1. 1. 0. 0. 0. 1. 0. 0. 0. 1. 1. 1. 0. 1. 0.
 1. 0. 1. 1. 0. 1. 1. 1. 1. 0. 1. 0. 0. 1. 1. 1. 0. 0. 0. 1. 1. 0. 1. 1.
 0. 0. 1. 0. 0. 1. 0. 1. 0. 1. 1. 1. 0. 1. 0. 1. 1. 1. 1. 1. 1. 1. 1. 0.
 0. 0. 1. 1. 1. 0. 0. 1. 1. 1. 0. 0. 0. 1. 1. 1. 0. 0. 0. 0. 1. 1. 1. 0.
 1. 0. 0. 1. 1. 0. 0. 0. 0. 1. 0. 0. 1. 1. 0. 1. 1. 1. 0. 1. 1. 0. 1. 0.
 1. 1. 0. 0. 0. 1. 1. 0. 1. 1. 0. 1. 0. 0. 0. 1. 1. 1. 0. 1. 0. 1. 1. 0.
 1. 0. 0. 1. 1. 0. 0. 1. 0. 1. 1. 0. 0. 1. 0. 0. 1. 1. 0. 1. 1. 0. 0. 0.
 0. 1. 1. 0. 0. 1. 0. 0. 1. 0. 1. 1. 1. 0. 0. 0. 1. 1. 0. 0. 0. 0. 1. 0.
 0. 1. 0. 1. 1. 1. 1. 0. 0. 0. 0. 1. 1. 1. 1. 0. 1. 1. 1. 1. 0. 1. 0. 0.
 1. 0. 0. 1. 1. 1. 1. 1. 0. 0. 1. 1. 1. 0. 0. 1. 0. 1. 0. 0. 1. 0. 1. 0.
 1. 0. 0. 0.]"
649,randomforest,"{'criterion': 'gini', 'max_features': 'sqrt', 'n_estimators': 285}",0.5901411928783845,0.19804549876140257,0.1878684487843758,0.3626823880489127,0.5825049148133825,0.2024534140708506,0.5708417461533105,0.14179104477611937,0.5708955223880597,0.5708955223880596,"{0: 0.5786645132546224, 1: 0.5786645132546223}","{0: 0.5786645132546224, 1: 0.5786645132546223}",0.5786645132546223,"[[75 59]
 [56 78]]","[1. 0. 0. 0. 0. 1. 0. 1. 1. 0. 0. 0. 1. 0. 0. 0. 0. 0. 0. 0. 0. 1. 0. 0.
 0. 0. 1. 1. 1. 1. 1. 0. 0. 0. 1. 0. 0. 0. 1. 0. 0. 0. 1. 1. 0. 0. 1. 0.
 0. 0. 1. 0. 1. 1. 1. 1. 1. 1. 0. 1. 0. 0. 1. 0. 0. 0. 1. 1. 1. 1. 0. 0.
 1. 1. 0. 1. 1. 0. 0. 0. 1. 1. 1. 0. 0. 1. 0. 1. 1. 1. 1. 1. 0. 1. 1. 1.
 0. 0. 1. 1. 0. 1. 0. 0. 0. 0. 0. 1. 0. 1. 0. 0. 0. 1. 1. 0. 1. 0. 0. 0.
 0. 1. 1. 1. 1. 1. 1. 1. 1. 0. 0. 1. 1. 0. 1. 1. 0. 1. 0. 1. 1. 0. 0. 0.
 1. 0. 0. 0. 1. 1. 1. 0. 1. 1. 0. 1. 1. 0. 1. 0. 1. 1. 0. 0. 1. 0. 0. 1.
 1. 1. 0. 1. 1. 1. 0. 1. 1. 0. 1. 0. 0. 0. 1. 1. 0. 0. 1. 1. 0. 0. 1. 1.
 1. 1. 1. 1. 1. 1. 0. 1. 0. 0. 1. 1. 0. 0. 0. 0. 1. 1. 0. 1. 1. 1. 0. 0.
 1. 1. 0. 1. 0. 1. 0. 0. 1. 1. 1. 0. 0. 0. 1. 1. 1. 1. 1. 1. 0. 1. 0. 0.
 1. 1. 0. 0. 1. 1. 1. 1. 0. 0. 1. 0. 1. 0. 0. 1. 0. 0. 0. 1. 0. 0. 1. 1.
 1. 0. 1. 0.]","[0. 1. 0. 0. 0. 1. 1. 1. 0. 0. 0. 0. 0. 1. 0. 0. 1. 1. 0. 0. 0. 0. 0. 1.
 0. 0. 1. 0. 1. 0. 0. 1. 0. 1. 1. 0. 0. 0. 1. 0. 0. 0. 1. 1. 1. 0. 1. 0.
 1. 0. 1. 1. 0. 1. 1. 1. 1. 0. 1. 0. 0. 1. 1. 1. 0. 0. 0. 1. 1. 0. 1. 1.
 0. 0. 1. 0. 0. 1. 0. 1. 0. 1. 1. 1. 0. 1. 0. 1. 1. 1. 1. 1. 1. 1. 1. 0.
 0. 0. 1. 1. 1. 0. 0. 1. 1. 1. 0. 0. 0. 1. 1. 1. 0. 0. 0. 0. 1. 1. 1. 0.
 1. 0. 0. 1. 1. 0. 0. 0. 0. 1. 0. 0. 1. 1. 0. 1. 1. 1. 0. 1. 1. 0. 1. 0.
 1. 1. 0. 0. 0. 1. 1. 0. 1. 1. 0. 1. 0. 0. 0. 1. 1. 1. 0. 1. 0. 1. 1. 0.
 1. 0. 0. 1. 1. 0. 0. 1. 0. 1. 1. 0. 0. 1. 0. 0. 1. 1. 0. 1. 1. 0. 0. 0.
 0. 1. 1. 0. 0. 1. 0. 0. 1. 0. 1. 1. 1. 0. 0. 0. 1. 1. 0. 0. 0. 0. 1. 0.
 0. 1. 0. 1. 1. 1. 1. 0. 0. 0. 0. 1. 1. 1. 1. 0. 1. 1. 1. 1. 0. 1. 0. 0.
 1. 0. 0. 1. 1. 1. 1. 1. 0. 0. 1. 1. 1. 0. 0. 1. 0. 1. 0. 0. 1. 0. 1. 0.
 1. 0. 0. 0.]"
750,randomforest,"{'criterion': 'gini', 'max_features': 'sqrt', 'n_estimators': 157}",0.6002787269129773,0.18919129350978087,0.18781851844718225,0.3516065479358529,0.5911235531195208,0.1938790427157603,0.5744135510113111,0.14925373134328357,0.5746268656716418,0.5746268656716418,"{0: 0.6053686789930942, 1: 0.6053686789930943}","{0: 0.6053686789930942, 1: 0.6053686789930943}",0.6053686789930943,"[[74 60]
 [54 80]]","[1. 0. 0. 0. 0. 1. 0. 1. 1. 0. 0. 0. 1. 0. 0. 0. 1. 0. 0. 0. 0. 1. 0. 0.
 0. 0. 1. 1. 1. 1. 1. 0. 0. 0. 1. 1. 1. 0. 1. 0. 1. 0. 1. 0. 0. 0. 1. 1.
 0. 0. 1. 0. 0. 1. 1. 1. 1. 1. 0. 1. 0. 0. 1. 0. 0. 0. 1. 1. 1. 1. 0. 0.
 1. 1. 0. 1. 1. 0. 0. 0. 1. 1. 1. 0. 0. 1. 0. 1. 1. 1. 1. 1. 0. 1. 1. 1.
 0. 0. 1. 1. 0. 1. 1. 1. 0. 0. 0. 1. 0. 1. 0. 0. 0. 1. 1. 0. 1. 0. 0. 0.
 0. 1. 1. 1. 1. 1. 1. 1. 1. 0. 0. 1. 1. 0. 1. 1. 0. 1. 0. 1. 1. 0. 0. 0.
 0. 0. 0. 0. 1. 1. 1. 0. 1. 1. 0. 1. 1. 0. 1. 0. 1. 1. 0. 0. 1. 1. 0. 1.
 1. 1. 0. 1. 1. 0. 0. 1. 1. 0. 1. 0. 0. 1. 1. 1. 0. 0. 1. 1. 0. 0. 0. 1.
 1. 1. 1. 0. 1. 1. 0. 1. 0. 0. 1. 1. 0. 0. 0. 0. 1. 1. 0. 1. 1. 1. 0. 0.
 1. 1. 0. 1. 0. 0. 0. 0. 1. 1. 1. 0. 1. 0. 1. 1. 1. 1. 1. 1. 0. 1. 0. 0.
 1. 1. 0. 0. 1. 1. 1. 1. 0. 0. 1. 0. 1. 0. 0. 1. 0. 0. 0. 1. 0. 0. 1. 1.
 1. 0. 1. 0.]","[0. 1. 0. 0. 0. 1. 1. 1. 0. 0. 0. 0. 0. 1. 0. 0. 1. 1. 0. 0. 0. 0. 0. 1.
 0. 0. 1. 0. 1. 0. 0. 1. 0. 1. 1. 0. 0. 0. 1. 0. 0. 0. 1. 1. 1. 0. 1. 0.
 1. 0. 1. 1. 0. 1. 1. 1. 1. 0. 1. 0. 0. 1. 1. 1. 0. 0. 0. 1. 1. 0. 1. 1.
 0. 0. 1. 0. 0. 1. 0. 1. 0. 1. 1. 1. 0. 1. 0. 1. 1. 1. 1. 1. 1. 1. 1. 0.
 0. 0. 1. 1. 1. 0. 0. 1. 1. 1. 0. 0. 0. 1. 1. 1. 0. 0. 0. 0. 1. 1. 1. 0.
 1. 0. 0. 1. 1. 0. 0. 0. 0. 1. 0. 0. 1. 1. 0. 1. 1. 1. 0. 1. 1. 0. 1. 0.
 1. 1. 0. 0. 0. 1. 1. 0. 1. 1. 0. 1. 0. 0. 0. 1. 1. 1. 0. 1. 0. 1. 1. 0.
 1. 0. 0. 1. 1. 0. 0. 1. 0. 1. 1. 0. 0. 1. 0. 0. 1. 1. 0. 1. 1. 0. 0. 0.
 0. 1. 1. 0. 0. 1. 0. 0. 1. 0. 1. 1. 1. 0. 0. 0. 1. 1. 0. 0. 0. 0. 1. 0.
 0. 1. 0. 1. 1. 1. 1. 0. 0. 0. 0. 1. 1. 1. 1. 0. 1. 1. 1. 1. 0. 1. 0. 0.
 1. 0. 0. 1. 1. 1. 1. 1. 0. 0. 1. 1. 1. 0. 0. 1. 0. 1. 0. 0. 1. 0. 1. 0.
 1. 0. 0. 0.]"
206,randomforest,"{'criterion': 'entropy', 'max_features': None, 'n_estimators': 553}",0.5931257571141347,0.1950057898847311,0.1877567102269769,0.35208107884374645,0.5852563878773556,0.2040872156254474,0.5667781493868451,0.13432835820895528,0.5671641791044776,0.5671641791044776,"{0: 0.5853196703051905, 1: 0.5853196703051904}","{0: 0.5853196703051905, 1: 0.5853196703051904}",0.5853196703051904,"[[72 62]
 [54 80]]","[1. 0. 0. 0. 0. 1. 0. 1. 1. 0. 0. 0. 1. 0. 0. 0. 0. 0. 0. 0. 0. 1. 0. 0.
 0. 0. 1. 1. 1. 1. 1. 0. 0. 0. 1. 1. 0. 0. 1. 0. 0. 0. 1. 0. 0. 1. 1. 0.
 0. 0. 1. 0. 0. 1. 1. 1. 1. 1. 0. 1. 1. 0. 1. 1. 0. 0. 1. 1. 1. 1. 0. 0.
 0. 1. 0. 1. 1. 0. 0. 0. 1. 1. 1. 0. 0. 1. 1. 1. 1. 1. 1. 1. 0. 1. 1. 1.
 0. 0. 1. 1. 0. 1. 1. 0. 0. 0. 0. 0. 0. 1. 0. 0. 0. 1. 1. 0. 1. 0. 0. 0.
 1. 1. 1. 1. 1. 1. 1. 1. 1. 0. 0. 1. 1. 0. 1. 1. 0. 1. 0. 1. 1. 0. 1. 0.
 0. 0. 0. 0. 1. 1. 1. 0. 1. 1. 0. 1. 1. 0. 1. 0. 1. 1. 0. 0. 1. 1. 0. 1.
 1. 1. 0. 1. 1. 0. 0. 1. 1. 0. 1. 0. 0. 1. 1. 1. 0. 0. 1. 1. 0. 0. 1. 1.
 1. 1. 0. 1. 1. 1. 0. 1. 0. 0. 1. 1. 0. 1. 0. 0. 1. 1. 0. 1. 1. 1. 0. 0.
 1. 1. 0. 1. 0. 0. 0. 0. 1. 1. 1. 0. 0. 0. 1. 1. 1. 1. 1. 1. 0. 1. 0. 0.
 1. 1. 0. 0. 1. 1. 1. 1. 0. 1. 1. 0. 1. 0. 0. 1. 0. 1. 0. 1. 0. 0. 1. 1.
 1. 0. 1. 0.]","[0. 1. 0. 0. 0. 1. 1. 1. 0. 0. 0. 0. 0. 1. 0. 0. 1. 1. 0. 0. 0. 0. 0. 1.
 0. 0. 1. 0. 1. 0. 0. 1. 0. 1. 1. 0. 0. 0. 1. 0. 0. 0. 1. 1. 1. 0. 1. 0.
 1. 0. 1. 1. 0. 1. 1. 1. 1. 0. 1. 0. 0. 1. 1. 1. 0. 0. 0. 1. 1. 0. 1. 1.
 0. 0. 1. 0. 0. 1. 0. 1. 0. 1. 1. 1. 0. 1. 0. 1. 1. 1. 1. 1. 1. 1. 1. 0.
 0. 0. 1. 1. 1. 0. 0. 1. 1. 1. 0. 0. 0. 1. 1. 1. 0. 0. 0. 0. 1. 1. 1. 0.
 1. 0. 0. 1. 1. 0. 0. 0. 0. 1. 0. 0. 1. 1. 0. 1. 1. 1. 0. 1. 1. 0. 1. 0.
 1. 1. 0. 0. 0. 1. 1. 0. 1. 1. 0. 1. 0. 0. 0. 1. 1. 1. 0. 1. 0. 1. 1. 0.
 1. 0. 0. 1. 1. 0. 0. 1. 0. 1. 1. 0. 0. 1. 0. 0. 1. 1. 0. 1. 1. 0. 0. 0.
 0. 1. 1. 0. 0. 1. 0. 0. 1. 0. 1. 1. 1. 0. 0. 0. 1. 1. 0. 0. 0. 0. 1. 0.
 0. 1. 0. 1. 1. 1. 1. 0. 0. 0. 0. 1. 1. 1. 1. 0. 1. 1. 1. 1. 0. 1. 0. 0.
 1. 0. 0. 1. 1. 1. 1. 1. 0. 0. 1. 1. 1. 0. 0. 1. 0. 1. 0. 0. 1. 0. 1. 0.
 1. 0. 0. 0.]"
515,randomforest,"{'criterion': 'entropy', 'max_features': None, 'n_estimators': 301}",0.5871412126372553,0.21085125998212984,0.18767432037137732,0.3704663533798458,0.5801689387374871,0.21562156496919693,0.555468826226949,0.11194029850746268,0.5559701492537313,0.5559701492537313,"{0: 0.5780797505012252, 1: 0.5780797505012252}","{0: 0.5780797505012252, 1: 0.5780797505012252}",0.5780797505012252,"[[70 64]
 [55 79]]","[1. 0. 0. 0. 0. 1. 0. 1. 1. 0. 0. 0. 1. 0. 0. 0. 0. 0. 0. 0. 0. 1. 0. 0.
 0. 0. 1. 1. 1. 1. 1. 0. 0. 0. 1. 1. 0. 0. 1. 0. 0. 0. 1. 1. 0. 0. 1. 0.
 0. 0. 1. 0. 0. 1. 1. 1. 1. 1. 0. 1. 1. 0. 1. 1. 0. 0. 1. 1. 1. 1. 0. 0.
 1. 1. 0. 1. 1. 0. 1. 0. 1. 1. 1. 0. 0. 1. 1. 1. 1. 1. 1. 0. 0. 1. 1. 1.
 0. 0. 1. 1. 0. 1. 1. 0. 0. 0. 0. 1. 0. 1. 0. 0. 0. 1. 1. 0. 1. 0. 0. 0.
 1. 1. 1. 1. 1. 1. 1. 1. 1. 0. 0. 1. 1. 0. 1. 0. 0. 1. 0. 1. 1. 0. 1. 0.
 0. 0. 0. 0. 1. 1. 1. 0. 1. 1. 0. 1. 1. 0. 1. 0. 1. 1. 0. 0. 1. 1. 0. 1.
 1. 1. 0. 1. 1. 1. 1. 1. 1. 0. 1. 1. 0. 1. 1. 1. 0. 0. 1. 1. 1. 0. 1. 1.
 0. 1. 0. 0. 1. 1. 0. 1. 0. 0. 1. 1. 0. 0. 0. 0. 1. 1. 0. 1. 1. 1. 0. 0.
 1. 1. 1. 1. 0. 0. 0. 0. 1. 1. 1. 0. 0. 0. 0. 1. 1. 1. 1. 1. 0. 1. 0. 0.
 1. 1. 0. 0. 1. 1. 1. 1. 0. 0. 1. 0. 1. 0. 0. 1. 0. 1. 0. 1. 0. 0. 1. 1.
 1. 0. 1. 0.]","[0. 1. 0. 0. 0. 1. 1. 1. 0. 0. 0. 0. 0. 1. 0. 0. 1. 1. 0. 0. 0. 0. 0. 1.
 0. 0. 1. 0. 1. 0. 0. 1. 0. 1. 1. 0. 0. 0. 1. 0. 0. 0. 1. 1. 1. 0. 1. 0.
 1. 0. 1. 1. 0. 1. 1. 1. 1. 0. 1. 0. 0. 1. 1. 1. 0. 0. 0. 1. 1. 0. 1. 1.
 0. 0. 1. 0. 0. 1. 0. 1. 0. 1. 1. 1. 0. 1. 0. 1. 1. 1. 1. 1. 1. 1. 1. 0.
 0. 0. 1. 1. 1. 0. 0. 1. 1. 1. 0. 0. 0. 1. 1. 1. 0. 0. 0. 0. 1. 1. 1. 0.
 1. 0. 0. 1. 1. 0. 0. 0. 0. 1. 0. 0. 1. 1. 0. 1. 1. 1. 0. 1. 1. 0. 1. 0.
 1. 1. 0. 0. 0. 1. 1. 0. 1. 1. 0. 1. 0. 0. 0. 1. 1. 1. 0. 1. 0. 1. 1. 0.
 1. 0. 0. 1. 1. 0. 0. 1. 0. 1. 1. 0. 0. 1. 0. 0. 1. 1. 0. 1. 1. 0. 0. 0.
 0. 1. 1. 0. 0. 1. 0. 0. 1. 0. 1. 1. 1. 0. 0. 0. 1. 1. 0. 0. 0. 0. 1. 0.
 0. 1. 0. 1. 1. 1. 1. 0. 0. 0. 0. 1. 1. 1. 1. 0. 1. 1. 1. 1. 0. 1. 0. 0.
 1. 0. 0. 1. 1. 1. 1. 1. 0. 0. 1. 1. 1. 0. 0. 1. 0. 1. 0. 0. 1. 0. 1. 0.
 1. 0. 0. 0.]"
582,randomforest,"{'criterion': 'gini', 'max_features': 'sqrt', 'n_estimators': 457}",0.5947247642634265,0.19875028585637228,0.18764487445707576,0.35700026451330263,0.5878554670389348,0.20321796310062643,0.5744135510113111,0.14925373134328357,0.5746268656716418,0.5746268656716418,"{0: 0.5882713299175764, 1: 0.5882713299175764}","{0: 0.5882713299175764, 1: 0.5882713299175764}",0.5882713299175764,"[[74 60]
 [54 80]]","[1. 0. 0. 0. 0. 1. 0. 1. 1. 0. 0. 0. 1. 0. 0. 0. 1. 0. 0. 0. 0. 1. 0. 0.
 0. 0. 1. 1. 1. 1. 1. 0. 0. 0. 1. 0. 0. 0. 1. 0. 0. 0. 1. 1. 0. 0. 1. 0.
 0. 0. 1. 0. 1. 1. 1. 1. 1. 1. 0. 1. 1. 0. 1. 1. 0. 0. 1. 1. 1. 1. 0. 0.
 1. 1. 0. 1. 1. 0. 0. 0. 1. 1. 1. 0. 0. 1. 0. 1. 1. 1. 1. 1. 0. 1. 1. 1.
 0. 0. 1. 1. 0. 1. 1. 0. 0. 0. 0. 1. 0. 1. 0. 0. 0. 1. 1. 0. 1. 0. 0. 0.
 0. 1. 1. 1. 1. 1. 1. 1. 1. 0. 0. 1. 1. 0. 1. 1. 0. 1. 0. 1. 1. 0. 0. 0.
 0. 0. 0. 0. 1. 1. 1. 0. 1. 0. 0. 1. 1. 0. 1. 0. 1. 1. 0. 0. 1. 1. 0. 1.
 1. 1. 0. 1. 1. 0. 0. 1. 1. 0. 1. 0. 0. 1. 1. 1. 0. 0. 1. 1. 0. 0. 1. 1.
 1. 1. 1. 0. 1. 1. 0. 1. 0. 0. 1. 1. 0. 0. 0. 0. 1. 1. 0. 1. 1. 1. 0. 0.
 1. 1. 0. 0. 0. 0. 0. 0. 1. 1. 1. 0. 1. 0. 1. 1. 1. 1. 1. 1. 0. 1. 0. 0.
 1. 1. 0. 0. 1. 1. 1. 1. 0. 1. 1. 0. 1. 0. 0. 1. 0. 1. 0. 1. 0. 0. 1. 1.
 1. 0. 1. 0.]","[0. 1. 0. 0. 0. 1. 1. 1. 0. 0. 0. 0. 0. 1. 0. 0. 1. 1. 0. 0. 0. 0. 0. 1.
 0. 0. 1. 0. 1. 0. 0. 1. 0. 1. 1. 0. 0. 0. 1. 0. 0. 0. 1. 1. 1. 0. 1. 0.
 1. 0. 1. 1. 0. 1. 1. 1. 1. 0. 1. 0. 0. 1. 1. 1. 0. 0. 0. 1. 1. 0. 1. 1.
 0. 0. 1. 0. 0. 1. 0. 1. 0. 1. 1. 1. 0. 1. 0. 1. 1. 1. 1. 1. 1. 1. 1. 0.
 0. 0. 1. 1. 1. 0. 0. 1. 1. 1. 0. 0. 0. 1. 1. 1. 0. 0. 0. 0. 1. 1. 1. 0.
 1. 0. 0. 1. 1. 0. 0. 0. 0. 1. 0. 0. 1. 1. 0. 1. 1. 1. 0. 1. 1. 0. 1. 0.
 1. 1. 0. 0. 0. 1. 1. 0. 1. 1. 0. 1. 0. 0. 0. 1. 1. 1. 0. 1. 0. 1. 1. 0.
 1. 0. 0. 1. 1. 0. 0. 1. 0. 1. 1. 0. 0. 1. 0. 0. 1. 1. 0. 1. 1. 0. 0. 0.
 0. 1. 1. 0. 0. 1. 0. 0. 1. 0. 1. 1. 1. 0. 0. 0. 1. 1. 0. 0. 0. 0. 1. 0.
 0. 1. 0. 1. 1. 1. 1. 0. 0. 0. 0. 1. 1. 1. 1. 0. 1. 1. 1. 1. 0. 1. 0. 0.
 1. 0. 0. 1. 1. 1. 1. 1. 0. 0. 1. 1. 1. 0. 0. 1. 0. 1. 0. 0. 1. 0. 1. 0.
 1. 0. 0. 0.]"
430,randomforest,"{'criterion': 'gini', 'max_features': 'sqrt', 'n_estimators': 519}",0.5923827965905765,0.19166708562802554,0.18744386407678484,0.3537214001787596,0.5839476271935949,0.19668408679215604,0.5706025774991291,0.14179104477611937,0.5708955223880597,0.5708955223880596,"{0: 0.5972098462909334, 1: 0.5972098462909334}","{0: 0.5972098462909334, 1: 0.5972098462909334}",0.5972098462909334,"[[73 61]
 [54 80]]","[1. 0. 0. 0. 0. 1. 0. 1. 1. 0. 0. 0. 1. 0. 0. 0. 1. 0. 0. 0. 0. 1. 0. 0.
 0. 0. 1. 1. 1. 1. 1. 0. 0. 0. 1. 0. 1. 0. 1. 0. 0. 0. 1. 0. 0. 0. 1. 1.
 0. 0. 1. 0. 0. 1. 1. 1. 1. 1. 0. 1. 0. 0. 1. 0. 0. 0. 1. 1. 1. 1. 0. 0.
 0. 1. 0. 1. 1. 0. 0. 0. 1. 1. 1. 0. 0. 1. 0. 1. 1. 1. 1. 1. 0. 1. 1. 1.
 0. 0. 1. 1. 0. 1. 1. 1. 0. 0. 0. 1. 0. 1. 0. 0. 0. 1. 1. 0. 1. 0. 0. 0.
 0. 1. 1. 1. 1. 1. 1. 1. 1. 0. 0. 1. 1. 0. 1. 1. 0. 1. 0. 1. 0. 0. 0. 0.
 0. 0. 0. 0. 1. 1. 1. 0. 1. 1. 0. 1. 1. 0. 1. 0. 1. 1. 0. 0. 1. 1. 0. 1.
 1. 1. 0. 1. 1. 1. 0. 1. 1. 0. 1. 0. 0. 1. 1. 1. 0. 0. 1. 1. 0. 0. 1. 1.
 1. 1. 1. 1. 1. 1. 0. 1. 0. 0. 1. 1. 0. 0. 0. 0. 1. 1. 0. 1. 1. 1. 0. 0.
 1. 1. 0. 1. 0. 0. 0. 0. 1. 1. 1. 0. 1. 0. 1. 1. 1. 1. 1. 1. 0. 1. 0. 0.
 1. 1. 0. 0. 1. 1. 1. 1. 0. 1. 1. 0. 1. 0. 0. 1. 0. 1. 0. 1. 0. 0. 1. 1.
 1. 0. 1. 0.]","[0. 1. 0. 0. 0. 1. 1. 1. 0. 0. 0. 0. 0. 1. 0. 0. 1. 1. 0. 0. 0. 0. 0. 1.
 0. 0. 1. 0. 1. 0. 0. 1. 0. 1. 1. 0. 0. 0. 1. 0. 0. 0. 1. 1. 1. 0. 1. 0.
 1. 0. 1. 1. 0. 1. 1. 1. 1. 0. 1. 0. 0. 1. 1. 1. 0. 0. 0. 1. 1. 0. 1. 1.
 0. 0. 1. 0. 0. 1. 0. 1. 0. 1. 1. 1. 0. 1. 0. 1. 1. 1. 1. 1. 1. 1. 1. 0.
 0. 0. 1. 1. 1. 0. 0. 1. 1. 1. 0. 0. 0. 1. 1. 1. 0. 0. 0. 0. 1. 1. 1. 0.
 1. 0. 0. 1. 1. 0. 0. 0. 0. 1. 0. 0. 1. 1. 0. 1. 1. 1. 0. 1. 1. 0. 1. 0.
 1. 1. 0. 0. 0. 1. 1. 0. 1. 1. 0. 1. 0. 0. 0. 1. 1. 1. 0. 1. 0. 1. 1. 0.
 1. 0. 0. 1. 1. 0. 0. 1. 0. 1. 1. 0. 0. 1. 0. 0. 1. 1. 0. 1. 1. 0. 0. 0.
 0. 1. 1. 0. 0. 1. 0. 0. 1. 0. 1. 1. 1. 0. 0. 0. 1. 1. 0. 0. 0. 0. 1. 0.
 0. 1. 0. 1. 1. 1. 1. 0. 0. 0. 0. 1. 1. 1. 1. 0. 1. 1. 1. 1. 0. 1. 0. 0.
 1. 0. 0. 1. 1. 1. 1. 1. 0. 0. 1. 1. 1. 0. 0. 1. 0. 1. 0. 0. 1. 0. 1. 0.
 1. 0. 0. 0.]"
819,randomforest,"{'criterion': 'gini', 'max_features': 'sqrt', 'n_estimators': 93}",0.5991993724339305,0.18554624134546652,0.1873038439867006,0.3572709692958888,0.5910053861162732,0.193289667220483,0.5742474916387961,0.14925373134328357,0.5746268656716418,0.5746268656716418,"{0: 0.6010804188015149, 1: 0.6010804188015149}","{0: 0.6010804188015149, 1: 0.6010804188015149}",0.6010804188015149,"[[73 61]
 [53 81]]","[1. 0. 0. 0. 0. 1. 0. 1. 1. 0. 0. 0. 1. 0. 0. 0. 1. 0. 0. 0. 0. 1. 0. 0.
 0. 0. 1. 1. 1. 1. 1. 0. 0. 0. 1. 0. 0. 0. 1. 0. 1. 1. 1. 0. 0. 0. 1. 0.
 0. 0. 1. 0. 0. 1. 1. 1. 1. 1. 0. 1. 0. 0. 1. 1. 0. 0. 1. 0. 1. 1. 0. 0.
 1. 1. 0. 1. 1. 0. 1. 0. 1. 1. 1. 0. 0. 1. 1. 1. 1. 1. 1. 1. 0. 1. 1. 1.
 0. 0. 1. 1. 0. 1. 1. 0. 0. 0. 0. 1. 0. 1. 0. 0. 0. 1. 1. 0. 1. 0. 0. 0.
 0. 1. 1. 1. 1. 1. 1. 1. 1. 0. 0. 1. 1. 0. 1. 1. 0. 1. 0. 1. 1. 0. 1. 0.
 1. 0. 0. 0. 0. 1. 1. 0. 1. 1. 0. 1. 1. 0. 1. 0. 1. 1. 0. 0. 1. 1. 0. 1.
 1. 1. 0. 1. 1. 0. 0. 1. 1. 0. 1. 0. 0. 1. 1. 1. 0. 0. 1. 1. 0. 0. 0. 1.
 1. 1. 1. 0. 1. 1. 0. 0. 0. 0. 1. 1. 0. 1. 0. 0. 1. 1. 0. 1. 1. 1. 0. 0.
 1. 1. 1. 1. 0. 0. 0. 0. 1. 1. 1. 0. 1. 0. 1. 1. 1. 1. 1. 1. 0. 1. 0. 0.
 1. 1. 0. 0. 1. 1. 1. 1. 0. 1. 1. 0. 1. 0. 0. 1. 0. 0. 0. 1. 0. 0. 1. 1.
 1. 0. 1. 0.]","[0. 1. 0. 0. 0. 1. 1. 1. 0. 0. 0. 0. 0. 1. 0. 0. 1. 1. 0. 0. 0. 0. 0. 1.
 0. 0. 1. 0. 1. 0. 0. 1. 0. 1. 1. 0. 0. 0. 1. 0. 0. 0. 1. 1. 1. 0. 1. 0.
 1. 0. 1. 1. 0. 1. 1. 1. 1. 0. 1. 0. 0. 1. 1. 1. 0. 0. 0. 1. 1. 0. 1. 1.
 0. 0. 1. 0. 0. 1. 0. 1. 0. 1. 1. 1. 0. 1. 0. 1. 1. 1. 1. 1. 1. 1. 1. 0.
 0. 0. 1. 1. 1. 0. 0. 1. 1. 1. 0. 0. 0. 1. 1. 1. 0. 0. 0. 0. 1. 1. 1. 0.
 1. 0. 0. 1. 1. 0. 0. 0. 0. 1. 0. 0. 1. 1. 0. 1. 1. 1. 0. 1. 1. 0. 1. 0.
 1. 1. 0. 0. 0. 1. 1. 0. 1. 1. 0. 1. 0. 0. 0. 1. 1. 1. 0. 1. 0. 1. 1. 0.
 1. 0. 0. 1. 1. 0. 0. 1. 0. 1. 1. 0. 0. 1. 0. 0. 1. 1. 0. 1. 1. 0. 0. 0.
 0. 1. 1. 0. 0. 1. 0. 0. 1. 0. 1. 1. 1. 0. 0. 0. 1. 1. 0. 0. 0. 0. 1. 0.
 0. 1. 0. 1. 1. 1. 1. 0. 0. 0. 0. 1. 1. 1. 1. 0. 1. 1. 1. 1. 0. 1. 0. 0.
 1. 0. 0. 1. 1. 1. 1. 1. 0. 0. 1. 1. 1. 0. 0. 1. 0. 1. 0. 0. 1. 0. 1. 0.
 1. 0. 0. 0.]"
549,randomforest,"{'criterion': 'gini', 'max_features': 'sqrt', 'n_estimators': 331}",0.6027187541181848,0.1966320152544601,0.18712962040452175,0.37205603201345777,0.5938566977377461,0.20449860085100147,0.5706025774991291,0.14179104477611937,0.5708955223880597,0.5708955223880596,"{0: 0.5835096903541992, 1: 0.5835096903541992}","{0: 0.5835096903541992, 1: 0.5835096903541992}",0.5835096903541992,"[[73 61]
 [54 80]]","[1. 0. 0. 0. 0. 1. 0. 1. 1. 0. 0. 0. 1. 0. 0. 0. 1. 0. 0. 0. 0. 1. 0. 0.
 0. 0. 1. 1. 1. 1. 1. 0. 0. 0. 1. 0. 1. 0. 1. 0. 0. 0. 1. 0. 0. 0. 1. 1.
 0. 0. 1. 0. 1. 1. 1. 1. 1. 1. 0. 1. 1. 0. 1. 0. 0. 0. 1. 1. 1. 1. 0. 0.
 0. 1. 0. 1. 1. 0. 0. 0. 1. 1. 1. 0. 0. 1. 1. 1. 1. 1. 1. 1. 0. 1. 1. 1.
 0. 0. 1. 1. 0. 1. 0. 0. 0. 0. 0. 1. 0. 1. 0. 0. 0. 1. 1. 0. 1. 0. 0. 0.
 0. 1. 1. 1. 1. 1. 1. 1. 1. 0. 0. 1. 1. 0. 1. 1. 0. 1. 0. 1. 1. 0. 1. 0.
 1. 0. 0. 0. 1. 1. 1. 0. 1. 0. 0. 1. 1. 0. 1. 0. 1. 1. 0. 0. 1. 1. 0. 1.
 1. 1. 0. 1. 1. 1. 0. 1. 1. 0. 1. 0. 0. 0. 1. 1. 0. 0. 1. 1. 0. 0. 0. 1.
 1. 1. 1. 1. 1. 1. 0. 0. 0. 0. 1. 1. 0. 0. 0. 0. 1. 1. 0. 1. 1. 1. 0. 0.
 1. 1. 0. 1. 0. 0. 0. 0. 1. 1. 1. 0. 1. 0. 1. 1. 1. 1. 1. 1. 0. 1. 0. 0.
 1. 1. 0. 0. 1. 1. 1. 1. 0. 1. 1. 0. 1. 0. 0. 1. 0. 1. 0. 1. 0. 0. 1. 1.
 1. 0. 1. 0.]","[0. 1. 0. 0. 0. 1. 1. 1. 0. 0. 0. 0. 0. 1. 0. 0. 1. 1. 0. 0. 0. 0. 0. 1.
 0. 0. 1. 0. 1. 0. 0. 1. 0. 1. 1. 0. 0. 0. 1. 0. 0. 0. 1. 1. 1. 0. 1. 0.
 1. 0. 1. 1. 0. 1. 1. 1. 1. 0. 1. 0. 0. 1. 1. 1. 0. 0. 0. 1. 1. 0. 1. 1.
 0. 0. 1. 0. 0. 1. 0. 1. 0. 1. 1. 1. 0. 1. 0. 1. 1. 1. 1. 1. 1. 1. 1. 0.
 0. 0. 1. 1. 1. 0. 0. 1. 1. 1. 0. 0. 0. 1. 1. 1. 0. 0. 0. 0. 1. 1. 1. 0.
 1. 0. 0. 1. 1. 0. 0. 0. 0. 1. 0. 0. 1. 1. 0. 1. 1. 1. 0. 1. 1. 0. 1. 0.
 1. 1. 0. 0. 0. 1. 1. 0. 1. 1. 0. 1. 0. 0. 0. 1. 1. 1. 0. 1. 0. 1. 1. 0.
 1. 0. 0. 1. 1. 0. 0. 1. 0. 1. 1. 0. 0. 1. 0. 0. 1. 1. 0. 1. 1. 0. 0. 0.
 0. 1. 1. 0. 0. 1. 0. 0. 1. 0. 1. 1. 1. 0. 0. 0. 1. 1. 0. 0. 0. 0. 1. 0.
 0. 1. 0. 1. 1. 1. 1. 0. 0. 0. 0. 1. 1. 1. 1. 0. 1. 1. 1. 1. 0. 1. 0. 0.
 1. 0. 0. 1. 1. 1. 1. 1. 0. 0. 1. 1. 1. 0. 0. 1. 0. 1. 0. 0. 1. 0. 1. 0.
 1. 0. 0. 0.]"
764,randomforest,"{'criterion': 'gini', 'max_features': 'sqrt', 'n_estimators': 401}",0.593780785088304,0.1963164964306071,0.18687946212060216,0.3560904333708053,0.5869205204890688,0.19831305263173735,0.5707461106700651,0.14179104477611937,0.5708955223880597,0.5708955223880597,"{0: 0.5961517041657385, 1: 0.5961517041657385}","{0: 0.5961517041657385, 1: 0.5961517041657385}",0.5961517041657385,"[[74 60]
 [55 79]]","[1. 0. 0. 0. 0. 1. 0. 1. 1. 0. 0. 0. 1. 0. 0. 0. 1. 0. 0. 0. 0. 1. 0. 0.
 0. 0. 1. 1. 1. 1. 1. 0. 0. 0. 1. 0. 0. 0. 1. 0. 0. 0. 1. 1. 0. 0. 1. 1.
 0. 0. 1. 0. 1. 1. 1. 1. 1. 1. 0. 1. 0. 0. 1. 1. 0. 0. 1. 1. 1. 1. 0. 0.
 1. 1. 0. 1. 1. 0. 0. 0. 1. 1. 1. 0. 0. 1. 0. 1. 1. 1. 1. 1. 0. 1. 1. 1.
 0. 0. 1. 1. 0. 1. 0. 1. 0. 0. 0. 1. 0. 1. 0. 0. 0. 1. 1. 0. 1. 0. 0. 0.
 0. 1. 1. 1. 1. 1. 1. 1. 1. 0. 0. 1. 1. 0. 1. 1. 0. 1. 0. 1. 1. 0. 0. 0.
 0. 0. 0. 0. 1. 1. 1. 0. 1. 1. 0. 1. 1. 0. 1. 0. 1. 1. 0. 0. 1. 1. 0. 1.
 1. 1. 0. 1. 1. 1. 0. 1. 1. 0. 1. 0. 0. 0. 1. 1. 0. 0. 1. 1. 0. 0. 1. 1.
 1. 1. 1. 0. 1. 1. 0. 0. 0. 0. 1. 1. 0. 0. 0. 1. 1. 1. 0. 1. 1. 1. 0. 0.
 1. 1. 0. 0. 0. 0. 0. 0. 1. 1. 1. 0. 1. 0. 1. 1. 1. 1. 1. 1. 0. 1. 0. 0.
 1. 1. 0. 0. 1. 1. 0. 1. 0. 1. 1. 0. 1. 0. 0. 1. 0. 0. 0. 1. 0. 0. 1. 1.
 1. 0. 1. 0.]","[0. 1. 0. 0. 0. 1. 1. 1. 0. 0. 0. 0. 0. 1. 0. 0. 1. 1. 0. 0. 0. 0. 0. 1.
 0. 0. 1. 0. 1. 0. 0. 1. 0. 1. 1. 0. 0. 0. 1. 0. 0. 0. 1. 1. 1. 0. 1. 0.
 1. 0. 1. 1. 0. 1. 1. 1. 1. 0. 1. 0. 0. 1. 1. 1. 0. 0. 0. 1. 1. 0. 1. 1.
 0. 0. 1. 0. 0. 1. 0. 1. 0. 1. 1. 1. 0. 1. 0. 1. 1. 1. 1. 1. 1. 1. 1. 0.
 0. 0. 1. 1. 1. 0. 0. 1. 1. 1. 0. 0. 0. 1. 1. 1. 0. 0. 0. 0. 1. 1. 1. 0.
 1. 0. 0. 1. 1. 0. 0. 0. 0. 1. 0. 0. 1. 1. 0. 1. 1. 1. 0. 1. 1. 0. 1. 0.
 1. 1. 0. 0. 0. 1. 1. 0. 1. 1. 0. 1. 0. 0. 0. 1. 1. 1. 0. 1. 0. 1. 1. 0.
 1. 0. 0. 1. 1. 0. 0. 1. 0. 1. 1. 0. 0. 1. 0. 0. 1. 1. 0. 1. 1. 0. 0. 0.
 0. 1. 1. 0. 0. 1. 0. 0. 1. 0. 1. 1. 1. 0. 0. 0. 1. 1. 0. 0. 0. 0. 1. 0.
 0. 1. 0. 1. 1. 1. 1. 0. 0. 0. 0. 1. 1. 1. 1. 0. 1. 1. 1. 1. 0. 1. 0. 0.
 1. 0. 0. 1. 1. 1. 1. 1. 0. 0. 1. 1. 1. 0. 0. 1. 0. 1. 0. 0. 1. 0. 1. 0.
 1. 0. 0. 0.]"
431,randomforest,"{'criterion': 'gini', 'max_features': 'sqrt', 'n_estimators': 485}",0.5918018623874622,0.18831291140313722,0.1866503081265968,0.35194718475009085,0.5841651180360857,0.19237502600766807,0.5746031746031746,0.14925373134328357,0.5746268656716418,0.5746268656716418,"{0: 0.5836767654265983, 1: 0.5836767654265984}","{0: 0.5836767654265983, 1: 0.5836767654265984}",0.5836767654265984,"[[76 58]
 [56 78]]","[1. 0. 0. 0. 0. 1. 0. 1. 1. 0. 0. 0. 1. 0. 0. 0. 1. 0. 0. 0. 0. 1. 0. 0.
 0. 0. 1. 1. 1. 1. 1. 0. 0. 0. 1. 0. 0. 0. 1. 0. 1. 0. 1. 0. 0. 0. 1. 0.
 0. 0. 1. 0. 0. 1. 1. 1. 1. 1. 0. 1. 0. 0. 1. 0. 0. 0. 1. 1. 1. 1. 0. 0.
 0. 1. 0. 1. 1. 0. 0. 0. 1. 1. 1. 0. 0. 1. 0. 1. 1. 1. 1. 1. 0. 1. 1. 1.
 0. 0. 1. 1. 0. 1. 1. 0. 0. 0. 0. 1. 0. 1. 0. 0. 0. 1. 1. 0. 1. 0. 0. 0.
 0. 1. 1. 1. 1. 1. 1. 1. 1. 0. 0. 1. 1. 0. 1. 1. 0. 1. 0. 1. 1. 0. 1. 0.
 1. 0. 0. 0. 1. 1. 1. 0. 1. 1. 0. 1. 1. 0. 1. 0. 1. 1. 0. 0. 1. 1. 0. 1.
 1. 1. 0. 1. 1. 1. 0. 1. 1. 0. 1. 0. 0. 1. 1. 1. 0. 0. 1. 1. 0. 0. 1. 1.
 1. 1. 0. 1. 0. 1. 0. 0. 0. 0. 1. 1. 0. 0. 0. 0. 1. 1. 0. 1. 1. 1. 0. 0.
 1. 1. 0. 0. 0. 0. 0. 0. 1. 1. 1. 0. 1. 0. 1. 1. 1. 1. 1. 1. 0. 1. 0. 0.
 1. 1. 0. 0. 1. 1. 0. 1. 0. 1. 1. 0. 1. 0. 0. 1. 0. 0. 0. 1. 0. 0. 1. 1.
 1. 0. 1. 0.]","[0. 1. 0. 0. 0. 1. 1. 1. 0. 0. 0. 0. 0. 1. 0. 0. 1. 1. 0. 0. 0. 0. 0. 1.
 0. 0. 1. 0. 1. 0. 0. 1. 0. 1. 1. 0. 0. 0. 1. 0. 0. 0. 1. 1. 1. 0. 1. 0.
 1. 0. 1. 1. 0. 1. 1. 1. 1. 0. 1. 0. 0. 1. 1. 1. 0. 0. 0. 1. 1. 0. 1. 1.
 0. 0. 1. 0. 0. 1. 0. 1. 0. 1. 1. 1. 0. 1. 0. 1. 1. 1. 1. 1. 1. 1. 1. 0.
 0. 0. 1. 1. 1. 0. 0. 1. 1. 1. 0. 0. 0. 1. 1. 1. 0. 0. 0. 0. 1. 1. 1. 0.
 1. 0. 0. 1. 1. 0. 0. 0. 0. 1. 0. 0. 1. 1. 0. 1. 1. 1. 0. 1. 1. 0. 1. 0.
 1. 1. 0. 0. 0. 1. 1. 0. 1. 1. 0. 1. 0. 0. 0. 1. 1. 1. 0. 1. 0. 1. 1. 0.
 1. 0. 0. 1. 1. 0. 0. 1. 0. 1. 1. 0. 0. 1. 0. 0. 1. 1. 0. 1. 1. 0. 0. 0.
 0. 1. 1. 0. 0. 1. 0. 0. 1. 0. 1. 1. 1. 0. 0. 0. 1. 1. 0. 0. 0. 0. 1. 0.
 0. 1. 0. 1. 1. 1. 1. 0. 0. 0. 0. 1. 1. 1. 1. 0. 1. 1. 1. 1. 0. 1. 0. 0.
 1. 0. 0. 1. 1. 1. 1. 1. 0. 0. 1. 1. 1. 0. 0. 1. 0. 1. 0. 0. 1. 0. 1. 0.
 1. 0. 0. 0.]"
11,randomforest,"{'criterion': 'gini', 'max_features': 'log2', 'n_estimators': 127}",0.5928323617062171,0.18693292781458362,0.1862463596808793,0.34598072469697827,0.5873006417865289,0.19127946686899167,0.5745320855614974,0.14925373134328357,0.5746268656716418,0.5746268656716418,"{0: 0.5941468032969481, 1: 0.594146803296948}","{0: 0.5941468032969481, 1: 0.594146803296948}",0.594146803296948,"[[75 59]
 [55 79]]","[1. 0. 0. 0. 0. 1. 0. 1. 1. 0. 0. 0. 1. 0. 0. 0. 1. 0. 0. 0. 0. 1. 0. 0.
 0. 1. 1. 1. 1. 1. 1. 0. 0. 0. 1. 0. 0. 0. 1. 0. 0. 0. 1. 1. 0. 1. 1. 1.
 0. 0. 1. 0. 0. 1. 1. 1. 1. 1. 0. 1. 0. 0. 1. 1. 0. 0. 1. 1. 1. 1. 0. 0.
 0. 1. 0. 1. 1. 0. 0. 0. 1. 1. 1. 1. 0. 1. 0. 1. 1. 1. 1. 1. 0. 1. 1. 1.
 0. 0. 0. 1. 0. 1. 1. 0. 0. 0. 0. 1. 0. 1. 0. 0. 0. 1. 1. 0. 1. 0. 0. 0.
 0. 1. 1. 1. 1. 1. 1. 1. 0. 0. 0. 1. 1. 0. 1. 1. 0. 1. 0. 1. 1. 0. 1. 0.
 0. 0. 0. 0. 0. 1. 1. 0. 1. 1. 0. 1. 0. 0. 1. 0. 1. 1. 0. 0. 1. 1. 0. 1.
 1. 1. 0. 1. 1. 0. 0. 1. 1. 0. 1. 0. 0. 0. 1. 1. 0. 0. 1. 1. 0. 0. 1. 1.
 0. 1. 0. 1. 1. 1. 0. 1. 0. 0. 1. 1. 0. 1. 0. 1. 1. 1. 0. 1. 1. 1. 0. 0.
 1. 1. 0. 0. 0. 0. 0. 0. 1. 1. 1. 0. 1. 0. 1. 1. 1. 1. 1. 1. 0. 1. 0. 0.
 1. 1. 0. 0. 1. 1. 0. 1. 0. 1. 1. 0. 1. 0. 0. 1. 0. 1. 0. 1. 0. 0. 1. 1.
 1. 0. 1. 0.]","[0. 1. 0. 0. 0. 1. 1. 1. 0. 0. 0. 0. 0. 1. 0. 0. 1. 1. 0. 0. 0. 0. 0. 1.
 0. 0. 1. 0. 1. 0. 0. 1. 0. 1. 1. 0. 0. 0. 1. 0. 0. 0. 1. 1. 1. 0. 1. 0.
 1. 0. 1. 1. 0. 1. 1. 1. 1. 0. 1. 0. 0. 1. 1. 1. 0. 0. 0. 1. 1. 0. 1. 1.
 0. 0. 1. 0. 0. 1. 0. 1. 0. 1. 1. 1. 0. 1. 0. 1. 1. 1. 1. 1. 1. 1. 1. 0.
 0. 0. 1. 1. 1. 0. 0. 1. 1. 1. 0. 0. 0. 1. 1. 1. 0. 0. 0. 0. 1. 1. 1. 0.
 1. 0. 0. 1. 1. 0. 0. 0. 0. 1. 0. 0. 1. 1. 0. 1. 1. 1. 0. 1. 1. 0. 1. 0.
 1. 1. 0. 0. 0. 1. 1. 0. 1. 1. 0. 1. 0. 0. 0. 1. 1. 1. 0. 1. 0. 1. 1. 0.
 1. 0. 0. 1. 1. 0. 0. 1. 0. 1. 1. 0. 0. 1. 0. 0. 1. 1. 0. 1. 1. 0. 0. 0.
 0. 1. 1. 0. 0. 1. 0. 0. 1. 0. 1. 1. 1. 0. 0. 0. 1. 1. 0. 0. 0. 0. 1. 0.
 0. 1. 0. 1. 1. 1. 1. 0. 0. 0. 0. 1. 1. 1. 1. 0. 1. 1. 1. 1. 0. 1. 0. 0.
 1. 0. 0. 1. 1. 1. 1. 1. 0. 0. 1. 1. 1. 0. 0. 1. 0. 1. 0. 0. 1. 0. 1. 0.
 1. 0. 0. 0.]"
698,randomforest,"{'criterion': 'gini', 'max_features': 'log2', 'n_estimators': 427}",0.5920272923872966,0.1959484077996552,0.18607823730065587,0.35408340557765705,0.5846588988222052,0.20044452689433326,0.5744135510113111,0.14925373134328357,0.5746268656716418,0.5746268656716418,"{0: 0.5853196703051905, 1: 0.5853196703051905}","{0: 0.5853196703051905, 1: 0.5853196703051905}",0.5853196703051905,"[[74 60]
 [54 80]]","[1. 0. 0. 0. 0. 1. 0. 1. 1. 0. 0. 0. 1. 0. 0. 0. 1. 0. 0. 0. 0. 1. 0. 0.
 0. 0. 1. 1. 1. 1. 1. 0. 0. 0. 1. 1. 1. 0. 1. 0. 1. 0. 1. 0. 0. 0. 1. 0.
 0. 0. 1. 0. 0. 1. 1. 1. 1. 1. 0. 1. 0. 0. 1. 1. 0. 0. 1. 1. 1. 1. 0. 0.
 1. 1. 0. 1. 1. 0. 0. 0. 1. 1. 1. 0. 0. 1. 1. 1. 1. 1. 1. 1. 0. 1. 1. 1.
 0. 0. 1. 1. 0. 1. 0. 0. 0. 0. 0. 1. 0. 1. 0. 0. 0. 1. 1. 0. 1. 0. 0. 0.
 0. 1. 1. 1. 1. 1. 1. 1. 1. 0. 0. 1. 1. 0. 1. 1. 0. 1. 0. 1. 0. 0. 0. 0.
 1. 0. 0. 0. 1. 1. 1. 0. 1. 1. 0. 1. 1. 0. 1. 0. 1. 1. 0. 0. 1. 1. 0. 1.
 1. 1. 0. 1. 1. 0. 0. 1. 1. 0. 1. 0. 0. 0. 1. 1. 0. 0. 1. 1. 0. 0. 1. 1.
 0. 1. 1. 0. 1. 1. 0. 1. 0. 0. 1. 1. 0. 0. 0. 0. 1. 1. 0. 1. 1. 1. 0. 0.
 1. 1. 0. 1. 0. 0. 0. 0. 1. 1. 1. 0. 1. 0. 1. 1. 1. 1. 1. 1. 0. 1. 0. 0.
 1. 1. 0. 0. 1. 1. 1. 1. 0. 1. 1. 0. 1. 0. 0. 1. 0. 1. 0. 1. 0. 0. 1. 1.
 1. 0. 1. 0.]","[0. 1. 0. 0. 0. 1. 1. 1. 0. 0. 0. 0. 0. 1. 0. 0. 1. 1. 0. 0. 0. 0. 0. 1.
 0. 0. 1. 0. 1. 0. 0. 1. 0. 1. 1. 0. 0. 0. 1. 0. 0. 0. 1. 1. 1. 0. 1. 0.
 1. 0. 1. 1. 0. 1. 1. 1. 1. 0. 1. 0. 0. 1. 1. 1. 0. 0. 0. 1. 1. 0. 1. 1.
 0. 0. 1. 0. 0. 1. 0. 1. 0. 1. 1. 1. 0. 1. 0. 1. 1. 1. 1. 1. 1. 1. 1. 0.
 0. 0. 1. 1. 1. 0. 0. 1. 1. 1. 0. 0. 0. 1. 1. 1. 0. 0. 0. 0. 1. 1. 1. 0.
 1. 0. 0. 1. 1. 0. 0. 0. 0. 1. 0. 0. 1. 1. 0. 1. 1. 1. 0. 1. 1. 0. 1. 0.
 1. 1. 0. 0. 0. 1. 1. 0. 1. 1. 0. 1. 0. 0. 0. 1. 1. 1. 0. 1. 0. 1. 1. 0.
 1. 0. 0. 1. 1. 0. 0. 1. 0. 1. 1. 0. 0. 1. 0. 0. 1. 1. 0. 1. 1. 0. 0. 0.
 0. 1. 1. 0. 0. 1. 0. 0. 1. 0. 1. 1. 1. 0. 0. 0. 1. 1. 0. 0. 0. 0. 1. 0.
 0. 1. 0. 1. 1. 1. 1. 0. 0. 0. 0. 1. 1. 1. 1. 0. 1. 1. 1. 1. 0. 1. 0. 0.
 1. 0. 0. 1. 1. 1. 1. 1. 0. 0. 1. 1. 1. 0. 0. 1. 0. 1. 0. 0. 1. 0. 1. 0.
 1. 0. 0. 0.]"
836,randomforest,"{'criterion': 'gini', 'max_features': 'sqrt', 'n_estimators': 289}",0.5858228020915138,0.19242913892838656,0.18601248350685007,0.3251308503851184,0.5804845953031437,0.19708416825004807,0.5667781493868451,0.13432835820895528,0.5671641791044776,0.5671641791044776,"{0: 0.5823401648474048, 1: 0.5823401648474047}","{0: 0.5823401648474048, 1: 0.5823401648474047}",0.5823401648474047,"[[72 62]
 [54 80]]","[1. 0. 0. 0. 0. 1. 0. 1. 1. 0. 0. 0. 1. 0. 0. 0. 0. 0. 0. 0. 0. 1. 0. 0.
 0. 0. 1. 1. 1. 1. 1. 0. 0. 0. 1. 0. 0. 0. 1. 0. 1. 0. 1. 0. 0. 0. 1. 1.
 0. 0. 1. 0. 1. 1. 1. 1. 1. 1. 0. 1. 1. 0. 1. 1. 0. 0. 1. 1. 1. 1. 0. 0.
 1. 1. 0. 1. 1. 0. 1. 0. 1. 1. 1. 0. 0. 1. 1. 1. 1. 1. 1. 1. 0. 1. 1. 1.
 0. 0. 1. 1. 0. 1. 0. 0. 0. 0. 0. 1. 0. 1. 0. 0. 0. 1. 1. 0. 1. 0. 0. 0.
 0. 1. 1. 1. 1. 1. 1. 1. 1. 0. 0. 1. 1. 0. 1. 1. 0. 1. 0. 1. 1. 0. 0. 0.
 0. 0. 0. 0. 1. 1. 1. 0. 1. 1. 0. 1. 1. 0. 1. 0. 1. 1. 0. 0. 1. 1. 0. 1.
 1. 1. 0. 1. 1. 1. 0. 1. 1. 0. 1. 0. 0. 1. 1. 1. 0. 0. 1. 1. 0. 0. 1. 1.
 1. 1. 1. 0. 1. 1. 0. 0. 0. 0. 1. 1. 0. 0. 0. 0. 1. 1. 0. 1. 1. 0. 0. 0.
 1. 1. 0. 1. 0. 0. 0. 0. 1. 1. 1. 0. 1. 0. 1. 1. 1. 1. 1. 1. 0. 1. 0. 0.
 1. 1. 0. 0. 1. 1. 1. 1. 0. 1. 1. 0. 1. 0. 0. 1. 0. 1. 0. 1. 0. 0. 1. 1.
 1. 0. 1. 0.]","[0. 1. 0. 0. 0. 1. 1. 1. 0. 0. 0. 0. 0. 1. 0. 0. 1. 1. 0. 0. 0. 0. 0. 1.
 0. 0. 1. 0. 1. 0. 0. 1. 0. 1. 1. 0. 0. 0. 1. 0. 0. 0. 1. 1. 1. 0. 1. 0.
 1. 0. 1. 1. 0. 1. 1. 1. 1. 0. 1. 0. 0. 1. 1. 1. 0. 0. 0. 1. 1. 0. 1. 1.
 0. 0. 1. 0. 0. 1. 0. 1. 0. 1. 1. 1. 0. 1. 0. 1. 1. 1. 1. 1. 1. 1. 1. 0.
 0. 0. 1. 1. 1. 0. 0. 1. 1. 1. 0. 0. 0. 1. 1. 1. 0. 0. 0. 0. 1. 1. 1. 0.
 1. 0. 0. 1. 1. 0. 0. 0. 0. 1. 0. 0. 1. 1. 0. 1. 1. 1. 0. 1. 1. 0. 1. 0.
 1. 1. 0. 0. 0. 1. 1. 0. 1. 1. 0. 1. 0. 0. 0. 1. 1. 1. 0. 1. 0. 1. 1. 0.
 1. 0. 0. 1. 1. 0. 0. 1. 0. 1. 1. 0. 0. 1. 0. 0. 1. 1. 0. 1. 1. 0. 0. 0.
 0. 1. 1. 0. 0. 1. 0. 0. 1. 0. 1. 1. 1. 0. 0. 0. 1. 1. 0. 0. 0. 0. 1. 0.
 0. 1. 0. 1. 1. 1. 1. 0. 0. 0. 0. 1. 1. 1. 1. 0. 1. 1. 1. 1. 0. 1. 0. 0.
 1. 0. 0. 1. 1. 1. 1. 1. 0. 0. 1. 1. 1. 0. 0. 1. 0. 1. 0. 0. 1. 0. 1. 0.
 1. 0. 0. 0.]"
229,randomforest,"{'criterion': 'gini', 'max_features': 'log2', 'n_estimators': 359}",0.5893677260612744,0.19716863769928283,0.18599536561625687,0.3471817418655004,0.5825994942930427,0.20234188473930317,0.5665607049244326,0.13432835820895528,0.5671641791044776,0.5671641791044776,"{0: 0.5865170416573848, 1: 0.5865170416573847}","{0: 0.5865170416573848, 1: 0.5865170416573847}",0.5865170416573847,"[[71 63]
 [53 81]]","[1. 0. 0. 0. 0. 1. 0. 1. 1. 0. 0. 0. 1. 0. 0. 0. 1. 0. 0. 0. 0. 1. 0. 0.
 0. 0. 1. 1. 1. 1. 1. 0. 0. 0. 1. 0. 1. 0. 1. 0. 0. 0. 1. 0. 0. 0. 1. 1.
 0. 0. 1. 0. 1. 1. 1. 1. 1. 1. 0. 1. 1. 0. 1. 0. 0. 0. 1. 1. 1. 1. 0. 0.
 1. 1. 0. 1. 1. 0. 1. 0. 1. 1. 1. 0. 0. 1. 0. 1. 1. 1. 1. 1. 0. 1. 1. 1.
 0. 0. 1. 1. 0. 1. 1. 0. 0. 0. 0. 1. 0. 1. 0. 0. 0. 1. 1. 0. 1. 0. 0. 0.
 0. 1. 1. 1. 1. 1. 1. 1. 1. 0. 0. 1. 1. 0. 1. 1. 0. 1. 0. 1. 1. 0. 1. 0.
 0. 0. 0. 0. 1. 1. 1. 0. 1. 1. 0. 1. 1. 0. 1. 0. 1. 1. 0. 0. 1. 1. 0. 1.
 1. 1. 0. 1. 1. 0. 0. 1. 1. 0. 1. 0. 0. 1. 1. 1. 0. 0. 1. 1. 0. 0. 1. 1.
 1. 1. 1. 0. 1. 1. 0. 1. 0. 0. 1. 1. 0. 0. 0. 0. 1. 1. 0. 1. 1. 1. 0. 0.
 1. 1. 0. 1. 0. 0. 0. 0. 1. 1. 1. 0. 1. 0. 1. 1. 1. 1. 1. 1. 0. 1. 0. 0.
 1. 1. 0. 0. 1. 1. 1. 1. 0. 1. 1. 0. 1. 0. 0. 1. 0. 1. 0. 1. 0. 0. 1. 1.
 1. 0. 1. 0.]","[0. 1. 0. 0. 0. 1. 1. 1. 0. 0. 0. 0. 0. 1. 0. 0. 1. 1. 0. 0. 0. 0. 0. 1.
 0. 0. 1. 0. 1. 0. 0. 1. 0. 1. 1. 0. 0. 0. 1. 0. 0. 0. 1. 1. 1. 0. 1. 0.
 1. 0. 1. 1. 0. 1. 1. 1. 1. 0. 1. 0. 0. 1. 1. 1. 0. 0. 0. 1. 1. 0. 1. 1.
 0. 0. 1. 0. 0. 1. 0. 1. 0. 1. 1. 1. 0. 1. 0. 1. 1. 1. 1. 1. 1. 1. 1. 0.
 0. 0. 1. 1. 1. 0. 0. 1. 1. 1. 0. 0. 0. 1. 1. 1. 0. 0. 0. 0. 1. 1. 1. 0.
 1. 0. 0. 1. 1. 0. 0. 0. 0. 1. 0. 0. 1. 1. 0. 1. 1. 1. 0. 1. 1. 0. 1. 0.
 1. 1. 0. 0. 0. 1. 1. 0. 1. 1. 0. 1. 0. 0. 0. 1. 1. 1. 0. 1. 0. 1. 1. 0.
 1. 0. 0. 1. 1. 0. 0. 1. 0. 1. 1. 0. 0. 1. 0. 0. 1. 1. 0. 1. 1. 0. 0. 0.
 0. 1. 1. 0. 0. 1. 0. 0. 1. 0. 1. 1. 1. 0. 0. 0. 1. 1. 0. 0. 0. 0. 1. 0.
 0. 1. 0. 1. 1. 1. 1. 0. 0. 0. 0. 1. 1. 1. 1. 0. 1. 1. 1. 1. 0. 1. 0. 0.
 1. 0. 0. 1. 1. 1. 1. 1. 0. 0. 1. 1. 1. 0. 0. 1. 0. 1. 0. 0. 1. 0. 1. 0.
 1. 0. 0. 0.]"
595,randomforest,"{'criterion': 'gini', 'max_features': 'sqrt', 'n_estimators': 577}",0.5970203879418775,0.18809913033672004,0.18599162357719665,0.3336029144164662,0.5901266893202376,0.19150298294346638,0.5737723214285715,0.14925373134328357,0.5746268656716418,0.5746268656716418,"{0: 0.5870182668745823, 1: 0.5870182668745824}","{0: 0.5870182668745823, 1: 0.5870182668745824}",0.5870182668745824,"[[71 63]
 [51 83]]","[1. 0. 0. 0. 0. 1. 0. 1. 1. 0. 0. 0. 1. 0. 0. 0. 1. 0. 0. 0. 0. 1. 0. 0.
 0. 0. 1. 1. 1. 1. 1. 0. 0. 0. 1. 0. 1. 0. 1. 0. 0. 0. 1. 1. 0. 0. 1. 1.
 0. 0. 1. 0. 1. 1. 1. 1. 1. 1. 0. 1. 1. 0. 1. 0. 0. 0. 1. 1. 1. 1. 0. 0.
 1. 1. 0. 1. 1. 0. 0. 0. 1. 1. 1. 0. 0. 1. 0. 1. 1. 1. 1. 1. 0. 1. 1. 1.
 0. 0. 1. 1. 0. 1. 1. 1. 0. 0. 0. 1. 0. 1. 0. 0. 0. 1. 1. 0. 1. 0. 0. 0.
 0. 1. 1. 1. 1. 1. 1. 1. 1. 0. 0. 1. 1. 0. 1. 1. 0. 1. 0. 1. 1. 0. 0. 0.
 1. 0. 0. 0. 1. 1. 1. 0. 1. 1. 0. 1. 1. 0. 1. 0. 1. 1. 0. 0. 1. 1. 0. 1.
 1. 1. 0. 1. 1. 0. 0. 1. 1. 0. 1. 0. 0. 1. 1. 1. 0. 0. 1. 1. 0. 0. 1. 1.
 1. 1. 1. 1. 1. 1. 0. 1. 0. 0. 1. 1. 0. 0. 0. 0. 1. 1. 0. 1. 1. 1. 0. 0.
 1. 1. 0. 1. 0. 0. 0. 0. 1. 1. 1. 0. 1. 0. 1. 1. 1. 1. 1. 1. 0. 1. 0. 0.
 1. 1. 0. 0. 1. 1. 1. 1. 0. 1. 1. 0. 1. 0. 0. 1. 0. 1. 0. 1. 0. 0. 1. 1.
 1. 0. 1. 0.]","[0. 1. 0. 0. 0. 1. 1. 1. 0. 0. 0. 0. 0. 1. 0. 0. 1. 1. 0. 0. 0. 0. 0. 1.
 0. 0. 1. 0. 1. 0. 0. 1. 0. 1. 1. 0. 0. 0. 1. 0. 0. 0. 1. 1. 1. 0. 1. 0.
 1. 0. 1. 1. 0. 1. 1. 1. 1. 0. 1. 0. 0. 1. 1. 1. 0. 0. 0. 1. 1. 0. 1. 1.
 0. 0. 1. 0. 0. 1. 0. 1. 0. 1. 1. 1. 0. 1. 0. 1. 1. 1. 1. 1. 1. 1. 1. 0.
 0. 0. 1. 1. 1. 0. 0. 1. 1. 1. 0. 0. 0. 1. 1. 1. 0. 0. 0. 0. 1. 1. 1. 0.
 1. 0. 0. 1. 1. 0. 0. 0. 0. 1. 0. 0. 1. 1. 0. 1. 1. 1. 0. 1. 1. 0. 1. 0.
 1. 1. 0. 0. 0. 1. 1. 0. 1. 1. 0. 1. 0. 0. 0. 1. 1. 1. 0. 1. 0. 1. 1. 0.
 1. 0. 0. 1. 1. 0. 0. 1. 0. 1. 1. 0. 0. 1. 0. 0. 1. 1. 0. 1. 1. 0. 0. 0.
 0. 1. 1. 0. 0. 1. 0. 0. 1. 0. 1. 1. 1. 0. 0. 0. 1. 1. 0. 0. 0. 0. 1. 0.
 0. 1. 0. 1. 1. 1. 1. 0. 0. 0. 0. 1. 1. 1. 1. 0. 1. 1. 1. 1. 0. 1. 0. 0.
 1. 0. 0. 1. 1. 1. 1. 1. 0. 0. 1. 1. 1. 0. 0. 1. 0. 1. 0. 0. 1. 0. 1. 0.
 1. 0. 0. 0.]"
893,randomforest,"{'criterion': 'gini', 'max_features': 'sqrt', 'n_estimators': 213}",0.6031749197724056,0.19898134566323916,0.1859258368739469,0.3428877428210716,0.5987035310119988,0.1928856629832516,0.5742474916387961,0.14925373134328357,0.5746268656716418,0.5746268656716418,"{0: 0.5919469815103587, 1: 0.5919469815103587}","{0: 0.5919469815103587, 1: 0.5919469815103587}",0.5919469815103587,"[[73 61]
 [53 81]]","[1. 0. 0. 0. 0. 1. 0. 1. 1. 0. 0. 0. 1. 0. 0. 0. 1. 0. 0. 0. 0. 1. 0. 0.
 0. 0. 1. 1. 1. 1. 1. 0. 0. 0. 1. 1. 1. 0. 1. 0. 0. 0. 1. 1. 0. 0. 1. 0.
 0. 0. 1. 0. 1. 1. 1. 1. 1. 1. 0. 1. 1. 0. 1. 0. 0. 0. 1. 1. 1. 1. 0. 0.
 1. 1. 0. 1. 1. 0. 0. 0. 1. 1. 1. 0. 0. 1. 0. 1. 1. 1. 1. 1. 0. 1. 1. 1.
 0. 0. 1. 1. 0. 1. 0. 0. 1. 0. 0. 1. 0. 1. 0. 0. 0. 1. 1. 0. 1. 0. 0. 0.
 0. 1. 1. 1. 1. 1. 1. 1. 1. 0. 0. 1. 1. 0. 1. 1. 0. 1. 0. 1. 1. 0. 1. 0.
 0. 0. 0. 0. 1. 1. 1. 0. 1. 1. 0. 1. 1. 0. 1. 0. 1. 1. 0. 0. 1. 1. 0. 1.
 1. 1. 0. 1. 1. 0. 0. 1. 1. 0. 1. 0. 0. 0. 1. 1. 0. 0. 1. 1. 0. 0. 1. 1.
 1. 1. 1. 0. 1. 1. 0. 0. 1. 0. 1. 1. 0. 1. 0. 0. 1. 1. 0. 1. 1. 1. 1. 0.
 1. 1. 0. 0. 0. 0. 0. 0. 1. 1. 1. 0. 0. 1. 0. 1. 1. 1. 1. 1. 0. 1. 0. 0.
 1. 1. 0. 0. 1. 1. 0. 1. 0. 1. 1. 0. 1. 0. 0. 1. 0. 1. 0. 1. 0. 0. 1. 1.
 1. 0. 1. 0.]","[0. 1. 0. 0. 0. 1. 1. 1. 0. 0. 0. 0. 0. 1. 0. 0. 1. 1. 0. 0. 0. 0. 0. 1.
 0. 0. 1. 0. 1. 0. 0. 1. 0. 1. 1. 0. 0. 0. 1. 0. 0. 0. 1. 1. 1. 0. 1. 0.
 1. 0. 1. 1. 0. 1. 1. 1. 1. 0. 1. 0. 0. 1. 1. 1. 0. 0. 0. 1. 1. 0. 1. 1.
 0. 0. 1. 0. 0. 1. 0. 1. 0. 1. 1. 1. 0. 1. 0. 1. 1. 1. 1. 1. 1. 1. 1. 0.
 0. 0. 1. 1. 1. 0. 0. 1. 1. 1. 0. 0. 0. 1. 1. 1. 0. 0. 0. 0. 1. 1. 1. 0.
 1. 0. 0. 1. 1. 0. 0. 0. 0. 1. 0. 0. 1. 1. 0. 1. 1. 1. 0. 1. 1. 0. 1. 0.
 1. 1. 0. 0. 0. 1. 1. 0. 1. 1. 0. 1. 0. 0. 0. 1. 1. 1. 0. 1. 0. 1. 1. 0.
 1. 0. 0. 1. 1. 0. 0. 1. 0. 1. 1. 0. 0. 1. 0. 0. 1. 1. 0. 1. 1. 0. 0. 0.
 0. 1. 1. 0. 0. 1. 0. 0. 1. 0. 1. 1. 1. 0. 0. 0. 1. 1. 0. 0. 0. 0. 1. 0.
 0. 1. 0. 1. 1. 1. 1. 0. 0. 0. 0. 1. 1. 1. 1. 0. 1. 1. 1. 1. 0. 1. 0. 0.
 1. 0. 0. 1. 1. 1. 1. 1. 0. 0. 1. 1. 1. 0. 0. 1. 0. 1. 0. 0. 1. 0. 1. 0.
 1. 0. 0. 0.]"
690,randomforest,"{'criterion': 'gini', 'max_features': 'log2', 'n_estimators': 523}",0.5890929371720143,0.18745546175866049,0.18537360852914617,0.332483054074693,0.5821538154199445,0.19379200545455386,0.5667781493868451,0.13432835820895528,0.5671641791044776,0.5671641791044776,"{0: 0.5887168634439741, 1: 0.5887168634439741}","{0: 0.5887168634439741, 1: 0.5887168634439741}",0.5887168634439741,"[[72 62]
 [54 80]]","[1. 0. 0. 0. 0. 1. 0. 1. 1. 0. 0. 0. 1. 0. 0. 0. 1. 0. 0. 0. 0. 1. 0. 0.
 0. 0. 1. 1. 1. 1. 1. 0. 0. 0. 1. 0. 1. 0. 1. 0. 0. 0. 1. 0. 0. 0. 1. 1.
 0. 0. 1. 0. 1. 1. 1. 1. 1. 1. 0. 1. 1. 0. 1. 0. 0. 0. 1. 1. 1. 1. 0. 0.
 1. 1. 0. 1. 1. 0. 0. 0. 1. 1. 1. 0. 0. 1. 0. 1. 1. 1. 1. 1. 0. 1. 1. 1.
 0. 0. 1. 1. 0. 1. 0. 1. 0. 0. 0. 1. 0. 1. 0. 0. 1. 1. 1. 0. 1. 0. 0. 0.
 0. 1. 1. 1. 1. 1. 1. 1. 1. 0. 0. 1. 1. 0. 1. 1. 0. 1. 0. 1. 0. 0. 1. 0.
 0. 0. 0. 0. 1. 1. 1. 0. 1. 1. 0. 1. 1. 0. 1. 0. 1. 1. 0. 0. 1. 1. 0. 1.
 1. 1. 0. 1. 1. 0. 0. 1. 1. 0. 1. 0. 0. 1. 1. 1. 0. 0. 1. 1. 0. 0. 1. 1.
 1. 1. 1. 0. 1. 1. 0. 0. 0. 0. 1. 1. 0. 1. 0. 0. 1. 1. 0. 1. 1. 1. 0. 0.
 1. 1. 0. 1. 0. 0. 0. 0. 1. 1. 1. 0. 1. 0. 1. 1. 1. 1. 1. 1. 0. 1. 0. 0.
 1. 1. 0. 0. 1. 1. 0. 1. 0. 1. 1. 0. 1. 0. 0. 1. 0. 1. 0. 1. 0. 0. 1. 1.
 1. 0. 1. 0.]","[0. 1. 0. 0. 0. 1. 1. 1. 0. 0. 0. 0. 0. 1. 0. 0. 1. 1. 0. 0. 0. 0. 0. 1.
 0. 0. 1. 0. 1. 0. 0. 1. 0. 1. 1. 0. 0. 0. 1. 0. 0. 0. 1. 1. 1. 0. 1. 0.
 1. 0. 1. 1. 0. 1. 1. 1. 1. 0. 1. 0. 0. 1. 1. 1. 0. 0. 0. 1. 1. 0. 1. 1.
 0. 0. 1. 0. 0. 1. 0. 1. 0. 1. 1. 1. 0. 1. 0. 1. 1. 1. 1. 1. 1. 1. 1. 0.
 0. 0. 1. 1. 1. 0. 0. 1. 1. 1. 0. 0. 0. 1. 1. 1. 0. 0. 0. 0. 1. 1. 1. 0.
 1. 0. 0. 1. 1. 0. 0. 0. 0. 1. 0. 0. 1. 1. 0. 1. 1. 1. 0. 1. 1. 0. 1. 0.
 1. 1. 0. 0. 0. 1. 1. 0. 1. 1. 0. 1. 0. 0. 0. 1. 1. 1. 0. 1. 0. 1. 1. 0.
 1. 0. 0. 1. 1. 0. 0. 1. 0. 1. 1. 0. 0. 1. 0. 0. 1. 1. 0. 1. 1. 0. 0. 0.
 0. 1. 1. 0. 0. 1. 0. 0. 1. 0. 1. 1. 1. 0. 0. 0. 1. 1. 0. 0. 0. 0. 1. 0.
 0. 1. 0. 1. 1. 1. 1. 0. 0. 0. 0. 1. 1. 1. 1. 0. 1. 1. 1. 1. 0. 1. 0. 0.
 1. 0. 0. 1. 1. 1. 1. 1. 0. 0. 1. 1. 1. 0. 0. 1. 0. 1. 0. 0. 1. 0. 1. 0.
 1. 0. 0. 0.]"
80,randomforest,"{'criterion': 'entropy', 'max_features': 'sqrt', 'n_estimators': 185}",0.6011920428998228,0.19443133593436102,0.18494461268525383,0.3479730071533368,0.5946313878773556,0.18873083248292324,0.5704110505554549,0.14179104477611937,0.5708955223880597,0.5708955223880596,"{0: 0.5802238805970149, 1: 0.5802238805970149}","{0: 0.5802238805970149, 1: 0.5802238805970149}",0.5802238805970149,"[[72 62]
 [53 81]]","[1. 0. 0. 0. 0. 1. 0. 1. 1. 0. 0. 0. 1. 0. 0. 0. 1. 0. 0. 0. 0. 1. 0. 0.
 0. 0. 1. 1. 1. 1. 1. 0. 0. 0. 1. 0. 1. 0. 1. 0. 0. 0. 1. 0. 0. 0. 1. 0.
 0. 0. 1. 0. 0. 1. 1. 1. 1. 1. 0. 1. 0. 0. 1. 0. 0. 0. 1. 1. 1. 1. 0. 0.
 0. 1. 0. 1. 1. 0. 1. 0. 1. 1. 1. 0. 0. 1. 1. 1. 1. 1. 1. 1. 0. 1. 1. 1.
 0. 0. 1. 1. 0. 1. 0. 0. 1. 0. 0. 1. 0. 1. 0. 0. 0. 1. 1. 0. 1. 0. 0. 0.
 0. 1. 1. 1. 1. 1. 1. 1. 1. 0. 0. 1. 1. 0. 1. 1. 0. 1. 0. 1. 1. 0. 0. 0.
 1. 0. 0. 1. 1. 1. 1. 0. 1. 1. 0. 1. 1. 0. 1. 0. 1. 1. 1. 0. 1. 0. 0. 1.
 1. 1. 0. 1. 1. 0. 0. 1. 1. 0. 1. 0. 0. 1. 1. 1. 0. 0. 1. 1. 0. 0. 1. 1.
 1. 1. 1. 0. 1. 1. 0. 1. 0. 0. 1. 1. 0. 1. 0. 0. 1. 1. 0. 1. 1. 1. 0. 0.
 1. 1. 0. 1. 0. 0. 0. 0. 1. 1. 1. 0. 1. 0. 1. 1. 1. 1. 1. 1. 0. 1. 0. 0.
 1. 1. 0. 0. 1. 1. 1. 1. 0. 1. 1. 0. 1. 0. 0. 1. 0. 1. 0. 1. 0. 0. 1. 1.
 1. 0. 1. 0.]","[0. 1. 0. 0. 0. 1. 1. 1. 0. 0. 0. 0. 0. 1. 0. 0. 1. 1. 0. 0. 0. 0. 0. 1.
 0. 0. 1. 0. 1. 0. 0. 1. 0. 1. 1. 0. 0. 0. 1. 0. 0. 0. 1. 1. 1. 0. 1. 0.
 1. 0. 1. 1. 0. 1. 1. 1. 1. 0. 1. 0. 0. 1. 1. 1. 0. 0. 0. 1. 1. 0. 1. 1.
 0. 0. 1. 0. 0. 1. 0. 1. 0. 1. 1. 1. 0. 1. 0. 1. 1. 1. 1. 1. 1. 1. 1. 0.
 0. 0. 1. 1. 1. 0. 0. 1. 1. 1. 0. 0. 0. 1. 1. 1. 0. 0. 0. 0. 1. 1. 1. 0.
 1. 0. 0. 1. 1. 0. 0. 0. 0. 1. 0. 0. 1. 1. 0. 1. 1. 1. 0. 1. 1. 0. 1. 0.
 1. 1. 0. 0. 0. 1. 1. 0. 1. 1. 0. 1. 0. 0. 0. 1. 1. 1. 0. 1. 0. 1. 1. 0.
 1. 0. 0. 1. 1. 0. 0. 1. 0. 1. 1. 0. 0. 1. 0. 0. 1. 1. 0. 1. 1. 0. 0. 0.
 0. 1. 1. 0. 0. 1. 0. 0. 1. 0. 1. 1. 1. 0. 0. 0. 1. 1. 0. 0. 0. 0. 1. 0.
 0. 1. 0. 1. 1. 1. 1. 0. 0. 0. 0. 1. 1. 1. 1. 0. 1. 1. 1. 1. 0. 1. 0. 0.
 1. 0. 0. 1. 1. 1. 1. 1. 0. 0. 1. 1. 1. 0. 0. 1. 0. 1. 0. 0. 1. 0. 1. 0.
 1. 0. 0. 0.]"
418,randomforest,"{'criterion': 'gini', 'max_features': 'log2', 'n_estimators': 481}",0.5907716406401856,0.1937590356840315,0.1849437076706785,0.3405551484349359,0.5834398613632484,0.19812644304538218,0.5744135510113111,0.14925373134328357,0.5746268656716418,0.5746268656716418,"{0: 0.5871574961015817, 1: 0.5871574961015816}","{0: 0.5871574961015817, 1: 0.5871574961015816}",0.5871574961015816,"[[74 60]
 [54 80]]","[1. 0. 0. 0. 0. 1. 0. 1. 1. 0. 0. 0. 1. 0. 0. 0. 1. 0. 0. 0. 0. 1. 0. 0.
 0. 0. 1. 1. 1. 1. 1. 0. 0. 0. 1. 0. 1. 0. 1. 0. 0. 0. 1. 0. 0. 0. 1. 0.
 0. 0. 1. 0. 0. 1. 1. 1. 1. 1. 0. 1. 1. 0. 1. 0. 0. 0. 1. 1. 1. 1. 0. 0.
 1. 1. 0. 1. 1. 0. 0. 0. 1. 1. 1. 0. 0. 1. 0. 1. 1. 1. 1. 1. 0. 1. 1. 1.
 0. 0. 1. 1. 0. 1. 1. 0. 0. 0. 0. 1. 0. 1. 0. 0. 0. 1. 1. 0. 1. 0. 0. 0.
 0. 1. 1. 1. 1. 1. 1. 1. 1. 0. 0. 1. 1. 0. 1. 1. 0. 1. 0. 1. 1. 0. 0. 0.
 0. 0. 0. 0. 1. 1. 1. 0. 1. 1. 0. 1. 1. 0. 1. 0. 1. 1. 0. 0. 1. 1. 0. 1.
 1. 1. 0. 1. 1. 0. 0. 1. 1. 0. 1. 0. 0. 1. 1. 1. 0. 0. 1. 1. 0. 0. 1. 1.
 1. 1. 1. 1. 1. 1. 0. 0. 0. 0. 1. 1. 0. 0. 0. 0. 1. 1. 0. 1. 1. 1. 0. 0.
 1. 1. 0. 1. 0. 0. 0. 0. 1. 1. 1. 0. 1. 0. 1. 1. 1. 1. 1. 1. 0. 1. 0. 0.
 1. 1. 0. 0. 1. 1. 1. 1. 0. 1. 1. 0. 1. 0. 0. 1. 0. 1. 0. 1. 0. 0. 1. 1.
 1. 0. 1. 0.]","[0. 1. 0. 0. 0. 1. 1. 1. 0. 0. 0. 0. 0. 1. 0. 0. 1. 1. 0. 0. 0. 0. 0. 1.
 0. 0. 1. 0. 1. 0. 0. 1. 0. 1. 1. 0. 0. 0. 1. 0. 0. 0. 1. 1. 1. 0. 1. 0.
 1. 0. 1. 1. 0. 1. 1. 1. 1. 0. 1. 0. 0. 1. 1. 1. 0. 0. 0. 1. 1. 0. 1. 1.
 0. 0. 1. 0. 0. 1. 0. 1. 0. 1. 1. 1. 0. 1. 0. 1. 1. 1. 1. 1. 1. 1. 1. 0.
 0. 0. 1. 1. 1. 0. 0. 1. 1. 1. 0. 0. 0. 1. 1. 1. 0. 0. 0. 0. 1. 1. 1. 0.
 1. 0. 0. 1. 1. 0. 0. 0. 0. 1. 0. 0. 1. 1. 0. 1. 1. 1. 0. 1. 1. 0. 1. 0.
 1. 1. 0. 0. 0. 1. 1. 0. 1. 1. 0. 1. 0. 0. 0. 1. 1. 1. 0. 1. 0. 1. 1. 0.
 1. 0. 0. 1. 1. 0. 0. 1. 0. 1. 1. 0. 0. 1. 0. 0. 1. 1. 0. 1. 1. 0. 0. 0.
 0. 1. 1. 0. 0. 1. 0. 0. 1. 0. 1. 1. 1. 0. 0. 0. 1. 1. 0. 0. 0. 0. 1. 0.
 0. 1. 0. 1. 1. 1. 1. 0. 0. 0. 0. 1. 1. 1. 1. 0. 1. 1. 1. 1. 0. 1. 0. 0.
 1. 0. 0. 1. 1. 1. 1. 1. 0. 0. 1. 1. 1. 0. 0. 1. 0. 1. 0. 0. 1. 0. 1. 0.
 1. 0. 0. 0.]"
722,randomforest,"{'criterion': 'gini', 'max_features': 'sqrt', 'n_estimators': 461}",0.5892089557860167,0.19995255359307368,0.18464275548707468,0.35322322480601837,0.5825231257690935,0.20488054414541818,0.5706025774991291,0.14179104477611937,0.5708955223880597,0.5708955223880596,"{0: 0.5907496101581644, 1: 0.5907496101581644}","{0: 0.5907496101581644, 1: 0.5907496101581644}",0.5907496101581644,"[[73 61]
 [54 80]]","[1. 0. 0. 0. 0. 1. 0. 1. 1. 0. 0. 0. 1. 0. 0. 0. 1. 0. 0. 0. 0. 1. 0. 0.
 0. 0. 1. 1. 1. 1. 1. 0. 0. 0. 1. 0. 1. 0. 1. 0. 0. 0. 1. 0. 0. 0. 1. 0.
 0. 0. 1. 0. 1. 1. 1. 1. 1. 1. 0. 1. 1. 0. 1. 0. 0. 0. 1. 1. 1. 1. 0. 0.
 1. 1. 0. 1. 1. 0. 0. 0. 1. 1. 1. 0. 0. 1. 1. 1. 1. 1. 1. 1. 0. 1. 1. 1.
 0. 0. 1. 1. 0. 1. 1. 0. 0. 0. 0. 1. 0. 1. 0. 0. 0. 1. 1. 0. 1. 0. 0. 0.
 0. 1. 1. 1. 1. 1. 1. 1. 1. 0. 0. 1. 1. 0. 1. 1. 0. 1. 0. 1. 1. 0. 1. 0.
 0. 0. 0. 0. 1. 1. 1. 0. 1. 1. 0. 1. 1. 0. 1. 0. 1. 1. 0. 0. 1. 1. 0. 1.
 1. 1. 0. 1. 1. 0. 0. 1. 1. 0. 1. 0. 0. 1. 1. 1. 0. 0. 1. 1. 0. 0. 1. 1.
 1. 1. 1. 0. 1. 1. 0. 0. 0. 0. 1. 1. 0. 0. 0. 0. 1. 1. 0. 1. 1. 1. 0. 0.
 1. 1. 0. 1. 0. 0. 0. 0. 1. 1. 1. 0. 0. 0. 1. 1. 1. 1. 1. 1. 0. 1. 0. 0.
 1. 1. 0. 0. 1. 1. 1. 1. 0. 1. 1. 0. 1. 0. 0. 1. 0. 1. 0. 1. 0. 0. 1. 1.
 1. 0. 1. 0.]","[0. 1. 0. 0. 0. 1. 1. 1. 0. 0. 0. 0. 0. 1. 0. 0. 1. 1. 0. 0. 0. 0. 0. 1.
 0. 0. 1. 0. 1. 0. 0. 1. 0. 1. 1. 0. 0. 0. 1. 0. 0. 0. 1. 1. 1. 0. 1. 0.
 1. 0. 1. 1. 0. 1. 1. 1. 1. 0. 1. 0. 0. 1. 1. 1. 0. 0. 0. 1. 1. 0. 1. 1.
 0. 0. 1. 0. 0. 1. 0. 1. 0. 1. 1. 1. 0. 1. 0. 1. 1. 1. 1. 1. 1. 1. 1. 0.
 0. 0. 1. 1. 1. 0. 0. 1. 1. 1. 0. 0. 0. 1. 1. 1. 0. 0. 0. 0. 1. 1. 1. 0.
 1. 0. 0. 1. 1. 0. 0. 0. 0. 1. 0. 0. 1. 1. 0. 1. 1. 1. 0. 1. 1. 0. 1. 0.
 1. 1. 0. 0. 0. 1. 1. 0. 1. 1. 0. 1. 0. 0. 0. 1. 1. 1. 0. 1. 0. 1. 1. 0.
 1. 0. 0. 1. 1. 0. 0. 1. 0. 1. 1. 0. 0. 1. 0. 0. 1. 1. 0. 1. 1. 0. 0. 0.
 0. 1. 1. 0. 0. 1. 0. 0. 1. 0. 1. 1. 1. 0. 0. 0. 1. 1. 0. 0. 0. 0. 1. 0.
 0. 1. 0. 1. 1. 1. 1. 0. 0. 0. 0. 1. 1. 1. 1. 0. 1. 1. 1. 1. 0. 1. 0. 0.
 1. 0. 0. 1. 1. 1. 1. 1. 0. 0. 1. 1. 1. 0. 0. 1. 0. 1. 0. 0. 1. 0. 1. 0.
 1. 0. 0. 0.]"
261,randomforest,"{'criterion': 'gini', 'max_features': 'sqrt', 'n_estimators': 159}",0.5916533787982502,0.21119451974851197,0.18453413844727853,0.3982499808658735,0.5826206555541232,0.2159677149863727,0.5626961215011924,0.12686567164179108,0.5634328358208955,0.5634328358208955,"{0: 0.588967476052573, 1: 0.588967476052573}","{0: 0.588967476052573, 1: 0.588967476052573}",0.588967476052573,"[[70 64]
 [53 81]]","[1. 0. 0. 0. 0. 1. 0. 1. 1. 0. 0. 0. 1. 0. 0. 0. 1. 0. 0. 0. 0. 1. 0. 0.
 0. 0. 1. 1. 1. 1. 1. 0. 0. 0. 1. 1. 1. 0. 1. 0. 0. 0. 1. 0. 0. 1. 1. 1.
 0. 0. 1. 0. 0. 1. 1. 1. 1. 1. 0. 1. 0. 0. 1. 0. 0. 0. 1. 1. 1. 1. 0. 0.
 0. 1. 0. 1. 1. 0. 0. 0. 1. 1. 1. 0. 0. 1. 1. 1. 1. 1. 1. 1. 0. 1. 1. 1.
 0. 0. 1. 1. 0. 1. 0. 0. 0. 0. 0. 1. 0. 1. 0. 0. 0. 1. 1. 0. 1. 0. 0. 0.
 1. 1. 1. 1. 1. 1. 1. 1. 1. 0. 0. 1. 1. 0. 1. 1. 0. 1. 0. 1. 0. 0. 1. 0.
 1. 0. 0. 0. 1. 1. 1. 0. 1. 0. 0. 1. 1. 0. 1. 0. 1. 1. 0. 0. 1. 1. 0. 1.
 1. 1. 0. 1. 1. 1. 0. 1. 1. 0. 1. 0. 0. 0. 1. 1. 0. 1. 1. 1. 0. 0. 1. 1.
 1. 1. 1. 1. 1. 1. 0. 1. 0. 0. 1. 1. 0. 1. 0. 0. 1. 1. 0. 1. 1. 1. 0. 0.
 1. 1. 0. 1. 0. 0. 0. 0. 1. 1. 1. 0. 1. 0. 1. 1. 1. 1. 1. 1. 0. 1. 0. 0.
 1. 1. 0. 0. 1. 1. 1. 1. 0. 1. 1. 0. 1. 0. 0. 1. 0. 1. 0. 1. 0. 0. 1. 1.
 1. 0. 1. 0.]","[0. 1. 0. 0. 0. 1. 1. 1. 0. 0. 0. 0. 0. 1. 0. 0. 1. 1. 0. 0. 0. 0. 0. 1.
 0. 0. 1. 0. 1. 0. 0. 1. 0. 1. 1. 0. 0. 0. 1. 0. 0. 0. 1. 1. 1. 0. 1. 0.
 1. 0. 1. 1. 0. 1. 1. 1. 1. 0. 1. 0. 0. 1. 1. 1. 0. 0. 0. 1. 1. 0. 1. 1.
 0. 0. 1. 0. 0. 1. 0. 1. 0. 1. 1. 1. 0. 1. 0. 1. 1. 1. 1. 1. 1. 1. 1. 0.
 0. 0. 1. 1. 1. 0. 0. 1. 1. 1. 0. 0. 0. 1. 1. 1. 0. 0. 0. 0. 1. 1. 1. 0.
 1. 0. 0. 1. 1. 0. 0. 0. 0. 1. 0. 0. 1. 1. 0. 1. 1. 1. 0. 1. 1. 0. 1. 0.
 1. 1. 0. 0. 0. 1. 1. 0. 1. 1. 0. 1. 0. 0. 0. 1. 1. 1. 0. 1. 0. 1. 1. 0.
 1. 0. 0. 1. 1. 0. 0. 1. 0. 1. 1. 0. 0. 1. 0. 0. 1. 1. 0. 1. 1. 0. 0. 0.
 0. 1. 1. 0. 0. 1. 0. 0. 1. 0. 1. 1. 1. 0. 0. 0. 1. 1. 0. 0. 0. 0. 1. 0.
 0. 1. 0. 1. 1. 1. 1. 0. 0. 0. 0. 1. 1. 1. 1. 0. 1. 1. 1. 1. 0. 1. 0. 0.
 1. 0. 0. 1. 1. 1. 1. 1. 0. 0. 1. 1. 1. 0. 0. 1. 0. 1. 0. 0. 1. 0. 1. 0.
 1. 0. 0. 0.]"
520,randomforest,"{'criterion': 'gini', 'max_features': 'log2', 'n_estimators': 169}",0.5895092185557081,0.20124785507531215,0.1844677531594643,0.3533246921744599,0.5831326417011901,0.20385720518204356,0.5662946428571429,0.13432835820895528,0.5671641791044776,0.5671641791044776,"{0: 0.5840109155713968, 1: 0.5840109155713967}","{0: 0.5840109155713968, 1: 0.5840109155713967}",0.5840109155713967,"[[70 64]
 [52 82]]","[1. 0. 0. 0. 0. 1. 0. 1. 1. 0. 1. 0. 1. 0. 0. 0. 1. 0. 0. 0. 0. 1. 0. 0.
 0. 0. 1. 1. 1. 1. 1. 0. 0. 0. 1. 0. 0. 0. 1. 0. 0. 0. 1. 1. 0. 0. 1. 1.
 0. 0. 1. 0. 1. 1. 1. 1. 1. 1. 0. 1. 1. 0. 1. 1. 0. 0. 1. 1. 1. 1. 0. 0.
 1. 1. 0. 1. 1. 0. 1. 0. 1. 1. 1. 0. 0. 1. 1. 1. 1. 1. 1. 1. 0. 1. 1. 1.
 0. 0. 1. 1. 0. 1. 0. 0. 0. 0. 0. 1. 0. 1. 0. 0. 0. 1. 1. 0. 1. 0. 0. 0.
 0. 1. 1. 1. 1. 1. 1. 1. 1. 0. 0. 1. 1. 0. 1. 1. 0. 1. 0. 1. 1. 0. 0. 0.
 1. 0. 0. 0. 1. 1. 1. 0. 1. 1. 0. 1. 1. 0. 1. 0. 1. 1. 0. 0. 1. 1. 0. 1.
 1. 1. 0. 1. 1. 1. 0. 1. 1. 0. 1. 0. 0. 1. 1. 1. 0. 0. 1. 1. 0. 0. 1. 1.
 0. 1. 1. 1. 1. 1. 0. 1. 0. 0. 1. 1. 0. 0. 0. 0. 1. 1. 0. 1. 1. 0. 0. 0.
 1. 1. 0. 0. 0. 0. 0. 0. 1. 1. 1. 0. 1. 0. 1. 1. 1. 1. 1. 1. 0. 1. 0. 0.
 1. 1. 0. 0. 1. 1. 1. 1. 0. 1. 1. 0. 1. 0. 1. 1. 0. 1. 0. 1. 0. 0. 1. 1.
 1. 0. 1. 0.]","[0. 1. 0. 0. 0. 1. 1. 1. 0. 0. 0. 0. 0. 1. 0. 0. 1. 1. 0. 0. 0. 0. 0. 1.
 0. 0. 1. 0. 1. 0. 0. 1. 0. 1. 1. 0. 0. 0. 1. 0. 0. 0. 1. 1. 1. 0. 1. 0.
 1. 0. 1. 1. 0. 1. 1. 1. 1. 0. 1. 0. 0. 1. 1. 1. 0. 0. 0. 1. 1. 0. 1. 1.
 0. 0. 1. 0. 0. 1. 0. 1. 0. 1. 1. 1. 0. 1. 0. 1. 1. 1. 1. 1. 1. 1. 1. 0.
 0. 0. 1. 1. 1. 0. 0. 1. 1. 1. 0. 0. 0. 1. 1. 1. 0. 0. 0. 0. 1. 1. 1. 0.
 1. 0. 0. 1. 1. 0. 0. 0. 0. 1. 0. 0. 1. 1. 0. 1. 1. 1. 0. 1. 1. 0. 1. 0.
 1. 1. 0. 0. 0. 1. 1. 0. 1. 1. 0. 1. 0. 0. 0. 1. 1. 1. 0. 1. 0. 1. 1. 0.
 1. 0. 0. 1. 1. 0. 0. 1. 0. 1. 1. 0. 0. 1. 0. 0. 1. 1. 0. 1. 1. 0. 0. 0.
 0. 1. 1. 0. 0. 1. 0. 0. 1. 0. 1. 1. 1. 0. 0. 0. 1. 1. 0. 0. 0. 0. 1. 0.
 0. 1. 0. 1. 1. 1. 1. 0. 0. 0. 0. 1. 1. 1. 1. 0. 1. 1. 1. 1. 0. 1. 0. 0.
 1. 0. 0. 1. 1. 1. 1. 1. 0. 0. 1. 1. 1. 0. 0. 1. 0. 1. 0. 0. 1. 0. 1. 0.
 1. 0. 0. 0.]"
27,randomforest,"{'criterion': 'entropy', 'max_features': 'sqrt', 'n_estimators': 365}",0.593267397576302,0.19799820153780423,0.18429124972056343,0.36026314718274743,0.588252409925797,0.19978746390148813,0.5740337962188389,0.14925373134328357,0.5746268656716418,0.5746268656716418,"{0: 0.5897750055691692, 1: 0.5897750055691691}","{0: 0.5897750055691692, 1: 0.5897750055691691}",0.5897750055691691,"[[72 62]
 [52 82]]","[1. 0. 0. 0. 0. 1. 0. 1. 1. 0. 0. 0. 1. 0. 0. 0. 1. 0. 0. 0. 0. 1. 0. 0.
 0. 0. 1. 1. 1. 1. 1. 0. 0. 0. 1. 0. 1. 0. 1. 0. 0. 0. 1. 1. 0. 0. 1. 0.
 0. 0. 1. 0. 1. 1. 1. 1. 1. 1. 0. 1. 0. 0. 1. 0. 0. 0. 1. 1. 1. 1. 0. 0.
 1. 1. 0. 1. 1. 0. 1. 0. 1. 1. 1. 0. 0. 1. 0. 1. 1. 1. 1. 1. 0. 1. 1. 1.
 0. 0. 1. 1. 0. 1. 1. 1. 0. 0. 0. 1. 0. 1. 0. 0. 0. 1. 1. 0. 1. 0. 0. 0.
 0. 1. 1. 1. 1. 1. 1. 1. 1. 0. 0. 1. 1. 0. 1. 1. 0. 1. 0. 1. 1. 0. 0. 0.
 1. 0. 0. 0. 1. 1. 1. 0. 1. 1. 0. 1. 1. 0. 1. 0. 1. 1. 0. 0. 1. 1. 0. 1.
 1. 1. 1. 1. 1. 0. 0. 1. 1. 0. 1. 0. 0. 0. 1. 1. 0. 0. 1. 1. 0. 0. 1. 1.
 0. 1. 1. 0. 1. 1. 0. 1. 0. 0. 1. 1. 0. 1. 0. 0. 1. 1. 0. 1. 1. 1. 1. 0.
 1. 1. 0. 1. 0. 0. 0. 0. 1. 1. 1. 0. 1. 0. 1. 1. 1. 1. 1. 1. 0. 1. 0. 0.
 1. 1. 0. 0. 1. 1. 1. 1. 0. 1. 1. 0. 1. 0. 0. 1. 0. 0. 0. 1. 0. 0. 1. 1.
 1. 0. 1. 0.]","[0. 1. 0. 0. 0. 1. 1. 1. 0. 0. 0. 0. 0. 1. 0. 0. 1. 1. 0. 0. 0. 0. 0. 1.
 0. 0. 1. 0. 1. 0. 0. 1. 0. 1. 1. 0. 0. 0. 1. 0. 0. 0. 1. 1. 1. 0. 1. 0.
 1. 0. 1. 1. 0. 1. 1. 1. 1. 0. 1. 0. 0. 1. 1. 1. 0. 0. 0. 1. 1. 0. 1. 1.
 0. 0. 1. 0. 0. 1. 0. 1. 0. 1. 1. 1. 0. 1. 0. 1. 1. 1. 1. 1. 1. 1. 1. 0.
 0. 0. 1. 1. 1. 0. 0. 1. 1. 1. 0. 0. 0. 1. 1. 1. 0. 0. 0. 0. 1. 1. 1. 0.
 1. 0. 0. 1. 1. 0. 0. 0. 0. 1. 0. 0. 1. 1. 0. 1. 1. 1. 0. 1. 1. 0. 1. 0.
 1. 1. 0. 0. 0. 1. 1. 0. 1. 1. 0. 1. 0. 0. 0. 1. 1. 1. 0. 1. 0. 1. 1. 0.
 1. 0. 0. 1. 1. 0. 0. 1. 0. 1. 1. 0. 0. 1. 0. 0. 1. 1. 0. 1. 1. 0. 0. 0.
 0. 1. 1. 0. 0. 1. 0. 0. 1. 0. 1. 1. 1. 0. 0. 0. 1. 1. 0. 0. 0. 0. 1. 0.
 0. 1. 0. 1. 1. 1. 1. 0. 0. 0. 0. 1. 1. 1. 1. 0. 1. 1. 1. 1. 0. 1. 0. 0.
 1. 0. 0. 1. 1. 1. 1. 1. 0. 0. 1. 1. 1. 0. 0. 1. 0. 1. 0. 0. 1. 0. 1. 0.
 1. 0. 0. 0.]"
561,randomforest,"{'criterion': 'gini', 'max_features': 'sqrt', 'n_estimators': 597}",0.586675279618828,0.19018628999472423,0.18426911479671457,0.33495288508572396,0.5802060543996027,0.19470652666221683,0.5669471220816849,0.13432835820895528,0.5671641791044776,0.5671641791044777,"{0: 0.5872410336377814, 1: 0.5872410336377811}","{0: 0.5872410336377814, 1: 0.5872410336377811}",0.5872410336377811,"[[73 61]
 [55 79]]","[1. 0. 0. 0. 0. 1. 0. 1. 1. 0. 0. 0. 1. 0. 0. 0. 1. 0. 0. 1. 0. 1. 0. 0.
 0. 0. 1. 1. 1. 1. 1. 0. 0. 0. 1. 0. 0. 0. 1. 0. 0. 0. 1. 0. 0. 0. 1. 1.
 0. 0. 1. 0. 1. 1. 1. 1. 1. 1. 0. 1. 1. 0. 1. 0. 0. 0. 1. 1. 1. 1. 0. 0.
 1. 1. 0. 1. 1. 0. 0. 0. 0. 1. 1. 0. 0. 1. 0. 1. 1. 1. 1. 1. 0. 1. 1. 1.
 0. 0. 1. 1. 0. 1. 1. 0. 0. 0. 0. 1. 0. 1. 0. 0. 0. 1. 1. 0. 1. 0. 0. 0.
 0. 1. 1. 1. 1. 1. 1. 1. 1. 0. 0. 1. 1. 0. 1. 1. 0. 1. 0. 1. 1. 0. 1. 0.
 0. 0. 0. 0. 1. 1. 1. 0. 1. 1. 0. 1. 1. 0. 1. 0. 1. 1. 0. 0. 1. 1. 0. 1.
 1. 1. 0. 1. 1. 0. 0. 1. 1. 0. 1. 0. 0. 0. 1. 1. 0. 0. 1. 1. 0. 0. 1. 1.
 1. 1. 1. 1. 1. 1. 0. 0. 0. 0. 1. 1. 0. 0. 0. 0. 1. 1. 0. 1. 1. 1. 0. 0.
 1. 1. 0. 0. 0. 0. 0. 0. 1. 1. 1. 0. 1. 0. 1. 1. 1. 1. 1. 1. 0. 1. 0. 0.
 1. 1. 0. 0. 1. 1. 1. 1. 0. 1. 1. 0. 1. 0. 0. 1. 0. 1. 0. 1. 0. 0. 1. 1.
 1. 0. 1. 0.]","[0. 1. 0. 0. 0. 1. 1. 1. 0. 0. 0. 0. 0. 1. 0. 0. 1. 1. 0. 0. 0. 0. 0. 1.
 0. 0. 1. 0. 1. 0. 0. 1. 0. 1. 1. 0. 0. 0. 1. 0. 0. 0. 1. 1. 1. 0. 1. 0.
 1. 0. 1. 1. 0. 1. 1. 1. 1. 0. 1. 0. 0. 1. 1. 1. 0. 0. 0. 1. 1. 0. 1. 1.
 0. 0. 1. 0. 0. 1. 0. 1. 0. 1. 1. 1. 0. 1. 0. 1. 1. 1. 1. 1. 1. 1. 1. 0.
 0. 0. 1. 1. 1. 0. 0. 1. 1. 1. 0. 0. 0. 1. 1. 1. 0. 0. 0. 0. 1. 1. 1. 0.
 1. 0. 0. 1. 1. 0. 0. 0. 0. 1. 0. 0. 1. 1. 0. 1. 1. 1. 0. 1. 1. 0. 1. 0.
 1. 1. 0. 0. 0. 1. 1. 0. 1. 1. 0. 1. 0. 0. 0. 1. 1. 1. 0. 1. 0. 1. 1. 0.
 1. 0. 0. 1. 1. 0. 0. 1. 0. 1. 1. 0. 0. 1. 0. 0. 1. 1. 0. 1. 1. 0. 0. 0.
 0. 1. 1. 0. 0. 1. 0. 0. 1. 0. 1. 1. 1. 0. 0. 0. 1. 1. 0. 0. 0. 0. 1. 0.
 0. 1. 0. 1. 1. 1. 1. 0. 0. 0. 0. 1. 1. 1. 1. 0. 1. 1. 1. 1. 0. 1. 0. 0.
 1. 0. 0. 1. 1. 1. 1. 1. 0. 0. 1. 1. 1. 0. 0. 1. 0. 1. 0. 0. 1. 0. 1. 0.
 1. 0. 0. 0.]"
695,randomforest,"{'criterion': 'gini', 'max_features': 'log2', 'n_estimators': 263}",0.5945880489806953,0.19037972996002617,0.18419999073856483,0.33422294376826406,0.589654248827636,0.19251678865992972,0.5778821627197077,0.15671641791044777,0.5783582089552238,0.5783582089552239,"{0: 0.6026954778347071, 1: 0.6026954778347071}","{0: 0.6026954778347071, 1: 0.6026954778347071}",0.6026954778347071,"[[73 61]
 [52 82]]","[1. 0. 0. 0. 0. 1. 0. 1. 1. 0. 0. 0. 1. 0. 0. 0. 1. 0. 0. 1. 0. 1. 0. 0.
 0. 0. 1. 1. 1. 1. 1. 0. 0. 0. 1. 0. 0. 0. 1. 0. 0. 0. 1. 1. 0. 0. 1. 0.
 0. 0. 1. 0. 1. 1. 1. 1. 1. 1. 0. 1. 1. 0. 1. 1. 0. 0. 1. 1. 1. 1. 0. 0.
 1. 1. 0. 1. 1. 0. 0. 0. 1. 1. 1. 0. 0. 1. 0. 1. 1. 1. 1. 1. 0. 1. 1. 1.
 0. 0. 1. 1. 0. 1. 1. 1. 0. 0. 0. 1. 0. 1. 0. 0. 0. 1. 1. 0. 1. 0. 0. 0.
 0. 1. 0. 1. 1. 1. 1. 1. 1. 0. 0. 1. 1. 0. 1. 1. 0. 1. 0. 1. 1. 0. 0. 0.
 0. 0. 0. 0. 1. 1. 1. 0. 1. 1. 0. 1. 1. 0. 1. 0. 1. 1. 0. 0. 1. 1. 0. 1.
 1. 1. 1. 1. 1. 0. 0. 1. 1. 0. 1. 0. 0. 0. 1. 1. 0. 0. 1. 1. 0. 0. 1. 1.
 0. 1. 1. 1. 1. 1. 0. 0. 0. 0. 1. 1. 0. 0. 0. 1. 1. 1. 0. 1. 1. 1. 0. 0.
 1. 1. 0. 1. 0. 0. 0. 0. 1. 1. 1. 0. 1. 0. 1. 1. 1. 1. 1. 1. 0. 1. 0. 0.
 1. 1. 0. 0. 1. 1. 1. 1. 0. 1. 1. 0. 1. 0. 0. 1. 0. 1. 0. 1. 0. 0. 1. 1.
 1. 0. 1. 0.]","[0. 1. 0. 0. 0. 1. 1. 1. 0. 0. 0. 0. 0. 1. 0. 0. 1. 1. 0. 0. 0. 0. 0. 1.
 0. 0. 1. 0. 1. 0. 0. 1. 0. 1. 1. 0. 0. 0. 1. 0. 0. 0. 1. 1. 1. 0. 1. 0.
 1. 0. 1. 1. 0. 1. 1. 1. 1. 0. 1. 0. 0. 1. 1. 1. 0. 0. 0. 1. 1. 0. 1. 1.
 0. 0. 1. 0. 0. 1. 0. 1. 0. 1. 1. 1. 0. 1. 0. 1. 1. 1. 1. 1. 1. 1. 1. 0.
 0. 0. 1. 1. 1. 0. 0. 1. 1. 1. 0. 0. 0. 1. 1. 1. 0. 0. 0. 0. 1. 1. 1. 0.
 1. 0. 0. 1. 1. 0. 0. 0. 0. 1. 0. 0. 1. 1. 0. 1. 1. 1. 0. 1. 1. 0. 1. 0.
 1. 1. 0. 0. 0. 1. 1. 0. 1. 1. 0. 1. 0. 0. 0. 1. 1. 1. 0. 1. 0. 1. 1. 0.
 1. 0. 0. 1. 1. 0. 0. 1. 0. 1. 1. 0. 0. 1. 0. 0. 1. 1. 0. 1. 1. 0. 0. 0.
 0. 1. 1. 0. 0. 1. 0. 0. 1. 0. 1. 1. 1. 0. 0. 0. 1. 1. 0. 0. 0. 0. 1. 0.
 0. 1. 0. 1. 1. 1. 1. 0. 0. 0. 0. 1. 1. 1. 1. 0. 1. 1. 1. 1. 0. 1. 0. 0.
 1. 0. 0. 1. 1. 1. 1. 1. 0. 0. 1. 1. 1. 0. 0. 1. 0. 1. 0. 0. 1. 0. 1. 0.
 1. 0. 0. 0.]"
568,randomforest,"{'criterion': 'gini', 'max_features': 'sqrt', 'n_estimators': 381}",0.5857710103648196,0.21020337493959215,0.18415156255555665,0.3856407346841314,0.5788105189314866,0.21283562950430698,0.5629399383912019,0.12686567164179108,0.5634328358208955,0.5634328358208955,"{0: 0.5952884829583427, 1: 0.5952884829583427}","{0: 0.5952884829583427, 1: 0.5952884829583427}",0.5952884829583427,"[[71 63]
 [54 80]]","[1. 0. 0. 0. 0. 1. 0. 1. 1. 0. 0. 0. 1. 0. 0. 0. 1. 0. 0. 0. 0. 1. 0. 0.
 0. 0. 1. 1. 1. 1. 1. 0. 0. 0. 1. 0. 1. 0. 1. 0. 0. 0. 1. 0. 0. 0. 1. 0.
 0. 0. 1. 0. 1. 1. 1. 1. 1. 1. 0. 1. 0. 0. 1. 0. 0. 0. 1. 1. 1. 1. 0. 0.
 1. 1. 0. 1. 1. 0. 0. 0. 1. 1. 1. 0. 0. 1. 0. 1. 1. 1. 1. 1. 0. 1. 1. 1.
 0. 0. 1. 1. 0. 1. 1. 0. 0. 0. 0. 1. 0. 1. 0. 0. 0. 1. 1. 0. 1. 0. 0. 0.
 0. 1. 1. 1. 1. 1. 1. 1. 1. 0. 0. 1. 1. 0. 1. 1. 0. 1. 0. 1. 1. 0. 1. 0.
 0. 0. 0. 0. 1. 1. 1. 0. 1. 1. 0. 1. 1. 0. 1. 0. 1. 1. 0. 0. 1. 1. 0. 1.
 1. 1. 0. 1. 1. 0. 0. 1. 1. 0. 1. 0. 0. 1. 1. 1. 0. 0. 1. 1. 0. 0. 1. 1.
 1. 1. 1. 1. 1. 1. 0. 1. 0. 0. 1. 1. 0. 1. 0. 1. 1. 1. 0. 1. 1. 1. 0. 0.
 1. 1. 0. 1. 0. 0. 0. 0. 1. 1. 1. 0. 1. 0. 1. 1. 1. 1. 1. 1. 0. 1. 0. 0.
 1. 1. 0. 0. 1. 1. 1. 1. 0. 1. 1. 0. 1. 0. 0. 1. 0. 0. 0. 1. 0. 0. 1. 1.
 1. 0. 1. 0.]","[0. 1. 0. 0. 0. 1. 1. 1. 0. 0. 0. 0. 0. 1. 0. 0. 1. 1. 0. 0. 0. 0. 0. 1.
 0. 0. 1. 0. 1. 0. 0. 1. 0. 1. 1. 0. 0. 0. 1. 0. 0. 0. 1. 1. 1. 0. 1. 0.
 1. 0. 1. 1. 0. 1. 1. 1. 1. 0. 1. 0. 0. 1. 1. 1. 0. 0. 0. 1. 1. 0. 1. 1.
 0. 0. 1. 0. 0. 1. 0. 1. 0. 1. 1. 1. 0. 1. 0. 1. 1. 1. 1. 1. 1. 1. 1. 0.
 0. 0. 1. 1. 1. 0. 0. 1. 1. 1. 0. 0. 0. 1. 1. 1. 0. 0. 0. 0. 1. 1. 1. 0.
 1. 0. 0. 1. 1. 0. 0. 0. 0. 1. 0. 0. 1. 1. 0. 1. 1. 1. 0. 1. 1. 0. 1. 0.
 1. 1. 0. 0. 0. 1. 1. 0. 1. 1. 0. 1. 0. 0. 0. 1. 1. 1. 0. 1. 0. 1. 1. 0.
 1. 0. 0. 1. 1. 0. 0. 1. 0. 1. 1. 0. 0. 1. 0. 0. 1. 1. 0. 1. 1. 0. 0. 0.
 0. 1. 1. 0. 0. 1. 0. 0. 1. 0. 1. 1. 1. 0. 0. 0. 1. 1. 0. 0. 0. 0. 1. 0.
 0. 1. 0. 1. 1. 1. 1. 0. 0. 0. 0. 1. 1. 1. 1. 0. 1. 1. 1. 1. 0. 1. 0. 0.
 1. 0. 0. 1. 1. 1. 1. 1. 0. 0. 1. 1. 1. 0. 0. 1. 0. 1. 0. 0. 1. 0. 1. 0.
 1. 0. 0. 0.]"
528,randomforest,"{'criterion': 'entropy', 'max_features': None, 'n_estimators': 527}",0.5943201153928804,0.18807467627887337,0.1840922451691057,0.348353396280657,0.5863741358701036,0.19395236657613463,0.5708417461533105,0.14179104477611937,0.5708955223880597,0.5708955223880596,"{0: 0.5849019826241925, 1: 0.5849019826241926}","{0: 0.5849019826241925, 1: 0.5849019826241926}",0.5849019826241926,"[[75 59]
 [56 78]]","[1. 0. 0. 0. 0. 1. 0. 1. 1. 0. 0. 0. 1. 0. 0. 0. 1. 0. 0. 0. 0. 1. 0. 0.
 0. 0. 1. 1. 1. 1. 1. 0. 0. 0. 1. 1. 0. 0. 1. 0. 0. 0. 1. 1. 0. 0. 1. 0.
 0. 0. 1. 0. 0. 1. 1. 1. 1. 1. 0. 1. 0. 0. 1. 0. 0. 0. 1. 1. 1. 1. 0. 0.
 1. 1. 0. 1. 1. 0. 1. 0. 1. 1. 1. 0. 0. 1. 0. 1. 1. 1. 1. 1. 0. 1. 1. 1.
 0. 0. 1. 1. 0. 1. 1. 0. 0. 0. 0. 1. 0. 1. 0. 0. 0. 1. 1. 0. 1. 0. 0. 0.
 0. 1. 1. 1. 1. 1. 1. 1. 1. 0. 0. 1. 1. 0. 1. 0. 0. 1. 0. 1. 1. 0. 0. 0.
 1. 0. 0. 0. 0. 1. 1. 0. 1. 1. 0. 1. 1. 0. 1. 0. 1. 1. 0. 0. 1. 1. 0. 1.
 1. 1. 0. 1. 1. 1. 0. 1. 1. 0. 1. 0. 0. 0. 1. 1. 0. 0. 1. 1. 0. 0. 1. 1.
 0. 1. 0. 0. 1. 1. 0. 1. 0. 0. 1. 1. 0. 0. 0. 0. 1. 1. 0. 1. 1. 1. 0. 0.
 1. 1. 0. 1. 0. 0. 0. 0. 1. 1. 1. 0. 0. 0. 1. 1. 1. 1. 1. 1. 0. 1. 0. 0.
 1. 1. 0. 0. 1. 1. 1. 1. 0. 1. 1. 0. 1. 0. 0. 1. 0. 1. 0. 1. 0. 0. 1. 1.
 1. 0. 1. 0.]","[0. 1. 0. 0. 0. 1. 1. 1. 0. 0. 0. 0. 0. 1. 0. 0. 1. 1. 0. 0. 0. 0. 0. 1.
 0. 0. 1. 0. 1. 0. 0. 1. 0. 1. 1. 0. 0. 0. 1. 0. 0. 0. 1. 1. 1. 0. 1. 0.
 1. 0. 1. 1. 0. 1. 1. 1. 1. 0. 1. 0. 0. 1. 1. 1. 0. 0. 0. 1. 1. 0. 1. 1.
 0. 0. 1. 0. 0. 1. 0. 1. 0. 1. 1. 1. 0. 1. 0. 1. 1. 1. 1. 1. 1. 1. 1. 0.
 0. 0. 1. 1. 1. 0. 0. 1. 1. 1. 0. 0. 0. 1. 1. 1. 0. 0. 0. 0. 1. 1. 1. 0.
 1. 0. 0. 1. 1. 0. 0. 0. 0. 1. 0. 0. 1. 1. 0. 1. 1. 1. 0. 1. 1. 0. 1. 0.
 1. 1. 0. 0. 0. 1. 1. 0. 1. 1. 0. 1. 0. 0. 0. 1. 1. 1. 0. 1. 0. 1. 1. 0.
 1. 0. 0. 1. 1. 0. 0. 1. 0. 1. 1. 0. 0. 1. 0. 0. 1. 1. 0. 1. 1. 0. 0. 0.
 0. 1. 1. 0. 0. 1. 0. 0. 1. 0. 1. 1. 1. 0. 0. 0. 1. 1. 0. 0. 0. 0. 1. 0.
 0. 1. 0. 1. 1. 1. 1. 0. 0. 0. 0. 1. 1. 1. 1. 0. 1. 1. 1. 1. 0. 1. 0. 0.
 1. 0. 0. 1. 1. 1. 1. 1. 0. 0. 1. 1. 1. 0. 0. 1. 0. 1. 0. 0. 1. 0. 1. 0.
 1. 0. 0. 0.]"
371,randomforest,"{'criterion': 'gini', 'max_features': 'sqrt', 'n_estimators': 325}",0.5846445467956115,0.19328838809416377,0.18397909530994797,0.35613382894077483,0.5771404278964763,0.1999855344256153,0.5634267574453866,0.12686567164179108,0.5634328358208955,0.5634328358208955,"{0: 0.5881042548451771, 1: 0.5881042548451771}","{0: 0.5881042548451771, 1: 0.5881042548451771}",0.5881042548451771,"[[75 59]
 [58 76]]","[1. 0. 0. 0. 0. 1. 0. 1. 1. 0. 0. 0. 1. 0. 0. 0. 0. 0. 0. 0. 0. 1. 0. 0.
 0. 0. 1. 1. 1. 1. 1. 0. 0. 0. 1. 0. 0. 0. 1. 0. 0. 1. 1. 0. 0. 0. 1. 1.
 0. 0. 1. 0. 1. 1. 1. 1. 1. 1. 0. 1. 0. 0. 1. 0. 0. 0. 1. 1. 1. 1. 0. 0.
 0. 1. 0. 1. 1. 0. 0. 0. 1. 1. 1. 0. 0. 1. 1. 1. 1. 1. 1. 1. 0. 1. 1. 1.
 0. 0. 1. 1. 0. 1. 0. 0. 0. 0. 0. 1. 0. 1. 0. 0. 0. 1. 1. 0. 1. 0. 0. 0.
 0. 1. 1. 1. 1. 1. 1. 1. 1. 0. 0. 1. 1. 0. 1. 1. 0. 1. 0. 1. 1. 0. 0. 0.
 0. 0. 0. 0. 1. 1. 1. 0. 1. 0. 0. 1. 1. 0. 1. 0. 1. 1. 0. 0. 1. 1. 0. 1.
 1. 1. 0. 1. 1. 0. 0. 1. 1. 0. 1. 0. 0. 1. 1. 1. 0. 0. 1. 1. 0. 0. 1. 1.
 1. 1. 1. 0. 1. 1. 0. 0. 0. 0. 1. 1. 0. 0. 0. 0. 1. 1. 0. 1. 1. 1. 0. 0.
 1. 1. 0. 0. 0. 0. 0. 0. 1. 1. 1. 0. 1. 0. 1. 1. 1. 1. 1. 1. 0. 1. 0. 0.
 1. 1. 0. 0. 1. 1. 1. 1. 0. 1. 1. 0. 1. 0. 0. 1. 0. 0. 0. 1. 0. 0. 1. 1.
 1. 0. 1. 0.]","[0. 1. 0. 0. 0. 1. 1. 1. 0. 0. 0. 0. 0. 1. 0. 0. 1. 1. 0. 0. 0. 0. 0. 1.
 0. 0. 1. 0. 1. 0. 0. 1. 0. 1. 1. 0. 0. 0. 1. 0. 0. 0. 1. 1. 1. 0. 1. 0.
 1. 0. 1. 1. 0. 1. 1. 1. 1. 0. 1. 0. 0. 1. 1. 1. 0. 0. 0. 1. 1. 0. 1. 1.
 0. 0. 1. 0. 0. 1. 0. 1. 0. 1. 1. 1. 0. 1. 0. 1. 1. 1. 1. 1. 1. 1. 1. 0.
 0. 0. 1. 1. 1. 0. 0. 1. 1. 1. 0. 0. 0. 1. 1. 1. 0. 0. 0. 0. 1. 1. 1. 0.
 1. 0. 0. 1. 1. 0. 0. 0. 0. 1. 0. 0. 1. 1. 0. 1. 1. 1. 0. 1. 1. 0. 1. 0.
 1. 1. 0. 0. 0. 1. 1. 0. 1. 1. 0. 1. 0. 0. 0. 1. 1. 1. 0. 1. 0. 1. 1. 0.
 1. 0. 0. 1. 1. 0. 0. 1. 0. 1. 1. 0. 0. 1. 0. 0. 1. 1. 0. 1. 1. 0. 0. 0.
 0. 1. 1. 0. 0. 1. 0. 0. 1. 0. 1. 1. 1. 0. 0. 0. 1. 1. 0. 0. 0. 0. 1. 0.
 0. 1. 0. 1. 1. 1. 1. 0. 0. 0. 0. 1. 1. 1. 1. 0. 1. 1. 1. 1. 0. 1. 0. 0.
 1. 0. 0. 1. 1. 1. 1. 1. 0. 0. 1. 1. 1. 0. 0. 1. 0. 1. 0. 0. 1. 0. 1. 0.
 1. 0. 0. 0.]"
700,randomforest,"{'criterion': 'gini', 'max_features': None, 'n_estimators': 477}",0.5943018882330763,0.1843333719458158,0.18386663926242516,0.34568298222900856,0.5885813037022715,0.1907141439484468,0.57821139570189,0.15671641791044777,0.5783582089552238,0.5783582089552238,"{0: 0.5856816662953888, 1: 0.5856816662953888}","{0: 0.5856816662953888, 1: 0.5856816662953888}",0.5856816662953888,"[[75 59]
 [54 80]]","[1. 0. 0. 0. 0. 1. 0. 1. 1. 0. 0. 0. 1. 0. 0. 0. 0. 0. 0. 0. 0. 1. 0. 0.
 0. 0. 1. 1. 1. 1. 1. 0. 0. 0. 1. 0. 0. 0. 1. 0. 1. 0. 1. 1. 0. 1. 1. 0.
 0. 0. 1. 0. 0. 1. 1. 1. 1. 1. 0. 1. 1. 0. 1. 0. 0. 0. 1. 1. 1. 1. 0. 0.
 1. 1. 0. 1. 1. 0. 0. 0. 1. 1. 1. 0. 0. 1. 0. 1. 1. 1. 1. 1. 0. 1. 1. 1.
 0. 0. 1. 1. 0. 1. 0. 0. 0. 0. 0. 1. 0. 1. 0. 0. 0. 1. 1. 0. 1. 0. 0. 0.
 1. 1. 1. 1. 1. 1. 1. 1. 1. 0. 0. 1. 1. 0. 1. 1. 0. 1. 0. 1. 1. 0. 1. 0.
 0. 0. 0. 0. 0. 1. 1. 0. 1. 1. 0. 1. 1. 0. 1. 0. 1. 1. 0. 0. 1. 1. 0. 1.
 1. 1. 0. 1. 1. 0. 0. 1. 1. 0. 1. 0. 0. 1. 1. 1. 0. 0. 1. 1. 1. 0. 1. 1.
 1. 1. 0. 1. 0. 1. 0. 0. 0. 0. 1. 1. 0. 1. 0. 0. 1. 1. 0. 1. 1. 1. 0. 0.
 1. 1. 0. 1. 0. 0. 0. 0. 1. 1. 1. 0. 0. 0. 1. 1. 1. 1. 1. 1. 0. 1. 0. 0.
 1. 1. 0. 0. 1. 1. 0. 1. 0. 1. 1. 0. 1. 0. 0. 1. 0. 1. 0. 1. 0. 0. 1. 1.
 1. 0. 1. 0.]","[0. 1. 0. 0. 0. 1. 1. 1. 0. 0. 0. 0. 0. 1. 0. 0. 1. 1. 0. 0. 0. 0. 0. 1.
 0. 0. 1. 0. 1. 0. 0. 1. 0. 1. 1. 0. 0. 0. 1. 0. 0. 0. 1. 1. 1. 0. 1. 0.
 1. 0. 1. 1. 0. 1. 1. 1. 1. 0. 1. 0. 0. 1. 1. 1. 0. 0. 0. 1. 1. 0. 1. 1.
 0. 0. 1. 0. 0. 1. 0. 1. 0. 1. 1. 1. 0. 1. 0. 1. 1. 1. 1. 1. 1. 1. 1. 0.
 0. 0. 1. 1. 1. 0. 0. 1. 1. 1. 0. 0. 0. 1. 1. 1. 0. 0. 0. 0. 1. 1. 1. 0.
 1. 0. 0. 1. 1. 0. 0. 0. 0. 1. 0. 0. 1. 1. 0. 1. 1. 1. 0. 1. 1. 0. 1. 0.
 1. 1. 0. 0. 0. 1. 1. 0. 1. 1. 0. 1. 0. 0. 0. 1. 1. 1. 0. 1. 0. 1. 1. 0.
 1. 0. 0. 1. 1. 0. 0. 1. 0. 1. 1. 0. 0. 1. 0. 0. 1. 1. 0. 1. 1. 0. 0. 0.
 0. 1. 1. 0. 0. 1. 0. 0. 1. 0. 1. 1. 1. 0. 0. 0. 1. 1. 0. 0. 0. 0. 1. 0.
 0. 1. 0. 1. 1. 1. 1. 0. 0. 0. 0. 1. 1. 1. 1. 0. 1. 1. 1. 1. 0. 1. 0. 0.
 1. 0. 0. 1. 1. 1. 1. 1. 0. 0. 1. 1. 1. 0. 0. 1. 0. 1. 0. 0. 1. 0. 1. 0.
 1. 0. 0. 0.]"
853,randomforest,"{'criterion': 'gini', 'max_features': 'sqrt', 'n_estimators': 417}",0.5871865690776454,0.19874683074789026,0.1838157900677603,0.35535280157422355,0.581369765240733,0.2039346719638714,0.5669471220816849,0.13432835820895528,0.5671641791044776,0.5671641791044777,"{0: 0.5825072399198039, 1: 0.5825072399198039}","{0: 0.5825072399198039, 1: 0.5825072399198039}",0.5825072399198039,"[[73 61]
 [55 79]]","[1. 0. 0. 0. 0. 1. 0. 1. 1. 0. 0. 0. 1. 0. 0. 0. 1. 0. 0. 0. 0. 1. 0. 0.
 0. 0. 1. 1. 1. 1. 1. 0. 0. 0. 1. 0. 0. 0. 1. 0. 0. 0. 1. 0. 0. 0. 1. 1.
 0. 0. 1. 0. 1. 1. 1. 1. 1. 1. 0. 1. 1. 0. 1. 0. 0. 0. 1. 1. 1. 1. 0. 0.
 1. 1. 0. 1. 1. 0. 0. 0. 1. 1. 1. 1. 0. 1. 0. 1. 1. 1. 1. 1. 0. 1. 1. 1.
 0. 0. 1. 1. 0. 1. 0. 0. 0. 0. 0. 1. 0. 1. 0. 0. 0. 1. 1. 0. 1. 0. 0. 0.
 0. 1. 1. 1. 1. 1. 1. 1. 1. 0. 0. 1. 1. 0. 1. 1. 0. 1. 0. 1. 0. 0. 1. 0.
 0. 0. 0. 0. 1. 1. 1. 0. 1. 1. 0. 1. 1. 0. 1. 0. 1. 1. 0. 0. 1. 1. 0. 1.
 1. 1. 0. 1. 1. 1. 0. 1. 1. 0. 1. 0. 0. 0. 1. 1. 0. 0. 1. 1. 0. 0. 1. 1.
 1. 1. 1. 0. 1. 1. 0. 1. 0. 0. 1. 1. 0. 0. 0. 0. 1. 1. 0. 1. 1. 1. 0. 0.
 1. 1. 0. 1. 0. 0. 0. 0. 1. 1. 1. 0. 1. 0. 1. 1. 1. 1. 1. 1. 0. 1. 0. 0.
 1. 1. 0. 0. 1. 1. 1. 1. 0. 1. 1. 0. 1. 0. 0. 1. 0. 0. 0. 1. 0. 0. 1. 1.
 1. 0. 1. 0.]","[0. 1. 0. 0. 0. 1. 1. 1. 0. 0. 0. 0. 0. 1. 0. 0. 1. 1. 0. 0. 0. 0. 0. 1.
 0. 0. 1. 0. 1. 0. 0. 1. 0. 1. 1. 0. 0. 0. 1. 0. 0. 0. 1. 1. 1. 0. 1. 0.
 1. 0. 1. 1. 0. 1. 1. 1. 1. 0. 1. 0. 0. 1. 1. 1. 0. 0. 0. 1. 1. 0. 1. 1.
 0. 0. 1. 0. 0. 1. 0. 1. 0. 1. 1. 1. 0. 1. 0. 1. 1. 1. 1. 1. 1. 1. 1. 0.
 0. 0. 1. 1. 1. 0. 0. 1. 1. 1. 0. 0. 0. 1. 1. 1. 0. 0. 0. 0. 1. 1. 1. 0.
 1. 0. 0. 1. 1. 0. 0. 0. 0. 1. 0. 0. 1. 1. 0. 1. 1. 1. 0. 1. 1. 0. 1. 0.
 1. 1. 0. 0. 0. 1. 1. 0. 1. 1. 0. 1. 0. 0. 0. 1. 1. 1. 0. 1. 0. 1. 1. 0.
 1. 0. 0. 1. 1. 0. 0. 1. 0. 1. 1. 0. 0. 1. 0. 0. 1. 1. 0. 1. 1. 0. 0. 0.
 0. 1. 1. 0. 0. 1. 0. 0. 1. 0. 1. 1. 1. 0. 0. 0. 1. 1. 0. 0. 0. 0. 1. 0.
 0. 1. 0. 1. 1. 1. 1. 0. 0. 0. 0. 1. 1. 1. 1. 0. 1. 1. 1. 1. 0. 1. 0. 0.
 1. 0. 0. 1. 1. 1. 1. 1. 0. 0. 1. 1. 1. 0. 0. 1. 0. 1. 0. 0. 1. 0. 1. 0.
 1. 0. 0. 0.]"
73,randomforest,"{'criterion': 'gini', 'max_features': 'log2', 'n_estimators': 547}",0.5883153362731162,0.18643455185871896,0.18362744031565895,0.3370235921583879,0.5807424989884667,0.1903506169953678,0.5670677361853831,0.13432835820895528,0.5671641791044776,0.5671641791044777,"{0: 0.5872410336377814, 1: 0.5872410336377811}","{0: 0.5872410336377814, 1: 0.5872410336377811}",0.5872410336377811,"[[74 60]
 [56 78]]","[1. 0. 0. 0. 0. 1. 0. 1. 1. 0. 0. 0. 1. 0. 0. 0. 0. 0. 0. 0. 0. 1. 0. 0.
 0. 0. 1. 1. 1. 1. 1. 0. 0. 0. 1. 0. 1. 0. 1. 0. 0. 0. 1. 1. 0. 0. 1. 1.
 0. 0. 1. 0. 1. 1. 1. 1. 1. 1. 0. 1. 0. 0. 1. 0. 0. 0. 1. 1. 1. 1. 0. 0.
 0. 1. 0. 1. 1. 0. 0. 0. 1. 1. 1. 0. 0. 1. 0. 1. 1. 1. 1. 1. 0. 1. 1. 1.
 0. 0. 1. 1. 0. 1. 1. 1. 0. 0. 0. 1. 0. 1. 0. 0. 0. 1. 1. 0. 1. 0. 0. 0.
 0. 1. 1. 1. 1. 1. 1. 1. 1. 0. 0. 1. 1. 0. 1. 1. 0. 1. 0. 1. 1. 0. 0. 0.
 0. 0. 0. 0. 1. 1. 1. 0. 1. 1. 0. 1. 1. 0. 1. 0. 1. 1. 0. 0. 1. 0. 0. 1.
 1. 1. 0. 1. 1. 0. 0. 1. 1. 0. 1. 0. 0. 0. 1. 1. 0. 0. 1. 1. 0. 0. 1. 1.
 0. 1. 1. 1. 1. 1. 0. 0. 0. 0. 1. 1. 0. 1. 0. 0. 1. 1. 0. 1. 1. 1. 0. 0.
 1. 1. 0. 1. 0. 0. 0. 0. 1. 1. 1. 0. 1. 0. 1. 1. 1. 1. 1. 1. 0. 1. 0. 0.
 1. 1. 0. 0. 1. 1. 0. 1. 0. 1. 1. 0. 1. 0. 0. 1. 0. 1. 0. 1. 0. 0. 1. 1.
 1. 0. 1. 0.]","[0. 1. 0. 0. 0. 1. 1. 1. 0. 0. 0. 0. 0. 1. 0. 0. 1. 1. 0. 0. 0. 0. 0. 1.
 0. 0. 1. 0. 1. 0. 0. 1. 0. 1. 1. 0. 0. 0. 1. 0. 0. 0. 1. 1. 1. 0. 1. 0.
 1. 0. 1. 1. 0. 1. 1. 1. 1. 0. 1. 0. 0. 1. 1. 1. 0. 0. 0. 1. 1. 0. 1. 1.
 0. 0. 1. 0. 0. 1. 0. 1. 0. 1. 1. 1. 0. 1. 0. 1. 1. 1. 1. 1. 1. 1. 1. 0.
 0. 0. 1. 1. 1. 0. 0. 1. 1. 1. 0. 0. 0. 1. 1. 1. 0. 0. 0. 0. 1. 1. 1. 0.
 1. 0. 0. 1. 1. 0. 0. 0. 0. 1. 0. 0. 1. 1. 0. 1. 1. 1. 0. 1. 1. 0. 1. 0.
 1. 1. 0. 0. 0. 1. 1. 0. 1. 1. 0. 1. 0. 0. 0. 1. 1. 1. 0. 1. 0. 1. 1. 0.
 1. 0. 0. 1. 1. 0. 0. 1. 0. 1. 1. 0. 0. 1. 0. 0. 1. 1. 0. 1. 1. 0. 0. 0.
 0. 1. 1. 0. 0. 1. 0. 0. 1. 0. 1. 1. 1. 0. 0. 0. 1. 1. 0. 0. 0. 0. 1. 0.
 0. 1. 0. 1. 1. 1. 1. 0. 0. 0. 0. 1. 1. 1. 1. 0. 1. 1. 1. 1. 0. 1. 0. 0.
 1. 0. 0. 1. 1. 1. 1. 1. 0. 0. 1. 1. 1. 0. 0. 1. 0. 1. 0. 0. 1. 0. 1. 0.
 1. 0. 0. 0.]"
925,randomforest,"{'criterion': 'gini', 'max_features': 'sqrt', 'n_estimators': 343}",0.5934767277372214,0.1971775429177115,0.18355649581791492,0.36401220025856196,0.585407623663672,0.20588061763213752,0.5670677361853831,0.13432835820895528,0.5671641791044776,0.5671641791044777,"{0: 0.5908888393851638, 1: 0.5908888393851637}","{0: 0.5908888393851638, 1: 0.5908888393851637}",0.5908888393851637,"[[74 60]
 [56 78]]","[1. 0. 0. 0. 0. 1. 0. 1. 1. 0. 0. 0. 1. 0. 0. 0. 1. 0. 0. 0. 0. 1. 0. 0.
 0. 0. 1. 1. 1. 1. 1. 0. 0. 0. 1. 1. 1. 0. 1. 0. 0. 0. 1. 0. 0. 0. 1. 0.
 0. 0. 1. 0. 1. 1. 1. 1. 1. 1. 0. 1. 1. 0. 1. 1. 0. 0. 1. 1. 1. 1. 0. 0.
 1. 1. 0. 1. 1. 0. 0. 0. 1. 1. 1. 0. 0. 1. 0. 1. 1. 1. 1. 1. 0. 1. 1. 1.
 0. 0. 1. 1. 0. 1. 0. 0. 0. 0. 0. 0. 0. 1. 0. 0. 0. 1. 1. 0. 1. 0. 0. 0.
 0. 1. 1. 1. 1. 1. 1. 1. 1. 0. 0. 1. 1. 0. 1. 0. 0. 1. 0. 1. 1. 0. 0. 0.
 0. 0. 0. 0. 1. 1. 1. 0. 1. 0. 0. 1. 1. 0. 1. 0. 1. 1. 0. 0. 1. 1. 0. 1.
 1. 1. 0. 1. 1. 0. 0. 1. 1. 0. 1. 0. 0. 0. 1. 1. 0. 0. 1. 1. 0. 0. 1. 1.
 1. 1. 1. 0. 1. 1. 0. 0. 0. 0. 1. 1. 0. 1. 0. 0. 1. 1. 0. 1. 1. 1. 0. 0.
 1. 1. 0. 1. 0. 0. 0. 0. 1. 1. 1. 0. 1. 0. 1. 1. 1. 1. 1. 1. 0. 1. 0. 0.
 1. 1. 0. 0. 1. 1. 1. 1. 0. 1. 1. 0. 1. 0. 0. 1. 0. 1. 0. 1. 0. 0. 1. 1.
 1. 0. 1. 0.]","[0. 1. 0. 0. 0. 1. 1. 1. 0. 0. 0. 0. 0. 1. 0. 0. 1. 1. 0. 0. 0. 0. 0. 1.
 0. 0. 1. 0. 1. 0. 0. 1. 0. 1. 1. 0. 0. 0. 1. 0. 0. 0. 1. 1. 1. 0. 1. 0.
 1. 0. 1. 1. 0. 1. 1. 1. 1. 0. 1. 0. 0. 1. 1. 1. 0. 0. 0. 1. 1. 0. 1. 1.
 0. 0. 1. 0. 0. 1. 0. 1. 0. 1. 1. 1. 0. 1. 0. 1. 1. 1. 1. 1. 1. 1. 1. 0.
 0. 0. 1. 1. 1. 0. 0. 1. 1. 1. 0. 0. 0. 1. 1. 1. 0. 0. 0. 0. 1. 1. 1. 0.
 1. 0. 0. 1. 1. 0. 0. 0. 0. 1. 0. 0. 1. 1. 0. 1. 1. 1. 0. 1. 1. 0. 1. 0.
 1. 1. 0. 0. 0. 1. 1. 0. 1. 1. 0. 1. 0. 0. 0. 1. 1. 1. 0. 1. 0. 1. 1. 0.
 1. 0. 0. 1. 1. 0. 0. 1. 0. 1. 1. 0. 0. 1. 0. 0. 1. 1. 0. 1. 1. 0. 0. 0.
 0. 1. 1. 0. 0. 1. 0. 0. 1. 0. 1. 1. 1. 0. 0. 0. 1. 1. 0. 0. 0. 0. 1. 0.
 0. 1. 0. 1. 1. 1. 1. 0. 0. 0. 0. 1. 1. 1. 1. 0. 1. 1. 1. 1. 0. 1. 0. 0.
 1. 0. 0. 1. 1. 1. 1. 1. 0. 0. 1. 1. 1. 0. 0. 1. 0. 1. 0. 0. 1. 0. 1. 0.
 1. 0. 0. 0.]"
314,randomforest,"{'criterion': 'gini', 'max_features': 'sqrt', 'n_estimators': 193}",0.5936710492381235,0.20321188233586548,0.18348491498704067,0.3742287857619693,0.5872593058076929,0.20868990122672118,0.5740337962188389,0.14925373134328357,0.5746268656716418,0.5746268656716418,"{0: 0.5944252617509467, 1: 0.5944252617509467}","{0: 0.5944252617509467, 1: 0.5944252617509467}",0.5944252617509467,"[[72 62]
 [52 82]]","[1. 0. 0. 0. 0. 1. 0. 1. 1. 0. 0. 0. 1. 0. 0. 0. 1. 0. 0. 0. 0. 1. 0. 0.
 0. 0. 1. 1. 1. 1. 1. 0. 0. 0. 1. 1. 1. 0. 1. 0. 0. 0. 1. 1. 0. 1. 1. 0.
 0. 0. 1. 0. 1. 1. 1. 1. 1. 1. 0. 1. 0. 0. 1. 1. 0. 0. 1. 1. 1. 1. 0. 0.
 1. 1. 0. 1. 1. 0. 0. 0. 1. 1. 1. 0. 0. 1. 1. 1. 1. 1. 1. 1. 0. 1. 1. 1.
 0. 0. 1. 1. 0. 1. 1. 1. 0. 0. 0. 1. 0. 1. 0. 0. 0. 1. 1. 0. 1. 0. 0. 0.
 0. 1. 1. 1. 1. 1. 1. 1. 1. 0. 0. 1. 1. 0. 1. 1. 0. 1. 0. 1. 1. 0. 1. 0.
 0. 0. 0. 0. 1. 1. 1. 0. 1. 0. 0. 1. 1. 0. 1. 0. 1. 1. 0. 0. 1. 1. 0. 1.
 1. 1. 0. 1. 1. 1. 0. 1. 1. 0. 1. 0. 0. 1. 1. 1. 0. 0. 1. 1. 0. 0. 1. 1.
 0. 1. 1. 1. 0. 1. 0. 0. 0. 0. 1. 1. 0. 0. 0. 0. 1. 1. 0. 1. 1. 1. 0. 0.
 1. 1. 0. 1. 0. 0. 0. 0. 1. 1. 1. 0. 1. 0. 1. 1. 1. 1. 1. 1. 0. 1. 0. 0.
 1. 1. 0. 0. 1. 1. 0. 1. 0. 1. 1. 0. 1. 0. 0. 1. 0. 1. 0. 1. 0. 0. 1. 1.
 1. 0. 1. 0.]","[0. 1. 0. 0. 0. 1. 1. 1. 0. 0. 0. 0. 0. 1. 0. 0. 1. 1. 0. 0. 0. 0. 0. 1.
 0. 0. 1. 0. 1. 0. 0. 1. 0. 1. 1. 0. 0. 0. 1. 0. 0. 0. 1. 1. 1. 0. 1. 0.
 1. 0. 1. 1. 0. 1. 1. 1. 1. 0. 1. 0. 0. 1. 1. 1. 0. 0. 0. 1. 1. 0. 1. 1.
 0. 0. 1. 0. 0. 1. 0. 1. 0. 1. 1. 1. 0. 1. 0. 1. 1. 1. 1. 1. 1. 1. 1. 0.
 0. 0. 1. 1. 1. 0. 0. 1. 1. 1. 0. 0. 0. 1. 1. 1. 0. 0. 0. 0. 1. 1. 1. 0.
 1. 0. 0. 1. 1. 0. 0. 0. 0. 1. 0. 0. 1. 1. 0. 1. 1. 1. 0. 1. 1. 0. 1. 0.
 1. 1. 0. 0. 0. 1. 1. 0. 1. 1. 0. 1. 0. 0. 0. 1. 1. 1. 0. 1. 0. 1. 1. 0.
 1. 0. 0. 1. 1. 0. 0. 1. 0. 1. 1. 0. 0. 1. 0. 0. 1. 1. 0. 1. 1. 0. 0. 0.
 0. 1. 1. 0. 0. 1. 0. 0. 1. 0. 1. 1. 1. 0. 0. 0. 1. 1. 0. 0. 0. 0. 1. 0.
 0. 1. 0. 1. 1. 1. 1. 0. 0. 0. 0. 1. 1. 1. 1. 0. 1. 1. 1. 1. 0. 1. 0. 0.
 1. 0. 0. 1. 1. 1. 1. 1. 0. 0. 1. 1. 1. 0. 0. 1. 0. 1. 0. 0. 1. 0. 1. 0.
 1. 0. 0. 0.]"
41,randomforest,"{'criterion': 'gini', 'max_features': None, 'n_estimators': 201}",0.6042988299036686,0.20638857512663542,0.18337589705327975,0.3658422102123365,0.5981862820572498,0.2015669653634899,0.5704110505554549,0.14179104477611937,0.5708955223880597,0.5708955223880596,"{0: 0.5761583871686345, 1: 0.5761583871686344}","{0: 0.5761583871686345, 1: 0.5761583871686344}",0.5761583871686344,"[[72 62]
 [53 81]]","[1. 0. 0. 0. 0. 1. 0. 1. 1. 0. 0. 0. 1. 0. 0. 0. 0. 0. 0. 0. 0. 1. 0. 0.
 0. 0. 1. 1. 1. 1. 1. 0. 0. 0. 1. 1. 0. 0. 1. 0. 1. 0. 1. 1. 0. 0. 1. 0.
 0. 0. 1. 0. 1. 1. 1. 1. 1. 1. 0. 1. 1. 0. 1. 0. 0. 0. 1. 1. 0. 1. 0. 0.
 1. 1. 0. 1. 1. 0. 0. 0. 0. 1. 1. 0. 0. 1. 1. 1. 1. 1. 1. 1. 0. 1. 1. 1.
 1. 0. 1. 1. 0. 1. 1. 1. 1. 0. 0. 1. 0. 1. 0. 0. 0. 1. 1. 0. 1. 0. 0. 0.
 1. 1. 1. 1. 1. 1. 1. 1. 1. 0. 0. 1. 1. 0. 1. 1. 0. 1. 0. 1. 1. 0. 1. 0.
 0. 0. 0. 0. 1. 1. 1. 0. 1. 1. 0. 1. 1. 0. 1. 0. 1. 1. 0. 0. 1. 1. 0. 1.
 1. 1. 0. 1. 1. 0. 0. 1. 1. 0. 1. 0. 0. 0. 1. 1. 0. 0. 1. 1. 0. 0. 1. 1.
 0. 1. 1. 1. 0. 1. 0. 0. 0. 0. 1. 1. 0. 1. 0. 0. 1. 1. 0. 1. 1. 1. 0. 0.
 1. 1. 0. 1. 0. 0. 0. 0. 1. 1. 1. 0. 0. 0. 1. 1. 1. 1. 1. 1. 0. 1. 0. 0.
 1. 1. 0. 0. 1. 1. 1. 1. 0. 1. 1. 0. 1. 0. 0. 1. 0. 1. 0. 1. 0. 0. 1. 1.
 1. 0. 1. 0.]","[0. 1. 0. 0. 0. 1. 1. 1. 0. 0. 0. 0. 0. 1. 0. 0. 1. 1. 0. 0. 0. 0. 0. 1.
 0. 0. 1. 0. 1. 0. 0. 1. 0. 1. 1. 0. 0. 0. 1. 0. 0. 0. 1. 1. 1. 0. 1. 0.
 1. 0. 1. 1. 0. 1. 1. 1. 1. 0. 1. 0. 0. 1. 1. 1. 0. 0. 0. 1. 1. 0. 1. 1.
 0. 0. 1. 0. 0. 1. 0. 1. 0. 1. 1. 1. 0. 1. 0. 1. 1. 1. 1. 1. 1. 1. 1. 0.
 0. 0. 1. 1. 1. 0. 0. 1. 1. 1. 0. 0. 0. 1. 1. 1. 0. 0. 0. 0. 1. 1. 1. 0.
 1. 0. 0. 1. 1. 0. 0. 0. 0. 1. 0. 0. 1. 1. 0. 1. 1. 1. 0. 1. 1. 0. 1. 0.
 1. 1. 0. 0. 0. 1. 1. 0. 1. 1. 0. 1. 0. 0. 0. 1. 1. 1. 0. 1. 0. 1. 1. 0.
 1. 0. 0. 1. 1. 0. 0. 1. 0. 1. 1. 0. 0. 1. 0. 0. 1. 1. 0. 1. 1. 0. 0. 0.
 0. 1. 1. 0. 0. 1. 0. 0. 1. 0. 1. 1. 1. 0. 0. 0. 1. 1. 0. 0. 0. 0. 1. 0.
 0. 1. 0. 1. 1. 1. 1. 0. 0. 0. 0. 1. 1. 1. 1. 0. 1. 1. 1. 1. 0. 1. 0. 0.
 1. 0. 0. 1. 1. 1. 1. 1. 0. 0. 1. 1. 1. 0. 0. 1. 0. 1. 0. 0. 1. 0. 1. 0.
 1. 0. 0. 0.]"
94,randomforest,"{'criterion': 'entropy', 'max_features': 'sqrt', 'n_estimators': 423}",0.605193475042204,0.20514881508806798,0.1833710199117393,0.36781195077623635,0.5997910411720896,0.19927308338154776,0.5707461106700651,0.14179104477611937,0.5708955223880597,0.5708955223880597,"{0: 0.587296725328581, 1: 0.587296725328581}","{0: 0.587296725328581, 1: 0.587296725328581}",0.587296725328581,"[[74 60]
 [55 79]]","[1. 0. 0. 0. 0. 1. 0. 1. 1. 0. 0. 0. 1. 0. 0. 0. 1. 0. 0. 0. 0. 1. 0. 0.
 0. 0. 1. 1. 1. 1. 1. 0. 0. 0. 1. 0. 0. 0. 1. 0. 0. 0. 1. 1. 0. 0. 1. 1.
 0. 0. 1. 0. 0. 1. 1. 1. 1. 1. 0. 1. 0. 0. 1. 0. 0. 0. 1. 1. 1. 1. 0. 0.
 0. 1. 0. 1. 1. 0. 1. 0. 1. 1. 1. 0. 0. 1. 1. 1. 1. 1. 1. 1. 0. 1. 1. 1.
 0. 0. 1. 1. 0. 1. 0. 0. 1. 0. 0. 1. 0. 1. 0. 0. 0. 1. 1. 0. 1. 0. 0. 0.
 0. 1. 1. 1. 1. 1. 1. 1. 1. 0. 0. 1. 1. 0. 1. 1. 0. 1. 0. 1. 1. 0. 0. 0.
 0. 0. 0. 0. 1. 1. 1. 0. 1. 0. 0. 1. 1. 0. 1. 0. 1. 1. 0. 0. 1. 1. 0. 1.
 1. 1. 0. 1. 1. 1. 0. 1. 1. 0. 1. 0. 0. 0. 1. 1. 0. 0. 1. 0. 0. 0. 1. 1.
 1. 1. 1. 1. 1. 1. 0. 0. 0. 0. 1. 1. 0. 0. 0. 0. 1. 1. 0. 1. 1. 1. 0. 0.
 1. 1. 0. 1. 0. 0. 0. 0. 1. 1. 1. 0. 1. 0. 1. 1. 1. 1. 1. 1. 0. 1. 0. 0.
 1. 1. 0. 0. 1. 1. 1. 1. 0. 1. 1. 0. 1. 0. 0. 1. 0. 1. 0. 1. 0. 0. 1. 1.
 1. 0. 1. 0.]","[0. 1. 0. 0. 0. 1. 1. 1. 0. 0. 0. 0. 0. 1. 0. 0. 1. 1. 0. 0. 0. 0. 0. 1.
 0. 0. 1. 0. 1. 0. 0. 1. 0. 1. 1. 0. 0. 0. 1. 0. 0. 0. 1. 1. 1. 0. 1. 0.
 1. 0. 1. 1. 0. 1. 1. 1. 1. 0. 1. 0. 0. 1. 1. 1. 0. 0. 0. 1. 1. 0. 1. 1.
 0. 0. 1. 0. 0. 1. 0. 1. 0. 1. 1. 1. 0. 1. 0. 1. 1. 1. 1. 1. 1. 1. 1. 0.
 0. 0. 1. 1. 1. 0. 0. 1. 1. 1. 0. 0. 0. 1. 1. 1. 0. 0. 0. 0. 1. 1. 1. 0.
 1. 0. 0. 1. 1. 0. 0. 0. 0. 1. 0. 0. 1. 1. 0. 1. 1. 1. 0. 1. 1. 0. 1. 0.
 1. 1. 0. 0. 0. 1. 1. 0. 1. 1. 0. 1. 0. 0. 0. 1. 1. 1. 0. 1. 0. 1. 1. 0.
 1. 0. 0. 1. 1. 0. 0. 1. 0. 1. 1. 0. 0. 1. 0. 0. 1. 1. 0. 1. 1. 0. 0. 0.
 0. 1. 1. 0. 0. 1. 0. 0. 1. 0. 1. 1. 1. 0. 0. 0. 1. 1. 0. 0. 0. 0. 1. 0.
 0. 1. 0. 1. 1. 1. 1. 0. 0. 0. 0. 1. 1. 1. 1. 0. 1. 1. 1. 1. 0. 1. 0. 0.
 1. 0. 0. 1. 1. 1. 1. 1. 0. 0. 1. 1. 1. 0. 0. 1. 0. 1. 0. 0. 1. 0. 1. 0.
 1. 0. 0. 0.]"
973,randomforest,"{'criterion': 'gini', 'max_features': 'log2', 'n_estimators': 83}",0.5941982063898572,0.20889805086032445,0.1833080141372594,0.3753218461744418,0.5865880367392463,0.21167370568401034,0.5667781493868451,0.13432835820895528,0.5671641791044776,0.5671641791044776,"{0: 0.5922254399643573, 1: 0.5922254399643573}","{0: 0.5922254399643573, 1: 0.5922254399643573}",0.5922254399643573,"[[72 62]
 [54 80]]","[1. 0. 0. 0. 0. 1. 0. 1. 1. 0. 0. 0. 1. 0. 0. 0. 1. 0. 0. 0. 0. 1. 0. 0.
 0. 0. 1. 1. 1. 1. 1. 0. 0. 1. 1. 0. 1. 0. 1. 0. 1. 0. 1. 0. 0. 0. 1. 1.
 0. 0. 1. 0. 1. 1. 1. 1. 1. 1. 0. 1. 1. 0. 1. 1. 0. 0. 1. 1. 1. 1. 0. 0.
 0. 1. 0. 1. 1. 0. 1. 0. 1. 1. 1. 0. 0. 1. 0. 1. 1. 1. 1. 1. 0. 1. 1. 1.
 0. 0. 1. 1. 0. 1. 1. 0. 0. 0. 0. 1. 0. 1. 0. 1. 1. 1. 1. 0. 1. 0. 0. 0.
 0. 1. 1. 1. 1. 1. 1. 1. 0. 0. 0. 1. 1. 0. 1. 1. 0. 0. 0. 1. 1. 0. 1. 0.
 0. 0. 0. 0. 1. 1. 1. 0. 1. 1. 0. 1. 1. 0. 1. 0. 1. 1. 0. 0. 1. 0. 0. 1.
 1. 1. 0. 1. 1. 0. 0. 1. 1. 0. 1. 0. 0. 0. 1. 1. 0. 0. 1. 1. 0. 0. 0. 1.
 1. 1. 0. 1. 0. 1. 0. 0. 0. 0. 1. 1. 0. 1. 0. 0. 1. 1. 0. 1. 1. 1. 0. 0.
 1. 1. 0. 0. 0. 1. 0. 0. 1. 1. 1. 0. 1. 0. 1. 1. 1. 1. 1. 1. 0. 1. 0. 0.
 1. 1. 0. 0. 1. 1. 1. 1. 0. 0. 1. 0. 1. 0. 1. 1. 0. 1. 0. 1. 0. 0. 1. 1.
 1. 0. 1. 0.]","[0. 1. 0. 0. 0. 1. 1. 1. 0. 0. 0. 0. 0. 1. 0. 0. 1. 1. 0. 0. 0. 0. 0. 1.
 0. 0. 1. 0. 1. 0. 0. 1. 0. 1. 1. 0. 0. 0. 1. 0. 0. 0. 1. 1. 1. 0. 1. 0.
 1. 0. 1. 1. 0. 1. 1. 1. 1. 0. 1. 0. 0. 1. 1. 1. 0. 0. 0. 1. 1. 0. 1. 1.
 0. 0. 1. 0. 0. 1. 0. 1. 0. 1. 1. 1. 0. 1. 0. 1. 1. 1. 1. 1. 1. 1. 1. 0.
 0. 0. 1. 1. 1. 0. 0. 1. 1. 1. 0. 0. 0. 1. 1. 1. 0. 0. 0. 0. 1. 1. 1. 0.
 1. 0. 0. 1. 1. 0. 0. 0. 0. 1. 0. 0. 1. 1. 0. 1. 1. 1. 0. 1. 1. 0. 1. 0.
 1. 1. 0. 0. 0. 1. 1. 0. 1. 1. 0. 1. 0. 0. 0. 1. 1. 1. 0. 1. 0. 1. 1. 0.
 1. 0. 0. 1. 1. 0. 0. 1. 0. 1. 1. 0. 0. 1. 0. 0. 1. 1. 0. 1. 1. 0. 0. 0.
 0. 1. 1. 0. 0. 1. 0. 0. 1. 0. 1. 1. 1. 0. 0. 0. 1. 1. 0. 0. 0. 0. 1. 0.
 0. 1. 0. 1. 1. 1. 1. 0. 0. 0. 0. 1. 1. 1. 1. 0. 1. 1. 1. 1. 0. 1. 0. 0.
 1. 0. 0. 1. 1. 1. 1. 1. 0. 0. 1. 1. 1. 0. 0. 1. 0. 1. 0. 0. 1. 0. 1. 0.
 1. 0. 0. 0.]"
920,randomforest,"{'criterion': 'gini', 'max_features': 'sqrt', 'n_estimators': 265}",0.5883170064943749,0.20401302214965825,0.1829553325813261,0.3729594898128757,0.5796023794007664,0.20973261410408806,0.5708895479164056,0.14179104477611937,0.5708955223880597,0.5708955223880596,"{0: 0.5900813098685675, 1: 0.5900813098685677}","{0: 0.5900813098685675, 1: 0.5900813098685677}",0.5900813098685677,"[[76 58]
 [57 77]]","[1. 0. 0. 0. 0. 1. 0. 1. 1. 0. 0. 0. 1. 0. 0. 0. 1. 0. 0. 0. 0. 1. 0. 0.
 0. 0. 1. 1. 1. 1. 1. 0. 0. 0. 1. 0. 1. 0. 1. 0. 0. 0. 1. 0. 0. 0. 1. 0.
 0. 0. 1. 0. 0. 1. 1. 1. 1. 1. 0. 1. 0. 0. 1. 1. 0. 0. 1. 1. 1. 1. 0. 0.
 1. 1. 0. 1. 1. 0. 1. 0. 1. 1. 1. 0. 0. 1. 0. 1. 1. 1. 1. 1. 0. 1. 1. 1.
 0. 0. 0. 1. 0. 1. 0. 0. 0. 0. 0. 1. 0. 1. 0. 0. 0. 1. 1. 0. 1. 0. 0. 0.
 0. 1. 1. 1. 1. 1. 1. 1. 1. 0. 0. 1. 1. 0. 1. 1. 0. 1. 0. 1. 1. 0. 0. 0.
 0. 0. 0. 0. 1. 1. 1. 0. 0. 0. 0. 1. 1. 0. 1. 0. 1. 1. 0. 0. 1. 1. 0. 1.
 1. 1. 0. 1. 1. 0. 0. 1. 1. 0. 1. 0. 0. 1. 1. 1. 0. 0. 1. 1. 0. 0. 1. 1.
 1. 1. 1. 1. 1. 1. 0. 0. 0. 0. 1. 1. 0. 0. 0. 0. 1. 1. 0. 1. 1. 1. 0. 0.
 1. 1. 0. 0. 0. 0. 0. 0. 1. 1. 1. 0. 1. 0. 1. 1. 1. 1. 1. 1. 0. 1. 0. 0.
 1. 1. 0. 0. 1. 1. 1. 1. 0. 0. 1. 0. 1. 0. 0. 1. 0. 1. 0. 1. 0. 0. 1. 1.
 1. 0. 1. 0.]","[0. 1. 0. 0. 0. 1. 1. 1. 0. 0. 0. 0. 0. 1. 0. 0. 1. 1. 0. 0. 0. 0. 0. 1.
 0. 0. 1. 0. 1. 0. 0. 1. 0. 1. 1. 0. 0. 0. 1. 0. 0. 0. 1. 1. 1. 0. 1. 0.
 1. 0. 1. 1. 0. 1. 1. 1. 1. 0. 1. 0. 0. 1. 1. 1. 0. 0. 0. 1. 1. 0. 1. 1.
 0. 0. 1. 0. 0. 1. 0. 1. 0. 1. 1. 1. 0. 1. 0. 1. 1. 1. 1. 1. 1. 1. 1. 0.
 0. 0. 1. 1. 1. 0. 0. 1. 1. 1. 0. 0. 0. 1. 1. 1. 0. 0. 0. 0. 1. 1. 1. 0.
 1. 0. 0. 1. 1. 0. 0. 0. 0. 1. 0. 0. 1. 1. 0. 1. 1. 1. 0. 1. 1. 0. 1. 0.
 1. 1. 0. 0. 0. 1. 1. 0. 1. 1. 0. 1. 0. 0. 0. 1. 1. 1. 0. 1. 0. 1. 1. 0.
 1. 0. 0. 1. 1. 0. 0. 1. 0. 1. 1. 0. 0. 1. 0. 0. 1. 1. 0. 1. 1. 0. 0. 0.
 0. 1. 1. 0. 0. 1. 0. 0. 1. 0. 1. 1. 1. 0. 0. 0. 1. 1. 0. 0. 0. 0. 1. 0.
 0. 1. 0. 1. 1. 1. 1. 0. 0. 0. 0. 1. 1. 1. 1. 0. 1. 1. 1. 1. 0. 1. 0. 0.
 1. 0. 0. 1. 1. 1. 1. 1. 0. 0. 1. 1. 1. 0. 0. 1. 0. 1. 0. 0. 1. 0. 1. 0.
 1. 0. 0. 0.]"
322,randomforest,"{'criterion': 'gini', 'max_features': None, 'n_estimators': 501}",0.586354995196314,0.20067114935784353,0.18286341511629045,0.38039512733073977,0.5760632661842339,0.2071293410410424,0.56328082563824,0.12686567164179108,0.5634328358208955,0.5634328358208955,"{0: 0.5847070617063934, 1: 0.5847070617063934}","{0: 0.5847070617063934, 1: 0.5847070617063934}",0.5847070617063934,"[[73 61]
 [56 78]]","[1. 0. 0. 0. 0. 1. 0. 1. 1. 0. 0. 0. 1. 0. 0. 0. 0. 0. 0. 0. 0. 1. 0. 0.
 0. 0. 1. 1. 1. 1. 1. 0. 0. 0. 1. 1. 1. 0. 1. 0. 1. 0. 1. 0. 0. 0. 1. 0.
 0. 0. 1. 0. 0. 1. 1. 1. 1. 1. 0. 1. 0. 0. 1. 0. 0. 0. 1. 1. 1. 1. 0. 0.
 1. 1. 0. 1. 1. 0. 0. 0. 1. 1. 1. 0. 0. 1. 0. 1. 1. 1. 1. 1. 0. 1. 1. 1.
 0. 0. 1. 1. 0. 1. 1. 0. 0. 0. 0. 1. 0. 1. 0. 0. 0. 1. 1. 0. 1. 0. 0. 0.
 1. 1. 1. 1. 1. 1. 1. 1. 1. 0. 0. 1. 1. 0. 1. 1. 0. 1. 0. 1. 0. 0. 1. 0.
 0. 0. 0. 0. 0. 1. 1. 0. 1. 1. 0. 1. 1. 0. 1. 0. 1. 1. 0. 0. 1. 1. 0. 1.
 1. 1. 0. 1. 1. 0. 0. 1. 1. 0. 1. 0. 0. 1. 1. 1. 0. 0. 1. 1. 0. 0. 1. 1.
 1. 1. 0. 1. 0. 1. 0. 1. 1. 0. 1. 1. 0. 1. 0. 0. 1. 1. 0. 1. 1. 1. 0. 0.
 1. 1. 0. 0. 0. 0. 0. 0. 1. 1. 1. 0. 0. 0. 1. 1. 1. 1. 1. 1. 0. 1. 0. 0.
 1. 1. 0. 0. 1. 1. 1. 1. 0. 1. 1. 0. 1. 0. 0. 1. 0. 1. 0. 1. 0. 0. 1. 1.
 1. 0. 1. 0.]","[0. 1. 0. 0. 0. 1. 1. 1. 0. 0. 0. 0. 0. 1. 0. 0. 1. 1. 0. 0. 0. 0. 0. 1.
 0. 0. 1. 0. 1. 0. 0. 1. 0. 1. 1. 0. 0. 0. 1. 0. 0. 0. 1. 1. 1. 0. 1. 0.
 1. 0. 1. 1. 0. 1. 1. 1. 1. 0. 1. 0. 0. 1. 1. 1. 0. 0. 0. 1. 1. 0. 1. 1.
 0. 0. 1. 0. 0. 1. 0. 1. 0. 1. 1. 1. 0. 1. 0. 1. 1. 1. 1. 1. 1. 1. 1. 0.
 0. 0. 1. 1. 1. 0. 0. 1. 1. 1. 0. 0. 0. 1. 1. 1. 0. 0. 0. 0. 1. 1. 1. 0.
 1. 0. 0. 1. 1. 0. 0. 0. 0. 1. 0. 0. 1. 1. 0. 1. 1. 1. 0. 1. 1. 0. 1. 0.
 1. 1. 0. 0. 0. 1. 1. 0. 1. 1. 0. 1. 0. 0. 0. 1. 1. 1. 0. 1. 0. 1. 1. 0.
 1. 0. 0. 1. 1. 0. 0. 1. 0. 1. 1. 0. 0. 1. 0. 0. 1. 1. 0. 1. 1. 0. 0. 0.
 0. 1. 1. 0. 0. 1. 0. 0. 1. 0. 1. 1. 1. 0. 0. 0. 1. 1. 0. 0. 0. 0. 1. 0.
 0. 1. 0. 1. 1. 1. 1. 0. 0. 0. 0. 1. 1. 1. 1. 0. 1. 1. 1. 1. 0. 1. 0. 0.
 1. 0. 0. 1. 1. 1. 1. 1. 0. 0. 1. 1. 1. 0. 0. 1. 0. 1. 0. 0. 1. 0. 1. 0.
 1. 0. 0. 0.]"
766,randomforest,"{'criterion': 'entropy', 'max_features': 'sqrt', 'n_estimators': 441}",0.5911858930478475,0.20834655547992578,0.18279685023615277,0.3964507969454689,0.5830885922619794,0.21442424260029638,0.5704110505554549,0.14179104477611937,0.5708955223880597,0.5708955223880596,"{0: 0.5976553798173312, 1: 0.5976553798173312}","{0: 0.5976553798173312, 1: 0.5976553798173312}",0.5976553798173312,"[[72 62]
 [53 81]]","[1. 0. 0. 0. 0. 1. 0. 1. 1. 0. 0. 0. 1. 0. 0. 0. 1. 0. 0. 0. 0. 1. 0. 0.
 0. 0. 1. 1. 1. 1. 1. 0. 0. 0. 1. 1. 0. 0. 1. 0. 0. 0. 1. 0. 0. 0. 1. 0.
 0. 0. 1. 0. 0. 1. 1. 1. 1. 1. 0. 1. 0. 0. 1. 0. 0. 0. 1. 1. 1. 1. 0. 0.
 1. 1. 0. 1. 1. 0. 1. 0. 1. 1. 1. 0. 0. 1. 0. 1. 1. 1. 1. 1. 0. 1. 1. 1.
 0. 0. 1. 1. 0. 1. 1. 1. 0. 0. 0. 1. 0. 1. 0. 0. 0. 1. 1. 0. 1. 0. 0. 0.
 0. 1. 1. 1. 1. 1. 1. 1. 1. 0. 0. 1. 1. 0. 1. 0. 0. 1. 0. 1. 1. 0. 1. 0.
 1. 0. 0. 0. 1. 1. 1. 0. 1. 0. 0. 1. 1. 0. 1. 0. 1. 1. 0. 0. 1. 1. 0. 1.
 1. 1. 1. 1. 1. 1. 0. 1. 1. 0. 1. 0. 0. 1. 1. 1. 0. 0. 1. 1. 0. 0. 1. 1.
 0. 1. 1. 0. 1. 1. 0. 1. 0. 0. 1. 1. 0. 0. 0. 0. 1. 1. 0. 1. 1. 1. 0. 0.
 1. 1. 0. 1. 0. 0. 0. 0. 1. 1. 1. 0. 1. 0. 1. 1. 1. 1. 1. 1. 0. 1. 0. 0.
 1. 1. 0. 0. 1. 1. 1. 1. 0. 1. 1. 0. 1. 0. 1. 1. 0. 1. 0. 1. 0. 0. 1. 1.
 1. 0. 1. 0.]","[0. 1. 0. 0. 0. 1. 1. 1. 0. 0. 0. 0. 0. 1. 0. 0. 1. 1. 0. 0. 0. 0. 0. 1.
 0. 0. 1. 0. 1. 0. 0. 1. 0. 1. 1. 0. 0. 0. 1. 0. 0. 0. 1. 1. 1. 0. 1. 0.
 1. 0. 1. 1. 0. 1. 1. 1. 1. 0. 1. 0. 0. 1. 1. 1. 0. 0. 0. 1. 1. 0. 1. 1.
 0. 0. 1. 0. 0. 1. 0. 1. 0. 1. 1. 1. 0. 1. 0. 1. 1. 1. 1. 1. 1. 1. 1. 0.
 0. 0. 1. 1. 1. 0. 0. 1. 1. 1. 0. 0. 0. 1. 1. 1. 0. 0. 0. 0. 1. 1. 1. 0.
 1. 0. 0. 1. 1. 0. 0. 0. 0. 1. 0. 0. 1. 1. 0. 1. 1. 1. 0. 1. 1. 0. 1. 0.
 1. 1. 0. 0. 0. 1. 1. 0. 1. 1. 0. 1. 0. 0. 0. 1. 1. 1. 0. 1. 0. 1. 1. 0.
 1. 0. 0. 1. 1. 0. 0. 1. 0. 1. 1. 0. 0. 1. 0. 0. 1. 1. 0. 1. 1. 0. 0. 0.
 0. 1. 1. 0. 0. 1. 0. 0. 1. 0. 1. 1. 1. 0. 0. 0. 1. 1. 0. 0. 0. 0. 1. 0.
 0. 1. 0. 1. 1. 1. 1. 0. 0. 0. 0. 1. 1. 1. 1. 0. 1. 1. 1. 1. 0. 1. 0. 0.
 1. 0. 0. 1. 1. 1. 1. 1. 0. 0. 1. 1. 1. 0. 0. 1. 0. 1. 0. 0. 1. 0. 1. 0.
 1. 0. 0. 0.]"
794,randomforest,"{'criterion': 'gini', 'max_features': 'sqrt', 'n_estimators': 583}",0.5949139254411497,0.1943567651251868,0.1825405312106447,0.35103841378711736,0.5872545055004733,0.19747794210176053,0.5742474916387961,0.14925373134328357,0.5746268656716418,0.5746268656716418,"{0: 0.5910280686121632, 1: 0.5910280686121631}","{0: 0.5910280686121632, 1: 0.5910280686121631}",0.5910280686121631,"[[73 61]
 [53 81]]","[1. 0. 0. 0. 0. 1. 0. 1. 1. 0. 0. 0. 1. 0. 0. 0. 1. 0. 0. 0. 0. 1. 0. 0.
 0. 0. 1. 1. 1. 1. 1. 0. 0. 0. 1. 0. 1. 0. 1. 0. 0. 0. 1. 1. 0. 0. 1. 1.
 0. 0. 1. 0. 0. 1. 1. 1. 1. 1. 0. 1. 1. 0. 1. 0. 0. 0. 1. 1. 1. 1. 0. 0.
 1. 1. 0. 1. 1. 0. 0. 0. 1. 1. 1. 0. 0. 1. 0. 1. 1. 1. 1. 1. 0. 1. 1. 1.
 0. 0. 1. 1. 0. 1. 1. 1. 0. 0. 0. 1. 0. 1. 0. 0. 0. 1. 1. 0. 1. 0. 0. 0.
 0. 1. 1. 1. 1. 1. 1. 1. 0. 0. 0. 1. 1. 0. 1. 1. 0. 1. 0. 1. 1. 0. 0. 0.
 1. 0. 0. 0. 1. 1. 1. 0. 1. 1. 0. 1. 1. 0. 1. 0. 1. 1. 0. 0. 1. 1. 0. 1.
 1. 1. 0. 1. 1. 0. 0. 1. 1. 0. 1. 0. 0. 0. 1. 1. 0. 0. 1. 1. 0. 0. 1. 1.
 1. 1. 1. 1. 1. 1. 0. 1. 0. 0. 1. 1. 0. 0. 0. 0. 1. 1. 0. 1. 1. 1. 0. 0.
 1. 1. 0. 0. 0. 0. 0. 0. 1. 1. 1. 0. 1. 0. 1. 1. 1. 1. 1. 1. 0. 1. 0. 0.
 1. 1. 0. 0. 1. 1. 1. 1. 0. 1. 1. 0. 1. 0. 0. 1. 0. 1. 0. 1. 0. 0. 1. 1.
 1. 0. 1. 0.]","[0. 1. 0. 0. 0. 1. 1. 1. 0. 0. 0. 0. 0. 1. 0. 0. 1. 1. 0. 0. 0. 0. 0. 1.
 0. 0. 1. 0. 1. 0. 0. 1. 0. 1. 1. 0. 0. 0. 1. 0. 0. 0. 1. 1. 1. 0. 1. 0.
 1. 0. 1. 1. 0. 1. 1. 1. 1. 0. 1. 0. 0. 1. 1. 1. 0. 0. 0. 1. 1. 0. 1. 1.
 0. 0. 1. 0. 0. 1. 0. 1. 0. 1. 1. 1. 0. 1. 0. 1. 1. 1. 1. 1. 1. 1. 1. 0.
 0. 0. 1. 1. 1. 0. 0. 1. 1. 1. 0. 0. 0. 1. 1. 1. 0. 0. 0. 0. 1. 1. 1. 0.
 1. 0. 0. 1. 1. 0. 0. 0. 0. 1. 0. 0. 1. 1. 0. 1. 1. 1. 0. 1. 1. 0. 1. 0.
 1. 1. 0. 0. 0. 1. 1. 0. 1. 1. 0. 1. 0. 0. 0. 1. 1. 1. 0. 1. 0. 1. 1. 0.
 1. 0. 0. 1. 1. 0. 0. 1. 0. 1. 1. 0. 0. 1. 0. 0. 1. 1. 0. 1. 1. 0. 0. 0.
 0. 1. 1. 0. 0. 1. 0. 0. 1. 0. 1. 1. 1. 0. 0. 0. 1. 1. 0. 0. 0. 0. 1. 0.
 0. 1. 0. 1. 1. 1. 1. 0. 0. 0. 0. 1. 1. 1. 1. 0. 1. 1. 1. 1. 0. 1. 0. 0.
 1. 0. 0. 1. 1. 1. 1. 1. 0. 0. 1. 1. 1. 0. 0. 1. 0. 1. 0. 0. 1. 0. 1. 0.
 1. 0. 0. 0.]"
505,randomforest,"{'criterion': 'gini', 'max_features': 'log2', 'n_estimators': 429}",0.5895151941825988,0.17325379777580296,0.18251878471962288,0.3316575650290207,0.5812146522832007,0.18542533787062287,0.5671641791044776,0.13432835820895528,0.5671641791044776,0.5671641791044776,"{0: 0.5928937402539541, 1: 0.5928937402539542}","{0: 0.5928937402539541, 1: 0.5928937402539542}",0.5928937402539542,"[[76 58]
 [58 76]]","[1. 0. 0. 0. 0. 1. 0. 1. 1. 0. 0. 0. 1. 0. 0. 0. 0. 0. 0. 0. 0. 1. 0. 0.
 0. 0. 1. 1. 1. 1. 1. 0. 0. 0. 1. 0. 1. 0. 1. 0. 0. 0. 1. 0. 0. 0. 1. 1.
 0. 0. 1. 0. 1. 1. 1. 1. 1. 1. 0. 1. 1. 0. 1. 0. 0. 0. 1. 1. 1. 1. 0. 0.
 1. 1. 0. 1. 1. 0. 0. 0. 1. 1. 1. 0. 0. 1. 0. 1. 1. 1. 1. 1. 0. 1. 1. 1.
 0. 0. 1. 1. 0. 1. 1. 0. 0. 0. 0. 0. 0. 1. 0. 0. 0. 1. 1. 0. 1. 0. 0. 0.
 0. 1. 1. 1. 1. 1. 1. 1. 1. 0. 0. 1. 1. 0. 1. 1. 0. 1. 0. 1. 0. 0. 0. 0.
 0. 0. 0. 0. 0. 1. 1. 0. 1. 0. 0. 1. 1. 0. 1. 0. 1. 1. 0. 0. 1. 1. 0. 1.
 1. 0. 0. 1. 1. 0. 0. 1. 1. 0. 1. 1. 0. 0. 1. 1. 0. 0. 1. 1. 0. 0. 1. 1.
 1. 1. 1. 0. 0. 1. 0. 0. 0. 0. 1. 1. 0. 0. 0. 0. 1. 1. 0. 1. 1. 1. 1. 0.
 1. 1. 0. 1. 0. 0. 0. 0. 1. 1. 1. 0. 1. 0. 1. 1. 1. 1. 1. 1. 0. 1. 0. 0.
 1. 1. 0. 0. 1. 1. 1. 1. 0. 1. 1. 0. 1. 0. 0. 1. 0. 0. 0. 1. 0. 0. 1. 1.
 1. 0. 1. 0.]","[0. 1. 0. 0. 0. 1. 1. 1. 0. 0. 0. 0. 0. 1. 0. 0. 1. 1. 0. 0. 0. 0. 0. 1.
 0. 0. 1. 0. 1. 0. 0. 1. 0. 1. 1. 0. 0. 0. 1. 0. 0. 0. 1. 1. 1. 0. 1. 0.
 1. 0. 1. 1. 0. 1. 1. 1. 1. 0. 1. 0. 0. 1. 1. 1. 0. 0. 0. 1. 1. 0. 1. 1.
 0. 0. 1. 0. 0. 1. 0. 1. 0. 1. 1. 1. 0. 1. 0. 1. 1. 1. 1. 1. 1. 1. 1. 0.
 0. 0. 1. 1. 1. 0. 0. 1. 1. 1. 0. 0. 0. 1. 1. 1. 0. 0. 0. 0. 1. 1. 1. 0.
 1. 0. 0. 1. 1. 0. 0. 0. 0. 1. 0. 0. 1. 1. 0. 1. 1. 1. 0. 1. 1. 0. 1. 0.
 1. 1. 0. 0. 0. 1. 1. 0. 1. 1. 0. 1. 0. 0. 0. 1. 1. 1. 0. 1. 0. 1. 1. 0.
 1. 0. 0. 1. 1. 0. 0. 1. 0. 1. 1. 0. 0. 1. 0. 0. 1. 1. 0. 1. 1. 0. 0. 0.
 0. 1. 1. 0. 0. 1. 0. 0. 1. 0. 1. 1. 1. 0. 0. 0. 1. 1. 0. 0. 0. 0. 1. 0.
 0. 1. 0. 1. 1. 1. 1. 0. 0. 0. 0. 1. 1. 1. 1. 0. 1. 1. 1. 1. 0. 1. 0. 0.
 1. 0. 0. 1. 1. 1. 1. 1. 0. 0. 1. 1. 1. 0. 0. 1. 0. 1. 0. 0. 1. 0. 1. 0.
 1. 0. 0. 0.]"
986,randomforest,"{'criterion': 'gini', 'max_features': 'sqrt', 'n_estimators': 565}",0.5915346303737635,0.1994064035394483,0.1825116291756205,0.35722145300328223,0.5842805715789586,0.20732940046709208,0.5742474916387961,0.14925373134328357,0.5746268656716418,0.5746268656716418,"{0: 0.5836767654265984, 1: 0.5836767654265984}","{0: 0.5836767654265984, 1: 0.5836767654265984}",0.5836767654265984,"[[73 61]
 [53 81]]","[1. 0. 0. 0. 0. 1. 0. 1. 1. 0. 0. 0. 1. 0. 0. 0. 1. 0. 0. 0. 0. 1. 0. 0.
 0. 0. 1. 1. 1. 1. 1. 0. 0. 0. 1. 1. 0. 0. 1. 0. 1. 0. 1. 0. 0. 0. 1. 0.
 0. 0. 1. 0. 1. 1. 1. 1. 1. 1. 0. 1. 1. 0. 1. 1. 0. 0. 1. 1. 1. 1. 0. 0.
 1. 1. 0. 1. 1. 0. 0. 0. 1. 1. 1. 0. 0. 1. 0. 1. 1. 1. 1. 1. 0. 1. 1. 1.
 0. 0. 1. 1. 0. 1. 1. 0. 0. 0. 0. 1. 0. 1. 0. 0. 0. 1. 1. 0. 1. 0. 0. 0.
 0. 1. 1. 1. 1. 1. 1. 1. 1. 0. 0. 1. 1. 0. 1. 1. 0. 1. 0. 1. 1. 0. 1. 0.
 0. 0. 0. 0. 1. 1. 1. 0. 1. 0. 0. 1. 1. 0. 1. 0. 1. 1. 0. 0. 1. 1. 0. 1.
 1. 1. 0. 1. 1. 1. 0. 1. 1. 0. 1. 0. 0. 1. 1. 1. 0. 0. 1. 1. 0. 0. 1. 1.
 0. 1. 1. 0. 1. 1. 0. 0. 0. 0. 1. 1. 0. 0. 0. 0. 1. 1. 0. 1. 1. 1. 1. 0.
 1. 1. 0. 0. 0. 0. 0. 0. 1. 1. 1. 0. 1. 0. 1. 1. 1. 1. 1. 1. 0. 1. 0. 0.
 1. 1. 0. 0. 1. 1. 1. 1. 0. 1. 1. 0. 1. 0. 0. 1. 0. 1. 0. 1. 0. 0. 1. 1.
 1. 0. 1. 0.]","[0. 1. 0. 0. 0. 1. 1. 1. 0. 0. 0. 0. 0. 1. 0. 0. 1. 1. 0. 0. 0. 0. 0. 1.
 0. 0. 1. 0. 1. 0. 0. 1. 0. 1. 1. 0. 0. 0. 1. 0. 0. 0. 1. 1. 1. 0. 1. 0.
 1. 0. 1. 1. 0. 1. 1. 1. 1. 0. 1. 0. 0. 1. 1. 1. 0. 0. 0. 1. 1. 0. 1. 1.
 0. 0. 1. 0. 0. 1. 0. 1. 0. 1. 1. 1. 0. 1. 0. 1. 1. 1. 1. 1. 1. 1. 1. 0.
 0. 0. 1. 1. 1. 0. 0. 1. 1. 1. 0. 0. 0. 1. 1. 1. 0. 0. 0. 0. 1. 1. 1. 0.
 1. 0. 0. 1. 1. 0. 0. 0. 0. 1. 0. 0. 1. 1. 0. 1. 1. 1. 0. 1. 1. 0. 1. 0.
 1. 1. 0. 0. 0. 1. 1. 0. 1. 1. 0. 1. 0. 0. 0. 1. 1. 1. 0. 1. 0. 1. 1. 0.
 1. 0. 0. 1. 1. 0. 0. 1. 0. 1. 1. 0. 0. 1. 0. 0. 1. 1. 0. 1. 1. 0. 0. 0.
 0. 1. 1. 0. 0. 1. 0. 0. 1. 0. 1. 1. 1. 0. 0. 0. 1. 1. 0. 0. 0. 0. 1. 0.
 0. 1. 0. 1. 1. 1. 1. 0. 0. 0. 0. 1. 1. 1. 1. 0. 1. 1. 1. 1. 0. 1. 0. 0.
 1. 0. 0. 1. 1. 1. 1. 1. 0. 0. 1. 1. 1. 0. 0. 1. 0. 1. 0. 0. 1. 0. 1. 0.
 1. 0. 0. 0.]"
69,randomforest,"{'criterion': 'gini', 'max_features': 'log2', 'n_estimators': 235}",0.594428408120955,0.17658685043133243,0.1824872036688414,0.3344767448170635,0.585451216197184,0.18569513392094145,0.5708417461533105,0.14179104477611937,0.5708955223880597,0.5708955223880596,"{0: 0.5853753619959903, 1: 0.5853753619959903}","{0: 0.5853753619959903, 1: 0.5853753619959903}",0.5853753619959903,"[[75 59]
 [56 78]]","[1. 0. 0. 0. 0. 1. 0. 1. 1. 0. 0. 0. 1. 0. 0. 0. 1. 0. 0. 0. 0. 1. 0. 0.
 0. 0. 1. 1. 1. 1. 1. 0. 0. 0. 1. 0. 0. 0. 1. 0. 0. 0. 1. 0. 0. 0. 1. 1.
 0. 0. 1. 0. 1. 1. 1. 0. 1. 1. 0. 1. 1. 0. 1. 1. 0. 0. 1. 1. 1. 1. 0. 0.
 0. 1. 0. 1. 1. 0. 0. 0. 1. 1. 1. 0. 0. 1. 1. 1. 1. 1. 1. 1. 0. 1. 1. 1.
 0. 0. 1. 1. 0. 1. 0. 0. 0. 1. 0. 1. 0. 1. 0. 0. 0. 1. 1. 0. 1. 0. 0. 0.
 0. 1. 1. 1. 1. 1. 1. 1. 1. 0. 0. 1. 1. 0. 1. 1. 0. 1. 0. 1. 1. 0. 0. 0.
 1. 0. 0. 0. 0. 1. 1. 0. 1. 0. 0. 1. 1. 0. 1. 0. 1. 1. 0. 0. 1. 1. 0. 1.
 1. 1. 0. 1. 1. 0. 0. 1. 1. 0. 1. 1. 0. 0. 1. 1. 0. 0. 1. 1. 0. 0. 1. 1.
 1. 1. 1. 0. 1. 1. 0. 0. 0. 0. 1. 1. 0. 0. 0. 0. 1. 1. 0. 1. 1. 1. 1. 0.
 1. 1. 0. 0. 0. 0. 0. 0. 1. 1. 1. 0. 0. 0. 1. 1. 1. 1. 1. 1. 0. 1. 0. 0.
 1. 1. 0. 0. 1. 1. 0. 1. 0. 1. 1. 0. 1. 0. 0. 1. 0. 1. 0. 1. 0. 0. 1. 1.
 1. 0. 1. 0.]","[0. 1. 0. 0. 0. 1. 1. 1. 0. 0. 0. 0. 0. 1. 0. 0. 1. 1. 0. 0. 0. 0. 0. 1.
 0. 0. 1. 0. 1. 0. 0. 1. 0. 1. 1. 0. 0. 0. 1. 0. 0. 0. 1. 1. 1. 0. 1. 0.
 1. 0. 1. 1. 0. 1. 1. 1. 1. 0. 1. 0. 0. 1. 1. 1. 0. 0. 0. 1. 1. 0. 1. 1.
 0. 0. 1. 0. 0. 1. 0. 1. 0. 1. 1. 1. 0. 1. 0. 1. 1. 1. 1. 1. 1. 1. 1. 0.
 0. 0. 1. 1. 1. 0. 0. 1. 1. 1. 0. 0. 0. 1. 1. 1. 0. 0. 0. 0. 1. 1. 1. 0.
 1. 0. 0. 1. 1. 0. 0. 0. 0. 1. 0. 0. 1. 1. 0. 1. 1. 1. 0. 1. 1. 0. 1. 0.
 1. 1. 0. 0. 0. 1. 1. 0. 1. 1. 0. 1. 0. 0. 0. 1. 1. 1. 0. 1. 0. 1. 1. 0.
 1. 0. 0. 1. 1. 0. 0. 1. 0. 1. 1. 0. 0. 1. 0. 0. 1. 1. 0. 1. 1. 0. 0. 0.
 0. 1. 1. 0. 0. 1. 0. 0. 1. 0. 1. 1. 1. 0. 0. 0. 1. 1. 0. 0. 0. 0. 1. 0.
 0. 1. 0. 1. 1. 1. 1. 0. 0. 0. 0. 1. 1. 1. 1. 0. 1. 1. 1. 1. 0. 1. 0. 0.
 1. 0. 0. 1. 1. 1. 1. 1. 0. 0. 1. 1. 1. 0. 0. 1. 0. 1. 0. 0. 1. 0. 1. 0.
 1. 0. 0. 0.]"
537,randomforest,"{'criterion': 'gini', 'max_features': 'sqrt', 'n_estimators': 317}",0.5955584590843129,0.19584880357294523,0.18247927049420712,0.3394589374761562,0.589818669606976,0.19935047381727633,0.5817168338907468,0.16417910447761197,0.582089552238806,0.582089552238806,"{0: 0.5834539986633994, 1: 0.5834539986633995}","{0: 0.5834539986633994, 1: 0.5834539986633995}",0.5834539986633995,"[[74 60]
 [52 82]]","[1. 0. 0. 0. 0. 1. 0. 1. 1. 0. 0. 0. 1. 0. 0. 0. 1. 0. 0. 0. 0. 1. 0. 0.
 0. 0. 1. 1. 1. 1. 1. 0. 0. 0. 1. 0. 1. 0. 1. 0. 1. 0. 1. 1. 0. 0. 1. 0.
 0. 0. 1. 0. 0. 1. 1. 1. 1. 1. 0. 1. 1. 0. 1. 1. 0. 0. 1. 1. 1. 1. 0. 0.
 1. 1. 0. 1. 1. 0. 0. 0. 1. 1. 1. 0. 0. 1. 0. 1. 1. 1. 1. 1. 0. 1. 1. 1.
 0. 0. 1. 1. 0. 1. 1. 0. 0. 0. 0. 1. 0. 1. 0. 0. 0. 1. 1. 0. 1. 0. 0. 0.
 0. 1. 1. 1. 1. 1. 1. 1. 1. 0. 0. 1. 1. 0. 1. 1. 0. 1. 0. 1. 1. 0. 0. 0.
 0. 0. 0. 0. 1. 1. 1. 0. 1. 1. 0. 1. 1. 0. 1. 0. 1. 1. 0. 0. 1. 1. 0. 1.
 1. 1. 0. 1. 1. 0. 0. 1. 1. 0. 1. 0. 0. 1. 1. 1. 0. 0. 1. 1. 0. 0. 1. 1.
 0. 1. 1. 1. 1. 1. 0. 0. 0. 0. 1. 1. 0. 0. 0. 0. 1. 1. 0. 1. 1. 1. 0. 0.
 1. 1. 1. 1. 0. 0. 0. 0. 1. 1. 1. 0. 1. 0. 1. 1. 1. 1. 1. 1. 0. 1. 0. 0.
 1. 1. 0. 0. 1. 1. 1. 1. 0. 0. 1. 0. 1. 0. 0. 1. 0. 1. 0. 1. 0. 0. 1. 1.
 1. 0. 1. 0.]","[0. 1. 0. 0. 0. 1. 1. 1. 0. 0. 0. 0. 0. 1. 0. 0. 1. 1. 0. 0. 0. 0. 0. 1.
 0. 0. 1. 0. 1. 0. 0. 1. 0. 1. 1. 0. 0. 0. 1. 0. 0. 0. 1. 1. 1. 0. 1. 0.
 1. 0. 1. 1. 0. 1. 1. 1. 1. 0. 1. 0. 0. 1. 1. 1. 0. 0. 0. 1. 1. 0. 1. 1.
 0. 0. 1. 0. 0. 1. 0. 1. 0. 1. 1. 1. 0. 1. 0. 1. 1. 1. 1. 1. 1. 1. 1. 0.
 0. 0. 1. 1. 1. 0. 0. 1. 1. 1. 0. 0. 0. 1. 1. 1. 0. 0. 0. 0. 1. 1. 1. 0.
 1. 0. 0. 1. 1. 0. 0. 0. 0. 1. 0. 0. 1. 1. 0. 1. 1. 1. 0. 1. 1. 0. 1. 0.
 1. 1. 0. 0. 0. 1. 1. 0. 1. 1. 0. 1. 0. 0. 0. 1. 1. 1. 0. 1. 0. 1. 1. 0.
 1. 0. 0. 1. 1. 0. 0. 1. 0. 1. 1. 0. 0. 1. 0. 0. 1. 1. 0. 1. 1. 0. 0. 0.
 0. 1. 1. 0. 0. 1. 0. 0. 1. 0. 1. 1. 1. 0. 0. 0. 1. 1. 0. 0. 0. 0. 1. 0.
 0. 1. 0. 1. 1. 1. 1. 0. 0. 0. 0. 1. 1. 1. 1. 0. 1. 1. 1. 1. 0. 1. 0. 0.
 1. 0. 0. 1. 1. 1. 1. 1. 0. 0. 1. 1. 1. 0. 0. 1. 0. 1. 0. 0. 1. 0. 1. 0.
 1. 0. 0. 0.]"
68,randomforest,"{'criterion': 'gini', 'max_features': 'log2', 'n_estimators': 221}",0.5871821981371294,0.19764646052815488,0.18246217760047964,0.3406064646581814,0.5822731461340332,0.20103403080488824,0.5744135510113111,0.14925373134328357,0.5746268656716418,0.5746268656716418,"{0: 0.5855702829137894, 1: 0.5855702829137893}","{0: 0.5855702829137894, 1: 0.5855702829137893}",0.5855702829137893,"[[74 60]
 [54 80]]","[1. 0. 0. 0. 0. 1. 0. 1. 1. 0. 0. 0. 1. 0. 0. 0. 1. 0. 0. 0. 0. 1. 0. 0.
 0. 0. 1. 1. 1. 1. 1. 0. 0. 0. 1. 0. 0. 0. 1. 0. 1. 0. 1. 1. 0. 0. 1. 0.
 0. 0. 1. 0. 0. 1. 1. 0. 1. 1. 0. 1. 1. 0. 1. 0. 0. 0. 1. 1. 1. 1. 0. 0.
 1. 1. 0. 1. 1. 0. 0. 0. 1. 1. 1. 0. 0. 1. 0. 1. 1. 1. 1. 1. 0. 1. 1. 1.
 0. 0. 1. 1. 0. 1. 0. 0. 0. 0. 0. 1. 0. 1. 0. 0. 0. 1. 1. 0. 1. 0. 0. 0.
 0. 1. 1. 1. 1. 1. 1. 1. 1. 0. 0. 1. 1. 0. 1. 1. 0. 1. 0. 1. 1. 0. 1. 0.
 0. 0. 0. 0. 1. 1. 1. 0. 1. 1. 0. 1. 1. 0. 1. 0. 1. 1. 0. 0. 1. 0. 0. 1.
 1. 1. 0. 1. 1. 1. 0. 1. 1. 0. 1. 0. 0. 0. 1. 1. 0. 0. 1. 1. 1. 0. 1. 1.
 1. 1. 1. 0. 1. 1. 0. 1. 0. 0. 1. 1. 0. 0. 0. 0. 1. 1. 0. 1. 1. 1. 0. 0.
 1. 1. 0. 1. 0. 0. 0. 0. 1. 1. 1. 0. 1. 0. 1. 1. 1. 1. 1. 1. 0. 1. 0. 0.
 1. 1. 0. 0. 1. 1. 1. 1. 0. 1. 1. 0. 1. 0. 0. 1. 0. 1. 0. 1. 0. 0. 1. 1.
 1. 0. 1. 0.]","[0. 1. 0. 0. 0. 1. 1. 1. 0. 0. 0. 0. 0. 1. 0. 0. 1. 1. 0. 0. 0. 0. 0. 1.
 0. 0. 1. 0. 1. 0. 0. 1. 0. 1. 1. 0. 0. 0. 1. 0. 0. 0. 1. 1. 1. 0. 1. 0.
 1. 0. 1. 1. 0. 1. 1. 1. 1. 0. 1. 0. 0. 1. 1. 1. 0. 0. 0. 1. 1. 0. 1. 1.
 0. 0. 1. 0. 0. 1. 0. 1. 0. 1. 1. 1. 0. 1. 0. 1. 1. 1. 1. 1. 1. 1. 1. 0.
 0. 0. 1. 1. 1. 0. 0. 1. 1. 1. 0. 0. 0. 1. 1. 1. 0. 0. 0. 0. 1. 1. 1. 0.
 1. 0. 0. 1. 1. 0. 0. 0. 0. 1. 0. 0. 1. 1. 0. 1. 1. 1. 0. 1. 1. 0. 1. 0.
 1. 1. 0. 0. 0. 1. 1. 0. 1. 1. 0. 1. 0. 0. 0. 1. 1. 1. 0. 1. 0. 1. 1. 0.
 1. 0. 0. 1. 1. 0. 0. 1. 0. 1. 1. 0. 0. 1. 0. 0. 1. 1. 0. 1. 1. 0. 0. 0.
 0. 1. 1. 0. 0. 1. 0. 0. 1. 0. 1. 1. 1. 0. 0. 0. 1. 1. 0. 0. 0. 0. 1. 0.
 0. 1. 0. 1. 1. 1. 1. 0. 0. 0. 0. 1. 1. 1. 1. 0. 1. 1. 1. 1. 0. 1. 0. 0.
 1. 0. 0. 1. 1. 1. 1. 1. 0. 0. 1. 1. 1. 0. 0. 1. 0. 1. 0. 0. 1. 0. 1. 0.
 1. 0. 0. 0.]"
606,randomforest,"{'criterion': 'gini', 'max_features': 'log2', 'n_estimators': 373}",0.5872370251233839,0.19016941624429112,0.18219276883465607,0.34365027372320794,0.58026242164347,0.19441291817881143,0.5667781493868451,0.13432835820895528,0.5671641791044776,0.5671641791044776,"{0: 0.5860158164401872, 1: 0.5860158164401871}","{0: 0.5860158164401872, 1: 0.5860158164401871}",0.5860158164401871,"[[72 62]
 [54 80]]","[1. 0. 0. 0. 0. 1. 0. 1. 1. 0. 0. 0. 1. 0. 0. 0. 1. 0. 0. 0. 0. 1. 0. 0.
 0. 0. 1. 1. 1. 1. 1. 0. 0. 0. 1. 1. 0. 0. 1. 0. 1. 0. 1. 0. 0. 0. 1. 1.
 0. 0. 1. 0. 1. 1. 1. 1. 1. 1. 0. 1. 0. 0. 1. 0. 0. 0. 1. 1. 1. 1. 0. 0.
 1. 1. 0. 1. 1. 0. 1. 0. 1. 1. 1. 0. 0. 1. 0. 1. 1. 1. 1. 1. 0. 1. 1. 1.
 0. 0. 1. 1. 0. 1. 1. 0. 0. 0. 0. 1. 0. 1. 0. 0. 0. 1. 1. 0. 1. 0. 0. 0.
 0. 1. 1. 1. 1. 1. 1. 1. 1. 0. 0. 1. 1. 0. 1. 1. 0. 1. 0. 1. 1. 0. 0. 0.
 1. 0. 0. 0. 1. 1. 1. 0. 1. 1. 0. 1. 1. 0. 1. 0. 1. 1. 0. 0. 1. 1. 0. 1.
 1. 1. 0. 1. 1. 0. 0. 1. 1. 0. 1. 0. 0. 1. 1. 1. 0. 0. 1. 1. 0. 0. 1. 1.
 1. 1. 1. 1. 0. 1. 0. 0. 0. 0. 1. 1. 0. 0. 0. 0. 1. 1. 0. 1. 1. 1. 0. 0.
 1. 1. 0. 1. 0. 0. 0. 0. 1. 1. 1. 0. 0. 0. 1. 1. 1. 1. 1. 1. 0. 1. 0. 0.
 1. 1. 0. 0. 1. 1. 1. 1. 0. 1. 1. 0. 1. 0. 0. 1. 0. 1. 0. 1. 0. 0. 1. 1.
 1. 0. 1. 0.]","[0. 1. 0. 0. 0. 1. 1. 1. 0. 0. 0. 0. 0. 1. 0. 0. 1. 1. 0. 0. 0. 0. 0. 1.
 0. 0. 1. 0. 1. 0. 0. 1. 0. 1. 1. 0. 0. 0. 1. 0. 0. 0. 1. 1. 1. 0. 1. 0.
 1. 0. 1. 1. 0. 1. 1. 1. 1. 0. 1. 0. 0. 1. 1. 1. 0. 0. 0. 1. 1. 0. 1. 1.
 0. 0. 1. 0. 0. 1. 0. 1. 0. 1. 1. 1. 0. 1. 0. 1. 1. 1. 1. 1. 1. 1. 1. 0.
 0. 0. 1. 1. 1. 0. 0. 1. 1. 1. 0. 0. 0. 1. 1. 1. 0. 0. 0. 0. 1. 1. 1. 0.
 1. 0. 0. 1. 1. 0. 0. 0. 0. 1. 0. 0. 1. 1. 0. 1. 1. 1. 0. 1. 1. 0. 1. 0.
 1. 1. 0. 0. 0. 1. 1. 0. 1. 1. 0. 1. 0. 0. 0. 1. 1. 1. 0. 1. 0. 1. 1. 0.
 1. 0. 0. 1. 1. 0. 0. 1. 0. 1. 1. 0. 0. 1. 0. 0. 1. 1. 0. 1. 1. 0. 0. 0.
 0. 1. 1. 0. 0. 1. 0. 0. 1. 0. 1. 1. 1. 0. 0. 0. 1. 1. 0. 0. 0. 0. 1. 0.
 0. 1. 0. 1. 1. 1. 1. 0. 0. 0. 0. 1. 1. 1. 1. 0. 1. 1. 1. 1. 0. 1. 0. 0.
 1. 0. 0. 1. 1. 1. 1. 1. 0. 0. 1. 1. 1. 0. 0. 1. 0. 1. 0. 0. 1. 0. 1. 0.
 1. 0. 0. 0.]"
647,randomforest,"{'criterion': 'entropy', 'max_features': 'sqrt', 'n_estimators': 479}",0.5904332053221751,0.19779536792216254,0.1821891006304465,0.355716697420622,0.5836450381309252,0.2003656831221665,0.5706025774991291,0.14179104477611937,0.5708955223880597,0.5708955223880596,"{0: 0.5845121407885943, 1: 0.5845121407885944}","{0: 0.5845121407885943, 1: 0.5845121407885944}",0.5845121407885944,"[[73 61]
 [54 80]]","[1. 0. 0. 0. 0. 1. 0. 1. 1. 0. 0. 0. 1. 0. 0. 0. 1. 0. 0. 0. 0. 1. 0. 0.
 0. 0. 1. 1. 1. 1. 1. 0. 0. 0. 1. 1. 0. 0. 1. 0. 0. 0. 1. 1. 0. 0. 1. 0.
 0. 0. 1. 0. 1. 1. 1. 1. 1. 1. 0. 1. 0. 0. 1. 0. 0. 0. 1. 1. 1. 1. 0. 0.
 1. 1. 0. 1. 1. 0. 1. 0. 1. 1. 1. 0. 0. 1. 0. 1. 1. 1. 1. 1. 0. 1. 1. 1.
 0. 0. 1. 1. 0. 1. 1. 1. 0. 0. 0. 1. 0. 1. 0. 0. 0. 1. 1. 0. 1. 0. 0. 0.
 0. 1. 1. 1. 1. 1. 1. 1. 1. 0. 0. 1. 1. 0. 1. 1. 0. 1. 0. 1. 1. 0. 0. 0.
 0. 0. 0. 0. 1. 1. 1. 0. 1. 1. 0. 1. 1. 0. 1. 0. 1. 1. 0. 0. 1. 1. 0. 1.
 1. 1. 0. 1. 1. 1. 0. 1. 1. 0. 1. 0. 0. 0. 1. 1. 0. 0. 1. 1. 0. 0. 1. 1.
 0. 1. 1. 1. 1. 1. 0. 0. 0. 0. 1. 1. 0. 0. 0. 0. 1. 1. 0. 1. 1. 1. 0. 0.
 1. 1. 0. 1. 0. 0. 0. 0. 1. 1. 1. 0. 0. 0. 1. 1. 1. 1. 1. 1. 0. 1. 0. 0.
 1. 1. 0. 0. 1. 1. 1. 1. 0. 1. 1. 0. 1. 0. 0. 1. 0. 1. 0. 1. 0. 0. 1. 1.
 1. 0. 1. 0.]","[0. 1. 0. 0. 0. 1. 1. 1. 0. 0. 0. 0. 0. 1. 0. 0. 1. 1. 0. 0. 0. 0. 0. 1.
 0. 0. 1. 0. 1. 0. 0. 1. 0. 1. 1. 0. 0. 0. 1. 0. 0. 0. 1. 1. 1. 0. 1. 0.
 1. 0. 1. 1. 0. 1. 1. 1. 1. 0. 1. 0. 0. 1. 1. 1. 0. 0. 0. 1. 1. 0. 1. 1.
 0. 0. 1. 0. 0. 1. 0. 1. 0. 1. 1. 1. 0. 1. 0. 1. 1. 1. 1. 1. 1. 1. 1. 0.
 0. 0. 1. 1. 1. 0. 0. 1. 1. 1. 0. 0. 0. 1. 1. 1. 0. 0. 0. 0. 1. 1. 1. 0.
 1. 0. 0. 1. 1. 0. 0. 0. 0. 1. 0. 0. 1. 1. 0. 1. 1. 1. 0. 1. 1. 0. 1. 0.
 1. 1. 0. 0. 0. 1. 1. 0. 1. 1. 0. 1. 0. 0. 0. 1. 1. 1. 0. 1. 0. 1. 1. 0.
 1. 0. 0. 1. 1. 0. 0. 1. 0. 1. 1. 0. 0. 1. 0. 0. 1. 1. 0. 1. 1. 0. 0. 0.
 0. 1. 1. 0. 0. 1. 0. 0. 1. 0. 1. 1. 1. 0. 0. 0. 1. 1. 0. 0. 0. 0. 1. 0.
 0. 1. 0. 1. 1. 1. 1. 0. 0. 0. 0. 1. 1. 1. 1. 0. 1. 1. 1. 1. 0. 1. 0. 0.
 1. 0. 0. 1. 1. 1. 1. 1. 0. 0. 1. 1. 1. 0. 0. 1. 0. 1. 0. 0. 1. 0. 1. 0.
 1. 0. 0. 0.]"
642,randomforest,"{'criterion': 'gini', 'max_features': 'sqrt', 'n_estimators': 271}",0.5946506742587809,0.19244432104421344,0.18212456586501183,0.34597828689445576,0.5873263665098342,0.1998536350515478,0.5707461106700651,0.14179104477611937,0.5708955223880597,0.5708955223880597,"{0: 0.581449097794609, 1: 0.581449097794609}","{0: 0.581449097794609, 1: 0.581449097794609}",0.581449097794609,"[[74 60]
 [55 79]]","[1. 0. 0. 0. 0. 1. 0. 1. 1. 0. 0. 0. 1. 0. 0. 0. 1. 0. 0. 0. 0. 1. 0. 0.
 0. 0. 1. 1. 1. 1. 1. 0. 0. 0. 1. 0. 0. 0. 1. 0. 1. 0. 1. 0. 0. 0. 1. 1.
 0. 0. 1. 0. 0. 1. 1. 1. 1. 1. 0. 1. 1. 0. 1. 1. 0. 0. 1. 1. 1. 1. 0. 0.
 1. 1. 0. 1. 1. 0. 0. 0. 1. 1. 1. 0. 0. 1. 0. 1. 1. 1. 1. 1. 0. 1. 1. 1.
 0. 0. 1. 1. 1. 1. 1. 0. 0. 0. 0. 1. 0. 1. 0. 0. 0. 1. 1. 0. 1. 0. 0. 0.
 0. 1. 1. 1. 1. 1. 1. 1. 0. 0. 0. 1. 1. 0. 1. 1. 0. 1. 0. 1. 1. 0. 0. 0.
 1. 0. 0. 0. 1. 1. 1. 0. 1. 0. 0. 1. 1. 0. 1. 0. 1. 1. 0. 0. 1. 1. 0. 1.
 1. 1. 0. 1. 1. 0. 0. 1. 1. 0. 1. 0. 0. 0. 1. 1. 0. 0. 1. 1. 0. 0. 1. 1.
 1. 1. 1. 0. 1. 1. 0. 1. 0. 0. 1. 1. 0. 0. 0. 0. 1. 1. 0. 1. 1. 1. 0. 0.
 1. 1. 0. 1. 0. 0. 0. 0. 1. 1. 1. 0. 0. 0. 1. 1. 1. 1. 1. 1. 0. 1. 0. 0.
 1. 1. 0. 0. 1. 1. 0. 1. 0. 1. 1. 0. 1. 0. 0. 1. 0. 1. 0. 1. 0. 0. 1. 1.
 1. 0. 1. 0.]","[0. 1. 0. 0. 0. 1. 1. 1. 0. 0. 0. 0. 0. 1. 0. 0. 1. 1. 0. 0. 0. 0. 0. 1.
 0. 0. 1. 0. 1. 0. 0. 1. 0. 1. 1. 0. 0. 0. 1. 0. 0. 0. 1. 1. 1. 0. 1. 0.
 1. 0. 1. 1. 0. 1. 1. 1. 1. 0. 1. 0. 0. 1. 1. 1. 0. 0. 0. 1. 1. 0. 1. 1.
 0. 0. 1. 0. 0. 1. 0. 1. 0. 1. 1. 1. 0. 1. 0. 1. 1. 1. 1. 1. 1. 1. 1. 0.
 0. 0. 1. 1. 1. 0. 0. 1. 1. 1. 0. 0. 0. 1. 1. 1. 0. 0. 0. 0. 1. 1. 1. 0.
 1. 0. 0. 1. 1. 0. 0. 0. 0. 1. 0. 0. 1. 1. 0. 1. 1. 1. 0. 1. 1. 0. 1. 0.
 1. 1. 0. 0. 0. 1. 1. 0. 1. 1. 0. 1. 0. 0. 0. 1. 1. 1. 0. 1. 0. 1. 1. 0.
 1. 0. 0. 1. 1. 0. 0. 1. 0. 1. 1. 0. 0. 1. 0. 0. 1. 1. 0. 1. 1. 0. 0. 0.
 0. 1. 1. 0. 0. 1. 0. 0. 1. 0. 1. 1. 1. 0. 0. 0. 1. 1. 0. 0. 0. 0. 1. 0.
 0. 1. 0. 1. 1. 1. 1. 0. 0. 0. 0. 1. 1. 1. 1. 0. 1. 1. 1. 1. 0. 1. 0. 0.
 1. 0. 0. 1. 1. 1. 1. 1. 0. 0. 1. 1. 1. 0. 0. 1. 0. 1. 0. 0. 1. 0. 1. 0.
 1. 0. 0. 0.]"
203,randomforest,"{'criterion': 'gini', 'max_features': 'log2', 'n_estimators': 211}",0.5903343336056563,0.19372478052514872,0.18205926902618078,0.33874696038268476,0.5846303375537246,0.195586839344057,0.5744135510113111,0.14925373134328357,0.5746268656716418,0.5746268656716418,"{0: 0.5738471820004456, 1: 0.5738471820004455}","{0: 0.5738471820004456, 1: 0.5738471820004455}",0.5738471820004455,"[[74 60]
 [54 80]]","[1. 0. 0. 0. 0. 1. 0. 1. 1. 0. 0. 0. 1. 0. 0. 0. 1. 0. 0. 0. 0. 1. 0. 0.
 0. 0. 1. 1. 1. 1. 1. 0. 0. 0. 1. 0. 0. 0. 1. 0. 0. 0. 1. 1. 0. 0. 1. 0.
 0. 0. 1. 0. 0. 1. 1. 1. 1. 1. 0. 1. 1. 0. 1. 1. 0. 0. 1. 1. 1. 1. 0. 0.
 1. 1. 0. 1. 1. 0. 0. 0. 0. 1. 1. 0. 0. 1. 1. 1. 1. 1. 1. 1. 0. 1. 1. 1.
 0. 0. 1. 1. 0. 1. 1. 0. 0. 0. 0. 1. 0. 1. 0. 0. 0. 1. 1. 0. 1. 0. 0. 0.
 0. 1. 1. 1. 1. 1. 1. 1. 1. 0. 0. 1. 1. 0. 1. 1. 0. 1. 0. 1. 1. 0. 0. 0.
 0. 0. 0. 0. 1. 1. 1. 0. 1. 1. 0. 1. 1. 0. 1. 0. 1. 1. 0. 0. 1. 1. 0. 1.
 1. 1. 0. 1. 1. 0. 0. 1. 1. 0. 1. 1. 0. 1. 1. 1. 0. 0. 1. 1. 0. 0. 1. 1.
 1. 1. 1. 1. 1. 1. 0. 0. 0. 0. 1. 1. 0. 0. 0. 0. 1. 1. 0. 1. 1. 1. 0. 0.
 1. 1. 0. 0. 0. 0. 0. 0. 1. 1. 1. 0. 1. 0. 1. 1. 1. 1. 1. 1. 0. 1. 0. 0.
 1. 1. 0. 0. 1. 1. 0. 1. 0. 1. 1. 0. 1. 0. 0. 1. 0. 1. 0. 1. 0. 0. 1. 1.
 1. 0. 1. 0.]","[0. 1. 0. 0. 0. 1. 1. 1. 0. 0. 0. 0. 0. 1. 0. 0. 1. 1. 0. 0. 0. 0. 0. 1.
 0. 0. 1. 0. 1. 0. 0. 1. 0. 1. 1. 0. 0. 0. 1. 0. 0. 0. 1. 1. 1. 0. 1. 0.
 1. 0. 1. 1. 0. 1. 1. 1. 1. 0. 1. 0. 0. 1. 1. 1. 0. 0. 0. 1. 1. 0. 1. 1.
 0. 0. 1. 0. 0. 1. 0. 1. 0. 1. 1. 1. 0. 1. 0. 1. 1. 1. 1. 1. 1. 1. 1. 0.
 0. 0. 1. 1. 1. 0. 0. 1. 1. 1. 0. 0. 0. 1. 1. 1. 0. 0. 0. 0. 1. 1. 1. 0.
 1. 0. 0. 1. 1. 0. 0. 0. 0. 1. 0. 0. 1. 1. 0. 1. 1. 1. 0. 1. 1. 0. 1. 0.
 1. 1. 0. 0. 0. 1. 1. 0. 1. 1. 0. 1. 0. 0. 0. 1. 1. 1. 0. 1. 0. 1. 1. 0.
 1. 0. 0. 1. 1. 0. 0. 1. 0. 1. 1. 0. 0. 1. 0. 0. 1. 1. 0. 1. 1. 0. 0. 0.
 0. 1. 1. 0. 0. 1. 0. 0. 1. 0. 1. 1. 1. 0. 0. 0. 1. 1. 0. 0. 0. 0. 1. 0.
 0. 1. 0. 1. 1. 1. 1. 0. 0. 0. 0. 1. 1. 1. 1. 0. 1. 1. 1. 1. 0. 1. 0. 0.
 1. 0. 0. 1. 1. 1. 1. 1. 0. 0. 1. 1. 1. 0. 0. 1. 0. 1. 0. 0. 1. 0. 1. 0.
 1. 0. 0. 0.]"
404,randomforest,"{'criterion': 'gini', 'max_features': 'sqrt', 'n_estimators': 277}",0.5903917503174848,0.19628929782033339,0.18193752521027914,0.36336511147036343,0.5856968058076929,0.19868299022305166,0.5783523383874246,0.15671641791044777,0.5783582089552238,0.5783582089552239,"{0: 0.5916685230563601, 1: 0.5916685230563599}","{0: 0.5916685230563601, 1: 0.5916685230563599}",0.5916685230563599,"[[77 57]
 [56 78]]","[1. 0. 0. 0. 0. 1. 0. 1. 1. 0. 0. 0. 1. 0. 0. 0. 1. 0. 0. 0. 0. 1. 0. 0.
 0. 0. 1. 1. 1. 1. 1. 0. 0. 0. 1. 0. 0. 0. 1. 0. 1. 0. 1. 0. 0. 1. 1. 0.
 0. 0. 1. 0. 1. 1. 1. 1. 1. 1. 0. 1. 0. 0. 1. 1. 0. 0. 1. 1. 1. 1. 0. 0.
 1. 1. 0. 1. 1. 0. 0. 0. 1. 1. 1. 0. 0. 1. 1. 1. 1. 1. 1. 1. 0. 1. 1. 1.
 0. 0. 1. 1. 0. 1. 0. 1. 0. 0. 0. 1. 0. 1. 0. 0. 0. 1. 1. 0. 1. 0. 0. 0.
 0. 1. 1. 1. 1. 1. 1. 1. 1. 0. 0. 1. 1. 0. 1. 1. 0. 1. 0. 1. 0. 0. 0. 0.
 1. 0. 0. 0. 1. 1. 1. 0. 0. 1. 0. 1. 1. 0. 1. 0. 1. 1. 0. 0. 1. 1. 0. 1.
 1. 1. 0. 1. 1. 0. 0. 1. 1. 0. 1. 0. 0. 0. 1. 1. 0. 0. 1. 1. 0. 0. 1. 1.
 0. 1. 1. 0. 1. 1. 0. 0. 0. 0. 1. 1. 0. 0. 0. 0. 1. 1. 0. 1. 1. 0. 0. 0.
 1. 1. 0. 1. 0. 0. 0. 0. 1. 1. 1. 0. 0. 0. 1. 1. 1. 1. 1. 1. 0. 1. 0. 0.
 1. 1. 0. 0. 1. 1. 1. 1. 0. 0. 1. 0. 1. 0. 0. 1. 0. 0. 0. 1. 0. 0. 1. 1.
 1. 0. 1. 0.]","[0. 1. 0. 0. 0. 1. 1. 1. 0. 0. 0. 0. 0. 1. 0. 0. 1. 1. 0. 0. 0. 0. 0. 1.
 0. 0. 1. 0. 1. 0. 0. 1. 0. 1. 1. 0. 0. 0. 1. 0. 0. 0. 1. 1. 1. 0. 1. 0.
 1. 0. 1. 1. 0. 1. 1. 1. 1. 0. 1. 0. 0. 1. 1. 1. 0. 0. 0. 1. 1. 0. 1. 1.
 0. 0. 1. 0. 0. 1. 0. 1. 0. 1. 1. 1. 0. 1. 0. 1. 1. 1. 1. 1. 1. 1. 1. 0.
 0. 0. 1. 1. 1. 0. 0. 1. 1. 1. 0. 0. 0. 1. 1. 1. 0. 0. 0. 0. 1. 1. 1. 0.
 1. 0. 0. 1. 1. 0. 0. 0. 0. 1. 0. 0. 1. 1. 0. 1. 1. 1. 0. 1. 1. 0. 1. 0.
 1. 1. 0. 0. 0. 1. 1. 0. 1. 1. 0. 1. 0. 0. 0. 1. 1. 1. 0. 1. 0. 1. 1. 0.
 1. 0. 0. 1. 1. 0. 0. 1. 0. 1. 1. 0. 0. 1. 0. 0. 1. 1. 0. 1. 1. 0. 0. 0.
 0. 1. 1. 0. 0. 1. 0. 0. 1. 0. 1. 1. 1. 0. 0. 0. 1. 1. 0. 0. 0. 0. 1. 0.
 0. 1. 0. 1. 1. 1. 1. 0. 0. 0. 0. 1. 1. 1. 1. 0. 1. 1. 1. 1. 0. 1. 0. 0.
 1. 0. 0. 1. 1. 1. 1. 1. 0. 0. 1. 1. 1. 0. 0. 1. 0. 1. 0. 0. 1. 0. 1. 0.
 1. 0. 0. 0.]"
965,randomforest,"{'criterion': 'gini', 'max_features': 'log2', 'n_estimators': 437}",0.5879518217041936,0.20477785148767996,0.181927707521132,0.3794973037745391,0.5798520681081164,0.21157332404784848,0.5629399383912019,0.12686567164179108,0.5634328358208955,0.5634328358208955,"{0: 0.5951214078859435, 1: 0.5951214078859435}","{0: 0.5951214078859435, 1: 0.5951214078859435}",0.5951214078859435,"[[71 63]
 [54 80]]","[1. 0. 0. 0. 0. 1. 0. 1. 1. 0. 0. 0. 1. 0. 0. 0. 1. 0. 0. 1. 0. 1. 0. 0.
 0. 0. 1. 1. 1. 1. 1. 0. 0. 0. 1. 0. 1. 0. 1. 0. 1. 0. 1. 0. 0. 0. 1. 1.
 0. 0. 1. 0. 1. 1. 1. 1. 1. 1. 0. 1. 0. 0. 1. 1. 0. 0. 1. 1. 1. 1. 0. 0.
 1. 1. 0. 1. 1. 0. 0. 0. 1. 1. 1. 0. 0. 1. 0. 1. 1. 1. 1. 1. 0. 1. 1. 1.
 0. 0. 1. 1. 0. 1. 0. 0. 0. 0. 0. 1. 0. 1. 0. 0. 0. 1. 1. 0. 1. 0. 0. 0.
 0. 1. 1. 1. 1. 1. 1. 1. 1. 0. 0. 1. 1. 0. 1. 1. 0. 1. 0. 1. 1. 0. 1. 0.
 0. 0. 0. 0. 1. 1. 1. 0. 1. 0. 0. 1. 1. 0. 1. 0. 1. 1. 0. 0. 1. 0. 0. 1.
 1. 1. 0. 1. 1. 0. 0. 1. 1. 0. 1. 0. 0. 1. 1. 1. 0. 0. 1. 1. 0. 0. 1. 1.
 1. 1. 1. 0. 1. 1. 0. 1. 0. 0. 1. 1. 0. 1. 0. 0. 1. 1. 0. 1. 1. 1. 0. 0.
 1. 1. 0. 1. 0. 0. 0. 0. 1. 1. 1. 0. 1. 0. 1. 1. 1. 1. 1. 1. 0. 1. 0. 0.
 1. 1. 0. 0. 1. 1. 1. 1. 0. 1. 1. 0. 1. 0. 0. 1. 0. 1. 0. 1. 0. 0. 1. 1.
 1. 0. 1. 0.]","[0. 1. 0. 0. 0. 1. 1. 1. 0. 0. 0. 0. 0. 1. 0. 0. 1. 1. 0. 0. 0. 0. 0. 1.
 0. 0. 1. 0. 1. 0. 0. 1. 0. 1. 1. 0. 0. 0. 1. 0. 0. 0. 1. 1. 1. 0. 1. 0.
 1. 0. 1. 1. 0. 1. 1. 1. 1. 0. 1. 0. 0. 1. 1. 1. 0. 0. 0. 1. 1. 0. 1. 1.
 0. 0. 1. 0. 0. 1. 0. 1. 0. 1. 1. 1. 0. 1. 0. 1. 1. 1. 1. 1. 1. 1. 1. 0.
 0. 0. 1. 1. 1. 0. 0. 1. 1. 1. 0. 0. 0. 1. 1. 1. 0. 0. 0. 0. 1. 1. 1. 0.
 1. 0. 0. 1. 1. 0. 0. 0. 0. 1. 0. 0. 1. 1. 0. 1. 1. 1. 0. 1. 1. 0. 1. 0.
 1. 1. 0. 0. 0. 1. 1. 0. 1. 1. 0. 1. 0. 0. 0. 1. 1. 1. 0. 1. 0. 1. 1. 0.
 1. 0. 0. 1. 1. 0. 0. 1. 0. 1. 1. 0. 0. 1. 0. 0. 1. 1. 0. 1. 1. 0. 0. 0.
 0. 1. 1. 0. 0. 1. 0. 0. 1. 0. 1. 1. 1. 0. 0. 0. 1. 1. 0. 0. 0. 0. 1. 0.
 0. 1. 0. 1. 1. 1. 1. 0. 0. 0. 0. 1. 1. 1. 1. 0. 1. 1. 1. 1. 0. 1. 0. 0.
 1. 0. 0. 1. 1. 1. 1. 1. 0. 0. 1. 1. 1. 0. 0. 1. 0. 1. 0. 0. 1. 0. 1. 0.
 1. 0. 0. 0.]"
195,randomforest,"{'criterion': 'entropy', 'max_features': 'sqrt', 'n_estimators': 287}",0.5949270818423185,0.20584268845825796,0.18185110427029297,0.3839978807663451,0.5869606461340332,0.21133192853904928,0.5744135510113111,0.14925373134328357,0.5746268656716418,0.5746268656716418,"{0: 0.5888282468255737, 1: 0.5888282468255737}","{0: 0.5888282468255737, 1: 0.5888282468255737}",0.5888282468255737,"[[74 60]
 [54 80]]","[1. 0. 0. 0. 0. 1. 0. 1. 1. 0. 0. 0. 1. 0. 0. 0. 1. 0. 0. 0. 0. 1. 0. 0.
 0. 0. 1. 1. 1. 1. 1. 0. 0. 0. 1. 0. 1. 0. 1. 0. 0. 0. 1. 0. 0. 0. 1. 0.
 0. 0. 1. 0. 0. 1. 1. 1. 1. 1. 0. 1. 1. 0. 1. 0. 0. 0. 1. 1. 1. 1. 0. 0.
 1. 1. 0. 1. 1. 0. 0. 0. 1. 1. 1. 0. 0. 1. 0. 1. 1. 1. 1. 1. 0. 1. 1. 1.
 0. 0. 1. 1. 0. 1. 0. 0. 0. 0. 0. 1. 0. 1. 0. 0. 0. 1. 1. 0. 1. 0. 0. 0.
 0. 1. 1. 1. 1. 1. 1. 1. 0. 0. 0. 1. 1. 0. 1. 0. 0. 1. 0. 1. 1. 0. 0. 0.
 1. 0. 0. 0. 1. 1. 1. 0. 1. 1. 0. 1. 1. 0. 1. 0. 1. 1. 0. 0. 1. 1. 0. 1.
 1. 1. 0. 1. 1. 1. 0. 1. 1. 0. 1. 1. 0. 1. 1. 1. 0. 0. 1. 1. 0. 0. 1. 1.
 0. 1. 1. 0. 1. 1. 0. 1. 0. 0. 1. 1. 0. 0. 0. 0. 1. 1. 0. 1. 1. 1. 0. 0.
 1. 1. 0. 1. 0. 0. 0. 0. 1. 1. 1. 0. 1. 0. 1. 1. 1. 1. 1. 1. 0. 1. 0. 0.
 1. 1. 0. 0. 1. 1. 1. 1. 0. 1. 1. 0. 1. 0. 1. 1. 0. 1. 0. 1. 0. 0. 1. 1.
 1. 0. 1. 0.]","[0. 1. 0. 0. 0. 1. 1. 1. 0. 0. 0. 0. 0. 1. 0. 0. 1. 1. 0. 0. 0. 0. 0. 1.
 0. 0. 1. 0. 1. 0. 0. 1. 0. 1. 1. 0. 0. 0. 1. 0. 0. 0. 1. 1. 1. 0. 1. 0.
 1. 0. 1. 1. 0. 1. 1. 1. 1. 0. 1. 0. 0. 1. 1. 1. 0. 0. 0. 1. 1. 0. 1. 1.
 0. 0. 1. 0. 0. 1. 0. 1. 0. 1. 1. 1. 0. 1. 0. 1. 1. 1. 1. 1. 1. 1. 1. 0.
 0. 0. 1. 1. 1. 0. 0. 1. 1. 1. 0. 0. 0. 1. 1. 1. 0. 0. 0. 0. 1. 1. 1. 0.
 1. 0. 0. 1. 1. 0. 0. 0. 0. 1. 0. 0. 1. 1. 0. 1. 1. 1. 0. 1. 1. 0. 1. 0.
 1. 1. 0. 0. 0. 1. 1. 0. 1. 1. 0. 1. 0. 0. 0. 1. 1. 1. 0. 1. 0. 1. 1. 0.
 1. 0. 0. 1. 1. 0. 0. 1. 0. 1. 1. 0. 0. 1. 0. 0. 1. 1. 0. 1. 1. 0. 0. 0.
 0. 1. 1. 0. 0. 1. 0. 0. 1. 0. 1. 1. 1. 0. 0. 0. 1. 1. 0. 0. 0. 0. 1. 0.
 0. 1. 0. 1. 1. 1. 1. 0. 0. 0. 0. 1. 1. 1. 1. 0. 1. 1. 1. 1. 0. 1. 0. 0.
 1. 0. 0. 1. 1. 1. 1. 1. 0. 0. 1. 1. 1. 0. 0. 1. 0. 1. 0. 0. 1. 0. 1. 0.
 1. 0. 0. 0.]"
632,randomforest,"{'criterion': 'entropy', 'max_features': 'sqrt', 'n_estimators': 473}",0.6001137260239376,0.20912888004249422,0.18181747910907844,0.3752895169537461,0.5959398613632484,0.2029819098209214,0.5778821627197077,0.15671641791044777,0.5783582089552238,0.5783582089552239,"{0: 0.5887168634439741, 1: 0.5887168634439741}","{0: 0.5887168634439741, 1: 0.5887168634439741}",0.5887168634439741,"[[73 61]
 [52 82]]","[1. 0. 0. 0. 0. 1. 0. 1. 1. 0. 0. 0. 1. 0. 0. 0. 1. 0. 0. 0. 0. 1. 0. 0.
 0. 0. 1. 1. 1. 1. 1. 0. 0. 0. 1. 0. 0. 0. 1. 0. 1. 0. 1. 1. 0. 0. 1. 0.
 0. 0. 1. 0. 0. 1. 1. 1. 1. 1. 0. 1. 0. 0. 1. 0. 0. 0. 1. 1. 1. 1. 0. 0.
 1. 1. 0. 1. 1. 0. 0. 0. 1. 1. 1. 0. 0. 1. 0. 1. 1. 1. 1. 1. 0. 1. 1. 1.
 0. 0. 1. 1. 0. 1. 1. 0. 1. 0. 0. 1. 0. 1. 0. 0. 0. 1. 1. 0. 1. 0. 0. 0.
 0. 1. 1. 1. 1. 1. 1. 1. 1. 0. 0. 1. 1. 0. 1. 1. 0. 1. 0. 1. 0. 0. 1. 0.
 0. 0. 0. 0. 1. 1. 1. 0. 1. 1. 0. 1. 1. 0. 1. 0. 1. 1. 0. 0. 1. 1. 0. 1.
 1. 1. 1. 1. 1. 1. 0. 1. 1. 0. 1. 0. 0. 1. 1. 1. 0. 0. 1. 1. 0. 0. 1. 1.
 1. 1. 1. 1. 1. 1. 0. 0. 0. 0. 1. 1. 0. 0. 0. 0. 1. 1. 0. 1. 1. 1. 1. 0.
 1. 1. 0. 1. 0. 0. 0. 0. 1. 1. 1. 0. 0. 0. 1. 1. 1. 1. 1. 1. 0. 1. 0. 0.
 1. 1. 0. 0. 1. 1. 1. 1. 0. 1. 1. 0. 1. 0. 0. 1. 0. 1. 0. 1. 0. 0. 1. 1.
 1. 0. 1. 0.]","[0. 1. 0. 0. 0. 1. 1. 1. 0. 0. 0. 0. 0. 1. 0. 0. 1. 1. 0. 0. 0. 0. 0. 1.
 0. 0. 1. 0. 1. 0. 0. 1. 0. 1. 1. 0. 0. 0. 1. 0. 0. 0. 1. 1. 1. 0. 1. 0.
 1. 0. 1. 1. 0. 1. 1. 1. 1. 0. 1. 0. 0. 1. 1. 1. 0. 0. 0. 1. 1. 0. 1. 1.
 0. 0. 1. 0. 0. 1. 0. 1. 0. 1. 1. 1. 0. 1. 0. 1. 1. 1. 1. 1. 1. 1. 1. 0.
 0. 0. 1. 1. 1. 0. 0. 1. 1. 1. 0. 0. 0. 1. 1. 1. 0. 0. 0. 0. 1. 1. 1. 0.
 1. 0. 0. 1. 1. 0. 0. 0. 0. 1. 0. 0. 1. 1. 0. 1. 1. 1. 0. 1. 1. 0. 1. 0.
 1. 1. 0. 0. 0. 1. 1. 0. 1. 1. 0. 1. 0. 0. 0. 1. 1. 1. 0. 1. 0. 1. 1. 0.
 1. 0. 0. 1. 1. 0. 0. 1. 0. 1. 1. 0. 0. 1. 0. 0. 1. 1. 0. 1. 1. 0. 0. 0.
 0. 1. 1. 0. 0. 1. 0. 0. 1. 0. 1. 1. 1. 0. 0. 0. 1. 1. 0. 0. 0. 0. 1. 0.
 0. 1. 0. 1. 1. 1. 1. 0. 0. 0. 0. 1. 1. 1. 1. 0. 1. 1. 1. 1. 0. 1. 0. 0.
 1. 0. 0. 1. 1. 1. 1. 1. 0. 0. 1. 1. 1. 0. 0. 1. 0. 1. 0. 0. 1. 0. 1. 0.
 1. 0. 0. 0.]"
984,randomforest,"{'criterion': 'gini', 'max_features': 'sqrt', 'n_estimators': 447}",0.6010356448043567,0.19977055849112665,0.18179426293809517,0.3456160894163888,0.5956506792192275,0.19457851240346158,0.5706025774991291,0.14179104477611937,0.5708955223880597,0.5708955223880596,"{0: 0.589385163733571, 1: 0.5893851637335709}","{0: 0.589385163733571, 1: 0.5893851637335709}",0.5893851637335709,"[[73 61]
 [54 80]]","[1. 0. 0. 0. 0. 1. 0. 1. 1. 0. 0. 0. 1. 0. 0. 0. 1. 0. 0. 0. 0. 1. 0. 0.
 0. 0. 1. 1. 1. 1. 1. 0. 0. 0. 1. 0. 1. 0. 1. 0. 1. 0. 1. 0. 0. 0. 1. 1.
 0. 0. 1. 0. 1. 1. 1. 1. 1. 1. 0. 1. 0. 0. 1. 1. 0. 0. 1. 1. 1. 1. 0. 0.
 1. 1. 0. 1. 1. 0. 0. 0. 1. 1. 1. 0. 0. 1. 0. 1. 1. 1. 1. 1. 0. 1. 1. 1.
 0. 0. 1. 1. 0. 1. 0. 0. 1. 0. 0. 1. 0. 1. 0. 0. 0. 1. 1. 0. 1. 0. 0. 0.
 0. 1. 1. 1. 1. 1. 1. 1. 1. 0. 0. 1. 1. 0. 1. 1. 0. 1. 0. 1. 1. 0. 0. 0.
 0. 0. 0. 0. 1. 1. 1. 0. 1. 1. 0. 1. 1. 0. 1. 0. 1. 1. 0. 0. 1. 1. 0. 1.
 1. 1. 0. 1. 1. 0. 0. 1. 1. 0. 1. 0. 0. 1. 1. 1. 0. 0. 1. 1. 0. 0. 1. 1.
 1. 1. 1. 1. 1. 1. 0. 0. 0. 0. 1. 1. 0. 0. 0. 0. 1. 1. 0. 1. 1. 1. 0. 0.
 1. 1. 0. 1. 0. 0. 0. 0. 1. 1. 1. 0. 0. 0. 1. 1. 1. 1. 1. 1. 0. 1. 0. 0.
 1. 1. 0. 0. 1. 1. 0. 1. 0. 1. 1. 0. 1. 0. 0. 1. 0. 1. 0. 1. 0. 0. 1. 1.
 1. 0. 1. 0.]","[0. 1. 0. 0. 0. 1. 1. 1. 0. 0. 0. 0. 0. 1. 0. 0. 1. 1. 0. 0. 0. 0. 0. 1.
 0. 0. 1. 0. 1. 0. 0. 1. 0. 1. 1. 0. 0. 0. 1. 0. 0. 0. 1. 1. 1. 0. 1. 0.
 1. 0. 1. 1. 0. 1. 1. 1. 1. 0. 1. 0. 0. 1. 1. 1. 0. 0. 0. 1. 1. 0. 1. 1.
 0. 0. 1. 0. 0. 1. 0. 1. 0. 1. 1. 1. 0. 1. 0. 1. 1. 1. 1. 1. 1. 1. 1. 0.
 0. 0. 1. 1. 1. 0. 0. 1. 1. 1. 0. 0. 0. 1. 1. 1. 0. 0. 0. 0. 1. 1. 1. 0.
 1. 0. 0. 1. 1. 0. 0. 0. 0. 1. 0. 0. 1. 1. 0. 1. 1. 1. 0. 1. 1. 0. 1. 0.
 1. 1. 0. 0. 0. 1. 1. 0. 1. 1. 0. 1. 0. 0. 0. 1. 1. 1. 0. 1. 0. 1. 1. 0.
 1. 0. 0. 1. 1. 0. 0. 1. 0. 1. 1. 0. 0. 1. 0. 0. 1. 1. 0. 1. 1. 0. 0. 0.
 0. 1. 1. 0. 0. 1. 0. 0. 1. 0. 1. 1. 1. 0. 0. 0. 1. 1. 0. 0. 0. 0. 1. 0.
 0. 1. 0. 1. 1. 1. 1. 0. 0. 0. 0. 1. 1. 1. 1. 0. 1. 1. 1. 1. 0. 1. 0. 0.
 1. 0. 0. 1. 1. 1. 1. 1. 0. 0. 1. 1. 1. 0. 0. 1. 0. 1. 0. 0. 1. 0. 1. 0.
 1. 0. 0. 0.]"
957,randomforest,"{'criterion': 'gini', 'max_features': 'log2', 'n_estimators': 95}",0.5942286688820855,0.1890270246771089,0.18129697959419325,0.36524954525280834,0.5851406471366148,0.19432968304670944,0.5669471220816849,0.13432835820895528,0.5671641791044776,0.5671641791044777,"{0: 0.5969592336823346, 1: 0.5969592336823346}","{0: 0.5969592336823346, 1: 0.5969592336823346}",0.5969592336823346,"[[73 61]
 [55 79]]","[1. 0. 0. 0. 0. 1. 0. 1. 1. 0. 0. 1. 1. 0. 0. 0. 0. 0. 0. 0. 0. 1. 1. 0.
 1. 0. 1. 1. 1. 1. 1. 0. 0. 0. 1. 0. 1. 0. 1. 0. 0. 0. 1. 1. 0. 0. 1. 0.
 0. 0. 1. 0. 0. 1. 1. 1. 1. 1. 0. 1. 0. 0. 1. 1. 0. 0. 1. 1. 1. 1. 0. 0.
 1. 1. 0. 0. 1. 0. 0. 0. 1. 1. 1. 0. 0. 1. 0. 1. 1. 1. 1. 0. 0. 1. 1. 1.
 0. 0. 1. 1. 0. 1. 1. 1. 0. 0. 0. 0. 0. 1. 0. 0. 0. 1. 1. 0. 1. 0. 0. 0.
 0. 1. 1. 1. 1. 1. 1. 0. 1. 0. 0. 1. 1. 0. 1. 0. 0. 0. 0. 1. 0. 0. 1. 0.
 1. 0. 0. 0. 1. 1. 1. 0. 1. 1. 0. 1. 1. 0. 1. 0. 1. 1. 0. 0. 1. 1. 0. 1.
 1. 1. 0. 1. 1. 0. 0. 1. 1. 0. 1. 1. 0. 1. 1. 1. 0. 0. 1. 1. 1. 0. 1. 1.
 1. 1. 1. 0. 1. 1. 0. 1. 0. 0. 1. 1. 0. 1. 0. 0. 1. 1. 0. 1. 1. 1. 0. 0.
 1. 1. 0. 1. 0. 0. 0. 0. 1. 1. 1. 0. 0. 0. 1. 1. 1. 1. 1. 1. 0. 1. 0. 0.
 1. 1. 0. 0. 1. 1. 1. 1. 0. 1. 1. 0. 1. 0. 0. 1. 0. 0. 0. 1. 0. 0. 1. 1.
 1. 0. 1. 0.]","[0. 1. 0. 0. 0. 1. 1. 1. 0. 0. 0. 0. 0. 1. 0. 0. 1. 1. 0. 0. 0. 0. 0. 1.
 0. 0. 1. 0. 1. 0. 0. 1. 0. 1. 1. 0. 0. 0. 1. 0. 0. 0. 1. 1. 1. 0. 1. 0.
 1. 0. 1. 1. 0. 1. 1. 1. 1. 0. 1. 0. 0. 1. 1. 1. 0. 0. 0. 1. 1. 0. 1. 1.
 0. 0. 1. 0. 0. 1. 0. 1. 0. 1. 1. 1. 0. 1. 0. 1. 1. 1. 1. 1. 1. 1. 1. 0.
 0. 0. 1. 1. 1. 0. 0. 1. 1. 1. 0. 0. 0. 1. 1. 1. 0. 0. 0. 0. 1. 1. 1. 0.
 1. 0. 0. 1. 1. 0. 0. 0. 0. 1. 0. 0. 1. 1. 0. 1. 1. 1. 0. 1. 1. 0. 1. 0.
 1. 1. 0. 0. 0. 1. 1. 0. 1. 1. 0. 1. 0. 0. 0. 1. 1. 1. 0. 1. 0. 1. 1. 0.
 1. 0. 0. 1. 1. 0. 0. 1. 0. 1. 1. 0. 0. 1. 0. 0. 1. 1. 0. 1. 1. 0. 0. 0.
 0. 1. 1. 0. 0. 1. 0. 0. 1. 0. 1. 1. 1. 0. 0. 0. 1. 1. 0. 0. 0. 0. 1. 0.
 0. 1. 0. 1. 1. 1. 1. 0. 0. 0. 0. 1. 1. 1. 1. 0. 1. 1. 1. 1. 0. 1. 0. 0.
 1. 0. 0. 1. 1. 1. 1. 1. 0. 0. 1. 1. 1. 0. 0. 1. 0. 1. 0. 0. 1. 0. 1. 0.
 1. 0. 0. 0.]"
906,randomforest,"{'criterion': 'gini', 'max_features': 'sqrt', 'n_estimators': 391}",0.5880617299708591,0.20069642618135555,0.18116590223458226,0.36783307768610907,0.5799323138032815,0.20868635795304788,0.5671400724032303,0.13432835820895528,0.5671641791044776,0.5671641791044776,"{0: 0.5819781688572064, 1: 0.5819781688572065}","{0: 0.5819781688572064, 1: 0.5819781688572065}",0.5819781688572065,"[[75 59]
 [57 77]]","[1. 0. 0. 0. 0. 1. 0. 1. 1. 0. 0. 0. 1. 0. 0. 0. 0. 0. 0. 0. 0. 1. 0. 0.
 0. 0. 1. 1. 1. 1. 1. 0. 0. 0. 1. 1. 0. 0. 1. 0. 0. 0. 1. 0. 0. 0. 1. 0.
 0. 0. 1. 0. 0. 1. 1. 1. 1. 1. 0. 1. 1. 0. 1. 0. 0. 0. 1. 1. 1. 1. 0. 0.
 1. 1. 0. 1. 1. 0. 0. 0. 1. 1. 1. 0. 0. 1. 0. 1. 1. 1. 1. 1. 0. 1. 1. 1.
 0. 0. 1. 1. 0. 1. 1. 0. 0. 0. 0. 1. 0. 1. 0. 0. 0. 1. 1. 0. 1. 0. 0. 0.
 0. 1. 1. 1. 1. 1. 1. 1. 0. 0. 0. 1. 1. 0. 1. 1. 0. 1. 0. 1. 1. 0. 0. 0.
 1. 0. 0. 0. 1. 1. 1. 0. 1. 0. 0. 1. 1. 0. 1. 0. 1. 1. 0. 0. 1. 1. 0. 1.
 1. 1. 0. 1. 1. 0. 0. 1. 1. 0. 1. 0. 0. 1. 1. 1. 0. 0. 1. 1. 0. 0. 1. 1.
 1. 1. 0. 1. 1. 1. 0. 0. 0. 0. 1. 1. 0. 0. 0. 0. 1. 1. 0. 1. 1. 1. 0. 0.
 1. 1. 0. 1. 0. 0. 0. 0. 1. 1. 1. 0. 1. 0. 1. 1. 1. 1. 1. 1. 0. 1. 0. 0.
 1. 1. 0. 0. 1. 1. 1. 1. 0. 1. 1. 0. 1. 0. 0. 1. 0. 0. 0. 1. 0. 0. 1. 1.
 1. 0. 1. 0.]","[0. 1. 0. 0. 0. 1. 1. 1. 0. 0. 0. 0. 0. 1. 0. 0. 1. 1. 0. 0. 0. 0. 0. 1.
 0. 0. 1. 0. 1. 0. 0. 1. 0. 1. 1. 0. 0. 0. 1. 0. 0. 0. 1. 1. 1. 0. 1. 0.
 1. 0. 1. 1. 0. 1. 1. 1. 1. 0. 1. 0. 0. 1. 1. 1. 0. 0. 0. 1. 1. 0. 1. 1.
 0. 0. 1. 0. 0. 1. 0. 1. 0. 1. 1. 1. 0. 1. 0. 1. 1. 1. 1. 1. 1. 1. 1. 0.
 0. 0. 1. 1. 1. 0. 0. 1. 1. 1. 0. 0. 0. 1. 1. 1. 0. 0. 0. 0. 1. 1. 1. 0.
 1. 0. 0. 1. 1. 0. 0. 0. 0. 1. 0. 0. 1. 1. 0. 1. 1. 1. 0. 1. 1. 0. 1. 0.
 1. 1. 0. 0. 0. 1. 1. 0. 1. 1. 0. 1. 0. 0. 0. 1. 1. 1. 0. 1. 0. 1. 1. 0.
 1. 0. 0. 1. 1. 0. 0. 1. 0. 1. 1. 0. 0. 1. 0. 0. 1. 1. 0. 1. 1. 0. 0. 0.
 0. 1. 1. 0. 0. 1. 0. 0. 1. 0. 1. 1. 1. 0. 0. 0. 1. 1. 0. 0. 0. 0. 1. 0.
 0. 1. 0. 1. 1. 1. 1. 0. 0. 0. 0. 1. 1. 1. 1. 0. 1. 1. 1. 1. 0. 1. 0. 0.
 1. 0. 0. 1. 1. 1. 1. 1. 0. 0. 1. 1. 1. 0. 0. 1. 0. 1. 0. 0. 1. 0. 1. 0.
 1. 0. 0. 0.]"
870,randomforest,"{'criterion': 'gini', 'max_features': 'sqrt', 'n_estimators': 89}",0.5993690569342892,0.18311483460177022,0.1809198511420228,0.37406768052749606,0.5887600582661067,0.19293753391128632,0.5708895479164056,0.14179104477611937,0.5708955223880597,0.5708955223880596,"{0: 0.5974604588995323, 1: 0.5974604588995323}","{0: 0.5974604588995323, 1: 0.5974604588995323}",0.5974604588995323,"[[77 57]
 [58 76]]","[1. 0. 0. 0. 0. 1. 0. 1. 1. 0. 0. 0. 1. 0. 0. 0. 1. 0. 0. 0. 0. 0. 0. 0.
 1. 0. 1. 1. 1. 1. 1. 0. 0. 0. 1. 0. 0. 1. 1. 0. 1. 0. 1. 0. 0. 1. 1. 0.
 0. 0. 1. 1. 1. 1. 1. 1. 1. 0. 0. 1. 0. 0. 1. 0. 0. 0. 1. 1. 1. 1. 0. 0.
 1. 1. 0. 1. 1. 0. 1. 0. 1. 1. 1. 0. 0. 1. 0. 1. 1. 1. 0. 1. 0. 1. 1. 1.
 0. 0. 1. 1. 0. 1. 0. 0. 0. 0. 0. 0. 0. 1. 0. 0. 0. 1. 1. 0. 1. 0. 0. 0.
 0. 1. 1. 1. 1. 1. 1. 1. 1. 0. 0. 1. 1. 0. 1. 0. 0. 1. 0. 1. 0. 0. 1. 0.
 0. 0. 0. 0. 1. 1. 1. 0. 1. 1. 0. 1. 1. 0. 1. 0. 1. 1. 0. 0. 1. 1. 0. 1.
 1. 1. 0. 1. 1. 1. 0. 1. 1. 0. 1. 1. 0. 0. 1. 1. 0. 0. 0. 1. 0. 0. 0. 1.
 1. 1. 1. 1. 0. 1. 0. 0. 1. 0. 1. 1. 0. 0. 0. 0. 1. 1. 0. 1. 1. 1. 0. 0.
 1. 1. 0. 1. 0. 0. 0. 0. 1. 1. 1. 0. 0. 0. 0. 1. 1. 1. 1. 1. 0. 1. 0. 0.
 1. 1. 0. 0. 1. 1. 0. 1. 0. 0. 1. 0. 1. 0. 0. 1. 0. 1. 0. 1. 0. 0. 1. 0.
 1. 0. 1. 0.]","[0. 1. 0. 0. 0. 1. 1. 1. 0. 0. 0. 0. 0. 1. 0. 0. 1. 1. 0. 0. 0. 0. 0. 1.
 0. 0. 1. 0. 1. 0. 0. 1. 0. 1. 1. 0. 0. 0. 1. 0. 0. 0. 1. 1. 1. 0. 1. 0.
 1. 0. 1. 1. 0. 1. 1. 1. 1. 0. 1. 0. 0. 1. 1. 1. 0. 0. 0. 1. 1. 0. 1. 1.
 0. 0. 1. 0. 0. 1. 0. 1. 0. 1. 1. 1. 0. 1. 0. 1. 1. 1. 1. 1. 1. 1. 1. 0.
 0. 0. 1. 1. 1. 0. 0. 1. 1. 1. 0. 0. 0. 1. 1. 1. 0. 0. 0. 0. 1. 1. 1. 0.
 1. 0. 0. 1. 1. 0. 0. 0. 0. 1. 0. 0. 1. 1. 0. 1. 1. 1. 0. 1. 1. 0. 1. 0.
 1. 1. 0. 0. 0. 1. 1. 0. 1. 1. 0. 1. 0. 0. 0. 1. 1. 1. 0. 1. 0. 1. 1. 0.
 1. 0. 0. 1. 1. 0. 0. 1. 0. 1. 1. 0. 0. 1. 0. 0. 1. 1. 0. 1. 1. 0. 0. 0.
 0. 1. 1. 0. 0. 1. 0. 0. 1. 0. 1. 1. 1. 0. 0. 0. 1. 1. 0. 0. 0. 0. 1. 0.
 0. 1. 0. 1. 1. 1. 1. 0. 0. 0. 0. 1. 1. 1. 1. 0. 1. 1. 1. 1. 0. 1. 0. 0.
 1. 0. 0. 1. 1. 1. 1. 1. 0. 0. 1. 1. 1. 0. 0. 1. 0. 1. 0. 0. 1. 0. 1. 0.
 1. 0. 0. 0.]"
639,randomforest,"{'criterion': 'gini', 'max_features': 'log2', 'n_estimators': 115}",0.5985885560956719,0.21581445480362366,0.18088360407865808,0.3972982560379759,0.5939593709755,0.21066805788439127,0.5631347962382445,0.12686567164179108,0.5634328358208955,0.5634328358208955,"{0: 0.5833983069725996, 1: 0.5833983069725999}","{0: 0.5833983069725996, 1: 0.5833983069725999}",0.5833983069725999,"[[72 62]
 [55 79]]","[1. 0. 0. 0. 0. 1. 0. 1. 1. 0. 0. 0. 1. 0. 0. 0. 1. 0. 0. 0. 0. 1. 0. 0.
 1. 0. 1. 1. 1. 1. 1. 0. 0. 0. 1. 1. 0. 0. 1. 0. 0. 0. 1. 1. 0. 0. 1. 1.
 0. 0. 1. 0. 1. 1. 1. 1. 1. 1. 0. 1. 0. 0. 1. 1. 0. 0. 1. 1. 1. 1. 0. 0.
 1. 1. 0. 1. 1. 0. 0. 0. 1. 1. 1. 0. 0. 1. 1. 1. 1. 1. 1. 0. 0. 1. 1. 1.
 0. 0. 1. 1. 0. 1. 0. 1. 1. 0. 0. 1. 0. 1. 0. 0. 0. 1. 1. 0. 1. 0. 0. 0.
 0. 1. 1. 1. 1. 1. 1. 1. 1. 0. 0. 1. 1. 0. 1. 1. 0. 1. 0. 1. 0. 0. 1. 0.
 0. 0. 0. 0. 1. 1. 1. 0. 1. 0. 0. 1. 1. 0. 1. 0. 1. 1. 0. 0. 1. 0. 0. 1.
 1. 1. 0. 1. 1. 0. 0. 1. 1. 0. 1. 0. 0. 0. 1. 1. 0. 0. 1. 1. 0. 0. 1. 1.
 1. 1. 1. 1. 1. 1. 0. 0. 0. 0. 1. 1. 0. 0. 0. 0. 1. 1. 0. 1. 1. 1. 0. 0.
 1. 1. 0. 1. 0. 0. 0. 0. 1. 1. 1. 0. 0. 0. 1. 1. 1. 1. 1. 1. 0. 1. 0. 0.
 1. 1. 0. 0. 1. 1. 1. 1. 0. 1. 1. 0. 1. 0. 0. 1. 0. 1. 0. 1. 0. 0. 1. 1.
 1. 0. 1. 0.]","[0. 1. 0. 0. 0. 1. 1. 1. 0. 0. 0. 0. 0. 1. 0. 0. 1. 1. 0. 0. 0. 0. 0. 1.
 0. 0. 1. 0. 1. 0. 0. 1. 0. 1. 1. 0. 0. 0. 1. 0. 0. 0. 1. 1. 1. 0. 1. 0.
 1. 0. 1. 1. 0. 1. 1. 1. 1. 0. 1. 0. 0. 1. 1. 1. 0. 0. 0. 1. 1. 0. 1. 1.
 0. 0. 1. 0. 0. 1. 0. 1. 0. 1. 1. 1. 0. 1. 0. 1. 1. 1. 1. 1. 1. 1. 1. 0.
 0. 0. 1. 1. 1. 0. 0. 1. 1. 1. 0. 0. 0. 1. 1. 1. 0. 0. 0. 0. 1. 1. 1. 0.
 1. 0. 0. 1. 1. 0. 0. 0. 0. 1. 0. 0. 1. 1. 0. 1. 1. 1. 0. 1. 1. 0. 1. 0.
 1. 1. 0. 0. 0. 1. 1. 0. 1. 1. 0. 1. 0. 0. 0. 1. 1. 1. 0. 1. 0. 1. 1. 0.
 1. 0. 0. 1. 1. 0. 0. 1. 0. 1. 1. 0. 0. 1. 0. 0. 1. 1. 0. 1. 1. 0. 0. 0.
 0. 1. 1. 0. 0. 1. 0. 0. 1. 0. 1. 1. 1. 0. 0. 0. 1. 1. 0. 0. 0. 0. 1. 0.
 0. 1. 0. 1. 1. 1. 1. 0. 0. 0. 0. 1. 1. 1. 1. 0. 1. 1. 1. 1. 0. 1. 0. 0.
 1. 0. 0. 1. 1. 1. 1. 1. 0. 0. 1. 1. 1. 0. 0. 1. 0. 1. 0. 0. 1. 0. 1. 0.
 1. 0. 0. 0.]"
575,randomforest,"{'criterion': 'gini', 'max_features': 'log2', 'n_estimators': 65}",0.5874731266509939,0.19346259954140282,0.1805771483277666,0.3309882141959725,0.5817239212400503,0.1961987563648696,0.5669471220816849,0.13432835820895528,0.5671641791044776,0.5671641791044777,"{0: 0.5727890398752506, 1: 0.5727890398752506}","{0: 0.5727890398752506, 1: 0.5727890398752506}",0.5727890398752506,"[[73 61]
 [55 79]]","[1. 0. 0. 0. 0. 1. 0. 1. 1. 0. 0. 0. 1. 0. 0. 0. 1. 0. 0. 0. 0. 1. 0. 0.
 1. 0. 1. 1. 1. 1. 1. 0. 0. 0. 1. 0. 1. 1. 1. 0. 1. 0. 1. 1. 0. 0. 1. 1.
 0. 0. 1. 1. 0. 1. 1. 1. 1. 0. 0. 1. 0. 0. 1. 1. 0. 0. 1. 1. 1. 1. 0. 0.
 1. 1. 0. 1. 1. 0. 0. 0. 1. 1. 1. 1. 0. 1. 0. 1. 1. 1. 1. 1. 0. 1. 1. 1.
 0. 0. 1. 1. 0. 1. 0. 0. 0. 0. 0. 1. 0. 1. 0. 0. 1. 1. 1. 1. 1. 0. 0. 0.
 0. 1. 1. 1. 1. 1. 1. 1. 1. 0. 0. 1. 1. 0. 1. 0. 0. 1. 0. 1. 1. 0. 1. 0.
 0. 0. 0. 0. 1. 1. 1. 0. 1. 1. 0. 1. 1. 0. 1. 0. 1. 1. 0. 0. 1. 0. 0. 1.
 1. 1. 0. 1. 1. 0. 0. 1. 1. 0. 1. 0. 0. 1. 1. 1. 0. 0. 0. 1. 0. 0. 1. 1.
 1. 1. 0. 1. 1. 1. 0. 0. 0. 0. 1. 1. 0. 0. 0. 0. 1. 1. 0. 1. 1. 0. 0. 0.
 1. 1. 0. 0. 0. 0. 0. 0. 1. 1. 1. 0. 0. 0. 1. 1. 1. 1. 1. 1. 0. 1. 0. 0.
 1. 1. 0. 0. 1. 1. 1. 1. 0. 1. 1. 0. 1. 0. 0. 1. 0. 0. 0. 1. 0. 0. 1. 1.
 1. 0. 1. 0.]","[0. 1. 0. 0. 0. 1. 1. 1. 0. 0. 0. 0. 0. 1. 0. 0. 1. 1. 0. 0. 0. 0. 0. 1.
 0. 0. 1. 0. 1. 0. 0. 1. 0. 1. 1. 0. 0. 0. 1. 0. 0. 0. 1. 1. 1. 0. 1. 0.
 1. 0. 1. 1. 0. 1. 1. 1. 1. 0. 1. 0. 0. 1. 1. 1. 0. 0. 0. 1. 1. 0. 1. 1.
 0. 0. 1. 0. 0. 1. 0. 1. 0. 1. 1. 1. 0. 1. 0. 1. 1. 1. 1. 1. 1. 1. 1. 0.
 0. 0. 1. 1. 1. 0. 0. 1. 1. 1. 0. 0. 0. 1. 1. 1. 0. 0. 0. 0. 1. 1. 1. 0.
 1. 0. 0. 1. 1. 0. 0. 0. 0. 1. 0. 0. 1. 1. 0. 1. 1. 1. 0. 1. 1. 0. 1. 0.
 1. 1. 0. 0. 0. 1. 1. 0. 1. 1. 0. 1. 0. 0. 0. 1. 1. 1. 0. 1. 0. 1. 1. 0.
 1. 0. 0. 1. 1. 0. 0. 1. 0. 1. 1. 0. 0. 1. 0. 0. 1. 1. 0. 1. 1. 0. 0. 0.
 0. 1. 1. 0. 0. 1. 0. 0. 1. 0. 1. 1. 1. 0. 0. 0. 1. 1. 0. 0. 0. 0. 1. 0.
 0. 1. 0. 1. 1. 1. 1. 0. 0. 0. 0. 1. 1. 1. 1. 0. 1. 1. 1. 1. 0. 1. 0. 0.
 1. 0. 0. 1. 1. 1. 1. 1. 0. 0. 1. 1. 1. 0. 0. 1. 0. 1. 0. 0. 1. 0. 1. 0.
 1. 0. 0. 0.]"
590,randomforest,"{'criterion': 'gini', 'max_features': 'sqrt', 'n_estimators': 535}",0.5922159161459182,0.18817480390624078,0.18047915756078883,0.3416792787829293,0.582313266184234,0.1951564304655442,0.5669471220816849,0.13432835820895528,0.5671641791044776,0.5671641791044777,"{0: 0.5897471597237692, 1: 0.5897471597237691}","{0: 0.5897471597237692, 1: 0.5897471597237691}",0.5897471597237691,"[[73 61]
 [55 79]]","[1. 0. 0. 0. 0. 1. 0. 1. 1. 0. 0. 0. 1. 0. 0. 0. 0. 0. 0. 0. 0. 1. 0. 0.
 0. 0. 1. 1. 1. 1. 1. 0. 0. 0. 1. 0. 1. 0. 1. 0. 0. 0. 1. 0. 0. 0. 1. 1.
 0. 0. 1. 0. 0. 1. 1. 1. 1. 1. 0. 1. 1. 0. 1. 1. 0. 0. 1. 1. 1. 1. 0. 0.
 1. 1. 0. 1. 1. 0. 0. 0. 1. 1. 1. 0. 0. 1. 0. 1. 1. 1. 1. 1. 0. 1. 1. 1.
 0. 0. 1. 1. 0. 1. 1. 0. 0. 0. 0. 1. 0. 1. 0. 0. 0. 1. 1. 0. 1. 0. 0. 0.
 0. 1. 1. 1. 1. 1. 1. 1. 1. 0. 0. 1. 1. 0. 1. 1. 0. 1. 0. 1. 1. 0. 0. 0.
 1. 0. 0. 0. 1. 1. 1. 0. 1. 1. 0. 1. 1. 0. 1. 0. 1. 1. 0. 0. 1. 1. 0. 1.
 1. 1. 0. 1. 1. 0. 0. 1. 1. 0. 1. 0. 0. 1. 1. 1. 0. 0. 1. 1. 0. 0. 0. 1.
 1. 1. 1. 1. 1. 1. 0. 0. 0. 0. 1. 1. 0. 1. 0. 0. 1. 1. 0. 1. 1. 1. 0. 0.
 1. 1. 0. 0. 0. 0. 0. 0. 1. 1. 1. 0. 1. 0. 1. 1. 1. 1. 1. 1. 0. 1. 0. 0.
 1. 1. 0. 0. 1. 1. 0. 1. 0. 1. 1. 0. 1. 0. 0. 1. 0. 1. 0. 1. 0. 0. 1. 1.
 1. 0. 1. 0.]","[0. 1. 0. 0. 0. 1. 1. 1. 0. 0. 0. 0. 0. 1. 0. 0. 1. 1. 0. 0. 0. 0. 0. 1.
 0. 0. 1. 0. 1. 0. 0. 1. 0. 1. 1. 0. 0. 0. 1. 0. 0. 0. 1. 1. 1. 0. 1. 0.
 1. 0. 1. 1. 0. 1. 1. 1. 1. 0. 1. 0. 0. 1. 1. 1. 0. 0. 0. 1. 1. 0. 1. 1.
 0. 0. 1. 0. 0. 1. 0. 1. 0. 1. 1. 1. 0. 1. 0. 1. 1. 1. 1. 1. 1. 1. 1. 0.
 0. 0. 1. 1. 1. 0. 0. 1. 1. 1. 0. 0. 0. 1. 1. 1. 0. 0. 0. 0. 1. 1. 1. 0.
 1. 0. 0. 1. 1. 0. 0. 0. 0. 1. 0. 0. 1. 1. 0. 1. 1. 1. 0. 1. 1. 0. 1. 0.
 1. 1. 0. 0. 0. 1. 1. 0. 1. 1. 0. 1. 0. 0. 0. 1. 1. 1. 0. 1. 0. 1. 1. 0.
 1. 0. 0. 1. 1. 0. 0. 1. 0. 1. 1. 0. 0. 1. 0. 0. 1. 1. 0. 1. 1. 0. 0. 0.
 0. 1. 1. 0. 0. 1. 0. 0. 1. 0. 1. 1. 1. 0. 0. 0. 1. 1. 0. 0. 0. 0. 1. 0.
 0. 1. 0. 1. 1. 1. 1. 0. 0. 0. 0. 1. 1. 1. 1. 0. 1. 1. 1. 1. 0. 1. 0. 0.
 1. 0. 0. 1. 1. 1. 1. 1. 0. 0. 1. 1. 1. 0. 0. 1. 0. 1. 0. 0. 1. 0. 1. 0.
 1. 0. 0. 0.]"
292,randomforest,"{'criterion': 'gini', 'max_features': 'sqrt', 'n_estimators': 585}",0.5930498044798066,0.19203695210890467,0.18042726170590292,0.33661885947216946,0.5867739675199353,0.1966934656620912,0.5744135510113111,0.14925373134328357,0.5746268656716418,0.5746268656716418,"{0: 0.5894687012697706, 1: 0.5894687012697705}","{0: 0.5894687012697706, 1: 0.5894687012697705}",0.5894687012697705,"[[74 60]
 [54 80]]","[1. 0. 0. 0. 0. 1. 0. 1. 1. 0. 0. 0. 1. 0. 0. 0. 1. 0. 0. 0. 0. 1. 0. 0.
 1. 0. 1. 1. 1. 1. 1. 0. 0. 0. 1. 0. 1. 0. 1. 0. 1. 0. 1. 0. 0. 0. 1. 1.
 0. 0. 1. 0. 0. 1. 1. 1. 1. 1. 0. 1. 1. 0. 1. 1. 0. 0. 1. 1. 1. 1. 0. 0.
 0. 1. 0. 1. 1. 0. 0. 0. 1. 1. 1. 0. 0. 1. 0. 1. 1. 1. 1. 1. 0. 1. 1. 1.
 0. 0. 1. 1. 0. 1. 0. 0. 0. 0. 0. 1. 0. 1. 0. 0. 0. 1. 1. 0. 1. 0. 0. 0.
 0. 1. 1. 1. 1. 1. 1. 1. 1. 0. 0. 1. 1. 0. 1. 1. 0. 1. 0. 1. 1. 0. 0. 0.
 0. 0. 0. 0. 1. 1. 1. 0. 1. 1. 0. 1. 1. 0. 1. 0. 1. 1. 0. 0. 1. 1. 0. 1.
 1. 1. 0. 1. 1. 0. 0. 1. 1. 0. 1. 0. 0. 1. 1. 1. 0. 0. 1. 1. 0. 0. 1. 1.
 1. 1. 1. 0. 1. 1. 0. 0. 0. 0. 1. 1. 0. 0. 0. 0. 1. 1. 0. 1. 1. 1. 0. 0.
 1. 1. 0. 1. 0. 0. 0. 0. 1. 1. 1. 0. 0. 0. 1. 1. 1. 1. 1. 1. 0. 1. 0. 0.
 1. 1. 0. 0. 1. 1. 1. 1. 0. 1. 1. 0. 1. 0. 0. 1. 0. 1. 0. 1. 0. 0. 1. 1.
 1. 0. 1. 0.]","[0. 1. 0. 0. 0. 1. 1. 1. 0. 0. 0. 0. 0. 1. 0. 0. 1. 1. 0. 0. 0. 0. 0. 1.
 0. 0. 1. 0. 1. 0. 0. 1. 0. 1. 1. 0. 0. 0. 1. 0. 0. 0. 1. 1. 1. 0. 1. 0.
 1. 0. 1. 1. 0. 1. 1. 1. 1. 0. 1. 0. 0. 1. 1. 1. 0. 0. 0. 1. 1. 0. 1. 1.
 0. 0. 1. 0. 0. 1. 0. 1. 0. 1. 1. 1. 0. 1. 0. 1. 1. 1. 1. 1. 1. 1. 1. 0.
 0. 0. 1. 1. 1. 0. 0. 1. 1. 1. 0. 0. 0. 1. 1. 1. 0. 0. 0. 0. 1. 1. 1. 0.
 1. 0. 0. 1. 1. 0. 0. 0. 0. 1. 0. 0. 1. 1. 0. 1. 1. 1. 0. 1. 1. 0. 1. 0.
 1. 1. 0. 0. 0. 1. 1. 0. 1. 1. 0. 1. 0. 0. 0. 1. 1. 1. 0. 1. 0. 1. 1. 0.
 1. 0. 0. 1. 1. 0. 0. 1. 0. 1. 1. 0. 0. 1. 0. 0. 1. 1. 0. 1. 1. 0. 0. 0.
 0. 1. 1. 0. 0. 1. 0. 0. 1. 0. 1. 1. 1. 0. 0. 0. 1. 1. 0. 0. 0. 0. 1. 0.
 0. 1. 0. 1. 1. 1. 1. 0. 0. 0. 0. 1. 1. 1. 1. 0. 1. 1. 1. 1. 0. 1. 0. 0.
 1. 0. 0. 1. 1. 1. 1. 1. 0. 0. 1. 1. 1. 0. 0. 1. 0. 1. 0. 0. 1. 0. 1. 0.
 1. 0. 0. 0.]"
500,randomforest,"{'criterion': 'gini', 'max_features': 'log2', 'n_estimators': 135}",0.5937230405574544,0.18786119595141335,0.18042447476552348,0.36438636192501184,0.585255347251315,0.19390089052850004,0.5744135510113111,0.14925373134328357,0.5746268656716418,0.5746268656716418,"{0: 0.5972098462909334, 1: 0.5972098462909334}","{0: 0.5972098462909334, 1: 0.5972098462909334}",0.5972098462909334,"[[74 60]
 [54 80]]","[1. 0. 0. 0. 0. 1. 0. 1. 1. 0. 0. 0. 1. 0. 0. 0. 1. 0. 0. 0. 0. 1. 0. 0.
 0. 0. 1. 1. 1. 1. 1. 0. 0. 1. 1. 1. 1. 0. 1. 0. 1. 0. 1. 1. 0. 1. 1. 0.
 0. 0. 1. 0. 1. 1. 1. 1. 1. 1. 0. 1. 0. 0. 1. 1. 0. 0. 1. 1. 1. 1. 0. 0.
 0. 1. 0. 1. 1. 0. 0. 0. 1. 1. 1. 0. 0. 1. 1. 1. 1. 1. 1. 1. 0. 1. 1. 1.
 0. 0. 1. 1. 0. 1. 0. 0. 0. 0. 0. 0. 0. 1. 0. 0. 1. 1. 1. 0. 1. 0. 0. 0.
 1. 1. 1. 1. 1. 1. 1. 1. 1. 0. 0. 1. 1. 0. 1. 1. 0. 1. 0. 1. 1. 0. 0. 0.
 0. 0. 0. 0. 1. 1. 1. 0. 1. 1. 0. 1. 1. 0. 1. 0. 1. 1. 0. 0. 1. 0. 0. 1.
 1. 1. 0. 1. 1. 0. 0. 1. 1. 0. 1. 0. 0. 0. 1. 1. 0. 0. 1. 1. 0. 0. 1. 1.
 0. 1. 1. 1. 0. 1. 0. 0. 0. 0. 1. 1. 0. 0. 0. 0. 1. 1. 0. 1. 1. 1. 0. 0.
 1. 1. 0. 0. 0. 0. 0. 0. 1. 1. 1. 0. 1. 0. 0. 1. 1. 1. 1. 1. 0. 1. 0. 0.
 1. 1. 0. 0. 1. 1. 1. 1. 0. 1. 1. 0. 1. 0. 0. 1. 0. 1. 0. 1. 0. 0. 1. 1.
 1. 0. 1. 0.]","[0. 1. 0. 0. 0. 1. 1. 1. 0. 0. 0. 0. 0. 1. 0. 0. 1. 1. 0. 0. 0. 0. 0. 1.
 0. 0. 1. 0. 1. 0. 0. 1. 0. 1. 1. 0. 0. 0. 1. 0. 0. 0. 1. 1. 1. 0. 1. 0.
 1. 0. 1. 1. 0. 1. 1. 1. 1. 0. 1. 0. 0. 1. 1. 1. 0. 0. 0. 1. 1. 0. 1. 1.
 0. 0. 1. 0. 0. 1. 0. 1. 0. 1. 1. 1. 0. 1. 0. 1. 1. 1. 1. 1. 1. 1. 1. 0.
 0. 0. 1. 1. 1. 0. 0. 1. 1. 1. 0. 0. 0. 1. 1. 1. 0. 0. 0. 0. 1. 1. 1. 0.
 1. 0. 0. 1. 1. 0. 0. 0. 0. 1. 0. 0. 1. 1. 0. 1. 1. 1. 0. 1. 1. 0. 1. 0.
 1. 1. 0. 0. 0. 1. 1. 0. 1. 1. 0. 1. 0. 0. 0. 1. 1. 1. 0. 1. 0. 1. 1. 0.
 1. 0. 0. 1. 1. 0. 0. 1. 0. 1. 1. 0. 0. 1. 0. 0. 1. 1. 0. 1. 1. 0. 0. 0.
 0. 1. 1. 0. 0. 1. 0. 0. 1. 0. 1. 1. 1. 0. 0. 0. 1. 1. 0. 0. 0. 0. 1. 0.
 0. 1. 0. 1. 1. 1. 1. 0. 0. 0. 0. 1. 1. 1. 1. 0. 1. 1. 1. 1. 0. 1. 0. 0.
 1. 0. 0. 1. 1. 1. 1. 1. 0. 0. 1. 1. 1. 0. 0. 1. 0. 1. 0. 0. 1. 0. 1. 0.
 1. 0. 0. 0.]"
773,randomforest,"{'criterion': 'gini', 'max_features': 'sqrt', 'n_estimators': 353}",0.5924702777973387,0.18413961697389247,0.18042030379453325,0.32295833644661626,0.5865780985740663,0.1912886773511548,0.5737723214285715,0.14925373134328357,0.5746268656716418,0.5746268656716418,"{0: 0.5869068834929828, 1: 0.5869068834929829}","{0: 0.5869068834929828, 1: 0.5869068834929829}",0.5869068834929829,"[[71 63]
 [51 83]]","[1. 0. 0. 0. 0. 1. 0. 1. 1. 0. 0. 0. 1. 0. 0. 0. 1. 0. 0. 1. 0. 1. 0. 0.
 0. 0. 1. 1. 1. 1. 1. 0. 0. 0. 1. 0. 1. 0. 1. 0. 1. 1. 1. 0. 0. 0. 1. 0.
 0. 0. 1. 0. 1. 1. 1. 1. 1. 1. 0. 1. 1. 0. 1. 1. 0. 0. 1. 1. 1. 1. 0. 0.
 1. 1. 0. 1. 1. 0. 0. 0. 1. 1. 1. 0. 0. 1. 0. 1. 1. 1. 1. 1. 0. 1. 1. 1.
 0. 0. 1. 1. 0. 1. 0. 1. 0. 0. 0. 1. 0. 1. 0. 0. 0. 1. 1. 0. 1. 0. 0. 0.
 0. 1. 1. 1. 1. 1. 1. 1. 1. 0. 0. 1. 1. 0. 1. 1. 0. 1. 0. 1. 1. 0. 1. 0.
 1. 0. 0. 0. 1. 1. 1. 0. 1. 1. 0. 1. 1. 0. 1. 0. 1. 1. 0. 0. 1. 1. 0. 1.
 1. 1. 0. 1. 1. 1. 0. 1. 1. 0. 1. 0. 0. 1. 1. 1. 0. 0. 1. 1. 0. 0. 1. 1.
 1. 1. 1. 1. 0. 1. 0. 0. 0. 0. 1. 1. 0. 0. 0. 0. 1. 1. 0. 1. 1. 1. 0. 0.
 1. 1. 0. 1. 0. 0. 0. 0. 1. 1. 1. 0. 0. 0. 1. 1. 1. 1. 1. 1. 0. 1. 0. 0.
 1. 1. 0. 0. 1. 1. 1. 1. 0. 1. 1. 0. 1. 0. 0. 1. 0. 1. 0. 1. 0. 0. 1. 1.
 1. 0. 1. 0.]","[0. 1. 0. 0. 0. 1. 1. 1. 0. 0. 0. 0. 0. 1. 0. 0. 1. 1. 0. 0. 0. 0. 0. 1.
 0. 0. 1. 0. 1. 0. 0. 1. 0. 1. 1. 0. 0. 0. 1. 0. 0. 0. 1. 1. 1. 0. 1. 0.
 1. 0. 1. 1. 0. 1. 1. 1. 1. 0. 1. 0. 0. 1. 1. 1. 0. 0. 0. 1. 1. 0. 1. 1.
 0. 0. 1. 0. 0. 1. 0. 1. 0. 1. 1. 1. 0. 1. 0. 1. 1. 1. 1. 1. 1. 1. 1. 0.
 0. 0. 1. 1. 1. 0. 0. 1. 1. 1. 0. 0. 0. 1. 1. 1. 0. 0. 0. 0. 1. 1. 1. 0.
 1. 0. 0. 1. 1. 0. 0. 0. 0. 1. 0. 0. 1. 1. 0. 1. 1. 1. 0. 1. 1. 0. 1. 0.
 1. 1. 0. 0. 0. 1. 1. 0. 1. 1. 0. 1. 0. 0. 0. 1. 1. 1. 0. 1. 0. 1. 1. 0.
 1. 0. 0. 1. 1. 0. 0. 1. 0. 1. 1. 0. 0. 1. 0. 0. 1. 1. 0. 1. 1. 0. 0. 0.
 0. 1. 1. 0. 0. 1. 0. 0. 1. 0. 1. 1. 1. 0. 0. 0. 1. 1. 0. 0. 0. 0. 1. 0.
 0. 1. 0. 1. 1. 1. 1. 0. 0. 0. 0. 1. 1. 1. 1. 0. 1. 1. 1. 1. 0. 1. 0. 0.
 1. 0. 0. 1. 1. 1. 1. 1. 0. 0. 1. 1. 1. 0. 0. 1. 0. 1. 0. 0. 1. 0. 1. 0.
 1. 0. 0. 0.]"
514,randomforest,"{'criterion': 'gini', 'max_features': 'log2', 'n_estimators': 165}",0.5832348889153653,0.1845015291630657,0.18026084769055908,0.30525753198983047,0.5781341679527164,0.1867199451081849,0.5671400724032303,0.13432835820895528,0.5671641791044776,0.5671641791044776,"{0: 0.5794441969258186, 1: 0.5794441969258187}","{0: 0.5794441969258186, 1: 0.5794441969258187}",0.5794441969258187,"[[75 59]
 [57 77]]","[1. 0. 0. 0. 0. 1. 0. 1. 1. 0. 0. 0. 1. 0. 0. 0. 1. 0. 0. 0. 0. 1. 0. 0.
 0. 0. 1. 1. 1. 1. 1. 0. 0. 0. 1. 0. 1. 0. 1. 0. 0. 0. 1. 1. 0. 0. 1. 1.
 0. 0. 1. 0. 1. 1. 1. 1. 1. 1. 0. 1. 1. 0. 1. 0. 0. 0. 1. 1. 1. 1. 0. 0.
 1. 1. 0. 1. 1. 0. 0. 0. 1. 1. 1. 0. 0. 1. 0. 0. 1. 1. 1. 1. 0. 1. 1. 1.
 0. 0. 0. 1. 0. 1. 1. 0. 0. 0. 0. 1. 0. 1. 0. 0. 0. 1. 1. 0. 1. 0. 0. 0.
 0. 1. 0. 1. 1. 1. 1. 1. 1. 0. 0. 1. 1. 0. 1. 1. 0. 1. 0. 1. 0. 0. 0. 0.
 0. 0. 0. 0. 1. 1. 1. 0. 1. 1. 0. 1. 1. 0. 1. 0. 1. 1. 0. 0. 1. 1. 0. 1.
 1. 1. 0. 1. 1. 0. 0. 1. 1. 0. 1. 0. 0. 1. 1. 1. 0. 0. 1. 1. 0. 0. 1. 1.
 1. 1. 1. 0. 1. 1. 0. 0. 0. 0. 1. 1. 0. 0. 0. 0. 1. 1. 0. 1. 1. 0. 0. 0.
 1. 1. 0. 1. 0. 0. 0. 0. 1. 1. 1. 0. 0. 0. 1. 1. 1. 1. 1. 1. 0. 1. 0. 0.
 1. 1. 0. 0. 1. 1. 1. 1. 0. 1. 1. 0. 1. 0. 0. 1. 0. 1. 0. 1. 0. 0. 1. 1.
 1. 0. 1. 0.]","[0. 1. 0. 0. 0. 1. 1. 1. 0. 0. 0. 0. 0. 1. 0. 0. 1. 1. 0. 0. 0. 0. 0. 1.
 0. 0. 1. 0. 1. 0. 0. 1. 0. 1. 1. 0. 0. 0. 1. 0. 0. 0. 1. 1. 1. 0. 1. 0.
 1. 0. 1. 1. 0. 1. 1. 1. 1. 0. 1. 0. 0. 1. 1. 1. 0. 0. 0. 1. 1. 0. 1. 1.
 0. 0. 1. 0. 0. 1. 0. 1. 0. 1. 1. 1. 0. 1. 0. 1. 1. 1. 1. 1. 1. 1. 1. 0.
 0. 0. 1. 1. 1. 0. 0. 1. 1. 1. 0. 0. 0. 1. 1. 1. 0. 0. 0. 0. 1. 1. 1. 0.
 1. 0. 0. 1. 1. 0. 0. 0. 0. 1. 0. 0. 1. 1. 0. 1. 1. 1. 0. 1. 1. 0. 1. 0.
 1. 1. 0. 0. 0. 1. 1. 0. 1. 1. 0. 1. 0. 0. 0. 1. 1. 1. 0. 1. 0. 1. 1. 0.
 1. 0. 0. 1. 1. 0. 0. 1. 0. 1. 1. 0. 0. 1. 0. 0. 1. 1. 0. 1. 1. 0. 0. 0.
 0. 1. 1. 0. 0. 1. 0. 0. 1. 0. 1. 1. 1. 0. 0. 0. 1. 1. 0. 0. 0. 0. 1. 0.
 0. 1. 0. 1. 1. 1. 1. 0. 0. 0. 0. 1. 1. 1. 1. 0. 1. 1. 1. 1. 0. 1. 0. 0.
 1. 0. 0. 1. 1. 1. 1. 1. 0. 0. 1. 1. 1. 0. 0. 1. 0. 1. 0. 0. 1. 0. 1. 0.
 1. 0. 0. 0.]"
258,randomforest,"{'criterion': 'gini', 'max_features': 'log2', 'n_estimators': 29}",0.6089429601762536,0.1822221005369523,0.17997548941014718,0.33813748129843324,0.6022570917732208,0.1811127349010173,0.5778821627197077,0.15671641791044777,0.5783582089552238,0.5783582089552239,"{0: 0.5922532858097572, 1: 0.5922532858097572}","{0: 0.5922532858097572, 1: 0.5922532858097572}",0.5922532858097572,"[[73 61]
 [52 82]]","[1. 0. 0. 0. 0. 1. 0. 1. 1. 0. 1. 0. 1. 0. 0. 0. 1. 0. 0. 0. 0. 1. 0. 0.
 0. 1. 1. 1. 1. 1. 1. 0. 0. 0. 1. 0. 1. 0. 1. 0. 1. 0. 1. 1. 0. 1. 1. 0.
 0. 0. 1. 0. 1. 1. 1. 1. 1. 1. 0. 1. 0. 0. 1. 0. 0. 0. 0. 1. 1. 1. 0. 0.
 0. 1. 0. 1. 1. 0. 0. 0. 0. 1. 1. 0. 0. 1. 0. 1. 1. 1. 1. 1. 0. 1. 1. 1.
 0. 0. 1. 1. 0. 1. 0. 0. 1. 0. 0. 1. 0. 1. 0. 1. 1. 1. 1. 1. 1. 0. 0. 0.
 0. 1. 1. 1. 1. 1. 1. 1. 1. 0. 0. 1. 1. 0. 1. 1. 0. 1. 0. 1. 0. 0. 1. 0.
 0. 0. 0. 0. 0. 1. 0. 0. 1. 1. 0. 1. 1. 0. 0. 0. 1. 1. 0. 0. 1. 1. 0. 1.
 1. 1. 0. 1. 1. 1. 0. 1. 0. 0. 0. 0. 0. 1. 1. 1. 0. 0. 1. 1. 0. 1. 1. 1.
 1. 1. 1. 1. 0. 1. 0. 0. 0. 0. 1. 1. 1. 0. 0. 1. 1. 1. 0. 1. 1. 0. 1. 0.
 1. 1. 1. 1. 0. 0. 0. 0. 0. 1. 1. 0. 1. 0. 1. 1. 1. 1. 1. 1. 0. 1. 0. 0.
 1. 1. 0. 0. 1. 1. 0. 1. 0. 1. 1. 0. 1. 0. 1. 1. 0. 1. 0. 1. 0. 0. 1. 1.
 1. 0. 1. 0.]","[0. 1. 0. 0. 0. 1. 1. 1. 0. 0. 0. 0. 0. 1. 0. 0. 1. 1. 0. 0. 0. 0. 0. 1.
 0. 0. 1. 0. 1. 0. 0. 1. 0. 1. 1. 0. 0. 0. 1. 0. 0. 0. 1. 1. 1. 0. 1. 0.
 1. 0. 1. 1. 0. 1. 1. 1. 1. 0. 1. 0. 0. 1. 1. 1. 0. 0. 0. 1. 1. 0. 1. 1.
 0. 0. 1. 0. 0. 1. 0. 1. 0. 1. 1. 1. 0. 1. 0. 1. 1. 1. 1. 1. 1. 1. 1. 0.
 0. 0. 1. 1. 1. 0. 0. 1. 1. 1. 0. 0. 0. 1. 1. 1. 0. 0. 0. 0. 1. 1. 1. 0.
 1. 0. 0. 1. 1. 0. 0. 0. 0. 1. 0. 0. 1. 1. 0. 1. 1. 1. 0. 1. 1. 0. 1. 0.
 1. 1. 0. 0. 0. 1. 1. 0. 1. 1. 0. 1. 0. 0. 0. 1. 1. 1. 0. 1. 0. 1. 1. 0.
 1. 0. 0. 1. 1. 0. 0. 1. 0. 1. 1. 0. 0. 1. 0. 0. 1. 1. 0. 1. 1. 0. 0. 0.
 0. 1. 1. 0. 0. 1. 0. 0. 1. 0. 1. 1. 1. 0. 0. 0. 1. 1. 0. 0. 0. 0. 1. 0.
 0. 1. 0. 1. 1. 1. 1. 0. 0. 0. 0. 1. 1. 1. 1. 0. 1. 1. 1. 1. 0. 1. 0. 0.
 1. 0. 0. 1. 1. 1. 1. 1. 0. 0. 1. 1. 1. 0. 0. 1. 0. 1. 0. 0. 1. 0. 1. 0.
 1. 0. 0. 0.]"
714,randomforest,"{'criterion': 'gini', 'max_features': 'log2', 'n_estimators': 91}",0.568740548908362,0.20831664470319705,0.17989664112414605,0.31049059216260394,0.5668178800739284,0.21120446938992368,0.5629399383912019,0.12686567164179108,0.5634328358208955,0.5634328358208955,"{0: 0.5884105591445756, 1: 0.5884105591445756}","{0: 0.5884105591445756, 1: 0.5884105591445756}",0.5884105591445756,"[[71 63]
 [54 80]]","[1. 0. 0. 0. 0. 1. 0. 1. 1. 0. 0. 0. 1. 0. 0. 0. 1. 0. 0. 1. 0. 1. 0. 0.
 0. 0. 0. 1. 1. 1. 1. 0. 0. 0. 1. 1. 0. 0. 1. 0. 0. 0. 1. 0. 0. 0. 1. 1.
 0. 0. 1. 1. 1. 1. 1. 1. 1. 1. 0. 1. 1. 0. 1. 1. 0. 0. 1. 1. 1. 1. 0. 0.
 1. 1. 0. 1. 1. 0. 0. 0. 1. 1. 1. 0. 0. 1. 1. 1. 1. 1. 1. 1. 0. 1. 1. 1.
 0. 0. 0. 1. 0. 1. 0. 1. 0. 0. 0. 1. 0. 1. 0. 0. 0. 1. 1. 0. 1. 0. 0. 0.
 0. 1. 1. 1. 1. 1. 1. 1. 1. 0. 0. 1. 1. 0. 1. 1. 0. 1. 0. 0. 1. 0. 0. 0.
 1. 0. 0. 0. 1. 1. 1. 0. 1. 1. 0. 1. 1. 0. 1. 0. 1. 1. 0. 0. 1. 1. 0. 1.
 1. 1. 0. 1. 1. 1. 0. 1. 1. 0. 1. 0. 0. 1. 1. 1. 0. 0. 1. 1. 0. 0. 1. 1.
 1. 1. 1. 0. 1. 1. 0. 1. 0. 0. 1. 1. 0. 0. 0. 1. 1. 1. 0. 1. 1. 1. 0. 0.
 1. 1. 0. 1. 0. 0. 0. 0. 1. 1. 1. 0. 1. 0. 0. 1. 1. 1. 1. 1. 0. 1. 0. 0.
 1. 1. 0. 0. 1. 1. 1. 1. 0. 0. 1. 0. 1. 0. 0. 1. 0. 1. 0. 1. 0. 0. 1. 0.
 1. 0. 1. 0.]","[0. 1. 0. 0. 0. 1. 1. 1. 0. 0. 0. 0. 0. 1. 0. 0. 1. 1. 0. 0. 0. 0. 0. 1.
 0. 0. 1. 0. 1. 0. 0. 1. 0. 1. 1. 0. 0. 0. 1. 0. 0. 0. 1. 1. 1. 0. 1. 0.
 1. 0. 1. 1. 0. 1. 1. 1. 1. 0. 1. 0. 0. 1. 1. 1. 0. 0. 0. 1. 1. 0. 1. 1.
 0. 0. 1. 0. 0. 1. 0. 1. 0. 1. 1. 1. 0. 1. 0. 1. 1. 1. 1. 1. 1. 1. 1. 0.
 0. 0. 1. 1. 1. 0. 0. 1. 1. 1. 0. 0. 0. 1. 1. 1. 0. 0. 0. 0. 1. 1. 1. 0.
 1. 0. 0. 1. 1. 0. 0. 0. 0. 1. 0. 0. 1. 1. 0. 1. 1. 1. 0. 1. 1. 0. 1. 0.
 1. 1. 0. 0. 0. 1. 1. 0. 1. 1. 0. 1. 0. 0. 0. 1. 1. 1. 0. 1. 0. 1. 1. 0.
 1. 0. 0. 1. 1. 0. 0. 1. 0. 1. 1. 0. 0. 1. 0. 0. 1. 1. 0. 1. 1. 0. 0. 0.
 0. 1. 1. 0. 0. 1. 0. 0. 1. 0. 1. 1. 1. 0. 0. 0. 1. 1. 0. 0. 0. 0. 1. 0.
 0. 1. 0. 1. 1. 1. 1. 0. 0. 0. 0. 1. 1. 1. 1. 0. 1. 1. 1. 1. 0. 1. 0. 0.
 1. 0. 0. 1. 1. 1. 1. 1. 0. 0. 1. 1. 1. 0. 0. 1. 0. 1. 0. 0. 1. 0. 1. 0.
 1. 0. 0. 0.]"
844,randomforest,"{'criterion': 'gini', 'max_features': 'sqrt', 'n_estimators': 285}",0.5897964890216515,0.19054271511558085,0.1797516400705227,0.3451224349428747,0.5823981946965818,0.19688263739821596,0.5707461106700651,0.14179104477611937,0.5708955223880597,0.5708955223880597,"{0: 0.5845678324793941, 1: 0.5845678324793941}","{0: 0.5845678324793941, 1: 0.5845678324793941}",0.5845678324793941,"[[74 60]
 [55 79]]","[1. 0. 0. 0. 0. 1. 0. 1. 1. 0. 0. 0. 1. 0. 0. 0. 1. 0. 0. 0. 0. 1. 0. 0.
 0. 0. 1. 1. 1. 1. 1. 0. 0. 0. 1. 1. 0. 0. 1. 0. 0. 0. 1. 0. 0. 0. 1. 0.
 0. 0. 1. 0. 1. 1. 1. 1. 1. 1. 0. 1. 1. 0. 1. 0. 0. 0. 1. 1. 1. 1. 0. 0.
 1. 1. 0. 1. 1. 0. 0. 0. 1. 1. 1. 0. 0. 1. 0. 1. 1. 1. 1. 1. 0. 1. 1. 1.
 0. 0. 1. 1. 0. 1. 1. 1. 0. 0. 0. 1. 0. 1. 0. 0. 0. 1. 1. 0. 1. 0. 0. 0.
 0. 1. 1. 1. 1. 1. 1. 1. 1. 0. 0. 1. 1. 0. 1. 1. 0. 1. 0. 1. 1. 0. 1. 0.
 0. 0. 0. 0. 1. 1. 1. 0. 1. 0. 0. 1. 1. 0. 1. 0. 1. 1. 0. 0. 1. 1. 0. 1.
 1. 1. 0. 1. 1. 1. 0. 1. 1. 0. 1. 0. 0. 1. 1. 1. 0. 0. 1. 1. 0. 0. 1. 1.
 0. 1. 1. 0. 0. 1. 0. 0. 0. 0. 1. 1. 0. 0. 0. 1. 1. 1. 0. 1. 1. 1. 0. 0.
 1. 1. 0. 1. 0. 0. 0. 0. 1. 1. 1. 0. 1. 0. 1. 1. 1. 1. 1. 1. 0. 1. 0. 0.
 1. 1. 0. 0. 1. 1. 0. 1. 0. 1. 1. 0. 1. 0. 0. 1. 0. 0. 0. 1. 0. 0. 1. 1.
 1. 0. 1. 0.]","[0. 1. 0. 0. 0. 1. 1. 1. 0. 0. 0. 0. 0. 1. 0. 0. 1. 1. 0. 0. 0. 0. 0. 1.
 0. 0. 1. 0. 1. 0. 0. 1. 0. 1. 1. 0. 0. 0. 1. 0. 0. 0. 1. 1. 1. 0. 1. 0.
 1. 0. 1. 1. 0. 1. 1. 1. 1. 0. 1. 0. 0. 1. 1. 1. 0. 0. 0. 1. 1. 0. 1. 1.
 0. 0. 1. 0. 0. 1. 0. 1. 0. 1. 1. 1. 0. 1. 0. 1. 1. 1. 1. 1. 1. 1. 1. 0.
 0. 0. 1. 1. 1. 0. 0. 1. 1. 1. 0. 0. 0. 1. 1. 1. 0. 0. 0. 0. 1. 1. 1. 0.
 1. 0. 0. 1. 1. 0. 0. 0. 0. 1. 0. 0. 1. 1. 0. 1. 1. 1. 0. 1. 1. 0. 1. 0.
 1. 1. 0. 0. 0. 1. 1. 0. 1. 1. 0. 1. 0. 0. 0. 1. 1. 1. 0. 1. 0. 1. 1. 0.
 1. 0. 0. 1. 1. 0. 0. 1. 0. 1. 1. 0. 0. 1. 0. 0. 1. 1. 0. 1. 1. 0. 0. 0.
 0. 1. 1. 0. 0. 1. 0. 0. 1. 0. 1. 1. 1. 0. 0. 0. 1. 1. 0. 0. 0. 0. 1. 0.
 0. 1. 0. 1. 1. 1. 1. 0. 0. 0. 0. 1. 1. 1. 1. 0. 1. 1. 1. 1. 0. 1. 0. 0.
 1. 0. 0. 1. 1. 1. 1. 1. 0. 0. 1. 1. 1. 0. 0. 1. 0. 1. 0. 0. 1. 0. 1. 0.
 1. 0. 0. 0.]"
239,randomforest,"{'criterion': 'gini', 'max_features': 'log2', 'n_estimators': 285}",0.5957859904676265,0.18315494849128405,0.17973685583189247,0.3356179833823905,0.5890692416902095,0.1892529048991988,0.5704110505554549,0.14179104477611937,0.5708955223880597,0.5708955223880596,"{0: 0.5908609935397637, 1: 0.590860993539764}","{0: 0.5908609935397637, 1: 0.590860993539764}",0.590860993539764,"[[72 62]
 [53 81]]","[1. 0. 0. 0. 0. 1. 0. 1. 1. 0. 0. 0. 1. 0. 0. 0. 1. 0. 0. 0. 0. 1. 0. 0.
 0. 1. 1. 1. 1. 1. 1. 0. 0. 0. 1. 1. 1. 0. 1. 0. 0. 0. 1. 1. 0. 0. 1. 0.
 0. 0. 1. 0. 1. 1. 1. 1. 1. 1. 0. 1. 1. 0. 1. 1. 0. 0. 1. 1. 1. 1. 0. 0.
 0. 1. 0. 1. 1. 0. 1. 0. 1. 1. 1. 0. 0. 1. 0. 1. 1. 1. 1. 1. 0. 1. 1. 1.
 0. 0. 1. 1. 0. 1. 1. 0. 0. 0. 0. 0. 0. 1. 0. 0. 0. 1. 1. 0. 1. 0. 0. 0.
 0. 1. 1. 1. 1. 1. 1. 1. 1. 0. 0. 1. 1. 0. 1. 1. 0. 1. 0. 1. 1. 0. 0. 0.
 1. 0. 0. 0. 1. 1. 1. 0. 1. 1. 0. 1. 1. 0. 1. 0. 1. 1. 0. 0. 1. 1. 0. 1.
 1. 1. 0. 1. 1. 0. 0. 1. 1. 0. 1. 0. 0. 0. 1. 1. 0. 0. 1. 1. 0. 0. 1. 1.
 1. 1. 1. 0. 1. 1. 0. 1. 0. 0. 1. 1. 0. 0. 0. 0. 1. 1. 0. 1. 1. 1. 0. 0.
 1. 1. 0. 1. 0. 0. 0. 0. 1. 1. 1. 0. 0. 0. 1. 1. 1. 1. 1. 1. 0. 1. 0. 0.
 1. 1. 0. 0. 1. 1. 1. 1. 0. 1. 1. 0. 1. 0. 0. 1. 0. 1. 0. 1. 0. 0. 1. 1.
 1. 0. 1. 0.]","[0. 1. 0. 0. 0. 1. 1. 1. 0. 0. 0. 0. 0. 1. 0. 0. 1. 1. 0. 0. 0. 0. 0. 1.
 0. 0. 1. 0. 1. 0. 0. 1. 0. 1. 1. 0. 0. 0. 1. 0. 0. 0. 1. 1. 1. 0. 1. 0.
 1. 0. 1. 1. 0. 1. 1. 1. 1. 0. 1. 0. 0. 1. 1. 1. 0. 0. 0. 1. 1. 0. 1. 1.
 0. 0. 1. 0. 0. 1. 0. 1. 0. 1. 1. 1. 0. 1. 0. 1. 1. 1. 1. 1. 1. 1. 1. 0.
 0. 0. 1. 1. 1. 0. 0. 1. 1. 1. 0. 0. 0. 1. 1. 1. 0. 0. 0. 0. 1. 1. 1. 0.
 1. 0. 0. 1. 1. 0. 0. 0. 0. 1. 0. 0. 1. 1. 0. 1. 1. 1. 0. 1. 1. 0. 1. 0.
 1. 1. 0. 0. 0. 1. 1. 0. 1. 1. 0. 1. 0. 0. 0. 1. 1. 1. 0. 1. 0. 1. 1. 0.
 1. 0. 0. 1. 1. 0. 0. 1. 0. 1. 1. 0. 0. 1. 0. 0. 1. 1. 0. 1. 1. 0. 0. 0.
 0. 1. 1. 0. 0. 1. 0. 0. 1. 0. 1. 1. 1. 0. 0. 0. 1. 1. 0. 0. 0. 0. 1. 0.
 0. 1. 0. 1. 1. 1. 1. 0. 0. 0. 0. 1. 1. 1. 1. 0. 1. 1. 1. 1. 0. 1. 0. 0.
 1. 0. 0. 1. 1. 1. 1. 1. 0. 0. 1. 1. 1. 0. 0. 1. 0. 1. 0. 0. 1. 0. 1. 0.
 1. 0. 0. 0.]"
599,randomforest,"{'criterion': 'gini', 'max_features': 'sqrt', 'n_estimators': 413}",0.5921096422937953,0.19786663224195164,0.17969702400850784,0.3589392132992681,0.5833558559869044,0.20424830847684286,0.5665607049244326,0.13432835820895528,0.5671641791044776,0.5671641791044776,"{0: 0.5862385832033861, 1: 0.5862385832033861}","{0: 0.5862385832033861, 1: 0.5862385832033861}",0.5862385832033861,"[[71 63]
 [53 81]]","[1. 0. 0. 0. 0. 1. 0. 1. 1. 0. 0. 0. 1. 0. 0. 0. 1. 0. 0. 0. 0. 1. 0. 0.
 0. 0. 1. 1. 1. 1. 1. 0. 0. 0. 1. 0. 1. 0. 1. 0. 0. 0. 1. 0. 0. 0. 1. 1.
 0. 0. 1. 0. 1. 1. 1. 1. 1. 1. 0. 1. 1. 0. 1. 1. 0. 0. 1. 1. 1. 1. 0. 0.
 1. 1. 0. 1. 1. 0. 0. 0. 1. 1. 1. 0. 0. 1. 0. 1. 1. 1. 1. 1. 0. 1. 1. 1.
 0. 0. 1. 1. 0. 1. 1. 0. 0. 0. 0. 1. 0. 1. 0. 0. 0. 1. 1. 0. 1. 0. 0. 0.
 0. 1. 1. 1. 1. 1. 1. 1. 1. 0. 0. 1. 1. 0. 1. 1. 0. 1. 0. 1. 1. 0. 0. 0.
 1. 0. 0. 0. 1. 1. 1. 0. 1. 0. 0. 1. 1. 0. 1. 0. 1. 1. 0. 0. 1. 1. 0. 1.
 1. 1. 0. 1. 1. 0. 0. 1. 1. 0. 1. 0. 0. 1. 1. 1. 0. 0. 1. 1. 0. 0. 1. 1.
 1. 1. 1. 0. 1. 1. 0. 0. 0. 0. 1. 1. 0. 1. 0. 1. 1. 1. 0. 1. 1. 1. 0. 0.
 1. 1. 0. 1. 0. 0. 0. 0. 1. 1. 1. 0. 1. 0. 1. 1. 1. 1. 1. 1. 0. 1. 0. 0.
 1. 1. 0. 0. 1. 1. 1. 1. 0. 1. 1. 0. 1. 0. 0. 1. 0. 1. 0. 1. 0. 0. 1. 1.
 1. 0. 1. 0.]","[0. 1. 0. 0. 0. 1. 1. 1. 0. 0. 0. 0. 0. 1. 0. 0. 1. 1. 0. 0. 0. 0. 0. 1.
 0. 0. 1. 0. 1. 0. 0. 1. 0. 1. 1. 0. 0. 0. 1. 0. 0. 0. 1. 1. 1. 0. 1. 0.
 1. 0. 1. 1. 0. 1. 1. 1. 1. 0. 1. 0. 0. 1. 1. 1. 0. 0. 0. 1. 1. 0. 1. 1.
 0. 0. 1. 0. 0. 1. 0. 1. 0. 1. 1. 1. 0. 1. 0. 1. 1. 1. 1. 1. 1. 1. 1. 0.
 0. 0. 1. 1. 1. 0. 0. 1. 1. 1. 0. 0. 0. 1. 1. 1. 0. 0. 0. 0. 1. 1. 1. 0.
 1. 0. 0. 1. 1. 0. 0. 0. 0. 1. 0. 0. 1. 1. 0. 1. 1. 1. 0. 1. 1. 0. 1. 0.
 1. 1. 0. 0. 0. 1. 1. 0. 1. 1. 0. 1. 0. 0. 0. 1. 1. 1. 0. 1. 0. 1. 1. 0.
 1. 0. 0. 1. 1. 0. 0. 1. 0. 1. 1. 0. 0. 1. 0. 0. 1. 1. 0. 1. 1. 0. 0. 0.
 0. 1. 1. 0. 0. 1. 0. 0. 1. 0. 1. 1. 1. 0. 0. 0. 1. 1. 0. 0. 0. 0. 1. 0.
 0. 1. 0. 1. 1. 1. 1. 0. 0. 0. 0. 1. 1. 1. 1. 0. 1. 1. 1. 1. 0. 1. 0. 0.
 1. 0. 0. 1. 1. 1. 1. 1. 0. 0. 1. 1. 1. 0. 0. 1. 0. 1. 0. 0. 1. 0. 1. 0.
 1. 0. 0. 0.]"
798,randomforest,"{'criterion': 'gini', 'max_features': 'sqrt', 'n_estimators': 329}",0.5945968685268707,0.1919272514347741,0.1796694754605006,0.35126595854399395,0.5852693378903057,0.19794006638584685,0.5708417461533105,0.14179104477611937,0.5708955223880597,0.5708955223880596,"{0: 0.5813655602584094, 1: 0.5813655602584095}","{0: 0.5813655602584094, 1: 0.5813655602584095}",0.5813655602584095,"[[75 59]
 [56 78]]","[1. 0. 0. 0. 0. 1. 0. 1. 1. 0. 0. 0. 1. 0. 0. 0. 1. 0. 0. 0. 0. 1. 0. 0.
 0. 0. 1. 1. 1. 1. 1. 0. 0. 0. 1. 0. 1. 0. 1. 0. 0. 0. 1. 0. 0. 0. 1. 1.
 0. 0. 1. 0. 0. 1. 1. 0. 1. 1. 0. 1. 1. 0. 1. 1. 0. 0. 1. 1. 1. 1. 0. 0.
 1. 1. 0. 1. 1. 0. 0. 0. 1. 1. 1. 0. 0. 1. 0. 1. 1. 1. 1. 1. 0. 1. 1. 1.
 0. 0. 1. 1. 0. 1. 0. 0. 0. 0. 0. 1. 0. 1. 0. 0. 0. 1. 1. 0. 1. 0. 0. 0.
 0. 1. 1. 1. 1. 1. 1. 1. 1. 0. 0. 1. 1. 0. 1. 1. 0. 1. 0. 1. 0. 0. 0. 0.
 0. 0. 0. 0. 1. 1. 1. 0. 1. 1. 0. 1. 1. 0. 1. 0. 1. 1. 0. 0. 1. 1. 0. 1.
 1. 1. 0. 1. 1. 1. 0. 1. 1. 0. 1. 0. 0. 1. 1. 1. 0. 0. 1. 1. 0. 0. 0. 1.
 1. 1. 1. 0. 1. 1. 0. 0. 0. 0. 1. 1. 0. 0. 0. 0. 1. 1. 0. 1. 1. 1. 0. 0.
 1. 1. 0. 1. 0. 0. 0. 0. 1. 1. 1. 0. 0. 0. 1. 1. 1. 1. 1. 1. 0. 1. 0. 0.
 1. 1. 0. 0. 1. 1. 1. 1. 0. 1. 1. 0. 1. 0. 0. 1. 0. 1. 0. 1. 0. 0. 1. 1.
 1. 0. 1. 0.]","[0. 1. 0. 0. 0. 1. 1. 1. 0. 0. 0. 0. 0. 1. 0. 0. 1. 1. 0. 0. 0. 0. 0. 1.
 0. 0. 1. 0. 1. 0. 0. 1. 0. 1. 1. 0. 0. 0. 1. 0. 0. 0. 1. 1. 1. 0. 1. 0.
 1. 0. 1. 1. 0. 1. 1. 1. 1. 0. 1. 0. 0. 1. 1. 1. 0. 0. 0. 1. 1. 0. 1. 1.
 0. 0. 1. 0. 0. 1. 0. 1. 0. 1. 1. 1. 0. 1. 0. 1. 1. 1. 1. 1. 1. 1. 1. 0.
 0. 0. 1. 1. 1. 0. 0. 1. 1. 1. 0. 0. 0. 1. 1. 1. 0. 0. 0. 0. 1. 1. 1. 0.
 1. 0. 0. 1. 1. 0. 0. 0. 0. 1. 0. 0. 1. 1. 0. 1. 1. 1. 0. 1. 1. 0. 1. 0.
 1. 1. 0. 0. 0. 1. 1. 0. 1. 1. 0. 1. 0. 0. 0. 1. 1. 1. 0. 1. 0. 1. 1. 0.
 1. 0. 0. 1. 1. 0. 0. 1. 0. 1. 1. 0. 0. 1. 0. 0. 1. 1. 0. 1. 1. 0. 0. 0.
 0. 1. 1. 0. 0. 1. 0. 0. 1. 0. 1. 1. 1. 0. 0. 0. 1. 1. 0. 0. 0. 0. 1. 0.
 0. 1. 0. 1. 1. 1. 1. 0. 0. 0. 0. 1. 1. 1. 1. 0. 1. 1. 1. 1. 0. 1. 0. 0.
 1. 0. 0. 1. 1. 1. 1. 1. 0. 0. 1. 1. 1. 0. 0. 1. 0. 1. 0. 0. 1. 0. 1. 0.
 1. 0. 0. 0.]"
810,randomforest,"{'criterion': 'gini', 'max_features': 'sqrt', 'n_estimators': 499}",0.5930385738098966,0.18817782475096106,0.1796105771808277,0.3314405027124367,0.5861860734844606,0.1916987838600275,0.5744135510113111,0.14925373134328357,0.5746268656716418,0.5746268656716418,"{0: 0.5881042548451771, 1: 0.5881042548451771}","{0: 0.5881042548451771, 1: 0.5881042548451771}",0.5881042548451771,"[[74 60]
 [54 80]]","[1. 0. 0. 0. 0. 1. 0. 1. 1. 0. 0. 0. 1. 0. 0. 0. 1. 0. 0. 0. 0. 1. 0. 0.
 0. 0. 1. 1. 1. 1. 1. 0. 0. 0. 1. 0. 0. 0. 1. 0. 0. 0. 1. 1. 0. 0. 1. 0.
 0. 0. 1. 0. 0. 1. 1. 1. 1. 1. 0. 1. 1. 0. 1. 0. 0. 0. 1. 1. 1. 1. 0. 0.
 1. 1. 0. 1. 1. 0. 0. 0. 1. 1. 1. 0. 0. 1. 0. 1. 1. 1. 1. 1. 0. 1. 1. 1.
 0. 0. 1. 1. 0. 1. 0. 1. 0. 0. 0. 1. 0. 1. 0. 0. 0. 1. 1. 0. 1. 0. 0. 0.
 0. 1. 1. 1. 1. 1. 1. 1. 1. 0. 0. 1. 1. 0. 1. 1. 0. 1. 0. 1. 1. 0. 0. 0.
 0. 0. 0. 0. 1. 1. 1. 0. 1. 1. 0. 1. 1. 0. 1. 0. 1. 1. 0. 0. 1. 1. 0. 1.
 1. 1. 0. 1. 1. 1. 0. 1. 1. 0. 1. 0. 0. 1. 1. 1. 0. 0. 1. 1. 0. 0. 1. 1.
 1. 1. 1. 1. 1. 1. 0. 1. 0. 0. 1. 1. 0. 0. 0. 0. 1. 1. 0. 1. 1. 1. 0. 0.
 1. 1. 0. 1. 0. 0. 0. 0. 1. 1. 1. 0. 0. 0. 1. 1. 1. 1. 1. 1. 0. 1. 0. 0.
 1. 1. 0. 0. 1. 1. 0. 1. 0. 1. 1. 0. 1. 0. 0. 1. 0. 1. 0. 1. 0. 0. 1. 1.
 1. 0. 1. 0.]","[0. 1. 0. 0. 0. 1. 1. 1. 0. 0. 0. 0. 0. 1. 0. 0. 1. 1. 0. 0. 0. 0. 0. 1.
 0. 0. 1. 0. 1. 0. 0. 1. 0. 1. 1. 0. 0. 0. 1. 0. 0. 0. 1. 1. 1. 0. 1. 0.
 1. 0. 1. 1. 0. 1. 1. 1. 1. 0. 1. 0. 0. 1. 1. 1. 0. 0. 0. 1. 1. 0. 1. 1.
 0. 0. 1. 0. 0. 1. 0. 1. 0. 1. 1. 1. 0. 1. 0. 1. 1. 1. 1. 1. 1. 1. 1. 0.
 0. 0. 1. 1. 1. 0. 0. 1. 1. 1. 0. 0. 0. 1. 1. 1. 0. 0. 0. 0. 1. 1. 1. 0.
 1. 0. 0. 1. 1. 0. 0. 0. 0. 1. 0. 0. 1. 1. 0. 1. 1. 1. 0. 1. 1. 0. 1. 0.
 1. 1. 0. 0. 0. 1. 1. 0. 1. 1. 0. 1. 0. 0. 0. 1. 1. 1. 0. 1. 0. 1. 1. 0.
 1. 0. 0. 1. 1. 0. 0. 1. 0. 1. 1. 0. 0. 1. 0. 0. 1. 1. 0. 1. 1. 0. 0. 0.
 0. 1. 1. 0. 0. 1. 0. 0. 1. 0. 1. 1. 1. 0. 0. 0. 1. 1. 0. 0. 0. 0. 1. 0.
 0. 1. 0. 1. 1. 1. 1. 0. 0. 0. 0. 1. 1. 1. 1. 0. 1. 1. 1. 1. 0. 1. 0. 0.
 1. 0. 0. 1. 1. 1. 1. 1. 0. 0. 1. 1. 1. 0. 0. 1. 0. 1. 0. 0. 1. 0. 1. 0.
 1. 0. 0. 0.]"
976,randomforest,"{'criterion': 'entropy', 'max_features': 'sqrt', 'n_estimators': 45}",0.6021333451816532,0.18568024647784864,0.17955964152046708,0.33600220064625635,0.5929706046641531,0.18389578889368718,0.5708895479164056,0.14179104477611937,0.5708955223880597,0.5708955223880596,"{0: 0.5713967476052572, 1: 0.5713967476052573}","{0: 0.5713967476052572, 1: 0.5713967476052573}",0.5713967476052573,"[[76 58]
 [57 77]]","[1. 0. 0. 0. 0. 1. 0. 1. 1. 1. 0. 1. 1. 0. 0. 0. 1. 0. 0. 0. 0. 1. 0. 0.
 1. 0. 0. 1. 1. 1. 1. 0. 0. 0. 1. 0. 0. 0. 1. 0. 0. 0. 1. 0. 0. 1. 1. 1.
 0. 0. 1. 0. 0. 1. 1. 1. 1. 1. 0. 1. 1. 1. 1. 0. 0. 0. 0. 1. 1. 1. 0. 0.
 0. 1. 0. 1. 1. 0. 1. 0. 1. 1. 1. 0. 0. 1. 0. 1. 1. 1. 1. 0. 0. 1. 1. 1.
 0. 0. 1. 1. 0. 1. 0. 0. 1. 0. 0. 1. 0. 1. 0. 0. 0. 1. 1. 0. 1. 0. 0. 0.
 1. 1. 1. 1. 1. 1. 0. 1. 1. 0. 0. 0. 1. 0. 1. 0. 0. 0. 0. 1. 1. 0. 1. 0.
 1. 1. 0. 0. 1. 1. 1. 0. 1. 0. 0. 1. 0. 0. 1. 0. 1. 1. 0. 0. 1. 0. 0. 1.
 1. 1. 0. 1. 1. 0. 0. 1. 1. 0. 1. 0. 0. 0. 1. 1. 0. 0. 1. 1. 0. 0. 1. 0.
 1. 1. 1. 1. 1. 1. 0. 1. 1. 0. 1. 1. 0. 1. 0. 0. 1. 1. 0. 1. 1. 0. 0. 0.
 1. 1. 0. 0. 0. 0. 0. 0. 1. 1. 1. 0. 1. 0. 0. 1. 1. 1. 1. 1. 0. 1. 0. 0.
 1. 1. 0. 0. 1. 1. 0. 1. 0. 0. 1. 0. 1. 0. 1. 1. 0. 1. 0. 1. 0. 0. 1. 0.
 1. 0. 1. 0.]","[0. 1. 0. 0. 0. 1. 1. 1. 0. 0. 0. 0. 0. 1. 0. 0. 1. 1. 0. 0. 0. 0. 0. 1.
 0. 0. 1. 0. 1. 0. 0. 1. 0. 1. 1. 0. 0. 0. 1. 0. 0. 0. 1. 1. 1. 0. 1. 0.
 1. 0. 1. 1. 0. 1. 1. 1. 1. 0. 1. 0. 0. 1. 1. 1. 0. 0. 0. 1. 1. 0. 1. 1.
 0. 0. 1. 0. 0. 1. 0. 1. 0. 1. 1. 1. 0. 1. 0. 1. 1. 1. 1. 1. 1. 1. 1. 0.
 0. 0. 1. 1. 1. 0. 0. 1. 1. 1. 0. 0. 0. 1. 1. 1. 0. 0. 0. 0. 1. 1. 1. 0.
 1. 0. 0. 1. 1. 0. 0. 0. 0. 1. 0. 0. 1. 1. 0. 1. 1. 1. 0. 1. 1. 0. 1. 0.
 1. 1. 0. 0. 0. 1. 1. 0. 1. 1. 0. 1. 0. 0. 0. 1. 1. 1. 0. 1. 0. 1. 1. 0.
 1. 0. 0. 1. 1. 0. 0. 1. 0. 1. 1. 0. 0. 1. 0. 0. 1. 1. 0. 1. 1. 0. 0. 0.
 0. 1. 1. 0. 0. 1. 0. 0. 1. 0. 1. 1. 1. 0. 0. 0. 1. 1. 0. 0. 0. 0. 1. 0.
 0. 1. 0. 1. 1. 1. 1. 0. 0. 0. 0. 1. 1. 1. 1. 0. 1. 1. 1. 1. 0. 1. 0. 0.
 1. 0. 0. 1. 1. 1. 1. 1. 0. 0. 1. 1. 1. 0. 0. 1. 0. 1. 0. 0. 1. 0. 1. 0.
 1. 0. 0. 0.]"
426,randomforest,"{'criterion': 'gini', 'max_features': 'sqrt', 'n_estimators': 511}",0.5861826797666456,0.19964255946068413,0.17955821191645524,0.3558884967695761,0.5788896065105743,0.20464010853697995,0.5671400724032303,0.13432835820895528,0.5671641791044776,0.5671641791044776,"{0: 0.583955223880597, 1: 0.5839552238805971}","{0: 0.583955223880597, 1: 0.5839552238805971}",0.5839552238805971,"[[75 59]
 [57 77]]","[1. 0. 0. 0. 0. 1. 0. 1. 1. 0. 0. 0. 1. 0. 0. 0. 1. 0. 0. 0. 0. 1. 0. 0.
 0. 0. 1. 1. 1. 1. 1. 0. 0. 0. 1. 0. 1. 0. 1. 0. 0. 0. 1. 0. 0. 0. 1. 0.
 0. 0. 1. 0. 0. 1. 1. 1. 1. 1. 0. 1. 1. 0. 1. 0. 0. 0. 1. 1. 1. 1. 0. 0.
 1. 1. 0. 1. 1. 0. 0. 0. 1. 1. 1. 0. 0. 1. 0. 1. 1. 1. 1. 1. 0. 1. 1. 1.
 0. 0. 1. 1. 0. 1. 0. 0. 0. 0. 0. 1. 0. 1. 0. 0. 0. 1. 1. 0. 1. 0. 0. 0.
 0. 1. 1. 1. 1. 1. 1. 1. 1. 0. 0. 1. 1. 0. 1. 1. 0. 1. 0. 1. 1. 0. 1. 0.
 0. 0. 0. 0. 1. 1. 1. 0. 1. 1. 0. 1. 1. 0. 1. 0. 1. 1. 0. 0. 1. 1. 0. 1.
 1. 1. 0. 1. 1. 0. 0. 1. 1. 0. 1. 0. 0. 0. 1. 1. 0. 0. 1. 1. 0. 0. 1. 1.
 1. 1. 0. 0. 1. 1. 0. 0. 0. 0. 1. 1. 0. 1. 0. 0. 1. 1. 0. 1. 1. 1. 0. 0.
 1. 1. 0. 0. 0. 0. 0. 0. 1. 1. 1. 0. 0. 0. 1. 1. 1. 1. 1. 1. 0. 1. 0. 0.
 1. 1. 0. 0. 1. 1. 1. 1. 0. 1. 1. 0. 1. 0. 0. 1. 0. 1. 0. 1. 0. 0. 1. 1.
 1. 0. 1. 0.]","[0. 1. 0. 0. 0. 1. 1. 1. 0. 0. 0. 0. 0. 1. 0. 0. 1. 1. 0. 0. 0. 0. 0. 1.
 0. 0. 1. 0. 1. 0. 0. 1. 0. 1. 1. 0. 0. 0. 1. 0. 0. 0. 1. 1. 1. 0. 1. 0.
 1. 0. 1. 1. 0. 1. 1. 1. 1. 0. 1. 0. 0. 1. 1. 1. 0. 0. 0. 1. 1. 0. 1. 1.
 0. 0. 1. 0. 0. 1. 0. 1. 0. 1. 1. 1. 0. 1. 0. 1. 1. 1. 1. 1. 1. 1. 1. 0.
 0. 0. 1. 1. 1. 0. 0. 1. 1. 1. 0. 0. 0. 1. 1. 1. 0. 0. 0. 0. 1. 1. 1. 0.
 1. 0. 0. 1. 1. 0. 0. 0. 0. 1. 0. 0. 1. 1. 0. 1. 1. 1. 0. 1. 1. 0. 1. 0.
 1. 1. 0. 0. 0. 1. 1. 0. 1. 1. 0. 1. 0. 0. 0. 1. 1. 1. 0. 1. 0. 1. 1. 0.
 1. 0. 0. 1. 1. 0. 0. 1. 0. 1. 1. 0. 0. 1. 0. 0. 1. 1. 0. 1. 1. 0. 0. 0.
 0. 1. 1. 0. 0. 1. 0. 0. 1. 0. 1. 1. 1. 0. 0. 0. 1. 1. 0. 0. 0. 0. 1. 0.
 0. 1. 0. 1. 1. 1. 1. 0. 0. 0. 0. 1. 1. 1. 1. 0. 1. 1. 1. 1. 0. 1. 0. 0.
 1. 0. 0. 1. 1. 1. 1. 1. 0. 0. 1. 1. 1. 0. 0. 1. 0. 1. 0. 0. 1. 0. 1. 0.
 1. 0. 0. 0.]"
337,randomforest,"{'criterion': 'gini', 'max_features': None, 'n_estimators': 289}",0.5856604710234401,0.19403163524020495,0.17943089933320608,0.3413755500158427,0.5775818864528542,0.19768135582125493,0.559603386809269,0.11940298507462688,0.5597014925373134,0.5597014925373134,"{0: 0.5847070617063933, 1: 0.5847070617063933}","{0: 0.5847070617063933, 1: 0.5847070617063933}",0.5847070617063933,"[[73 61]
 [57 77]]","[1. 0. 0. 0. 0. 1. 0. 1. 1. 0. 0. 0. 1. 0. 0. 0. 0. 0. 0. 0. 0. 1. 0. 0.
 0. 0. 1. 1. 1. 1. 1. 0. 0. 0. 1. 1. 0. 0. 1. 0. 0. 0. 1. 1. 0. 0. 1. 0.
 0. 0. 1. 0. 0. 1. 1. 1. 1. 1. 0. 1. 1. 0. 1. 0. 0. 0. 1. 1. 1. 1. 0. 0.
 1. 1. 0. 1. 1. 0. 0. 0. 1. 1. 1. 0. 0. 1. 0. 1. 1. 1. 1. 1. 0. 1. 1. 1.
 0. 0. 1. 1. 0. 1. 1. 0. 0. 0. 0. 1. 0. 1. 0. 0. 0. 1. 1. 0. 1. 0. 0. 0.
 1. 1. 1. 1. 1. 1. 1. 1. 1. 0. 0. 1. 0. 0. 1. 1. 0. 1. 0. 1. 1. 0. 1. 0.
 0. 0. 0. 0. 1. 1. 1. 0. 1. 1. 0. 1. 1. 0. 1. 0. 1. 1. 0. 0. 1. 0. 0. 1.
 1. 1. 0. 1. 1. 1. 0. 1. 1. 0. 1. 0. 0. 0. 1. 1. 0. 0. 1. 1. 0. 0. 1. 1.
 1. 1. 0. 0. 0. 1. 0. 1. 0. 0. 1. 1. 0. 1. 0. 1. 1. 1. 0. 1. 1. 1. 0. 0.
 1. 1. 0. 1. 0. 0. 0. 0. 1. 1. 1. 0. 0. 0. 1. 1. 1. 1. 1. 1. 0. 1. 0. 0.
 1. 1. 0. 0. 1. 1. 1. 1. 0. 0. 1. 0. 1. 0. 0. 1. 0. 1. 0. 1. 0. 0. 1. 1.
 1. 0. 1. 0.]","[0. 1. 0. 0. 0. 1. 1. 1. 0. 0. 0. 0. 0. 1. 0. 0. 1. 1. 0. 0. 0. 0. 0. 1.
 0. 0. 1. 0. 1. 0. 0. 1. 0. 1. 1. 0. 0. 0. 1. 0. 0. 0. 1. 1. 1. 0. 1. 0.
 1. 0. 1. 1. 0. 1. 1. 1. 1. 0. 1. 0. 0. 1. 1. 1. 0. 0. 0. 1. 1. 0. 1. 1.
 0. 0. 1. 0. 0. 1. 0. 1. 0. 1. 1. 1. 0. 1. 0. 1. 1. 1. 1. 1. 1. 1. 1. 0.
 0. 0. 1. 1. 1. 0. 0. 1. 1. 1. 0. 0. 0. 1. 1. 1. 0. 0. 0. 0. 1. 1. 1. 0.
 1. 0. 0. 1. 1. 0. 0. 0. 0. 1. 0. 0. 1. 1. 0. 1. 1. 1. 0. 1. 1. 0. 1. 0.
 1. 1. 0. 0. 0. 1. 1. 0. 1. 1. 0. 1. 0. 0. 0. 1. 1. 1. 0. 1. 0. 1. 1. 0.
 1. 0. 0. 1. 1. 0. 0. 1. 0. 1. 1. 0. 0. 1. 0. 0. 1. 1. 0. 1. 1. 0. 0. 0.
 0. 1. 1. 0. 0. 1. 0. 0. 1. 0. 1. 1. 1. 0. 0. 0. 1. 1. 0. 0. 0. 0. 1. 0.
 0. 1. 0. 1. 1. 1. 1. 0. 0. 0. 0. 1. 1. 1. 1. 0. 1. 1. 1. 1. 0. 1. 0. 0.
 1. 0. 0. 1. 1. 1. 1. 1. 0. 0. 1. 1. 1. 0. 0. 1. 0. 1. 0. 0. 1. 0. 1. 0.
 1. 0. 0. 0.]"
921,randomforest,"{'criterion': 'gini', 'max_features': 'sqrt', 'n_estimators': 85}",0.5768228034659487,0.17235576137348632,0.17942608113894323,0.3069004147995289,0.5684071454232744,0.17962670617742216,0.5633781243472812,0.12686567164179108,0.5634328358208955,0.5634328358208955,"{0: 0.5891345511249723, 1: 0.5891345511249722}","{0: 0.5891345511249723, 1: 0.5891345511249722}",0.5891345511249722,"[[74 60]
 [57 77]]","[1. 0. 0. 0. 0. 1. 0. 1. 1. 0. 1. 0. 1. 0. 0. 0. 1. 0. 0. 0. 0. 1. 0. 0.
 0. 0. 1. 1. 1. 0. 1. 0. 0. 0. 1. 1. 1. 1. 1. 0. 0. 0. 1. 0. 0. 1. 1. 1.
 0. 0. 1. 0. 1. 1. 1. 1. 1. 1. 0. 1. 0. 0. 1. 0. 0. 0. 1. 1. 1. 0. 0. 0.
 1. 1. 0. 1. 1. 0. 0. 0. 1. 1. 1. 1. 0. 1. 1. 1. 1. 1. 1. 0. 0. 1. 1. 1.
 0. 0. 1. 1. 0. 1. 1. 1. 0. 0. 0. 1. 0. 1. 0. 0. 0. 1. 1. 0. 1. 0. 0. 0.
 0. 1. 1. 1. 1. 1. 1. 1. 1. 0. 0. 1. 1. 0. 1. 0. 0. 1. 0. 1. 0. 0. 0. 0.
 0. 0. 0. 0. 1. 1. 1. 0. 1. 1. 0. 1. 1. 0. 1. 0. 1. 1. 0. 0. 1. 0. 0. 1.
 1. 1. 0. 1. 1. 0. 0. 1. 1. 0. 1. 0. 0. 1. 1. 1. 0. 0. 1. 1. 1. 0. 1. 1.
 0. 1. 1. 0. 1. 1. 0. 0. 0. 0. 1. 1. 0. 0. 0. 1. 1. 1. 0. 1. 1. 0. 0. 0.
 1. 1. 0. 0. 0. 0. 0. 0. 1. 1. 1. 0. 1. 0. 0. 1. 1. 1. 1. 1. 0. 1. 0. 0.
 1. 1. 0. 0. 1. 1. 1. 1. 0. 0. 1. 0. 1. 0. 0. 1. 0. 1. 0. 1. 0. 0. 1. 0.
 1. 0. 1. 0.]","[0. 1. 0. 0. 0. 1. 1. 1. 0. 0. 0. 0. 0. 1. 0. 0. 1. 1. 0. 0. 0. 0. 0. 1.
 0. 0. 1. 0. 1. 0. 0. 1. 0. 1. 1. 0. 0. 0. 1. 0. 0. 0. 1. 1. 1. 0. 1. 0.
 1. 0. 1. 1. 0. 1. 1. 1. 1. 0. 1. 0. 0. 1. 1. 1. 0. 0. 0. 1. 1. 0. 1. 1.
 0. 0. 1. 0. 0. 1. 0. 1. 0. 1. 1. 1. 0. 1. 0. 1. 1. 1. 1. 1. 1. 1. 1. 0.
 0. 0. 1. 1. 1. 0. 0. 1. 1. 1. 0. 0. 0. 1. 1. 1. 0. 0. 0. 0. 1. 1. 1. 0.
 1. 0. 0. 1. 1. 0. 0. 0. 0. 1. 0. 0. 1. 1. 0. 1. 1. 1. 0. 1. 1. 0. 1. 0.
 1. 1. 0. 0. 0. 1. 1. 0. 1. 1. 0. 1. 0. 0. 0. 1. 1. 1. 0. 1. 0. 1. 1. 0.
 1. 0. 0. 1. 1. 0. 0. 1. 0. 1. 1. 0. 0. 1. 0. 0. 1. 1. 0. 1. 1. 0. 0. 0.
 0. 1. 1. 0. 0. 1. 0. 0. 1. 0. 1. 1. 1. 0. 0. 0. 1. 1. 0. 0. 0. 0. 1. 0.
 0. 1. 0. 1. 1. 1. 1. 0. 0. 0. 0. 1. 1. 1. 1. 0. 1. 1. 1. 1. 0. 1. 0. 0.
 1. 0. 0. 1. 1. 1. 1. 1. 0. 0. 1. 1. 1. 0. 0. 1. 0. 1. 0. 0. 1. 0. 1. 0.
 1. 0. 0. 0.]"
469,randomforest,"{'criterion': 'gini', 'max_features': 'log2', 'n_estimators': 261}",0.5836653823176067,0.187268714655738,0.17928418964636508,0.338184898511103,0.5747229398439075,0.19385892733096238,0.5633781243472812,0.12686567164179108,0.5634328358208955,0.5634328358208955,"{0: 0.587073958565382, 1: 0.587073958565382}","{0: 0.587073958565382, 1: 0.587073958565382}",0.587073958565382,"[[74 60]
 [57 77]]","[1. 0. 0. 0. 0. 1. 0. 1. 1. 0. 0. 0. 1. 0. 0. 0. 0. 0. 0. 0. 0. 1. 0. 0.
 0. 0. 1. 1. 1. 1. 1. 0. 0. 0. 1. 0. 0. 0. 1. 0. 1. 0. 1. 0. 0. 0. 1. 0.
 0. 0. 1. 0. 1. 1. 1. 1. 1. 1. 0. 1. 0. 0. 1. 0. 0. 0. 1. 1. 1. 1. 0. 0.
 1. 1. 0. 1. 1. 0. 0. 0. 1. 1. 1. 0. 0. 1. 0. 1. 1. 1. 1. 1. 0. 1. 1. 1.
 0. 0. 1. 1. 0. 1. 0. 0. 0. 0. 0. 1. 0. 1. 0. 0. 0. 1. 1. 0. 1. 0. 0. 0.
 0. 1. 1. 1. 1. 1. 1. 1. 1. 0. 0. 1. 1. 0. 1. 1. 0. 1. 0. 1. 1. 0. 0. 0.
 1. 0. 0. 0. 1. 1. 1. 0. 1. 1. 0. 1. 1. 0. 1. 0. 1. 1. 0. 0. 1. 1. 0. 1.
 1. 1. 0. 1. 1. 0. 0. 1. 1. 0. 1. 0. 0. 0. 1. 1. 0. 0. 1. 1. 0. 0. 1. 1.
 1. 1. 1. 0. 1. 1. 0. 1. 0. 0. 1. 1. 0. 1. 0. 0. 1. 1. 0. 1. 1. 1. 0. 0.
 1. 1. 0. 0. 0. 0. 0. 0. 1. 1. 1. 0. 1. 0. 1. 1. 1. 1. 1. 1. 0. 1. 0. 0.
 1. 1. 0. 0. 1. 1. 0. 1. 0. 1. 1. 0. 1. 0. 0. 1. 0. 1. 0. 1. 0. 0. 1. 1.
 1. 0. 1. 0.]","[0. 1. 0. 0. 0. 1. 1. 1. 0. 0. 0. 0. 0. 1. 0. 0. 1. 1. 0. 0. 0. 0. 0. 1.
 0. 0. 1. 0. 1. 0. 0. 1. 0. 1. 1. 0. 0. 0. 1. 0. 0. 0. 1. 1. 1. 0. 1. 0.
 1. 0. 1. 1. 0. 1. 1. 1. 1. 0. 1. 0. 0. 1. 1. 1. 0. 0. 0. 1. 1. 0. 1. 1.
 0. 0. 1. 0. 0. 1. 0. 1. 0. 1. 1. 1. 0. 1. 0. 1. 1. 1. 1. 1. 1. 1. 1. 0.
 0. 0. 1. 1. 1. 0. 0. 1. 1. 1. 0. 0. 0. 1. 1. 1. 0. 0. 0. 0. 1. 1. 1. 0.
 1. 0. 0. 1. 1. 0. 0. 0. 0. 1. 0. 0. 1. 1. 0. 1. 1. 1. 0. 1. 1. 0. 1. 0.
 1. 1. 0. 0. 0. 1. 1. 0. 1. 1. 0. 1. 0. 0. 0. 1. 1. 1. 0. 1. 0. 1. 1. 0.
 1. 0. 0. 1. 1. 0. 0. 1. 0. 1. 1. 0. 0. 1. 0. 0. 1. 1. 0. 1. 1. 0. 0. 0.
 0. 1. 1. 0. 0. 1. 0. 0. 1. 0. 1. 1. 1. 0. 0. 0. 1. 1. 0. 0. 0. 0. 1. 0.
 0. 1. 0. 1. 1. 1. 1. 0. 0. 0. 0. 1. 1. 1. 1. 0. 1. 1. 1. 1. 0. 1. 0. 0.
 1. 0. 0. 1. 1. 1. 1. 1. 0. 0. 1. 1. 1. 0. 0. 1. 0. 1. 0. 0. 1. 0. 1. 0.
 1. 0. 0. 0.]"
162,randomforest,"{'criterion': 'gini', 'max_features': 'sqrt', 'n_estimators': 559}",0.5862677737864855,0.20422132189546627,0.1792221547014017,0.3703706228399745,0.5779739115424599,0.20881435415368033,0.5631347962382445,0.12686567164179108,0.5634328358208955,0.5634328358208955,"{0: 0.5800011138338159, 1: 0.580001113833816}","{0: 0.5800011138338159, 1: 0.580001113833816}",0.580001113833816,"[[72 62]
 [55 79]]","[1. 0. 0. 0. 0. 1. 0. 1. 1. 0. 0. 0. 1. 0. 0. 0. 1. 0. 0. 0. 0. 1. 0. 0.
 0. 0. 1. 1. 1. 1. 1. 0. 0. 0. 1. 0. 1. 0. 1. 0. 0. 0. 1. 0. 0. 0. 1. 1.
 0. 0. 1. 0. 1. 1. 1. 1. 1. 1. 0. 1. 0. 0. 1. 0. 0. 0. 1. 1. 1. 1. 0. 0.
 1. 1. 0. 1. 1. 0. 0. 0. 1. 1. 1. 0. 0. 1. 0. 1. 1. 1. 1. 1. 0. 1. 1. 1.
 0. 0. 1. 1. 0. 1. 1. 0. 0. 0. 0. 1. 0. 1. 0. 0. 0. 1. 1. 0. 1. 0. 0. 0.
 0. 1. 1. 1. 1. 1. 1. 1. 1. 0. 0. 1. 1. 0. 1. 1. 0. 1. 0. 1. 1. 0. 0. 0.
 0. 0. 0. 0. 1. 1. 1. 0. 1. 1. 0. 1. 1. 0. 1. 0. 1. 1. 0. 0. 1. 1. 0. 1.
 1. 1. 0. 1. 1. 1. 0. 1. 1. 0. 1. 0. 0. 1. 1. 1. 0. 0. 1. 1. 0. 0. 1. 1.
 1. 1. 1. 1. 1. 1. 0. 0. 0. 0. 1. 1. 0. 0. 0. 0. 1. 1. 0. 1. 1. 1. 0. 0.
 1. 1. 0. 1. 0. 0. 0. 0. 1. 1. 1. 0. 0. 0. 1. 1. 1. 1. 1. 1. 0. 1. 0. 0.
 1. 1. 0. 0. 1. 1. 1. 1. 0. 1. 1. 0. 1. 0. 0. 1. 0. 1. 0. 1. 0. 0. 1. 1.
 1. 0. 1. 0.]","[0. 1. 0. 0. 0. 1. 1. 1. 0. 0. 0. 0. 0. 1. 0. 0. 1. 1. 0. 0. 0. 0. 0. 1.
 0. 0. 1. 0. 1. 0. 0. 1. 0. 1. 1. 0. 0. 0. 1. 0. 0. 0. 1. 1. 1. 0. 1. 0.
 1. 0. 1. 1. 0. 1. 1. 1. 1. 0. 1. 0. 0. 1. 1. 1. 0. 0. 0. 1. 1. 0. 1. 1.
 0. 0. 1. 0. 0. 1. 0. 1. 0. 1. 1. 1. 0. 1. 0. 1. 1. 1. 1. 1. 1. 1. 1. 0.
 0. 0. 1. 1. 1. 0. 0. 1. 1. 1. 0. 0. 0. 1. 1. 1. 0. 0. 0. 0. 1. 1. 1. 0.
 1. 0. 0. 1. 1. 0. 0. 0. 0. 1. 0. 0. 1. 1. 0. 1. 1. 1. 0. 1. 1. 0. 1. 0.
 1. 1. 0. 0. 0. 1. 1. 0. 1. 1. 0. 1. 0. 0. 0. 1. 1. 1. 0. 1. 0. 1. 1. 0.
 1. 0. 0. 1. 1. 0. 0. 1. 0. 1. 1. 0. 0. 1. 0. 0. 1. 1. 0. 1. 1. 0. 0. 0.
 0. 1. 1. 0. 0. 1. 0. 0. 1. 0. 1. 1. 1. 0. 0. 0. 1. 1. 0. 0. 0. 0. 1. 0.
 0. 1. 0. 1. 1. 1. 1. 0. 0. 0. 0. 1. 1. 1. 1. 0. 1. 1. 1. 1. 0. 1. 0. 0.
 1. 0. 0. 1. 1. 1. 1. 1. 0. 0. 1. 1. 1. 0. 0. 1. 0. 1. 0. 0. 1. 0. 1. 0.
 1. 0. 0. 0.]"
734,randomforest,"{'criterion': 'gini', 'max_features': 'sqrt', 'n_estimators': 239}",0.6059088922742597,0.19466361532005327,0.17901207420047857,0.35846425756388123,0.5977788154199445,0.1938171163153041,0.5706025774991291,0.14179104477611937,0.5708955223880597,0.5708955223880596,"{0: 0.5854588995321899, 1: 0.5854588995321898}","{0: 0.5854588995321899, 1: 0.5854588995321898}",0.5854588995321898,"[[73 61]
 [54 80]]","[1. 0. 0. 0. 0. 1. 0. 1. 1. 0. 0. 0. 1. 0. 0. 0. 1. 0. 0. 0. 0. 1. 0. 0.
 0. 0. 1. 1. 1. 1. 1. 0. 0. 0. 1. 0. 1. 0. 1. 0. 1. 0. 1. 0. 0. 0. 1. 0.
 0. 0. 1. 0. 1. 1. 1. 1. 1. 1. 0. 1. 0. 0. 1. 1. 0. 0. 1. 1. 1. 1. 0. 0.
 1. 1. 0. 1. 1. 0. 0. 0. 1. 1. 1. 0. 0. 1. 0. 1. 1. 1. 1. 1. 0. 1. 1. 1.
 0. 0. 1. 1. 0. 1. 0. 1. 1. 0. 0. 1. 0. 1. 0. 0. 1. 1. 1. 0. 1. 0. 0. 0.
 0. 1. 1. 1. 1. 1. 1. 1. 1. 0. 0. 1. 1. 0. 1. 1. 0. 0. 0. 1. 1. 0. 0. 0.
 1. 0. 0. 0. 0. 1. 1. 0. 1. 0. 0. 1. 1. 0. 1. 0. 1. 1. 0. 0. 1. 1. 0. 1.
 1. 1. 0. 1. 1. 0. 0. 1. 1. 0. 1. 0. 0. 1. 1. 1. 0. 0. 1. 0. 0. 0. 1. 1.
 1. 1. 1. 0. 1. 1. 0. 0. 0. 0. 1. 1. 0. 1. 0. 1. 1. 1. 0. 1. 1. 1. 0. 0.
 1. 1. 0. 1. 0. 0. 0. 0. 1. 1. 1. 0. 0. 0. 1. 1. 1. 1. 1. 1. 0. 1. 0. 0.
 1. 1. 0. 0. 1. 1. 1. 1. 0. 1. 1. 0. 1. 0. 0. 1. 0. 1. 0. 1. 0. 0. 1. 1.
 1. 0. 1. 0.]","[0. 1. 0. 0. 0. 1. 1. 1. 0. 0. 0. 0. 0. 1. 0. 0. 1. 1. 0. 0. 0. 0. 0. 1.
 0. 0. 1. 0. 1. 0. 0. 1. 0. 1. 1. 0. 0. 0. 1. 0. 0. 0. 1. 1. 1. 0. 1. 0.
 1. 0. 1. 1. 0. 1. 1. 1. 1. 0. 1. 0. 0. 1. 1. 1. 0. 0. 0. 1. 1. 0. 1. 1.
 0. 0. 1. 0. 0. 1. 0. 1. 0. 1. 1. 1. 0. 1. 0. 1. 1. 1. 1. 1. 1. 1. 1. 0.
 0. 0. 1. 1. 1. 0. 0. 1. 1. 1. 0. 0. 0. 1. 1. 1. 0. 0. 0. 0. 1. 1. 1. 0.
 1. 0. 0. 1. 1. 0. 0. 0. 0. 1. 0. 0. 1. 1. 0. 1. 1. 1. 0. 1. 1. 0. 1. 0.
 1. 1. 0. 0. 0. 1. 1. 0. 1. 1. 0. 1. 0. 0. 0. 1. 1. 1. 0. 1. 0. 1. 1. 0.
 1. 0. 0. 1. 1. 0. 0. 1. 0. 1. 1. 0. 0. 1. 0. 0. 1. 1. 0. 1. 1. 0. 0. 0.
 0. 1. 1. 0. 0. 1. 0. 0. 1. 0. 1. 1. 1. 0. 0. 0. 1. 1. 0. 0. 0. 0. 1. 0.
 0. 1. 0. 1. 1. 1. 1. 0. 0. 0. 0. 1. 1. 1. 1. 0. 1. 1. 1. 1. 0. 1. 0. 0.
 1. 0. 0. 1. 1. 1. 1. 1. 0. 0. 1. 1. 1. 0. 0. 1. 0. 1. 0. 0. 1. 0. 1. 0.
 1. 0. 0. 0.]"
807,randomforest,"{'criterion': 'gini', 'max_features': 'sqrt', 'n_estimators': 415}",0.5890647004610232,0.1966724256462044,0.17892672908018392,0.354395769422053,0.5807106461340332,0.20202300924245215,0.5707461106700651,0.14179104477611937,0.5708955223880597,0.5708955223880597,"{0: 0.5887447092893741, 1: 0.588744709289374}","{0: 0.5887447092893741, 1: 0.588744709289374}",0.588744709289374,"[[74 60]
 [55 79]]","[1. 0. 0. 0. 0. 1. 0. 1. 1. 0. 0. 0. 1. 0. 0. 0. 0. 0. 0. 0. 0. 1. 0. 0.
 0. 0. 1. 1. 1. 1. 1. 0. 0. 0. 1. 0. 1. 0. 1. 0. 1. 0. 1. 1. 0. 0. 1. 0.
 0. 0. 1. 0. 1. 1. 1. 1. 1. 1. 0. 1. 0. 0. 1. 1. 0. 0. 1. 1. 1. 1. 0. 0.
 1. 1. 0. 1. 1. 0. 0. 0. 1. 1. 1. 0. 0. 1. 0. 1. 1. 1. 1. 1. 0. 1. 1. 1.
 0. 0. 1. 1. 0. 1. 0. 0. 0. 0. 0. 1. 0. 1. 0. 0. 0. 1. 1. 0. 1. 0. 0. 0.
 0. 1. 1. 1. 1. 1. 1. 1. 1. 0. 0. 1. 1. 0. 1. 1. 0. 1. 0. 1. 1. 0. 0. 0.
 0. 0. 0. 0. 1. 1. 1. 0. 1. 1. 0. 1. 1. 0. 1. 0. 1. 1. 0. 0. 1. 0. 0. 1.
 1. 1. 0. 1. 1. 1. 0. 1. 1. 0. 1. 0. 0. 1. 1. 1. 0. 0. 1. 1. 0. 0. 1. 1.
 0. 1. 1. 0. 1. 1. 0. 1. 0. 0. 1. 1. 0. 0. 0. 0. 1. 1. 0. 1. 1. 1. 0. 0.
 1. 1. 0. 1. 0. 0. 0. 0. 1. 1. 1. 0. 1. 0. 1. 1. 1. 1. 1. 1. 0. 1. 0. 0.
 1. 1. 0. 0. 1. 1. 0. 1. 0. 1. 1. 0. 1. 0. 0. 1. 0. 1. 0. 1. 0. 0. 1. 1.
 1. 0. 1. 0.]","[0. 1. 0. 0. 0. 1. 1. 1. 0. 0. 0. 0. 0. 1. 0. 0. 1. 1. 0. 0. 0. 0. 0. 1.
 0. 0. 1. 0. 1. 0. 0. 1. 0. 1. 1. 0. 0. 0. 1. 0. 0. 0. 1. 1. 1. 0. 1. 0.
 1. 0. 1. 1. 0. 1. 1. 1. 1. 0. 1. 0. 0. 1. 1. 1. 0. 0. 0. 1. 1. 0. 1. 1.
 0. 0. 1. 0. 0. 1. 0. 1. 0. 1. 1. 1. 0. 1. 0. 1. 1. 1. 1. 1. 1. 1. 1. 0.
 0. 0. 1. 1. 1. 0. 0. 1. 1. 1. 0. 0. 0. 1. 1. 1. 0. 0. 0. 0. 1. 1. 1. 0.
 1. 0. 0. 1. 1. 0. 0. 0. 0. 1. 0. 0. 1. 1. 0. 1. 1. 1. 0. 1. 1. 0. 1. 0.
 1. 1. 0. 0. 0. 1. 1. 0. 1. 1. 0. 1. 0. 0. 0. 1. 1. 1. 0. 1. 0. 1. 1. 0.
 1. 0. 0. 1. 1. 0. 0. 1. 0. 1. 1. 0. 0. 1. 0. 0. 1. 1. 0. 1. 1. 0. 0. 0.
 0. 1. 1. 0. 0. 1. 0. 0. 1. 0. 1. 1. 1. 0. 0. 0. 1. 1. 0. 0. 0. 0. 1. 0.
 0. 1. 0. 1. 1. 1. 1. 0. 0. 0. 0. 1. 1. 1. 1. 0. 1. 1. 1. 1. 0. 1. 0. 0.
 1. 0. 0. 1. 1. 1. 1. 1. 0. 0. 1. 1. 1. 0. 0. 1. 0. 1. 0. 0. 1. 0. 1. 0.
 1. 0. 0. 0.]"
151,randomforest,"{'criterion': 'gini', 'max_features': 'sqrt', 'n_estimators': 431}",0.5950712621283067,0.17838522495584253,0.17872857469003522,0.3314426713574773,0.5849536813246491,0.18572257845608653,0.5746268656716418,0.14925373134328357,0.5746268656716418,0.5746268656716418,"{0: 0.595650478948541, 1: 0.595650478948541}","{0: 0.595650478948541, 1: 0.595650478948541}",0.595650478948541,"[[77 57]
 [57 77]]","[1. 0. 0. 0. 0. 1. 0. 1. 1. 0. 0. 0. 1. 0. 0. 0. 1. 0. 0. 0. 0. 1. 0. 0.
 0. 0. 1. 1. 1. 1. 1. 0. 0. 0. 1. 0. 1. 0. 1. 0. 0. 0. 1. 0. 0. 0. 1. 0.
 0. 0. 1. 0. 1. 1. 1. 0. 1. 1. 0. 1. 1. 0. 1. 0. 0. 0. 1. 1. 1. 1. 0. 0.
 1. 1. 0. 1. 1. 0. 0. 0. 1. 1. 1. 0. 0. 1. 1. 1. 1. 1. 1. 1. 0. 1. 1. 1.
 0. 0. 1. 1. 0. 1. 1. 0. 0. 0. 0. 0. 0. 1. 0. 0. 0. 1. 1. 0. 1. 0. 0. 0.
 0. 1. 1. 1. 1. 1. 1. 1. 0. 0. 0. 0. 1. 0. 1. 1. 0. 1. 0. 1. 1. 0. 0. 0.
 0. 0. 0. 0. 1. 1. 1. 0. 1. 1. 0. 1. 1. 0. 1. 0. 1. 1. 0. 0. 1. 1. 0. 1.
 1. 1. 0. 1. 1. 0. 0. 1. 1. 0. 1. 0. 0. 1. 1. 1. 0. 0. 1. 1. 0. 0. 0. 1.
 1. 1. 1. 0. 1. 1. 0. 0. 0. 0. 1. 1. 0. 0. 0. 1. 1. 1. 0. 1. 1. 1. 0. 0.
 1. 1. 0. 1. 0. 0. 0. 0. 1. 1. 1. 0. 0. 0. 1. 1. 1. 1. 1. 1. 0. 1. 0. 0.
 1. 1. 0. 0. 1. 1. 0. 1. 0. 0. 1. 0. 1. 0. 0. 1. 0. 1. 0. 1. 0. 0. 1. 1.
 1. 0. 1. 0.]","[0. 1. 0. 0. 0. 1. 1. 1. 0. 0. 0. 0. 0. 1. 0. 0. 1. 1. 0. 0. 0. 0. 0. 1.
 0. 0. 1. 0. 1. 0. 0. 1. 0. 1. 1. 0. 0. 0. 1. 0. 0. 0. 1. 1. 1. 0. 1. 0.
 1. 0. 1. 1. 0. 1. 1. 1. 1. 0. 1. 0. 0. 1. 1. 1. 0. 0. 0. 1. 1. 0. 1. 1.
 0. 0. 1. 0. 0. 1. 0. 1. 0. 1. 1. 1. 0. 1. 0. 1. 1. 1. 1. 1. 1. 1. 1. 0.
 0. 0. 1. 1. 1. 0. 0. 1. 1. 1. 0. 0. 0. 1. 1. 1. 0. 0. 0. 0. 1. 1. 1. 0.
 1. 0. 0. 1. 1. 0. 0. 0. 0. 1. 0. 0. 1. 1. 0. 1. 1. 1. 0. 1. 1. 0. 1. 0.
 1. 1. 0. 0. 0. 1. 1. 0. 1. 1. 0. 1. 0. 0. 0. 1. 1. 1. 0. 1. 0. 1. 1. 0.
 1. 0. 0. 1. 1. 0. 0. 1. 0. 1. 1. 0. 0. 1. 0. 0. 1. 1. 0. 1. 1. 0. 0. 0.
 0. 1. 1. 0. 0. 1. 0. 0. 1. 0. 1. 1. 1. 0. 0. 0. 1. 1. 0. 0. 0. 0. 1. 0.
 0. 1. 0. 1. 1. 1. 1. 0. 0. 0. 0. 1. 1. 1. 1. 0. 1. 1. 1. 1. 0. 1. 0. 0.
 1. 0. 0. 1. 1. 1. 1. 1. 0. 0. 1. 1. 1. 0. 0. 1. 0. 1. 0. 0. 1. 0. 1. 0.
 1. 0. 0. 0.]"
961,randomforest,"{'criterion': 'entropy', 'max_features': 'sqrt', 'n_estimators': 493}",0.5949684054261853,0.19741440589368306,0.1785968367871346,0.3458773909729101,0.5881458595168273,0.19320562408074718,0.5594806931520588,0.11940298507462688,0.5597014925373134,0.5597014925373134,"{0: 0.5849855201603921, 1: 0.5849855201603922}","{0: 0.5849855201603921, 1: 0.5849855201603922}",0.5849855201603922,"[[72 62]
 [56 78]]","[1. 0. 0. 0. 0. 1. 0. 1. 1. 0. 0. 0. 1. 0. 0. 0. 1. 0. 0. 0. 0. 1. 0. 0.
 0. 0. 1. 1. 1. 1. 1. 0. 0. 0. 1. 0. 0. 0. 1. 0. 0. 0. 1. 0. 0. 0. 1. 0.
 0. 0. 1. 0. 1. 1. 1. 1. 1. 1. 0. 1. 0. 0. 1. 0. 0. 0. 1. 1. 1. 1. 0. 0.
 0. 1. 0. 1. 1. 0. 1. 0. 1. 1. 1. 0. 0. 1. 0. 1. 1. 1. 1. 1. 0. 1. 1. 1.
 0. 0. 1. 1. 0. 1. 1. 0. 1. 0. 0. 1. 0. 1. 0. 0. 0. 1. 1. 0. 1. 0. 0. 0.
 0. 1. 1. 1. 1. 1. 1. 1. 1. 0. 0. 1. 1. 0. 1. 1. 0. 1. 0. 1. 1. 0. 0. 0.
 0. 0. 0. 0. 1. 1. 1. 0. 1. 1. 0. 1. 1. 0. 1. 0. 1. 1. 0. 0. 1. 1. 0. 1.
 1. 1. 0. 1. 1. 1. 0. 1. 1. 0. 1. 1. 0. 0. 1. 1. 0. 0. 1. 1. 0. 0. 1. 1.
 1. 1. 1. 1. 1. 1. 0. 1. 0. 0. 1. 1. 0. 0. 0. 0. 1. 1. 0. 1. 1. 1. 0. 0.
 1. 1. 0. 1. 0. 0. 0. 0. 1. 1. 1. 0. 1. 0. 0. 1. 1. 1. 1. 1. 0. 1. 0. 0.
 1. 1. 0. 0. 1. 1. 0. 1. 0. 1. 1. 0. 1. 0. 0. 1. 0. 1. 0. 1. 0. 0. 1. 1.
 1. 0. 1. 0.]","[0. 1. 0. 0. 0. 1. 1. 1. 0. 0. 0. 0. 0. 1. 0. 0. 1. 1. 0. 0. 0. 0. 0. 1.
 0. 0. 1. 0. 1. 0. 0. 1. 0. 1. 1. 0. 0. 0. 1. 0. 0. 0. 1. 1. 1. 0. 1. 0.
 1. 0. 1. 1. 0. 1. 1. 1. 1. 0. 1. 0. 0. 1. 1. 1. 0. 0. 0. 1. 1. 0. 1. 1.
 0. 0. 1. 0. 0. 1. 0. 1. 0. 1. 1. 1. 0. 1. 0. 1. 1. 1. 1. 1. 1. 1. 1. 0.
 0. 0. 1. 1. 1. 0. 0. 1. 1. 1. 0. 0. 0. 1. 1. 1. 0. 0. 0. 0. 1. 1. 1. 0.
 1. 0. 0. 1. 1. 0. 0. 0. 0. 1. 0. 0. 1. 1. 0. 1. 1. 1. 0. 1. 1. 0. 1. 0.
 1. 1. 0. 0. 0. 1. 1. 0. 1. 1. 0. 1. 0. 0. 0. 1. 1. 1. 0. 1. 0. 1. 1. 0.
 1. 0. 0. 1. 1. 0. 0. 1. 0. 1. 1. 0. 0. 1. 0. 0. 1. 1. 0. 1. 1. 0. 0. 0.
 0. 1. 1. 0. 0. 1. 0. 0. 1. 0. 1. 1. 1. 0. 0. 0. 1. 1. 0. 0. 0. 0. 1. 0.
 0. 1. 0. 1. 1. 1. 1. 0. 0. 0. 0. 1. 1. 1. 1. 0. 1. 1. 1. 1. 0. 1. 0. 0.
 1. 0. 0. 1. 1. 1. 1. 1. 0. 0. 1. 1. 1. 0. 0. 1. 0. 1. 0. 0. 1. 0. 1. 0.
 1. 0. 0. 0.]"
954,randomforest,"{'criterion': 'gini', 'max_features': 'sqrt', 'n_estimators': 575}",0.5900990813677932,0.1783512223584697,0.17852620639023983,0.3098530422026828,0.5836937703873187,0.1823144232254103,0.5708417461533105,0.14179104477611937,0.5708955223880597,0.5708955223880596,"{0: 0.5871018044107819, 1: 0.5871018044107819}","{0: 0.5871018044107819, 1: 0.5871018044107819}",0.5871018044107819,"[[75 59]
 [56 78]]","[1. 0. 0. 0. 0. 1. 0. 1. 1. 0. 0. 0. 1. 0. 0. 0. 1. 0. 0. 0. 0. 1. 0. 0.
 0. 0. 1. 1. 1. 1. 1. 0. 0. 0. 1. 0. 0. 0. 1. 0. 1. 0. 1. 0. 0. 0. 1. 1.
 0. 0. 1. 0. 1. 1. 1. 1. 1. 1. 0. 1. 1. 0. 1. 0. 0. 0. 1. 1. 1. 1. 0. 0.
 0. 1. 0. 1. 1. 0. 0. 0. 1. 1. 1. 0. 0. 1. 0. 1. 1. 1. 1. 1. 0. 1. 1. 1.
 0. 0. 1. 1. 0. 1. 0. 0. 0. 0. 0. 1. 0. 1. 0. 0. 0. 1. 1. 0. 1. 0. 0. 0.
 0. 1. 1. 1. 1. 1. 1. 1. 1. 0. 0. 1. 1. 0. 1. 1. 0. 1. 0. 1. 1. 0. 0. 0.
 0. 0. 0. 0. 1. 1. 1. 0. 1. 1. 0. 1. 1. 0. 1. 0. 1. 1. 0. 0. 1. 1. 0. 1.
 1. 1. 0. 1. 1. 0. 0. 1. 1. 0. 1. 0. 0. 1. 1. 1. 0. 0. 1. 1. 0. 0. 1. 1.
 1. 1. 1. 0. 1. 1. 0. 0. 0. 0. 1. 1. 0. 0. 0. 0. 1. 1. 0. 1. 1. 1. 0. 0.
 1. 1. 0. 1. 0. 0. 0. 0. 1. 1. 1. 0. 0. 0. 1. 1. 1. 1. 1. 1. 0. 1. 0. 0.
 1. 1. 0. 0. 1. 1. 0. 1. 0. 1. 1. 0. 1. 0. 0. 1. 0. 1. 0. 1. 0. 0. 1. 1.
 1. 0. 1. 0.]","[0. 1. 0. 0. 0. 1. 1. 1. 0. 0. 0. 0. 0. 1. 0. 0. 1. 1. 0. 0. 0. 0. 0. 1.
 0. 0. 1. 0. 1. 0. 0. 1. 0. 1. 1. 0. 0. 0. 1. 0. 0. 0. 1. 1. 1. 0. 1. 0.
 1. 0. 1. 1. 0. 1. 1. 1. 1. 0. 1. 0. 0. 1. 1. 1. 0. 0. 0. 1. 1. 0. 1. 1.
 0. 0. 1. 0. 0. 1. 0. 1. 0. 1. 1. 1. 0. 1. 0. 1. 1. 1. 1. 1. 1. 1. 1. 0.
 0. 0. 1. 1. 1. 0. 0. 1. 1. 1. 0. 0. 0. 1. 1. 1. 0. 0. 0. 0. 1. 1. 1. 0.
 1. 0. 0. 1. 1. 0. 0. 0. 0. 1. 0. 0. 1. 1. 0. 1. 1. 1. 0. 1. 1. 0. 1. 0.
 1. 1. 0. 0. 0. 1. 1. 0. 1. 1. 0. 1. 0. 0. 0. 1. 1. 1. 0. 1. 0. 1. 1. 0.
 1. 0. 0. 1. 1. 0. 0. 1. 0. 1. 1. 0. 0. 1. 0. 0. 1. 1. 0. 1. 1. 0. 0. 0.
 0. 1. 1. 0. 0. 1. 0. 0. 1. 0. 1. 1. 1. 0. 0. 0. 1. 1. 0. 0. 0. 0. 1. 0.
 0. 1. 0. 1. 1. 1. 1. 0. 0. 0. 0. 1. 1. 1. 1. 0. 1. 1. 1. 1. 0. 1. 0. 0.
 1. 0. 0. 1. 1. 1. 1. 1. 0. 0. 1. 1. 1. 0. 0. 1. 0. 1. 0. 0. 1. 0. 1. 0.
 1. 0. 0. 0.]"
522,randomforest,"{'criterion': 'gini', 'max_features': 'sqrt', 'n_estimators': 377}",0.587936861866864,0.19022707430954772,0.178465627742324,0.33632921293728707,0.5820917284626962,0.19402567428207068,0.5704110505554549,0.14179104477611937,0.5708955223880597,0.5708955223880596,"{0: 0.5877144130095789, 1: 0.5877144130095789}","{0: 0.5877144130095789, 1: 0.5877144130095789}",0.5877144130095789,"[[72 62]
 [53 81]]","[1. 0. 0. 0. 0. 1. 0. 1. 1. 0. 0. 0. 1. 0. 0. 0. 1. 0. 0. 0. 0. 1. 0. 0.
 1. 0. 1. 1. 1. 1. 1. 0. 0. 0. 1. 0. 1. 0. 1. 0. 0. 0. 1. 0. 0. 0. 1. 1.
 0. 0. 1. 0. 0. 1. 1. 1. 1. 1. 0. 1. 1. 0. 1. 1. 0. 0. 1. 1. 1. 1. 0. 0.
 1. 1. 0. 1. 1. 0. 1. 0. 1. 1. 1. 0. 0. 1. 0. 1. 1. 1. 1. 1. 0. 1. 1. 1.
 0. 0. 1. 1. 0. 1. 1. 0. 0. 0. 0. 1. 0. 1. 0. 0. 0. 1. 1. 0. 1. 0. 0. 0.
 0. 1. 1. 1. 1. 1. 1. 1. 1. 0. 0. 1. 1. 0. 1. 1. 0. 1. 0. 1. 1. 0. 0. 0.
 1. 0. 0. 0. 1. 1. 1. 0. 1. 1. 0. 1. 1. 0. 1. 0. 1. 1. 0. 0. 1. 1. 0. 1.
 1. 1. 1. 1. 1. 0. 0. 1. 1. 0. 1. 0. 0. 1. 1. 1. 0. 0. 1. 1. 0. 0. 1. 1.
 1. 1. 1. 0. 0. 1. 0. 0. 0. 0. 1. 1. 0. 0. 0. 0. 1. 1. 0. 1. 1. 1. 0. 0.
 1. 1. 0. 1. 0. 0. 0. 0. 1. 1. 1. 0. 1. 0. 1. 1. 1. 1. 1. 1. 0. 1. 0. 0.
 1. 1. 0. 0. 1. 1. 0. 1. 0. 1. 1. 0. 1. 0. 0. 1. 0. 1. 0. 1. 0. 0. 1. 1.
 1. 0. 1. 0.]","[0. 1. 0. 0. 0. 1. 1. 1. 0. 0. 0. 0. 0. 1. 0. 0. 1. 1. 0. 0. 0. 0. 0. 1.
 0. 0. 1. 0. 1. 0. 0. 1. 0. 1. 1. 0. 0. 0. 1. 0. 0. 0. 1. 1. 1. 0. 1. 0.
 1. 0. 1. 1. 0. 1. 1. 1. 1. 0. 1. 0. 0. 1. 1. 1. 0. 0. 0. 1. 1. 0. 1. 1.
 0. 0. 1. 0. 0. 1. 0. 1. 0. 1. 1. 1. 0. 1. 0. 1. 1. 1. 1. 1. 1. 1. 1. 0.
 0. 0. 1. 1. 1. 0. 0. 1. 1. 1. 0. 0. 0. 1. 1. 1. 0. 0. 0. 0. 1. 1. 1. 0.
 1. 0. 0. 1. 1. 0. 0. 0. 0. 1. 0. 0. 1. 1. 0. 1. 1. 1. 0. 1. 1. 0. 1. 0.
 1. 1. 0. 0. 0. 1. 1. 0. 1. 1. 0. 1. 0. 0. 0. 1. 1. 1. 0. 1. 0. 1. 1. 0.
 1. 0. 0. 1. 1. 0. 0. 1. 0. 1. 1. 0. 0. 1. 0. 0. 1. 1. 0. 1. 1. 0. 0. 0.
 0. 1. 1. 0. 0. 1. 0. 0. 1. 0. 1. 1. 1. 0. 0. 0. 1. 1. 0. 0. 0. 0. 1. 0.
 0. 1. 0. 1. 1. 1. 1. 0. 0. 0. 0. 1. 1. 1. 1. 0. 1. 1. 1. 1. 0. 1. 0. 0.
 1. 0. 0. 1. 1. 1. 1. 1. 0. 0. 1. 1. 1. 0. 0. 1. 0. 1. 0. 0. 1. 0. 1. 0.
 1. 0. 0. 0.]"
547,randomforest,"{'criterion': 'gini', 'max_features': 'sqrt', 'n_estimators': 489}",0.5869454355976599,0.18958527600261094,0.17834791118017637,0.34450626724447986,0.5783068559278236,0.19378744912753051,0.5670677361853831,0.13432835820895528,0.5671641791044776,0.5671641791044777,"{0: 0.587073958565382, 1: 0.5870739585653821}","{0: 0.587073958565382, 1: 0.5870739585653821}",0.5870739585653821,"[[74 60]
 [56 78]]","[1. 0. 0. 0. 0. 1. 0. 1. 1. 0. 0. 0. 1. 0. 0. 0. 1. 0. 0. 0. 0. 1. 0. 0.
 0. 0. 1. 1. 1. 1. 1. 0. 0. 0. 1. 0. 1. 0. 1. 0. 1. 0. 1. 0. 0. 0. 1. 0.
 0. 0. 1. 0. 1. 1. 1. 1. 1. 1. 0. 1. 0. 0. 1. 1. 0. 0. 1. 1. 1. 1. 0. 0.
 1. 1. 0. 1. 1. 0. 0. 0. 1. 1. 1. 0. 0. 1. 0. 1. 1. 1. 1. 1. 0. 1. 1. 1.
 0. 0. 1. 1. 0. 1. 1. 0. 0. 0. 0. 1. 0. 1. 0. 0. 0. 1. 1. 0. 1. 0. 0. 0.
 0. 1. 1. 1. 1. 1. 1. 1. 1. 0. 0. 1. 1. 0. 1. 1. 0. 1. 0. 1. 0. 0. 0. 0.
 1. 0. 0. 0. 1. 1. 1. 0. 1. 1. 0. 1. 1. 0. 1. 0. 1. 1. 0. 0. 1. 1. 0. 1.
 1. 1. 0. 1. 1. 0. 0. 1. 1. 0. 1. 0. 0. 0. 1. 1. 0. 0. 1. 1. 0. 0. 1. 1.
 1. 1. 1. 0. 0. 1. 0. 1. 0. 0. 1. 1. 0. 0. 0. 0. 1. 1. 0. 1. 1. 1. 0. 0.
 1. 1. 0. 0. 0. 0. 0. 0. 1. 1. 1. 0. 0. 0. 1. 1. 1. 1. 1. 1. 0. 1. 0. 0.
 1. 1. 0. 0. 1. 1. 1. 1. 0. 1. 1. 0. 1. 0. 0. 1. 0. 1. 0. 1. 0. 0. 1. 1.
 1. 0. 1. 0.]","[0. 1. 0. 0. 0. 1. 1. 1. 0. 0. 0. 0. 0. 1. 0. 0. 1. 1. 0. 0. 0. 0. 0. 1.
 0. 0. 1. 0. 1. 0. 0. 1. 0. 1. 1. 0. 0. 0. 1. 0. 0. 0. 1. 1. 1. 0. 1. 0.
 1. 0. 1. 1. 0. 1. 1. 1. 1. 0. 1. 0. 0. 1. 1. 1. 0. 0. 0. 1. 1. 0. 1. 1.
 0. 0. 1. 0. 0. 1. 0. 1. 0. 1. 1. 1. 0. 1. 0. 1. 1. 1. 1. 1. 1. 1. 1. 0.
 0. 0. 1. 1. 1. 0. 0. 1. 1. 1. 0. 0. 0. 1. 1. 1. 0. 0. 0. 0. 1. 1. 1. 0.
 1. 0. 0. 1. 1. 0. 0. 0. 0. 1. 0. 0. 1. 1. 0. 1. 1. 1. 0. 1. 1. 0. 1. 0.
 1. 1. 0. 0. 0. 1. 1. 0. 1. 1. 0. 1. 0. 0. 0. 1. 1. 1. 0. 1. 0. 1. 1. 0.
 1. 0. 0. 1. 1. 0. 0. 1. 0. 1. 1. 0. 0. 1. 0. 0. 1. 1. 0. 1. 1. 0. 0. 0.
 0. 1. 1. 0. 0. 1. 0. 0. 1. 0. 1. 1. 1. 0. 0. 0. 1. 1. 0. 0. 0. 0. 1. 0.
 0. 1. 0. 1. 1. 1. 1. 0. 0. 0. 0. 1. 1. 1. 1. 0. 1. 1. 1. 1. 0. 1. 0. 0.
 1. 0. 0. 1. 1. 1. 1. 1. 0. 0. 1. 1. 1. 0. 0. 1. 0. 1. 0. 0. 1. 0. 1. 0.
 1. 0. 0. 0.]"
31,randomforest,"{'criterion': 'entropy', 'max_features': None, 'n_estimators': 495}",0.5886512079704679,0.16986873329240132,0.17822403132357292,0.3122018629897337,0.5798636324846002,0.18225708809834157,0.5707461106700651,0.14179104477611937,0.5708955223880597,0.5708955223880597,"{0: 0.5890788594341725, 1: 0.5890788594341724}","{0: 0.5890788594341725, 1: 0.5890788594341724}",0.5890788594341724,"[[74 60]
 [55 79]]","[1. 0. 0. 0. 0. 1. 0. 1. 1. 0. 0. 0. 1. 0. 0. 0. 1. 0. 0. 0. 0. 1. 0. 0.
 0. 0. 1. 1. 1. 1. 1. 0. 0. 0. 1. 1. 0. 0. 1. 0. 0. 0. 1. 0. 0. 1. 1. 0.
 0. 0. 1. 0. 0. 1. 1. 1. 1. 1. 0. 1. 1. 0. 1. 0. 0. 0. 1. 1. 1. 1. 0. 0.
 1. 1. 0. 1. 1. 0. 0. 0. 0. 1. 1. 0. 0. 1. 1. 1. 1. 1. 1. 1. 0. 1. 1. 1.
 0. 0. 1. 1. 0. 1. 1. 0. 0. 0. 0. 0. 0. 1. 0. 0. 1. 1. 1. 0. 1. 0. 0. 0.
 0. 1. 1. 1. 1. 1. 1. 1. 1. 0. 0. 1. 1. 0. 1. 1. 0. 1. 0. 1. 1. 0. 1. 0.
 1. 0. 0. 0. 0. 1. 1. 0. 1. 1. 0. 1. 1. 0. 1. 0. 1. 1. 0. 0. 1. 1. 0. 1.
 1. 1. 0. 1. 1. 0. 0. 1. 1. 0. 1. 0. 0. 1. 1. 1. 0. 0. 1. 1. 1. 0. 1. 1.
 0. 1. 0. 0. 1. 1. 0. 1. 0. 0. 1. 1. 0. 1. 0. 0. 1. 1. 0. 1. 1. 1. 0. 0.
 1. 1. 0. 1. 0. 0. 0. 0. 1. 1. 1. 0. 0. 0. 0. 1. 1. 1. 1. 1. 0. 1. 0. 0.
 1. 1. 0. 0. 1. 1. 0. 1. 0. 1. 1. 0. 1. 0. 0. 1. 0. 1. 0. 1. 0. 0. 1. 1.
 1. 0. 1. 0.]","[0. 1. 0. 0. 0. 1. 1. 1. 0. 0. 0. 0. 0. 1. 0. 0. 1. 1. 0. 0. 0. 0. 0. 1.
 0. 0. 1. 0. 1. 0. 0. 1. 0. 1. 1. 0. 0. 0. 1. 0. 0. 0. 1. 1. 1. 0. 1. 0.
 1. 0. 1. 1. 0. 1. 1. 1. 1. 0. 1. 0. 0. 1. 1. 1. 0. 0. 0. 1. 1. 0. 1. 1.
 0. 0. 1. 0. 0. 1. 0. 1. 0. 1. 1. 1. 0. 1. 0. 1. 1. 1. 1. 1. 1. 1. 1. 0.
 0. 0. 1. 1. 1. 0. 0. 1. 1. 1. 0. 0. 0. 1. 1. 1. 0. 0. 0. 0. 1. 1. 1. 0.
 1. 0. 0. 1. 1. 0. 0. 0. 0. 1. 0. 0. 1. 1. 0. 1. 1. 1. 0. 1. 1. 0. 1. 0.
 1. 1. 0. 0. 0. 1. 1. 0. 1. 1. 0. 1. 0. 0. 0. 1. 1. 1. 0. 1. 0. 1. 1. 0.
 1. 0. 0. 1. 1. 0. 0. 1. 0. 1. 1. 0. 0. 1. 0. 0. 1. 1. 0. 1. 1. 0. 0. 0.
 0. 1. 1. 0. 0. 1. 0. 0. 1. 0. 1. 1. 1. 0. 0. 0. 1. 1. 0. 0. 0. 0. 1. 0.
 0. 1. 0. 1. 1. 1. 1. 0. 0. 0. 0. 1. 1. 1. 1. 0. 1. 1. 1. 1. 0. 1. 0. 0.
 1. 0. 0. 1. 1. 1. 1. 1. 0. 0. 1. 1. 1. 0. 0. 1. 0. 1. 0. 0. 1. 0. 1. 0.
 1. 0. 0. 0.]"
82,randomforest,"{'criterion': 'entropy', 'max_features': 'sqrt', 'n_estimators': 393}",0.5810981184268134,0.2096308888114433,0.1780695402326883,0.3885999779486966,0.5734823979783658,0.21618464666306664,0.5556670149773598,0.11194029850746268,0.5559701492537313,0.5559701492537313,"{0: 0.5835096903541992, 1: 0.5835096903541991}","{0: 0.5835096903541992, 1: 0.5835096903541991}",0.5835096903541991,"[[71 63]
 [56 78]]","[1. 0. 0. 0. 0. 1. 0. 1. 1. 0. 0. 0. 1. 0. 0. 0. 1. 0. 0. 0. 0. 1. 0. 0.
 0. 0. 1. 1. 1. 1. 1. 0. 0. 0. 1. 0. 1. 0. 1. 0. 0. 0. 1. 0. 0. 0. 1. 1.
 0. 0. 1. 0. 1. 1. 1. 1. 1. 1. 0. 1. 0. 0. 1. 0. 0. 0. 1. 1. 1. 1. 0. 0.
 1. 1. 0. 1. 1. 0. 1. 0. 1. 1. 1. 0. 0. 1. 0. 1. 1. 1. 1. 1. 0. 1. 1. 1.
 0. 0. 1. 1. 0. 1. 1. 0. 0. 0. 0. 1. 0. 1. 0. 0. 0. 1. 1. 0. 1. 0. 0. 0.
 0. 1. 1. 1. 1. 1. 1. 1. 1. 0. 0. 1. 1. 0. 1. 1. 0. 1. 0. 1. 1. 0. 1. 0.
 0. 0. 0. 0. 1. 1. 1. 0. 1. 1. 0. 1. 1. 0. 1. 0. 1. 1. 0. 0. 1. 1. 0. 1.
 1. 1. 0. 1. 1. 1. 0. 1. 1. 0. 1. 0. 0. 0. 1. 1. 0. 0. 1. 1. 0. 0. 1. 1.
 0. 1. 1. 1. 1. 1. 0. 1. 0. 0. 1. 1. 0. 0. 0. 0. 1. 1. 0. 1. 1. 1. 1. 0.
 1. 1. 0. 1. 0. 0. 0. 0. 1. 1. 1. 0. 1. 0. 0. 1. 1. 1. 1. 1. 0. 1. 0. 0.
 1. 1. 0. 0. 1. 1. 0. 1. 0. 1. 1. 0. 1. 0. 0. 1. 0. 0. 0. 1. 0. 0. 1. 1.
 1. 0. 1. 0.]","[0. 1. 0. 0. 0. 1. 1. 1. 0. 0. 0. 0. 0. 1. 0. 0. 1. 1. 0. 0. 0. 0. 0. 1.
 0. 0. 1. 0. 1. 0. 0. 1. 0. 1. 1. 0. 0. 0. 1. 0. 0. 0. 1. 1. 1. 0. 1. 0.
 1. 0. 1. 1. 0. 1. 1. 1. 1. 0. 1. 0. 0. 1. 1. 1. 0. 0. 0. 1. 1. 0. 1. 1.
 0. 0. 1. 0. 0. 1. 0. 1. 0. 1. 1. 1. 0. 1. 0. 1. 1. 1. 1. 1. 1. 1. 1. 0.
 0. 0. 1. 1. 1. 0. 0. 1. 1. 1. 0. 0. 0. 1. 1. 1. 0. 0. 0. 0. 1. 1. 1. 0.
 1. 0. 0. 1. 1. 0. 0. 0. 0. 1. 0. 0. 1. 1. 0. 1. 1. 1. 0. 1. 1. 0. 1. 0.
 1. 1. 0. 0. 0. 1. 1. 0. 1. 1. 0. 1. 0. 0. 0. 1. 1. 1. 0. 1. 0. 1. 1. 0.
 1. 0. 0. 1. 1. 0. 0. 1. 0. 1. 1. 0. 0. 1. 0. 0. 1. 1. 0. 1. 1. 0. 0. 0.
 0. 1. 1. 0. 0. 1. 0. 0. 1. 0. 1. 1. 1. 0. 0. 0. 1. 1. 0. 0. 0. 0. 1. 0.
 0. 1. 0. 1. 1. 1. 1. 0. 0. 0. 0. 1. 1. 1. 1. 0. 1. 1. 1. 1. 0. 1. 0. 0.
 1. 0. 0. 1. 1. 1. 1. 1. 0. 0. 1. 1. 1. 0. 0. 1. 0. 1. 0. 0. 1. 0. 1. 0.
 1. 0. 0. 0.]"
285,randomforest,"{'criterion': 'gini', 'max_features': 'log2', 'n_estimators': 475}",0.5895937867652763,0.19507279258499427,0.1780201901990048,0.3393358616104765,0.5846512619698103,0.1978622593452652,0.5665607049244326,0.13432835820895528,0.5671641791044776,0.5671641791044776,"{0: 0.5857373579861884, 1: 0.5857373579861884}","{0: 0.5857373579861884, 1: 0.5857373579861884}",0.5857373579861884,"[[71 63]
 [53 81]]","[1. 0. 0. 0. 0. 1. 0. 1. 1. 0. 0. 0. 1. 0. 0. 0. 1. 0. 0. 0. 0. 1. 0. 0.
 0. 0. 1. 1. 1. 1. 1. 0. 0. 0. 1. 1. 1. 0. 1. 0. 0. 1. 1. 1. 0. 0. 1. 1.
 0. 0. 1. 0. 1. 1. 1. 1. 1. 1. 0. 1. 1. 0. 1. 1. 0. 0. 1. 1. 1. 1. 0. 0.
 1. 1. 0. 1. 1. 0. 0. 0. 1. 1. 1. 0. 0. 1. 1. 1. 1. 1. 1. 1. 0. 1. 1. 1.
 0. 0. 1. 1. 0. 1. 1. 0. 0. 0. 0. 1. 0. 1. 0. 0. 0. 1. 1. 0. 1. 0. 0. 0.
 0. 1. 1. 1. 1. 1. 1. 1. 1. 0. 0. 1. 1. 0. 1. 1. 0. 1. 0. 1. 1. 0. 0. 0.
 0. 0. 0. 0. 1. 1. 1. 0. 1. 1. 0. 1. 1. 0. 1. 0. 1. 1. 0. 0. 1. 1. 0. 1.
 1. 1. 0. 1. 1. 0. 0. 1. 1. 0. 1. 0. 0. 0. 1. 1. 0. 0. 1. 1. 0. 0. 1. 1.
 1. 1. 1. 0. 1. 1. 0. 0. 0. 0. 1. 1. 0. 0. 0. 0. 1. 1. 0. 1. 1. 1. 0. 0.
 1. 1. 0. 1. 0. 0. 0. 0. 1. 1. 1. 0. 1. 0. 1. 1. 1. 1. 1. 1. 0. 1. 0. 0.
 1. 1. 0. 0. 1. 1. 1. 1. 0. 0. 1. 0. 1. 0. 0. 1. 0. 1. 0. 1. 0. 0. 1. 1.
 1. 0. 1. 0.]","[0. 1. 0. 0. 0. 1. 1. 1. 0. 0. 0. 0. 0. 1. 0. 0. 1. 1. 0. 0. 0. 0. 0. 1.
 0. 0. 1. 0. 1. 0. 0. 1. 0. 1. 1. 0. 0. 0. 1. 0. 0. 0. 1. 1. 1. 0. 1. 0.
 1. 0. 1. 1. 0. 1. 1. 1. 1. 0. 1. 0. 0. 1. 1. 1. 0. 0. 0. 1. 1. 0. 1. 1.
 0. 0. 1. 0. 0. 1. 0. 1. 0. 1. 1. 1. 0. 1. 0. 1. 1. 1. 1. 1. 1. 1. 1. 0.
 0. 0. 1. 1. 1. 0. 0. 1. 1. 1. 0. 0. 0. 1. 1. 1. 0. 0. 0. 0. 1. 1. 1. 0.
 1. 0. 0. 1. 1. 0. 0. 0. 0. 1. 0. 0. 1. 1. 0. 1. 1. 1. 0. 1. 1. 0. 1. 0.
 1. 1. 0. 0. 0. 1. 1. 0. 1. 1. 0. 1. 0. 0. 0. 1. 1. 1. 0. 1. 0. 1. 1. 0.
 1. 0. 0. 1. 1. 0. 0. 1. 0. 1. 1. 0. 0. 1. 0. 0. 1. 1. 0. 1. 1. 0. 0. 0.
 0. 1. 1. 0. 0. 1. 0. 0. 1. 0. 1. 1. 1. 0. 0. 0. 1. 1. 0. 0. 0. 0. 1. 0.
 0. 1. 0. 1. 1. 1. 1. 0. 0. 0. 0. 1. 1. 1. 1. 0. 1. 1. 1. 1. 0. 1. 0. 0.
 1. 0. 0. 1. 1. 1. 1. 1. 0. 0. 1. 1. 1. 0. 0. 1. 0. 1. 0. 0. 1. 0. 1. 0.
 1. 0. 0. 0.]"
600,randomforest,"{'criterion': 'gini', 'max_features': 'sqrt', 'n_estimators': 495}",0.594368188498354,0.20454530401238472,0.17801547507877,0.3678342360249026,0.5884076925911602,0.21096252555790876,0.570171401475531,0.14179104477611937,0.5708955223880597,0.5708955223880596,"{0: 0.5914736021385609, 1: 0.5914736021385609}","{0: 0.5914736021385609, 1: 0.5914736021385609}",0.5914736021385609,"[[71 63]
 [52 82]]","[1. 0. 0. 0. 0. 1. 0. 1. 1. 0. 0. 0. 1. 0. 0. 0. 1. 0. 0. 0. 0. 1. 0. 0.
 0. 0. 1. 1. 1. 1. 1. 0. 0. 0. 1. 0. 1. 0. 1. 0. 1. 0. 1. 1. 0. 0. 1. 0.
 0. 0. 1. 0. 1. 1. 1. 1. 1. 1. 0. 1. 1. 0. 1. 1. 0. 0. 1. 1. 1. 1. 0. 0.
 1. 1. 0. 1. 1. 0. 0. 0. 1. 1. 1. 0. 0. 1. 0. 1. 1. 1. 1. 1. 0. 1. 1. 1.
 0. 0. 1. 1. 0. 1. 0. 0. 0. 0. 0. 1. 0. 1. 0. 0. 0. 1. 1. 0. 1. 0. 0. 0.
 0. 1. 1. 1. 1. 1. 1. 1. 1. 0. 0. 1. 1. 0. 1. 1. 0. 1. 0. 1. 1. 0. 1. 0.
 1. 0. 0. 0. 1. 1. 1. 0. 1. 0. 0. 1. 1. 0. 1. 0. 1. 1. 0. 0. 1. 1. 0. 1.
 1. 1. 0. 1. 1. 1. 0. 1. 1. 0. 1. 0. 0. 0. 1. 1. 0. 0. 1. 1. 0. 0. 1. 1.
 1. 1. 1. 1. 0. 1. 0. 1. 0. 0. 1. 1. 0. 1. 0. 0. 1. 1. 0. 1. 1. 1. 0. 0.
 1. 1. 0. 1. 0. 0. 0. 0. 1. 1. 1. 0. 1. 0. 1. 1. 1. 1. 1. 1. 0. 1. 0. 0.
 1. 1. 0. 0. 1. 1. 1. 1. 0. 1. 1. 0. 1. 0. 0. 1. 0. 1. 0. 1. 0. 0. 1. 1.
 1. 0. 1. 0.]","[0. 1. 0. 0. 0. 1. 1. 1. 0. 0. 0. 0. 0. 1. 0. 0. 1. 1. 0. 0. 0. 0. 0. 1.
 0. 0. 1. 0. 1. 0. 0. 1. 0. 1. 1. 0. 0. 0. 1. 0. 0. 0. 1. 1. 1. 0. 1. 0.
 1. 0. 1. 1. 0. 1. 1. 1. 1. 0. 1. 0. 0. 1. 1. 1. 0. 0. 0. 1. 1. 0. 1. 1.
 0. 0. 1. 0. 0. 1. 0. 1. 0. 1. 1. 1. 0. 1. 0. 1. 1. 1. 1. 1. 1. 1. 1. 0.
 0. 0. 1. 1. 1. 0. 0. 1. 1. 1. 0. 0. 0. 1. 1. 1. 0. 0. 0. 0. 1. 1. 1. 0.
 1. 0. 0. 1. 1. 0. 0. 0. 0. 1. 0. 0. 1. 1. 0. 1. 1. 1. 0. 1. 1. 0. 1. 0.
 1. 1. 0. 0. 0. 1. 1. 0. 1. 1. 0. 1. 0. 0. 0. 1. 1. 1. 0. 1. 0. 1. 1. 0.
 1. 0. 0. 1. 1. 0. 0. 1. 0. 1. 1. 0. 0. 1. 0. 0. 1. 1. 0. 1. 1. 0. 0. 0.
 0. 1. 1. 0. 0. 1. 0. 0. 1. 0. 1. 1. 1. 0. 0. 0. 1. 1. 0. 0. 0. 0. 1. 0.
 0. 1. 0. 1. 1. 1. 1. 0. 0. 0. 0. 1. 1. 1. 1. 0. 1. 1. 1. 1. 0. 1. 0. 0.
 1. 0. 0. 1. 1. 1. 1. 1. 0. 0. 1. 1. 1. 0. 0. 1. 0. 1. 0. 0. 1. 0. 1. 0.
 1. 0. 0. 0.]"
147,randomforest,"{'criterion': 'gini', 'max_features': 'sqrt', 'n_estimators': 299}",0.5894246536713066,0.1982374122668469,0.17800960017510423,0.3553569909443692,0.5830571963132446,0.20439141027108876,0.5707461106700651,0.14179104477611937,0.5708955223880597,0.5708955223880597,"{0: 0.5760191579416352, 1: 0.5760191579416352}","{0: 0.5760191579416352, 1: 0.5760191579416352}",0.5760191579416352,"[[74 60]
 [55 79]]","[1. 0. 0. 0. 0. 1. 0. 1. 1. 0. 0. 0. 1. 0. 0. 0. 1. 0. 0. 0. 0. 1. 0. 0.
 0. 0. 1. 1. 1. 1. 1. 0. 0. 0. 1. 0. 0. 0. 1. 0. 1. 0. 1. 1. 0. 0. 1. 1.
 0. 0. 1. 0. 1. 1. 1. 0. 1. 1. 0. 1. 1. 0. 1. 0. 0. 0. 1. 1. 1. 1. 0. 0.
 1. 1. 0. 1. 1. 0. 0. 0. 1. 1. 1. 0. 0. 1. 0. 1. 1. 1. 1. 1. 0. 1. 1. 1.
 0. 0. 1. 1. 0. 1. 0. 0. 0. 0. 0. 1. 0. 1. 0. 0. 0. 1. 1. 0. 1. 0. 0. 0.
 0. 1. 1. 1. 1. 1. 1. 1. 1. 0. 0. 1. 1. 0. 1. 1. 0. 1. 0. 1. 1. 0. 1. 0.
 0. 0. 0. 0. 1. 1. 1. 0. 1. 0. 0. 1. 1. 0. 1. 0. 1. 1. 0. 0. 1. 1. 0. 1.
 1. 1. 0. 1. 1. 0. 0. 1. 1. 0. 1. 0. 0. 1. 1. 1. 0. 0. 1. 1. 0. 0. 1. 1.
 1. 1. 1. 0. 1. 1. 0. 0. 0. 0. 1. 1. 0. 0. 0. 0. 1. 1. 0. 1. 1. 1. 0. 0.
 1. 1. 0. 1. 0. 0. 0. 0. 1. 1. 1. 0. 0. 0. 1. 1. 1. 1. 1. 1. 0. 1. 0. 0.
 1. 1. 0. 0. 1. 1. 1. 1. 0. 1. 1. 0. 1. 0. 0. 1. 0. 1. 0. 1. 0. 0. 1. 1.
 1. 0. 1. 0.]","[0. 1. 0. 0. 0. 1. 1. 1. 0. 0. 0. 0. 0. 1. 0. 0. 1. 1. 0. 0. 0. 0. 0. 1.
 0. 0. 1. 0. 1. 0. 0. 1. 0. 1. 1. 0. 0. 0. 1. 0. 0. 0. 1. 1. 1. 0. 1. 0.
 1. 0. 1. 1. 0. 1. 1. 1. 1. 0. 1. 0. 0. 1. 1. 1. 0. 0. 0. 1. 1. 0. 1. 1.
 0. 0. 1. 0. 0. 1. 0. 1. 0. 1. 1. 1. 0. 1. 0. 1. 1. 1. 1. 1. 1. 1. 1. 0.
 0. 0. 1. 1. 1. 0. 0. 1. 1. 1. 0. 0. 0. 1. 1. 1. 0. 0. 0. 0. 1. 1. 1. 0.
 1. 0. 0. 1. 1. 0. 0. 0. 0. 1. 0. 0. 1. 1. 0. 1. 1. 1. 0. 1. 1. 0. 1. 0.
 1. 1. 0. 0. 0. 1. 1. 0. 1. 1. 0. 1. 0. 0. 0. 1. 1. 1. 0. 1. 0. 1. 1. 0.
 1. 0. 0. 1. 1. 0. 0. 1. 0. 1. 1. 0. 0. 1. 0. 0. 1. 1. 0. 1. 1. 0. 0. 0.
 0. 1. 1. 0. 0. 1. 0. 0. 1. 0. 1. 1. 1. 0. 0. 0. 1. 1. 0. 0. 0. 0. 1. 0.
 0. 1. 0. 1. 1. 1. 1. 0. 0. 0. 0. 1. 1. 1. 1. 0. 1. 1. 1. 1. 0. 1. 0. 0.
 1. 0. 0. 1. 1. 1. 1. 1. 0. 0. 1. 1. 1. 0. 0. 1. 0. 1. 0. 0. 1. 0. 1. 0.
 1. 0. 0. 0.]"
506,randomforest,"{'criterion': 'gini', 'max_features': 'sqrt', 'n_estimators': 77}",0.5806905189291074,0.2007462565516907,0.17779627196007097,0.3940327952779111,0.5744391883504787,0.20885286931974356,0.5559639669743676,0.11194029850746268,0.5559701492537313,0.5559701492537313,"{0: 0.5779405212742259, 1: 0.5779405212742258}","{0: 0.5779405212742259, 1: 0.5779405212742258}",0.5779405212742258,"[[74 60]
 [59 75]]","[1. 0. 0. 0. 0. 1. 0. 1. 1. 0. 0. 0. 1. 0. 0. 0. 1. 0. 0. 0. 0. 1. 1. 0.
 0. 0. 1. 1. 1. 1. 1. 0. 0. 0. 1. 0. 1. 0. 1. 0. 0. 0. 1. 0. 0. 0. 1. 1.
 0. 0. 1. 0. 1. 1. 1. 1. 1. 1. 0. 1. 0. 0. 1. 0. 0. 0. 1. 1. 1. 1. 0. 0.
 1. 1. 0. 1. 1. 0. 0. 0. 1. 1. 1. 0. 0. 1. 1. 1. 1. 1. 1. 0. 0. 1. 1. 1.
 0. 0. 1. 1. 0. 1. 0. 0. 0. 0. 0. 0. 0. 1. 0. 0. 0. 1. 1. 0. 1. 0. 0. 0.
 0. 1. 1. 1. 1. 1. 1. 1. 0. 0. 0. 1. 1. 0. 1. 0. 0. 1. 0. 1. 0. 0. 1. 0.
 1. 0. 0. 0. 1. 1. 1. 0. 1. 0. 0. 1. 1. 0. 1. 0. 1. 1. 0. 1. 1. 0. 0. 1.
 1. 1. 1. 1. 1. 0. 0. 1. 1. 0. 1. 0. 0. 0. 1. 1. 0. 0. 1. 0. 0. 0. 1. 1.
 1. 1. 1. 0. 0. 1. 0. 0. 0. 0. 1. 1. 0. 0. 0. 0. 1. 1. 0. 1. 1. 1. 0. 0.
 1. 1. 0. 0. 0. 1. 0. 0. 1. 1. 1. 0. 1. 0. 1. 1. 1. 1. 1. 1. 0. 1. 0. 0.
 1. 1. 0. 0. 1. 1. 1. 1. 0. 1. 1. 0. 1. 0. 1. 1. 0. 0. 0. 1. 0. 0. 1. 1.
 1. 0. 1. 0.]","[0. 1. 0. 0. 0. 1. 1. 1. 0. 0. 0. 0. 0. 1. 0. 0. 1. 1. 0. 0. 0. 0. 0. 1.
 0. 0. 1. 0. 1. 0. 0. 1. 0. 1. 1. 0. 0. 0. 1. 0. 0. 0. 1. 1. 1. 0. 1. 0.
 1. 0. 1. 1. 0. 1. 1. 1. 1. 0. 1. 0. 0. 1. 1. 1. 0. 0. 0. 1. 1. 0. 1. 1.
 0. 0. 1. 0. 0. 1. 0. 1. 0. 1. 1. 1. 0. 1. 0. 1. 1. 1. 1. 1. 1. 1. 1. 0.
 0. 0. 1. 1. 1. 0. 0. 1. 1. 1. 0. 0. 0. 1. 1. 1. 0. 0. 0. 0. 1. 1. 1. 0.
 1. 0. 0. 1. 1. 0. 0. 0. 0. 1. 0. 0. 1. 1. 0. 1. 1. 1. 0. 1. 1. 0. 1. 0.
 1. 1. 0. 0. 0. 1. 1. 0. 1. 1. 0. 1. 0. 0. 0. 1. 1. 1. 0. 1. 0. 1. 1. 0.
 1. 0. 0. 1. 1. 0. 0. 1. 0. 1. 1. 0. 0. 1. 0. 0. 1. 1. 0. 1. 1. 0. 0. 0.
 0. 1. 1. 0. 0. 1. 0. 0. 1. 0. 1. 1. 1. 0. 0. 0. 1. 1. 0. 0. 0. 0. 1. 0.
 0. 1. 0. 1. 1. 1. 1. 0. 0. 0. 0. 1. 1. 1. 1. 0. 1. 1. 1. 1. 0. 1. 0. 0.
 1. 0. 0. 1. 1. 1. 1. 1. 0. 0. 1. 1. 1. 0. 0. 1. 0. 1. 0. 0. 1. 0. 1. 0.
 1. 0. 0. 0.]"
311,randomforest,"{'criterion': 'gini', 'max_features': 'log2', 'n_estimators': 197}",0.5834480736748398,0.19933095720115282,0.17776508677256808,0.3591010617850863,0.5756357982668466,0.2018576886316414,0.5593088071348941,0.11940298507462688,0.5597014925373134,0.5597014925373134,"{0: 0.5898028514145689, 1: 0.5898028514145688}","{0: 0.5898028514145689, 1: 0.5898028514145688}",0.5898028514145688,"[[71 63]
 [55 79]]","[1. 0. 0. 0. 0. 1. 0. 1. 1. 0. 0. 0. 1. 0. 0. 0. 1. 0. 0. 0. 0. 1. 0. 0.
 1. 0. 1. 1. 1. 1. 1. 0. 0. 0. 1. 0. 0. 0. 0. 0. 0. 0. 1. 0. 0. 1. 1. 0.
 0. 0. 1. 0. 1. 1. 1. 0. 1. 1. 0. 1. 0. 0. 1. 1. 0. 0. 1. 1. 1. 1. 0. 0.
 1. 1. 0. 1. 1. 0. 0. 0. 1. 1. 1. 0. 0. 1. 1. 1. 1. 1. 1. 1. 0. 1. 1. 1.
 0. 0. 1. 1. 0. 1. 0. 1. 0. 0. 0. 1. 0. 1. 0. 0. 0. 1. 1. 0. 1. 0. 0. 0.
 0. 1. 1. 1. 1. 1. 1. 1. 1. 0. 0. 1. 1. 0. 1. 1. 0. 1. 0. 1. 1. 0. 1. 0.
 1. 0. 0. 0. 1. 1. 1. 0. 1. 0. 0. 1. 1. 0. 1. 0. 1. 1. 0. 0. 1. 1. 0. 1.
 1. 1. 0. 1. 1. 0. 0. 1. 1. 0. 1. 1. 0. 1. 1. 1. 0. 0. 1. 0. 0. 0. 1. 1.
 1. 1. 1. 1. 1. 1. 0. 1. 0. 0. 1. 1. 0. 0. 0. 1. 1. 1. 0. 1. 1. 0. 0. 0.
 1. 1. 0. 0. 0. 0. 0. 0. 1. 1. 1. 0. 1. 0. 1. 1. 1. 1. 1. 1. 0. 1. 0. 0.
 1. 1. 0. 0. 1. 1. 1. 1. 0. 1. 1. 0. 1. 0. 0. 1. 0. 1. 0. 1. 0. 0. 1. 1.
 1. 0. 1. 0.]","[0. 1. 0. 0. 0. 1. 1. 1. 0. 0. 0. 0. 0. 1. 0. 0. 1. 1. 0. 0. 0. 0. 0. 1.
 0. 0. 1. 0. 1. 0. 0. 1. 0. 1. 1. 0. 0. 0. 1. 0. 0. 0. 1. 1. 1. 0. 1. 0.
 1. 0. 1. 1. 0. 1. 1. 1. 1. 0. 1. 0. 0. 1. 1. 1. 0. 0. 0. 1. 1. 0. 1. 1.
 0. 0. 1. 0. 0. 1. 0. 1. 0. 1. 1. 1. 0. 1. 0. 1. 1. 1. 1. 1. 1. 1. 1. 0.
 0. 0. 1. 1. 1. 0. 0. 1. 1. 1. 0. 0. 0. 1. 1. 1. 0. 0. 0. 0. 1. 1. 1. 0.
 1. 0. 0. 1. 1. 0. 0. 0. 0. 1. 0. 0. 1. 1. 0. 1. 1. 1. 0. 1. 1. 0. 1. 0.
 1. 1. 0. 0. 0. 1. 1. 0. 1. 1. 0. 1. 0. 0. 0. 1. 1. 1. 0. 1. 0. 1. 1. 0.
 1. 0. 0. 1. 1. 0. 0. 1. 0. 1. 1. 0. 0. 1. 0. 0. 1. 1. 0. 1. 1. 0. 0. 0.
 0. 1. 1. 0. 0. 1. 0. 0. 1. 0. 1. 1. 1. 0. 0. 0. 1. 1. 0. 0. 0. 0. 1. 0.
 0. 1. 0. 1. 1. 1. 1. 0. 0. 0. 0. 1. 1. 1. 1. 0. 1. 1. 1. 1. 0. 1. 0. 0.
 1. 0. 0. 1. 1. 1. 1. 1. 0. 0. 1. 1. 1. 0. 0. 1. 0. 1. 0. 0. 1. 0. 1. 0.
 1. 0. 0. 0.]"
126,randomforest,"{'criterion': 'gini', 'max_features': 'sqrt', 'n_estimators': 153}",0.5884521988507467,0.19378642542719046,0.1777209403533222,0.36095043221814027,0.5812592854427532,0.19827591222300384,0.5667781493868451,0.13432835820895528,0.5671641791044776,0.5671641791044776,"{0: 0.5882156382267766, 1: 0.5882156382267766}","{0: 0.5882156382267766, 1: 0.5882156382267766}",0.5882156382267766,"[[72 62]
 [54 80]]","[1. 0. 0. 0. 0. 1. 0. 1. 1. 0. 0. 0. 1. 0. 0. 0. 1. 0. 0. 0. 0. 1. 0. 0.
 0. 0. 1. 1. 1. 1. 1. 0. 0. 0. 1. 1. 1. 0. 1. 0. 1. 0. 1. 1. 0. 0. 1. 0.
 0. 0. 1. 0. 1. 1. 1. 1. 1. 1. 0. 1. 0. 0. 1. 0. 0. 0. 1. 1. 1. 1. 0. 0.
 1. 1. 0. 1. 1. 0. 1. 0. 1. 1. 1. 0. 0. 1. 0. 1. 1. 1. 1. 1. 0. 1. 1. 1.
 0. 0. 1. 1. 0. 1. 1. 0. 0. 0. 0. 0. 0. 1. 0. 0. 0. 1. 1. 0. 1. 0. 0. 0.
 0. 1. 1. 1. 1. 1. 1. 1. 1. 0. 0. 1. 1. 0. 1. 1. 0. 1. 0. 1. 1. 0. 1. 0.
 0. 0. 0. 0. 1. 1. 1. 0. 1. 1. 0. 1. 1. 0. 1. 0. 1. 1. 0. 0. 1. 1. 0. 1.
 1. 1. 0. 1. 1. 0. 0. 1. 1. 0. 1. 0. 0. 0. 1. 1. 0. 0. 1. 1. 0. 0. 1. 1.
 1. 1. 1. 1. 0. 1. 0. 1. 0. 0. 1. 1. 0. 0. 0. 1. 1. 1. 0. 1. 1. 1. 0. 0.
 1. 1. 0. 1. 0. 0. 0. 0. 1. 1. 1. 0. 0. 1. 1. 1. 1. 1. 1. 1. 0. 1. 0. 0.
 1. 1. 0. 0. 1. 1. 1. 1. 0. 0. 1. 0. 1. 0. 0. 1. 0. 0. 0. 1. 0. 0. 1. 1.
 1. 0. 1. 0.]","[0. 1. 0. 0. 0. 1. 1. 1. 0. 0. 0. 0. 0. 1. 0. 0. 1. 1. 0. 0. 0. 0. 0. 1.
 0. 0. 1. 0. 1. 0. 0. 1. 0. 1. 1. 0. 0. 0. 1. 0. 0. 0. 1. 1. 1. 0. 1. 0.
 1. 0. 1. 1. 0. 1. 1. 1. 1. 0. 1. 0. 0. 1. 1. 1. 0. 0. 0. 1. 1. 0. 1. 1.
 0. 0. 1. 0. 0. 1. 0. 1. 0. 1. 1. 1. 0. 1. 0. 1. 1. 1. 1. 1. 1. 1. 1. 0.
 0. 0. 1. 1. 1. 0. 0. 1. 1. 1. 0. 0. 0. 1. 1. 1. 0. 0. 0. 0. 1. 1. 1. 0.
 1. 0. 0. 1. 1. 0. 0. 0. 0. 1. 0. 0. 1. 1. 0. 1. 1. 1. 0. 1. 1. 0. 1. 0.
 1. 1. 0. 0. 0. 1. 1. 0. 1. 1. 0. 1. 0. 0. 0. 1. 1. 1. 0. 1. 0. 1. 1. 0.
 1. 0. 0. 1. 1. 0. 0. 1. 0. 1. 1. 0. 0. 1. 0. 0. 1. 1. 0. 1. 1. 0. 0. 0.
 0. 1. 1. 0. 0. 1. 0. 0. 1. 0. 1. 1. 1. 0. 0. 0. 1. 1. 0. 0. 0. 0. 1. 0.
 0. 1. 0. 1. 1. 1. 1. 0. 0. 0. 0. 1. 1. 1. 1. 0. 1. 1. 1. 1. 0. 1. 0. 0.
 1. 0. 0. 1. 1. 1. 1. 1. 0. 0. 1. 1. 1. 0. 0. 1. 0. 1. 0. 0. 1. 0. 1. 0.
 1. 0. 0. 0.]"
455,randomforest,"{'criterion': 'gini', 'max_features': 'sqrt', 'n_estimators': 487}",0.5825242440441154,0.18744301862627866,0.17771511473535948,0.3373557623696956,0.5749777197861875,0.19149964233847094,0.559603386809269,0.11940298507462688,0.5597014925373134,0.5597014925373134,"{0: 0.5778012920472265, 1: 0.5778012920472265}","{0: 0.5778012920472265, 1: 0.5778012920472265}",0.5778012920472265,"[[73 61]
 [57 77]]","[1. 0. 0. 0. 0. 1. 0. 1. 1. 0. 0. 0. 1. 0. 0. 0. 1. 0. 0. 0. 0. 1. 0. 0.
 0. 0. 1. 1. 1. 1. 1. 0. 0. 0. 1. 1. 0. 0. 1. 0. 0. 0. 1. 0. 0. 0. 1. 0.
 0. 0. 1. 0. 1. 1. 1. 1. 1. 1. 0. 1. 0. 0. 1. 0. 0. 0. 1. 1. 1. 1. 0. 0.
 1. 1. 0. 1. 1. 0. 0. 0. 1. 1. 1. 0. 0. 1. 0. 1. 1. 1. 1. 1. 0. 1. 1. 1.
 0. 0. 1. 1. 0. 1. 1. 0. 0. 0. 0. 1. 0. 1. 0. 0. 0. 1. 1. 0. 1. 0. 0. 0.
 0. 1. 1. 1. 1. 1. 1. 1. 1. 0. 0. 1. 1. 0. 1. 1. 0. 1. 0. 1. 1. 0. 0. 0.
 1. 0. 0. 0. 1. 1. 1. 0. 1. 1. 0. 1. 1. 0. 1. 0. 1. 1. 0. 0. 1. 0. 0. 1.
 1. 1. 0. 1. 1. 0. 0. 1. 1. 0. 1. 1. 0. 0. 1. 1. 0. 0. 1. 1. 0. 0. 1. 1.
 1. 1. 1. 1. 1. 1. 0. 0. 0. 0. 1. 1. 0. 0. 0. 0. 1. 1. 0. 1. 1. 1. 0. 0.
 1. 1. 0. 1. 0. 0. 0. 0. 1. 1. 1. 0. 0. 0. 1. 1. 1. 1. 1. 1. 0. 1. 0. 0.
 1. 1. 0. 0. 1. 1. 0. 1. 0. 1. 1. 0. 1. 0. 0. 1. 0. 1. 0. 1. 0. 0. 1. 1.
 1. 0. 1. 0.]","[0. 1. 0. 0. 0. 1. 1. 1. 0. 0. 0. 0. 0. 1. 0. 0. 1. 1. 0. 0. 0. 0. 0. 1.
 0. 0. 1. 0. 1. 0. 0. 1. 0. 1. 1. 0. 0. 0. 1. 0. 0. 0. 1. 1. 1. 0. 1. 0.
 1. 0. 1. 1. 0. 1. 1. 1. 1. 0. 1. 0. 0. 1. 1. 1. 0. 0. 0. 1. 1. 0. 1. 1.
 0. 0. 1. 0. 0. 1. 0. 1. 0. 1. 1. 1. 0. 1. 0. 1. 1. 1. 1. 1. 1. 1. 1. 0.
 0. 0. 1. 1. 1. 0. 0. 1. 1. 1. 0. 0. 0. 1. 1. 1. 0. 0. 0. 0. 1. 1. 1. 0.
 1. 0. 0. 1. 1. 0. 0. 0. 0. 1. 0. 0. 1. 1. 0. 1. 1. 1. 0. 1. 1. 0. 1. 0.
 1. 1. 0. 0. 0. 1. 1. 0. 1. 1. 0. 1. 0. 0. 0. 1. 1. 1. 0. 1. 0. 1. 1. 0.
 1. 0. 0. 1. 1. 0. 0. 1. 0. 1. 1. 0. 0. 1. 0. 0. 1. 1. 0. 1. 1. 0. 0. 0.
 0. 1. 1. 0. 0. 1. 0. 0. 1. 0. 1. 1. 1. 0. 0. 0. 1. 1. 0. 0. 0. 0. 1. 0.
 0. 1. 0. 1. 1. 1. 1. 0. 0. 0. 0. 1. 1. 1. 1. 0. 1. 1. 1. 1. 0. 1. 0. 0.
 1. 0. 0. 1. 1. 1. 1. 1. 0. 0. 1. 1. 1. 0. 0. 1. 0. 1. 0. 0. 1. 0. 1. 0.
 1. 0. 0. 0.]"
205,randomforest,"{'criterion': 'gini', 'max_features': 'sqrt', 'n_estimators': 561}",0.5947911935251831,0.18324212697661535,0.17752382917275245,0.33401519983737554,0.5866271217581701,0.1885314129817729,0.5706025774991291,0.14179104477611937,0.5708955223880597,0.5708955223880596,"{0: 0.586879037647583, 1: 0.586879037647583}","{0: 0.586879037647583, 1: 0.586879037647583}",0.586879037647583,"[[73 61]
 [54 80]]","[1. 0. 0. 0. 0. 1. 0. 1. 1. 0. 0. 0. 1. 0. 0. 0. 1. 0. 0. 0. 0. 1. 0. 0.
 0. 0. 1. 1. 1. 1. 1. 0. 0. 0. 1. 0. 1. 0. 1. 0. 0. 0. 1. 1. 0. 0. 1. 1.
 0. 0. 1. 0. 1. 1. 1. 1. 1. 1. 0. 1. 1. 0. 1. 0. 0. 0. 1. 1. 1. 1. 0. 0.
 0. 1. 0. 1. 1. 0. 0. 0. 1. 1. 1. 0. 0. 1. 0. 1. 1. 1. 1. 1. 0. 1. 1. 1.
 0. 0. 1. 1. 0. 1. 1. 1. 0. 0. 0. 1. 0. 1. 0. 0. 0. 1. 1. 0. 1. 0. 0. 0.
 0. 1. 1. 1. 1. 1. 1. 1. 1. 0. 0. 1. 1. 0. 1. 1. 0. 1. 0. 1. 1. 0. 1. 0.
 1. 0. 0. 0. 1. 1. 1. 0. 1. 0. 0. 1. 1. 0. 1. 0. 1. 1. 0. 0. 1. 1. 0. 1.
 1. 1. 0. 1. 1. 0. 0. 1. 1. 0. 1. 0. 0. 0. 1. 1. 0. 0. 1. 1. 0. 0. 1. 1.
 1. 1. 1. 0. 1. 1. 0. 0. 0. 0. 1. 1. 0. 0. 0. 1. 1. 1. 0. 1. 1. 1. 0. 0.
 1. 1. 0. 0. 0. 0. 0. 0. 1. 1. 1. 0. 1. 0. 1. 1. 1. 1. 1. 1. 0. 1. 0. 0.
 1. 1. 0. 0. 1. 1. 0. 1. 0. 1. 1. 0. 1. 0. 0. 1. 0. 1. 0. 1. 0. 0. 1. 1.
 1. 0. 1. 0.]","[0. 1. 0. 0. 0. 1. 1. 1. 0. 0. 0. 0. 0. 1. 0. 0. 1. 1. 0. 0. 0. 0. 0. 1.
 0. 0. 1. 0. 1. 0. 0. 1. 0. 1. 1. 0. 0. 0. 1. 0. 0. 0. 1. 1. 1. 0. 1. 0.
 1. 0. 1. 1. 0. 1. 1. 1. 1. 0. 1. 0. 0. 1. 1. 1. 0. 0. 0. 1. 1. 0. 1. 1.
 0. 0. 1. 0. 0. 1. 0. 1. 0. 1. 1. 1. 0. 1. 0. 1. 1. 1. 1. 1. 1. 1. 1. 0.
 0. 0. 1. 1. 1. 0. 0. 1. 1. 1. 0. 0. 0. 1. 1. 1. 0. 0. 0. 0. 1. 1. 1. 0.
 1. 0. 0. 1. 1. 0. 0. 0. 0. 1. 0. 0. 1. 1. 0. 1. 1. 1. 0. 1. 1. 0. 1. 0.
 1. 1. 0. 0. 0. 1. 1. 0. 1. 1. 0. 1. 0. 0. 0. 1. 1. 1. 0. 1. 0. 1. 1. 0.
 1. 0. 0. 1. 1. 0. 0. 1. 0. 1. 1. 0. 0. 1. 0. 0. 1. 1. 0. 1. 1. 0. 0. 0.
 0. 1. 1. 0. 0. 1. 0. 0. 1. 0. 1. 1. 1. 0. 0. 0. 1. 1. 0. 0. 0. 0. 1. 0.
 0. 1. 0. 1. 1. 1. 1. 0. 0. 0. 0. 1. 1. 1. 1. 0. 1. 1. 1. 1. 0. 1. 0. 0.
 1. 0. 0. 1. 1. 1. 1. 1. 0. 0. 1. 1. 1. 0. 0. 1. 0. 1. 0. 0. 1. 0. 1. 0.
 1. 0. 0. 0.]"
310,randomforest,"{'criterion': 'gini', 'max_features': 'sqrt', 'n_estimators': 415}",0.5880349138748817,0.186559533861697,0.1773060528269974,0.3352865881373446,0.5797100226535711,0.19093865818355302,0.5629399383912019,0.12686567164179108,0.5634328358208955,0.5634328358208955,"{0: 0.5820060147026063, 1: 0.5820060147026064}","{0: 0.5820060147026063, 1: 0.5820060147026064}",0.5820060147026064,"[[71 63]
 [54 80]]","[1. 0. 0. 0. 0. 1. 0. 1. 1. 0. 0. 0. 1. 0. 0. 0. 1. 0. 0. 0. 0. 1. 0. 0.
 0. 0. 1. 1. 1. 1. 1. 0. 0. 0. 1. 0. 0. 0. 1. 0. 1. 0. 1. 0. 0. 0. 1. 1.
 0. 0. 1. 0. 1. 1. 1. 1. 1. 1. 0. 1. 0. 0. 1. 0. 0. 0. 1. 1. 1. 1. 0. 0.
 1. 1. 0. 1. 1. 0. 0. 0. 1. 1. 1. 0. 0. 1. 0. 1. 1. 1. 1. 1. 0. 1. 1. 1.
 0. 0. 1. 1. 0. 1. 1. 1. 0. 0. 0. 1. 0. 1. 0. 0. 0. 1. 1. 0. 1. 0. 0. 0.
 0. 1. 1. 1. 1. 1. 1. 1. 1. 0. 0. 1. 1. 0. 1. 1. 0. 1. 0. 1. 1. 0. 0. 0.
 1. 0. 0. 0. 1. 1. 1. 0. 1. 1. 0. 1. 1. 0. 1. 0. 1. 1. 0. 0. 1. 1. 0. 1.
 1. 1. 0. 1. 1. 0. 0. 1. 1. 0. 1. 0. 0. 1. 1. 1. 0. 0. 1. 1. 0. 0. 1. 1.
 1. 1. 1. 0. 1. 1. 0. 1. 0. 0. 1. 1. 0. 1. 0. 0. 1. 1. 0. 1. 1. 1. 0. 0.
 1. 1. 1. 1. 0. 0. 0. 0. 1. 1. 1. 0. 0. 0. 1. 1. 1. 1. 1. 1. 0. 1. 0. 0.
 1. 1. 0. 0. 1. 1. 0. 1. 0. 1. 1. 0. 1. 0. 0. 1. 0. 1. 0. 1. 0. 0. 1. 1.
 1. 0. 1. 0.]","[0. 1. 0. 0. 0. 1. 1. 1. 0. 0. 0. 0. 0. 1. 0. 0. 1. 1. 0. 0. 0. 0. 0. 1.
 0. 0. 1. 0. 1. 0. 0. 1. 0. 1. 1. 0. 0. 0. 1. 0. 0. 0. 1. 1. 1. 0. 1. 0.
 1. 0. 1. 1. 0. 1. 1. 1. 1. 0. 1. 0. 0. 1. 1. 1. 0. 0. 0. 1. 1. 0. 1. 1.
 0. 0. 1. 0. 0. 1. 0. 1. 0. 1. 1. 1. 0. 1. 0. 1. 1. 1. 1. 1. 1. 1. 1. 0.
 0. 0. 1. 1. 1. 0. 0. 1. 1. 1. 0. 0. 0. 1. 1. 1. 0. 0. 0. 0. 1. 1. 1. 0.
 1. 0. 0. 1. 1. 0. 0. 0. 0. 1. 0. 0. 1. 1. 0. 1. 1. 1. 0. 1. 1. 0. 1. 0.
 1. 1. 0. 0. 0. 1. 1. 0. 1. 1. 0. 1. 0. 0. 0. 1. 1. 1. 0. 1. 0. 1. 1. 0.
 1. 0. 0. 1. 1. 0. 0. 1. 0. 1. 1. 0. 0. 1. 0. 0. 1. 1. 0. 1. 1. 0. 0. 0.
 0. 1. 1. 0. 0. 1. 0. 0. 1. 0. 1. 1. 1. 0. 0. 0. 1. 1. 0. 0. 0. 0. 1. 0.
 0. 1. 0. 1. 1. 1. 1. 0. 0. 0. 0. 1. 1. 1. 1. 0. 1. 1. 1. 1. 0. 1. 0. 0.
 1. 0. 0. 1. 1. 1. 1. 1. 0. 0. 1. 1. 1. 0. 0. 1. 0. 1. 0. 0. 1. 0. 1. 0.
 1. 0. 0. 0.]"
40,randomforest,"{'criterion': 'gini', 'max_features': 'sqrt', 'n_estimators': 105}",0.6051948769394215,0.18842058884699892,0.17713435819702253,0.3648342052216694,0.5958240031324709,0.1965471085284156,0.5778821627197077,0.15671641791044777,0.5783582089552238,0.5783582089552239,"{0: 0.599576743149922, 1: 0.599576743149922}","{0: 0.599576743149922, 1: 0.599576743149922}",0.599576743149922,"[[73 61]
 [52 82]]","[1. 0. 0. 0. 0. 1. 0. 1. 1. 0. 0. 0. 1. 0. 0. 0. 1. 0. 0. 0. 0. 1. 0. 0.
 0. 0. 1. 1. 1. 1. 1. 0. 0. 0. 1. 0. 1. 0. 1. 0. 1. 0. 1. 1. 0. 0. 1. 0.
 0. 0. 1. 1. 0. 1. 1. 1. 1. 1. 0. 1. 1. 0. 1. 1. 0. 0. 1. 1. 1. 1. 0. 0.
 0. 1. 0. 1. 1. 0. 1. 0. 1. 1. 1. 0. 0. 1. 1. 1. 1. 1. 1. 1. 0. 1. 1. 1.
 0. 0. 1. 1. 1. 1. 0. 0. 0. 0. 0. 0. 0. 1. 0. 0. 1. 1. 1. 0. 1. 0. 0. 0.
 0. 1. 1. 1. 1. 1. 1. 1. 1. 0. 0. 1. 1. 0. 1. 1. 0. 1. 0. 1. 0. 0. 0. 0.
 0. 0. 0. 0. 1. 1. 1. 0. 1. 1. 0. 1. 1. 0. 1. 0. 1. 1. 0. 0. 1. 1. 0. 1.
 1. 1. 0. 1. 1. 1. 0. 1. 1. 0. 1. 0. 0. 0. 1. 1. 0. 0. 1. 1. 0. 0. 0. 1.
 1. 1. 1. 0. 1. 1. 0. 0. 0. 0. 1. 1. 0. 0. 0. 0. 1. 1. 0. 1. 1. 1. 0. 0.
 1. 1. 0. 1. 0. 0. 0. 0. 1. 1. 1. 0. 0. 0. 1. 1. 1. 1. 1. 1. 0. 1. 0. 0.
 1. 1. 0. 0. 1. 1. 1. 1. 0. 1. 1. 0. 1. 0. 1. 1. 0. 1. 0. 1. 1. 0. 1. 1.
 1. 0. 1. 0.]","[0. 1. 0. 0. 0. 1. 1. 1. 0. 0. 0. 0. 0. 1. 0. 0. 1. 1. 0. 0. 0. 0. 0. 1.
 0. 0. 1. 0. 1. 0. 0. 1. 0. 1. 1. 0. 0. 0. 1. 0. 0. 0. 1. 1. 1. 0. 1. 0.
 1. 0. 1. 1. 0. 1. 1. 1. 1. 0. 1. 0. 0. 1. 1. 1. 0. 0. 0. 1. 1. 0. 1. 1.
 0. 0. 1. 0. 0. 1. 0. 1. 0. 1. 1. 1. 0. 1. 0. 1. 1. 1. 1. 1. 1. 1. 1. 0.
 0. 0. 1. 1. 1. 0. 0. 1. 1. 1. 0. 0. 0. 1. 1. 1. 0. 0. 0. 0. 1. 1. 1. 0.
 1. 0. 0. 1. 1. 0. 0. 0. 0. 1. 0. 0. 1. 1. 0. 1. 1. 1. 0. 1. 1. 0. 1. 0.
 1. 1. 0. 0. 0. 1. 1. 0. 1. 1. 0. 1. 0. 0. 0. 1. 1. 1. 0. 1. 0. 1. 1. 0.
 1. 0. 0. 1. 1. 0. 0. 1. 0. 1. 1. 0. 0. 1. 0. 0. 1. 1. 0. 1. 1. 0. 0. 0.
 0. 1. 1. 0. 0. 1. 0. 0. 1. 0. 1. 1. 1. 0. 0. 0. 1. 1. 0. 0. 0. 0. 1. 0.
 0. 1. 0. 1. 1. 1. 1. 0. 0. 0. 0. 1. 1. 1. 1. 0. 1. 1. 1. 1. 0. 1. 0. 0.
 1. 0. 0. 1. 1. 1. 1. 1. 0. 0. 1. 1. 1. 0. 0. 1. 0. 1. 0. 0. 1. 0. 1. 0.
 1. 0. 0. 0.]"
65,randomforest,"{'criterion': 'gini', 'max_features': 'log2', 'n_estimators': 69}",0.5936242286234925,0.16968361906071855,0.1770338323938181,0.31743413949541094,0.585336228884616,0.1799925535795514,0.5780703587600139,0.15671641791044777,0.5783582089552238,0.5783582089552239,"{0: 0.5910559144575628, 1: 0.5910559144575629}","{0: 0.5910559144575628, 1: 0.5910559144575629}",0.5910559144575629,"[[74 60]
 [53 81]]","[1. 0. 0. 0. 0. 1. 0. 1. 1. 0. 0. 0. 1. 0. 0. 0. 0. 0. 0. 0. 0. 1. 0. 0.
 1. 0. 1. 1. 1. 1. 1. 0. 0. 0. 1. 0. 0. 0. 1. 0. 0. 1. 1. 1. 0. 1. 1. 0.
 0. 0. 1. 0. 1. 1. 1. 1. 1. 1. 0. 1. 1. 0. 1. 0. 0. 0. 1. 1. 1. 1. 0. 0.
 1. 1. 0. 1. 1. 0. 0. 0. 1. 1. 1. 1. 0. 1. 1. 1. 1. 1. 1. 1. 0. 1. 1. 1.
 0. 0. 0. 1. 0. 1. 1. 1. 0. 0. 0. 0. 0. 1. 0. 0. 0. 1. 1. 0. 1. 0. 0. 0.
 0. 1. 1. 1. 1. 1. 1. 1. 1. 0. 0. 1. 1. 0. 1. 0. 0. 1. 0. 1. 1. 0. 1. 0.
 1. 0. 0. 0. 0. 1. 1. 0. 1. 0. 0. 1. 1. 0. 1. 0. 1. 1. 0. 0. 1. 1. 0. 1.
 1. 1. 0. 1. 1. 0. 0. 1. 1. 0. 1. 0. 0. 1. 1. 1. 0. 0. 1. 1. 0. 0. 1. 1.
 0. 1. 1. 0. 1. 1. 0. 1. 0. 0. 1. 1. 0. 0. 0. 0. 1. 1. 0. 1. 1. 1. 0. 0.
 1. 1. 0. 1. 0. 0. 0. 0. 1. 1. 1. 0. 1. 1. 1. 1. 1. 1. 1. 1. 0. 1. 0. 0.
 1. 1. 0. 0. 1. 1. 0. 1. 0. 0. 1. 0. 1. 0. 0. 1. 0. 1. 0. 1. 0. 0. 1. 1.
 1. 0. 1. 0.]","[0. 1. 0. 0. 0. 1. 1. 1. 0. 0. 0. 0. 0. 1. 0. 0. 1. 1. 0. 0. 0. 0. 0. 1.
 0. 0. 1. 0. 1. 0. 0. 1. 0. 1. 1. 0. 0. 0. 1. 0. 0. 0. 1. 1. 1. 0. 1. 0.
 1. 0. 1. 1. 0. 1. 1. 1. 1. 0. 1. 0. 0. 1. 1. 1. 0. 0. 0. 1. 1. 0. 1. 1.
 0. 0. 1. 0. 0. 1. 0. 1. 0. 1. 1. 1. 0. 1. 0. 1. 1. 1. 1. 1. 1. 1. 1. 0.
 0. 0. 1. 1. 1. 0. 0. 1. 1. 1. 0. 0. 0. 1. 1. 1. 0. 0. 0. 0. 1. 1. 1. 0.
 1. 0. 0. 1. 1. 0. 0. 0. 0. 1. 0. 0. 1. 1. 0. 1. 1. 1. 0. 1. 1. 0. 1. 0.
 1. 1. 0. 0. 0. 1. 1. 0. 1. 1. 0. 1. 0. 0. 0. 1. 1. 1. 0. 1. 0. 1. 1. 0.
 1. 0. 0. 1. 1. 0. 0. 1. 0. 1. 1. 0. 0. 1. 0. 0. 1. 1. 0. 1. 1. 0. 0. 0.
 0. 1. 1. 0. 0. 1. 0. 0. 1. 0. 1. 1. 1. 0. 0. 0. 1. 1. 0. 0. 0. 0. 1. 0.
 0. 1. 0. 1. 1. 1. 1. 0. 0. 0. 0. 1. 1. 1. 1. 0. 1. 1. 1. 1. 0. 1. 0. 0.
 1. 0. 0. 1. 1. 1. 1. 1. 0. 0. 1. 1. 1. 0. 0. 1. 0. 1. 0. 0. 1. 0. 1. 0.
 1. 0. 0. 0.]"
491,randomforest,"{'criterion': 'gini', 'max_features': 'sqrt', 'n_estimators': 497}",0.58887402042051,0.18705427564564636,0.17701367342277585,0.32466055229639285,0.5836452078387562,0.1906678225570709,0.5665607049244326,0.13432835820895528,0.5671641791044776,0.5671641791044776,"{0: 0.5863499665849855, 1: 0.5863499665849855}","{0: 0.5863499665849855, 1: 0.5863499665849855}",0.5863499665849855,"[[71 63]
 [53 81]]","[1. 0. 0. 0. 0. 1. 0. 1. 1. 0. 0. 0. 1. 0. 0. 0. 1. 0. 0. 0. 0. 1. 0. 0.
 1. 0. 1. 1. 1. 1. 1. 0. 0. 0. 1. 0. 0. 0. 1. 0. 1. 0. 1. 0. 0. 0. 1. 1.
 0. 0. 1. 0. 1. 1. 1. 1. 1. 1. 0. 1. 1. 0. 1. 1. 0. 0. 1. 1. 1. 1. 0. 0.
 0. 1. 0. 1. 1. 0. 0. 0. 1. 1. 1. 0. 0. 1. 0. 1. 1. 1. 1. 1. 0. 1. 1. 1.
 0. 0. 1. 1. 0. 1. 1. 0. 0. 0. 0. 1. 0. 1. 0. 0. 0. 1. 1. 0. 1. 0. 0. 0.
 0. 1. 1. 1. 1. 1. 1. 1. 1. 0. 0. 1. 1. 0. 1. 1. 0. 1. 0. 1. 1. 0. 0. 0.
 0. 0. 0. 0. 1. 1. 1. 0. 1. 1. 0. 1. 1. 0. 1. 0. 1. 1. 0. 0. 1. 1. 0. 1.
 1. 1. 0. 1. 1. 0. 0. 1. 1. 0. 1. 0. 0. 1. 1. 1. 0. 0. 1. 1. 0. 0. 1. 1.
 1. 1. 1. 1. 1. 1. 0. 1. 0. 0. 1. 1. 0. 0. 0. 0. 1. 1. 0. 1. 1. 1. 0. 0.
 1. 1. 0. 1. 0. 0. 0. 0. 1. 1. 1. 0. 1. 0. 1. 1. 1. 1. 1. 1. 0. 1. 0. 0.
 1. 1. 0. 0. 1. 1. 1. 1. 0. 1. 1. 0. 1. 0. 0. 1. 0. 1. 0. 1. 0. 0. 1. 1.
 1. 0. 1. 0.]","[0. 1. 0. 0. 0. 1. 1. 1. 0. 0. 0. 0. 0. 1. 0. 0. 1. 1. 0. 0. 0. 0. 0. 1.
 0. 0. 1. 0. 1. 0. 0. 1. 0. 1. 1. 0. 0. 0. 1. 0. 0. 0. 1. 1. 1. 0. 1. 0.
 1. 0. 1. 1. 0. 1. 1. 1. 1. 0. 1. 0. 0. 1. 1. 1. 0. 0. 0. 1. 1. 0. 1. 1.
 0. 0. 1. 0. 0. 1. 0. 1. 0. 1. 1. 1. 0. 1. 0. 1. 1. 1. 1. 1. 1. 1. 1. 0.
 0. 0. 1. 1. 1. 0. 0. 1. 1. 1. 0. 0. 0. 1. 1. 1. 0. 0. 0. 0. 1. 1. 1. 0.
 1. 0. 0. 1. 1. 0. 0. 0. 0. 1. 0. 0. 1. 1. 0. 1. 1. 1. 0. 1. 1. 0. 1. 0.
 1. 1. 0. 0. 0. 1. 1. 0. 1. 1. 0. 1. 0. 0. 0. 1. 1. 1. 0. 1. 0. 1. 1. 0.
 1. 0. 0. 1. 1. 0. 0. 1. 0. 1. 1. 0. 0. 1. 0. 0. 1. 1. 0. 1. 1. 0. 0. 0.
 0. 1. 1. 0. 0. 1. 0. 0. 1. 0. 1. 1. 1. 0. 0. 0. 1. 1. 0. 0. 0. 0. 1. 0.
 0. 1. 0. 1. 1. 1. 1. 0. 0. 0. 0. 1. 1. 1. 1. 0. 1. 1. 1. 1. 0. 1. 0. 0.
 1. 0. 0. 1. 1. 1. 1. 1. 0. 0. 1. 1. 1. 0. 0. 1. 0. 1. 0. 0. 1. 0. 1. 0.
 1. 0. 0. 0.]"
822,randomforest,"{'criterion': 'gini', 'max_features': 'sqrt', 'n_estimators': 485}",0.5952748735810617,0.18721757075166748,0.17696356045871106,0.3515101543336487,0.5884507051341729,0.19489479109668162,0.57830536795934,0.15671641791044777,0.5783582089552238,0.5783582089552239,"{0: 0.5937291156159501, 1: 0.5937291156159501}","{0: 0.5937291156159501, 1: 0.5937291156159501}",0.5937291156159501,"[[76 58]
 [55 79]]","[1. 0. 0. 0. 0. 1. 0. 1. 1. 0. 0. 0. 1. 0. 0. 0. 1. 0. 0. 0. 0. 1. 0. 0.
 0. 0. 1. 1. 1. 1. 1. 0. 0. 0. 1. 0. 1. 0. 1. 0. 0. 0. 1. 1. 0. 0. 1. 0.
 0. 0. 1. 0. 0. 1. 1. 1. 1. 1. 0. 1. 1. 0. 1. 1. 0. 0. 1. 1. 1. 1. 0. 0.
 1. 1. 0. 1. 1. 0. 0. 0. 0. 1. 1. 0. 0. 1. 0. 1. 1. 1. 1. 1. 0. 1. 1. 1.
 0. 0. 1. 1. 0. 1. 1. 0. 0. 0. 0. 1. 0. 1. 0. 0. 0. 1. 1. 1. 1. 0. 0. 0.
 0. 1. 1. 1. 1. 1. 1. 1. 1. 0. 0. 1. 1. 0. 1. 1. 0. 1. 0. 1. 0. 0. 0. 0.
 1. 0. 0. 0. 1. 1. 1. 0. 1. 0. 0. 1. 1. 0. 1. 0. 1. 1. 0. 0. 1. 1. 0. 1.
 1. 1. 0. 1. 1. 0. 0. 1. 1. 0. 1. 0. 0. 1. 1. 1. 0. 0. 1. 1. 0. 0. 1. 1.
 1. 1. 0. 0. 0. 1. 0. 0. 0. 0. 1. 1. 0. 0. 0. 0. 1. 1. 0. 1. 1. 1. 0. 0.
 1. 1. 0. 1. 0. 0. 0. 0. 1. 1. 1. 0. 1. 0. 0. 1. 1. 1. 1. 1. 0. 1. 0. 0.
 1. 1. 0. 0. 1. 1. 1. 1. 0. 1. 1. 0. 1. 0. 0. 1. 0. 1. 0. 1. 0. 0. 1. 1.
 1. 0. 1. 0.]","[0. 1. 0. 0. 0. 1. 1. 1. 0. 0. 0. 0. 0. 1. 0. 0. 1. 1. 0. 0. 0. 0. 0. 1.
 0. 0. 1. 0. 1. 0. 0. 1. 0. 1. 1. 0. 0. 0. 1. 0. 0. 0. 1. 1. 1. 0. 1. 0.
 1. 0. 1. 1. 0. 1. 1. 1. 1. 0. 1. 0. 0. 1. 1. 1. 0. 0. 0. 1. 1. 0. 1. 1.
 0. 0. 1. 0. 0. 1. 0. 1. 0. 1. 1. 1. 0. 1. 0. 1. 1. 1. 1. 1. 1. 1. 1. 0.
 0. 0. 1. 1. 1. 0. 0. 1. 1. 1. 0. 0. 0. 1. 1. 1. 0. 0. 0. 0. 1. 1. 1. 0.
 1. 0. 0. 1. 1. 0. 0. 0. 0. 1. 0. 0. 1. 1. 0. 1. 1. 1. 0. 1. 1. 0. 1. 0.
 1. 1. 0. 0. 0. 1. 1. 0. 1. 1. 0. 1. 0. 0. 0. 1. 1. 1. 0. 1. 0. 1. 1. 0.
 1. 0. 0. 1. 1. 0. 0. 1. 0. 1. 1. 0. 0. 1. 0. 0. 1. 1. 0. 1. 1. 0. 0. 0.
 0. 1. 1. 0. 0. 1. 0. 0. 1. 0. 1. 1. 1. 0. 0. 0. 1. 1. 0. 0. 0. 0. 1. 0.
 0. 1. 0. 1. 1. 1. 1. 0. 0. 0. 0. 1. 1. 1. 1. 0. 1. 1. 1. 1. 0. 1. 0. 0.
 1. 0. 0. 1. 1. 1. 1. 1. 0. 0. 1. 1. 1. 0. 0. 1. 0. 1. 0. 0. 1. 0. 1. 0.
 1. 0. 0. 0.]"
251,randomforest,"{'criterion': 'gini', 'max_features': 'log2', 'n_estimators': 517}",0.5876475991899379,0.19729600112361176,0.1769370605934815,0.36347958589453827,0.5782447652407329,0.20733554952305133,0.5633781243472812,0.12686567164179108,0.5634328358208955,0.5634328358208955,"{0: 0.5905825350857653, 1: 0.5905825350857652}","{0: 0.5905825350857653, 1: 0.5905825350857652}",0.5905825350857652,"[[74 60]
 [57 77]]","[1. 0. 0. 0. 0. 1. 0. 1. 1. 0. 0. 0. 1. 0. 0. 0. 1. 0. 0. 0. 0. 1. 0. 0.
 0. 0. 1. 1. 1. 1. 1. 0. 0. 0. 1. 0. 1. 0. 1. 0. 0. 0. 1. 0. 0. 0. 1. 1.
 0. 0. 1. 0. 1. 1. 1. 1. 1. 1. 0. 1. 1. 0. 1. 1. 0. 0. 1. 1. 1. 1. 0. 0.
 1. 1. 0. 1. 1. 0. 0. 0. 1. 1. 1. 0. 0. 1. 0. 1. 1. 1. 1. 1. 0. 1. 1. 1.
 0. 0. 1. 1. 0. 1. 0. 0. 0. 0. 0. 0. 0. 1. 0. 0. 0. 1. 1. 0. 1. 0. 0. 0.
 0. 1. 1. 1. 1. 1. 1. 1. 1. 0. 0. 1. 1. 0. 1. 1. 0. 1. 0. 1. 1. 0. 0. 0.
 0. 0. 0. 0. 1. 1. 1. 0. 1. 0. 0. 1. 1. 0. 1. 0. 1. 1. 0. 0. 1. 1. 0. 1.
 1. 1. 0. 1. 1. 0. 0. 1. 1. 0. 1. 0. 0. 0. 1. 1. 0. 0. 1. 1. 0. 0. 1. 1.
 0. 1. 1. 1. 1. 1. 0. 0. 0. 0. 1. 1. 0. 0. 0. 1. 1. 1. 0. 1. 1. 1. 0. 0.
 1. 1. 0. 1. 0. 0. 0. 0. 1. 1. 1. 0. 0. 0. 0. 1. 1. 1. 1. 1. 0. 1. 0. 0.
 1. 1. 0. 0. 1. 1. 1. 1. 0. 1. 1. 0. 1. 0. 0. 1. 0. 1. 0. 1. 0. 0. 1. 1.
 1. 0. 1. 0.]","[0. 1. 0. 0. 0. 1. 1. 1. 0. 0. 0. 0. 0. 1. 0. 0. 1. 1. 0. 0. 0. 0. 0. 1.
 0. 0. 1. 0. 1. 0. 0. 1. 0. 1. 1. 0. 0. 0. 1. 0. 0. 0. 1. 1. 1. 0. 1. 0.
 1. 0. 1. 1. 0. 1. 1. 1. 1. 0. 1. 0. 0. 1. 1. 1. 0. 0. 0. 1. 1. 0. 1. 1.
 0. 0. 1. 0. 0. 1. 0. 1. 0. 1. 1. 1. 0. 1. 0. 1. 1. 1. 1. 1. 1. 1. 1. 0.
 0. 0. 1. 1. 1. 0. 0. 1. 1. 1. 0. 0. 0. 1. 1. 1. 0. 0. 0. 0. 1. 1. 1. 0.
 1. 0. 0. 1. 1. 0. 0. 0. 0. 1. 0. 0. 1. 1. 0. 1. 1. 1. 0. 1. 1. 0. 1. 0.
 1. 1. 0. 0. 0. 1. 1. 0. 1. 1. 0. 1. 0. 0. 0. 1. 1. 1. 0. 1. 0. 1. 1. 0.
 1. 0. 0. 1. 1. 0. 0. 1. 0. 1. 1. 0. 0. 1. 0. 0. 1. 1. 0. 1. 1. 0. 0. 0.
 0. 1. 1. 0. 0. 1. 0. 0. 1. 0. 1. 1. 1. 0. 0. 0. 1. 1. 0. 0. 0. 0. 1. 0.
 0. 1. 0. 1. 1. 1. 1. 0. 0. 0. 0. 1. 1. 1. 1. 0. 1. 1. 1. 1. 0. 1. 0. 0.
 1. 0. 0. 1. 1. 1. 1. 1. 0. 0. 1. 1. 1. 0. 0. 1. 0. 1. 0. 0. 1. 0. 1. 0.
 1. 0. 0. 0.]"
46,randomforest,"{'criterion': 'gini', 'max_features': 'log2', 'n_estimators': 221}",0.5879810260096998,0.1917076732348049,0.17676819484294223,0.359196208003607,0.5801020477431768,0.1985559232113254,0.5665607049244326,0.13432835820895528,0.5671641791044776,0.5671641791044776,"{0: 0.5847627533971932, 1: 0.5847627533971931}","{0: 0.5847627533971932, 1: 0.5847627533971931}",0.5847627533971931,"[[71 63]
 [53 81]]","[1. 0. 0. 0. 0. 1. 0. 1. 1. 0. 1. 0. 1. 0. 0. 0. 1. 0. 0. 0. 0. 1. 1. 0.
 0. 0. 1. 1. 1. 1. 1. 0. 0. 0. 1. 0. 1. 0. 1. 0. 0. 0. 1. 0. 0. 0. 1. 1.
 0. 0. 1. 0. 1. 1. 1. 1. 1. 1. 0. 1. 0. 0. 1. 0. 0. 0. 1. 1. 1. 1. 0. 0.
 0. 1. 0. 1. 1. 0. 0. 0. 1. 1. 1. 1. 0. 1. 0. 1. 1. 1. 1. 1. 0. 1. 1. 1.
 0. 0. 1. 1. 0. 1. 1. 0. 0. 0. 0. 0. 0. 1. 0. 0. 1. 1. 1. 0. 1. 0. 0. 0.
 0. 1. 1. 1. 1. 1. 1. 1. 1. 0. 0. 1. 1. 0. 1. 1. 0. 1. 0. 1. 1. 0. 0. 0.
 0. 0. 0. 0. 1. 1. 1. 0. 1. 1. 0. 1. 1. 0. 1. 0. 1. 1. 0. 0. 1. 1. 0. 1.
 1. 1. 1. 1. 1. 1. 0. 1. 1. 0. 1. 0. 0. 1. 1. 1. 0. 0. 1. 1. 0. 0. 1. 1.
 1. 1. 1. 1. 1. 1. 0. 0. 0. 0. 1. 1. 0. 0. 0. 0. 1. 1. 0. 1. 1. 1. 0. 0.
 1. 1. 0. 1. 0. 0. 0. 0. 1. 1. 1. 0. 1. 0. 1. 1. 1. 1. 1. 1. 0. 1. 0. 0.
 1. 1. 0. 0. 1. 1. 1. 1. 0. 0. 1. 0. 1. 0. 0. 1. 0. 1. 0. 1. 0. 0. 1. 1.
 1. 0. 1. 0.]","[0. 1. 0. 0. 0. 1. 1. 1. 0. 0. 0. 0. 0. 1. 0. 0. 1. 1. 0. 0. 0. 0. 0. 1.
 0. 0. 1. 0. 1. 0. 0. 1. 0. 1. 1. 0. 0. 0. 1. 0. 0. 0. 1. 1. 1. 0. 1. 0.
 1. 0. 1. 1. 0. 1. 1. 1. 1. 0. 1. 0. 0. 1. 1. 1. 0. 0. 0. 1. 1. 0. 1. 1.
 0. 0. 1. 0. 0. 1. 0. 1. 0. 1. 1. 1. 0. 1. 0. 1. 1. 1. 1. 1. 1. 1. 1. 0.
 0. 0. 1. 1. 1. 0. 0. 1. 1. 1. 0. 0. 0. 1. 1. 1. 0. 0. 0. 0. 1. 1. 1. 0.
 1. 0. 0. 1. 1. 0. 0. 0. 0. 1. 0. 0. 1. 1. 0. 1. 1. 1. 0. 1. 1. 0. 1. 0.
 1. 1. 0. 0. 0. 1. 1. 0. 1. 1. 0. 1. 0. 0. 0. 1. 1. 1. 0. 1. 0. 1. 1. 0.
 1. 0. 0. 1. 1. 0. 0. 1. 0. 1. 1. 0. 0. 1. 0. 0. 1. 1. 0. 1. 1. 0. 0. 0.
 0. 1. 1. 0. 0. 1. 0. 0. 1. 0. 1. 1. 1. 0. 0. 0. 1. 1. 0. 0. 0. 0. 1. 0.
 0. 1. 0. 1. 1. 1. 1. 0. 0. 0. 0. 1. 1. 1. 1. 0. 1. 1. 1. 1. 0. 1. 0. 0.
 1. 0. 0. 1. 1. 1. 1. 1. 0. 0. 1. 1. 1. 0. 0. 1. 0. 1. 0. 0. 1. 0. 1. 0.
 1. 0. 0. 0.]"
109,randomforest,"{'criterion': 'entropy', 'max_features': None, 'n_estimators': 473}",0.5865971581353945,0.1903016023238881,0.17665604303530613,0.3384541730445972,0.5796033025367703,0.19274119307562415,0.5707461106700651,0.14179104477611937,0.5708955223880597,0.5708955223880597,"{0: 0.5917520605925596, 1: 0.5917520605925595}","{0: 0.5917520605925596, 1: 0.5917520605925595}",0.5917520605925595,"[[74 60]
 [55 79]]","[1. 0. 0. 0. 0. 1. 0. 1. 1. 0. 0. 0. 1. 0. 0. 0. 1. 0. 0. 0. 0. 1. 0. 0.
 0. 0. 1. 1. 1. 1. 1. 0. 0. 0. 1. 0. 0. 0. 1. 0. 0. 0. 1. 0. 0. 1. 1. 0.
 0. 0. 1. 0. 0. 1. 1. 1. 1. 1. 0. 1. 0. 0. 1. 0. 0. 0. 1. 1. 1. 1. 0. 0.
 1. 1. 0. 1. 1. 0. 1. 0. 1. 1. 1. 0. 0. 1. 1. 1. 1. 1. 1. 1. 0. 1. 1. 1.
 0. 0. 1. 1. 0. 1. 1. 0. 0. 0. 0. 1. 0. 1. 0. 0. 0. 1. 1. 0. 1. 0. 0. 0.
 0. 1. 1. 1. 1. 1. 1. 1. 1. 0. 0. 0. 1. 0. 1. 0. 0. 1. 0. 1. 1. 0. 0. 0.
 1. 0. 0. 0. 1. 1. 1. 0. 1. 1. 0. 1. 1. 0. 1. 0. 1. 1. 0. 0. 1. 1. 0. 1.
 1. 1. 0. 1. 1. 1. 0. 1. 1. 0. 1. 0. 0. 1. 1. 1. 0. 0. 1. 1. 1. 0. 1. 1.
 0. 1. 0. 0. 1. 1. 0. 1. 0. 0. 1. 1. 0. 0. 0. 0. 1. 1. 0. 1. 1. 1. 0. 0.
 1. 1. 0. 1. 0. 0. 0. 0. 1. 1. 1. 0. 0. 0. 1. 1. 1. 1. 1. 1. 0. 1. 0. 0.
 1. 1. 0. 0. 1. 1. 1. 1. 0. 1. 1. 0. 1. 0. 0. 1. 0. 1. 0. 1. 0. 0. 1. 1.
 1. 0. 1. 0.]","[0. 1. 0. 0. 0. 1. 1. 1. 0. 0. 0. 0. 0. 1. 0. 0. 1. 1. 0. 0. 0. 0. 0. 1.
 0. 0. 1. 0. 1. 0. 0. 1. 0. 1. 1. 0. 0. 0. 1. 0. 0. 0. 1. 1. 1. 0. 1. 0.
 1. 0. 1. 1. 0. 1. 1. 1. 1. 0. 1. 0. 0. 1. 1. 1. 0. 0. 0. 1. 1. 0. 1. 1.
 0. 0. 1. 0. 0. 1. 0. 1. 0. 1. 1. 1. 0. 1. 0. 1. 1. 1. 1. 1. 1. 1. 1. 0.
 0. 0. 1. 1. 1. 0. 0. 1. 1. 1. 0. 0. 0. 1. 1. 1. 0. 0. 0. 0. 1. 1. 1. 0.
 1. 0. 0. 1. 1. 0. 0. 0. 0. 1. 0. 0. 1. 1. 0. 1. 1. 1. 0. 1. 1. 0. 1. 0.
 1. 1. 0. 0. 0. 1. 1. 0. 1. 1. 0. 1. 0. 0. 0. 1. 1. 1. 0. 1. 0. 1. 1. 0.
 1. 0. 0. 1. 1. 0. 0. 1. 0. 1. 1. 0. 0. 1. 0. 0. 1. 1. 0. 1. 1. 0. 0. 0.
 0. 1. 1. 0. 0. 1. 0. 0. 1. 0. 1. 1. 1. 0. 0. 0. 1. 1. 0. 0. 0. 0. 1. 0.
 0. 1. 0. 1. 1. 1. 1. 0. 0. 0. 0. 1. 1. 1. 1. 0. 1. 1. 1. 1. 0. 1. 0. 0.
 1. 0. 0. 1. 1. 1. 1. 1. 0. 0. 1. 1. 1. 0. 0. 1. 0. 1. 0. 0. 1. 0. 1. 0.
 1. 0. 0. 0.]"
731,randomforest,"{'criterion': 'gini', 'max_features': 'sqrt', 'n_estimators': 145}",0.5851220511295226,0.1817117602855608,0.1766363459263167,0.32296026202933836,0.5766149173407238,0.18829668356854823,0.5708895479164056,0.14179104477611937,0.5708955223880597,0.5708955223880596,"{0: 0.5975439964357318, 1: 0.5975439964357318}","{0: 0.5975439964357318, 1: 0.5975439964357318}",0.5975439964357318,"[[76 58]
 [57 77]]","[1. 0. 0. 0. 0. 1. 0. 1. 1. 0. 0. 0. 1. 0. 0. 0. 1. 0. 0. 0. 0. 1. 0. 0.
 0. 0. 0. 1. 1. 1. 1. 0. 0. 0. 1. 0. 1. 0. 1. 0. 0. 0. 1. 0. 0. 0. 1. 0.
 0. 0. 1. 0. 0. 1. 1. 1. 1. 1. 0. 1. 1. 0. 1. 1. 0. 0. 1. 1. 1. 1. 0. 0.
 0. 1. 0. 1. 1. 0. 0. 0. 1. 1. 1. 0. 0. 1. 0. 1. 1. 1. 1. 1. 0. 1. 1. 1.
 0. 0. 1. 1. 0. 1. 0. 0. 0. 0. 0. 1. 0. 1. 0. 0. 0. 1. 1. 0. 1. 0. 0. 0.
 0. 1. 1. 1. 1. 1. 1. 1. 1. 0. 0. 1. 1. 0. 1. 1. 0. 1. 0. 1. 0. 0. 0. 0.
 1. 0. 0. 0. 1. 1. 1. 0. 1. 1. 0. 1. 1. 0. 1. 0. 1. 1. 0. 0. 1. 0. 0. 1.
 1. 1. 0. 1. 1. 0. 0. 1. 1. 0. 1. 0. 0. 0. 1. 1. 0. 0. 1. 1. 0. 0. 1. 1.
 0. 1. 1. 1. 1. 1. 0. 0. 0. 0. 1. 1. 0. 0. 0. 1. 1. 1. 0. 1. 1. 1. 0. 0.
 1. 1. 0. 1. 0. 0. 0. 0. 1. 1. 1. 0. 0. 1. 0. 1. 1. 1. 1. 1. 0. 1. 0. 0.
 1. 1. 0. 0. 1. 1. 1. 1. 0. 1. 1. 0. 1. 0. 0. 1. 0. 1. 0. 1. 0. 0. 1. 1.
 1. 0. 1. 0.]","[0. 1. 0. 0. 0. 1. 1. 1. 0. 0. 0. 0. 0. 1. 0. 0. 1. 1. 0. 0. 0. 0. 0. 1.
 0. 0. 1. 0. 1. 0. 0. 1. 0. 1. 1. 0. 0. 0. 1. 0. 0. 0. 1. 1. 1. 0. 1. 0.
 1. 0. 1. 1. 0. 1. 1. 1. 1. 0. 1. 0. 0. 1. 1. 1. 0. 0. 0. 1. 1. 0. 1. 1.
 0. 0. 1. 0. 0. 1. 0. 1. 0. 1. 1. 1. 0. 1. 0. 1. 1. 1. 1. 1. 1. 1. 1. 0.
 0. 0. 1. 1. 1. 0. 0. 1. 1. 1. 0. 0. 0. 1. 1. 1. 0. 0. 0. 0. 1. 1. 1. 0.
 1. 0. 0. 1. 1. 0. 0. 0. 0. 1. 0. 0. 1. 1. 0. 1. 1. 1. 0. 1. 1. 0. 1. 0.
 1. 1. 0. 0. 0. 1. 1. 0. 1. 1. 0. 1. 0. 0. 0. 1. 1. 1. 0. 1. 0. 1. 1. 0.
 1. 0. 0. 1. 1. 0. 0. 1. 0. 1. 1. 0. 0. 1. 0. 0. 1. 1. 0. 1. 1. 0. 0. 0.
 0. 1. 1. 0. 0. 1. 0. 0. 1. 0. 1. 1. 1. 0. 0. 0. 1. 1. 0. 0. 0. 0. 1. 0.
 0. 1. 0. 1. 1. 1. 1. 0. 0. 0. 0. 1. 1. 1. 1. 0. 1. 1. 1. 1. 0. 1. 0. 0.
 1. 0. 0. 1. 1. 1. 1. 1. 0. 0. 1. 1. 1. 0. 0. 1. 0. 1. 0. 0. 1. 0. 1. 0.
 1. 0. 0. 0.]"
671,randomforest,"{'criterion': 'gini', 'max_features': None, 'n_estimators': 171}",0.603769892390623,0.19285580382453404,0.17655157048984593,0.3373312133261995,0.6002933763518441,0.1893080461816296,0.5778821627197077,0.15671641791044777,0.5783582089552238,0.5783582089552239,"{0: 0.5855702829137893, 1: 0.5855702829137893}","{0: 0.5855702829137893, 1: 0.5855702829137893}",0.5855702829137893,"[[73 61]
 [52 82]]","[1. 0. 0. 0. 0. 1. 0. 1. 1. 0. 0. 0. 1. 0. 0. 0. 1. 0. 0. 0. 0. 1. 1. 0.
 0. 0. 1. 1. 1. 1. 1. 0. 0. 0. 1. 1. 1. 0. 1. 0. 0. 0. 1. 0. 0. 1. 1. 0.
 0. 0. 1. 0. 0. 1. 1. 1. 1. 1. 0. 1. 1. 0. 1. 1. 0. 0. 1. 1. 1. 1. 0. 0.
 1. 1. 0. 1. 1. 0. 0. 0. 1. 1. 1. 0. 0. 1. 1. 1. 1. 1. 1. 1. 0. 1. 1. 1.
 0. 0. 1. 1. 0. 1. 0. 0. 1. 0. 0. 1. 0. 1. 0. 0. 0. 1. 1. 0. 1. 0. 0. 0.
 0. 1. 1. 1. 1. 1. 1. 1. 1. 0. 0. 0. 1. 0. 1. 1. 0. 1. 0. 1. 1. 0. 1. 0.
 0. 0. 0. 0. 0. 1. 1. 0. 1. 1. 0. 1. 1. 0. 1. 0. 1. 1. 0. 0. 1. 1. 0. 1.
 1. 1. 0. 1. 1. 0. 0. 1. 1. 0. 1. 0. 0. 1. 1. 1. 0. 0. 1. 1. 0. 0. 1. 1.
 1. 1. 0. 0. 0. 1. 0. 1. 1. 0. 1. 1. 0. 1. 0. 0. 1. 1. 0. 1. 1. 1. 0. 0.
 1. 1. 1. 1. 0. 0. 0. 0. 1. 1. 1. 0. 0. 0. 1. 1. 1. 1. 1. 1. 0. 1. 0. 0.
 1. 1. 0. 0. 1. 1. 1. 1. 0. 0. 1. 0. 1. 0. 0. 1. 0. 1. 0. 1. 0. 0. 1. 1.
 1. 0. 1. 0.]","[0. 1. 0. 0. 0. 1. 1. 1. 0. 0. 0. 0. 0. 1. 0. 0. 1. 1. 0. 0. 0. 0. 0. 1.
 0. 0. 1. 0. 1. 0. 0. 1. 0. 1. 1. 0. 0. 0. 1. 0. 0. 0. 1. 1. 1. 0. 1. 0.
 1. 0. 1. 1. 0. 1. 1. 1. 1. 0. 1. 0. 0. 1. 1. 1. 0. 0. 0. 1. 1. 0. 1. 1.
 0. 0. 1. 0. 0. 1. 0. 1. 0. 1. 1. 1. 0. 1. 0. 1. 1. 1. 1. 1. 1. 1. 1. 0.
 0. 0. 1. 1. 1. 0. 0. 1. 1. 1. 0. 0. 0. 1. 1. 1. 0. 0. 0. 0. 1. 1. 1. 0.
 1. 0. 0. 1. 1. 0. 0. 0. 0. 1. 0. 0. 1. 1. 0. 1. 1. 1. 0. 1. 1. 0. 1. 0.
 1. 1. 0. 0. 0. 1. 1. 0. 1. 1. 0. 1. 0. 0. 0. 1. 1. 1. 0. 1. 0. 1. 1. 0.
 1. 0. 0. 1. 1. 0. 0. 1. 0. 1. 1. 0. 0. 1. 0. 0. 1. 1. 0. 1. 1. 0. 0. 0.
 0. 1. 1. 0. 0. 1. 0. 0. 1. 0. 1. 1. 1. 0. 0. 0. 1. 1. 0. 0. 0. 0. 1. 0.
 0. 1. 0. 1. 1. 1. 1. 0. 0. 0. 0. 1. 1. 1. 1. 0. 1. 1. 1. 1. 0. 1. 0. 0.
 1. 0. 0. 1. 1. 1. 1. 1. 0. 0. 1. 1. 1. 0. 0. 1. 0. 1. 0. 0. 1. 0. 1. 0.
 1. 0. 0. 0.]"
270,randomforest,"{'criterion': 'gini', 'max_features': 'log2', 'n_estimators': 205}",0.5817997418184536,0.17809987059198956,0.1764339394455474,0.31281587927113913,0.5745818175253659,0.18563259289017564,0.5634267574453866,0.12686567164179108,0.5634328358208955,0.5634328358208955,"{0: 0.581894631321007, 1: 0.5818946313210068}","{0: 0.581894631321007, 1: 0.5818946313210068}",0.5818946313210068,"[[75 59]
 [58 76]]","[1. 0. 0. 0. 0. 1. 0. 1. 1. 0. 0. 0. 1. 0. 0. 0. 0. 0. 0. 0. 0. 1. 0. 0.
 0. 0. 1. 1. 1. 1. 1. 0. 0. 0. 1. 0. 1. 0. 1. 0. 0. 0. 1. 0. 0. 0. 1. 1.
 0. 0. 1. 0. 1. 1. 1. 1. 1. 1. 0. 1. 1. 0. 1. 0. 0. 0. 1. 1. 1. 1. 0. 0.
 1. 1. 0. 1. 1. 0. 0. 0. 1. 1. 1. 0. 0. 1. 0. 1. 1. 1. 1. 1. 0. 1. 1. 1.
 0. 0. 1. 1. 0. 1. 0. 0. 0. 0. 0. 1. 0. 1. 0. 0. 0. 1. 1. 0. 1. 0. 0. 0.
 0. 1. 1. 1. 1. 1. 1. 1. 1. 0. 0. 1. 1. 0. 1. 1. 0. 1. 0. 1. 0. 0. 1. 0.
 1. 0. 0. 0. 1. 1. 1. 0. 0. 1. 0. 1. 1. 0. 1. 0. 1. 1. 0. 0. 1. 1. 0. 1.
 1. 1. 0. 1. 1. 0. 0. 1. 1. 0. 1. 0. 0. 1. 1. 1. 0. 0. 1. 1. 0. 0. 1. 1.
 1. 1. 1. 0. 0. 1. 0. 0. 0. 0. 1. 1. 0. 0. 0. 0. 1. 1. 0. 1. 1. 1. 0. 0.
 1. 0. 0. 1. 0. 0. 0. 0. 1. 1. 1. 0. 0. 0. 1. 1. 1. 1. 1. 1. 0. 1. 0. 0.
 1. 1. 0. 0. 1. 1. 0. 1. 0. 1. 1. 0. 1. 0. 0. 1. 0. 1. 0. 1. 0. 0. 1. 1.
 1. 0. 1. 0.]","[0. 1. 0. 0. 0. 1. 1. 1. 0. 0. 0. 0. 0. 1. 0. 0. 1. 1. 0. 0. 0. 0. 0. 1.
 0. 0. 1. 0. 1. 0. 0. 1. 0. 1. 1. 0. 0. 0. 1. 0. 0. 0. 1. 1. 1. 0. 1. 0.
 1. 0. 1. 1. 0. 1. 1. 1. 1. 0. 1. 0. 0. 1. 1. 1. 0. 0. 0. 1. 1. 0. 1. 1.
 0. 0. 1. 0. 0. 1. 0. 1. 0. 1. 1. 1. 0. 1. 0. 1. 1. 1. 1. 1. 1. 1. 1. 0.
 0. 0. 1. 1. 1. 0. 0. 1. 1. 1. 0. 0. 0. 1. 1. 1. 0. 0. 0. 0. 1. 1. 1. 0.
 1. 0. 0. 1. 1. 0. 0. 0. 0. 1. 0. 0. 1. 1. 0. 1. 1. 1. 0. 1. 1. 0. 1. 0.
 1. 1. 0. 0. 0. 1. 1. 0. 1. 1. 0. 1. 0. 0. 0. 1. 1. 1. 0. 1. 0. 1. 1. 0.
 1. 0. 0. 1. 1. 0. 0. 1. 0. 1. 1. 0. 0. 1. 0. 0. 1. 1. 0. 1. 1. 0. 0. 0.
 0. 1. 1. 0. 0. 1. 0. 0. 1. 0. 1. 1. 1. 0. 0. 0. 1. 1. 0. 0. 0. 0. 1. 0.
 0. 1. 0. 1. 1. 1. 1. 0. 0. 0. 0. 1. 1. 1. 1. 0. 1. 1. 1. 1. 0. 1. 0. 0.
 1. 0. 0. 1. 1. 1. 1. 1. 0. 0. 1. 1. 1. 0. 0. 1. 0. 1. 0. 0. 1. 0. 1. 0.
 1. 0. 0. 0.]"
667,randomforest,"{'criterion': 'gini', 'max_features': None, 'n_estimators': 167}",0.5891117331084124,0.19746264499318528,0.17614306222204554,0.3641029804940718,0.5793797451055516,0.20331053011447914,0.5706025774991291,0.14179104477611937,0.5708955223880597,0.5708955223880596,"{0: 0.5827300066830029, 1: 0.5827300066830028}","{0: 0.5827300066830029, 1: 0.5827300066830028}",0.5827300066830028,"[[73 61]
 [54 80]]","[1. 0. 0. 0. 0. 1. 0. 1. 1. 0. 0. 0. 1. 0. 0. 0. 0. 0. 0. 0. 0. 1. 0. 0.
 0. 0. 1. 1. 1. 1. 1. 0. 0. 0. 1. 0. 0. 0. 1. 0. 0. 0. 1. 1. 0. 1. 1. 0.
 0. 0. 1. 0. 1. 1. 1. 1. 1. 1. 0. 1. 0. 0. 1. 0. 0. 0. 1. 1. 1. 1. 0. 0.
 1. 1. 0. 1. 1. 0. 0. 0. 1. 1. 1. 1. 0. 1. 0. 1. 1. 1. 1. 1. 0. 1. 1. 1.
 0. 0. 1. 1. 0. 1. 1. 0. 0. 0. 0. 1. 0. 1. 0. 0. 0. 1. 1. 0. 1. 0. 0. 0.
 1. 1. 1. 1. 1. 1. 1. 1. 1. 0. 0. 1. 0. 0. 1. 1. 0. 1. 0. 1. 1. 0. 0. 0.
 0. 0. 0. 0. 0. 1. 1. 0. 1. 1. 0. 1. 1. 0. 1. 0. 1. 1. 0. 0. 1. 1. 0. 1.
 1. 1. 1. 1. 1. 1. 0. 1. 1. 0. 1. 0. 0. 1. 1. 1. 0. 0. 1. 1. 0. 0. 1. 1.
 0. 1. 1. 1. 0. 1. 0. 1. 0. 0. 1. 1. 0. 1. 0. 0. 1. 1. 0. 1. 1. 1. 0. 0.
 1. 1. 0. 1. 0. 0. 0. 0. 1. 1. 1. 0. 0. 0. 1. 1. 1. 1. 1. 1. 0. 1. 0. 0.
 1. 1. 0. 0. 1. 1. 1. 1. 0. 0. 1. 0. 1. 0. 1. 1. 0. 1. 0. 1. 0. 0. 1. 1.
 1. 0. 1. 0.]","[0. 1. 0. 0. 0. 1. 1. 1. 0. 0. 0. 0. 0. 1. 0. 0. 1. 1. 0. 0. 0. 0. 0. 1.
 0. 0. 1. 0. 1. 0. 0. 1. 0. 1. 1. 0. 0. 0. 1. 0. 0. 0. 1. 1. 1. 0. 1. 0.
 1. 0. 1. 1. 0. 1. 1. 1. 1. 0. 1. 0. 0. 1. 1. 1. 0. 0. 0. 1. 1. 0. 1. 1.
 0. 0. 1. 0. 0. 1. 0. 1. 0. 1. 1. 1. 0. 1. 0. 1. 1. 1. 1. 1. 1. 1. 1. 0.
 0. 0. 1. 1. 1. 0. 0. 1. 1. 1. 0. 0. 0. 1. 1. 1. 0. 0. 0. 0. 1. 1. 1. 0.
 1. 0. 0. 1. 1. 0. 0. 0. 0. 1. 0. 0. 1. 1. 0. 1. 1. 1. 0. 1. 1. 0. 1. 0.
 1. 1. 0. 0. 0. 1. 1. 0. 1. 1. 0. 1. 0. 0. 0. 1. 1. 1. 0. 1. 0. 1. 1. 0.
 1. 0. 0. 1. 1. 0. 0. 1. 0. 1. 1. 0. 0. 1. 0. 0. 1. 1. 0. 1. 1. 0. 0. 0.
 0. 1. 1. 0. 0. 1. 0. 0. 1. 0. 1. 1. 1. 0. 0. 0. 1. 1. 0. 0. 0. 0. 1. 0.
 0. 1. 0. 1. 1. 1. 1. 0. 0. 0. 0. 1. 1. 1. 1. 0. 1. 1. 1. 1. 0. 1. 0. 0.
 1. 0. 0. 1. 1. 1. 1. 1. 0. 0. 1. 1. 1. 0. 0. 1. 0. 1. 0. 0. 1. 0. 1. 0.
 1. 0. 0. 0.]"
113,randomforest,"{'criterion': 'entropy', 'max_features': 'sqrt', 'n_estimators': 281}",0.5838748018852956,0.1874531624712979,0.1761326630801409,0.3584614490645937,0.5746753004313488,0.1973717755752235,0.5559145025412517,0.11194029850746268,0.5559701492537313,0.5559701492537313,"{0: 0.5843172198707952, 1: 0.5843172198707954}","{0: 0.5843172198707952, 1: 0.5843172198707954}",0.5843172198707954,"[[73 61]
 [58 76]]","[1. 0. 0. 0. 0. 1. 0. 1. 1. 0. 0. 0. 1. 0. 0. 0. 1. 0. 0. 0. 0. 1. 0. 0.
 0. 0. 1. 1. 1. 1. 1. 0. 0. 0. 1. 1. 0. 0. 1. 0. 0. 0. 1. 0. 0. 0. 1. 1.
 0. 0. 1. 0. 0. 1. 1. 1. 1. 1. 0. 1. 0. 0. 1. 0. 0. 0. 1. 1. 1. 1. 0. 0.
 0. 1. 0. 1. 1. 0. 1. 0. 1. 1. 1. 0. 0. 1. 0. 1. 1. 1. 1. 1. 0. 1. 1. 1.
 0. 0. 1. 1. 0. 1. 0. 0. 0. 0. 0. 0. 0. 1. 0. 0. 0. 1. 1. 0. 1. 0. 0. 0.
 0. 1. 1. 1. 1. 1. 1. 1. 1. 0. 0. 1. 1. 0. 1. 0. 0. 1. 0. 1. 0. 0. 0. 0.
 1. 0. 0. 0. 1. 1. 1. 0. 1. 0. 0. 1. 1. 0. 1. 0. 1. 1. 0. 0. 1. 1. 0. 1.
 1. 1. 1. 1. 1. 0. 0. 1. 1. 0. 1. 1. 0. 0. 1. 1. 0. 0. 1. 1. 0. 0. 1. 1.
 1. 1. 1. 0. 1. 1. 0. 1. 0. 0. 1. 1. 0. 1. 0. 0. 1. 1. 0. 1. 1. 1. 0. 0.
 1. 1. 0. 1. 0. 0. 0. 0. 1. 1. 1. 0. 1. 0. 0. 1. 1. 1. 1. 1. 0. 1. 0. 0.
 1. 1. 0. 0. 1. 1. 1. 1. 0. 1. 1. 0. 1. 0. 0. 1. 0. 1. 0. 1. 0. 0. 1. 1.
 1. 0. 1. 0.]","[0. 1. 0. 0. 0. 1. 1. 1. 0. 0. 0. 0. 0. 1. 0. 0. 1. 1. 0. 0. 0. 0. 0. 1.
 0. 0. 1. 0. 1. 0. 0. 1. 0. 1. 1. 0. 0. 0. 1. 0. 0. 0. 1. 1. 1. 0. 1. 0.
 1. 0. 1. 1. 0. 1. 1. 1. 1. 0. 1. 0. 0. 1. 1. 1. 0. 0. 0. 1. 1. 0. 1. 1.
 0. 0. 1. 0. 0. 1. 0. 1. 0. 1. 1. 1. 0. 1. 0. 1. 1. 1. 1. 1. 1. 1. 1. 0.
 0. 0. 1. 1. 1. 0. 0. 1. 1. 1. 0. 0. 0. 1. 1. 1. 0. 0. 0. 0. 1. 1. 1. 0.
 1. 0. 0. 1. 1. 0. 0. 0. 0. 1. 0. 0. 1. 1. 0. 1. 1. 1. 0. 1. 1. 0. 1. 0.
 1. 1. 0. 0. 0. 1. 1. 0. 1. 1. 0. 1. 0. 0. 0. 1. 1. 1. 0. 1. 0. 1. 1. 0.
 1. 0. 0. 1. 1. 0. 0. 1. 0. 1. 1. 0. 0. 1. 0. 0. 1. 1. 0. 1. 1. 0. 0. 0.
 0. 1. 1. 0. 0. 1. 0. 0. 1. 0. 1. 1. 1. 0. 0. 0. 1. 1. 0. 0. 0. 0. 1. 0.
 0. 1. 0. 1. 1. 1. 1. 0. 0. 0. 0. 1. 1. 1. 1. 0. 1. 1. 1. 1. 0. 1. 0. 0.
 1. 0. 0. 1. 1. 1. 1. 1. 0. 0. 1. 1. 1. 0. 0. 1. 0. 1. 0. 0. 1. 0. 1. 0.
 1. 0. 0. 0.]"
791,randomforest,"{'criterion': 'gini', 'max_features': 'sqrt', 'n_estimators': 475}",0.5867752497861343,0.20013083988994385,0.17612958664710596,0.36466435665562164,0.5787159953994631,0.20470871863533685,0.5670677361853831,0.13432835820895528,0.5671641791044776,0.5671641791044777,"{0: 0.5840944531075964, 1: 0.5840944531075963}","{0: 0.5840944531075964, 1: 0.5840944531075963}",0.5840944531075963,"[[74 60]
 [56 78]]","[1. 0. 0. 0. 0. 1. 0. 1. 1. 0. 0. 0. 1. 0. 0. 0. 1. 0. 0. 1. 0. 1. 0. 0.
 0. 0. 1. 1. 1. 1. 1. 0. 0. 0. 1. 0. 0. 0. 1. 0. 0. 0. 1. 1. 0. 0. 1. 0.
 0. 0. 1. 0. 1. 1. 1. 1. 1. 1. 0. 1. 0. 0. 1. 0. 0. 0. 1. 1. 1. 1. 0. 0.
 1. 1. 0. 1. 1. 0. 0. 0. 1. 1. 1. 0. 0. 1. 0. 1. 1. 1. 1. 1. 0. 1. 1. 1.
 0. 0. 1. 1. 0. 1. 0. 0. 0. 0. 0. 1. 0. 1. 0. 0. 0. 1. 1. 0. 1. 0. 0. 0.
 0. 1. 1. 1. 1. 1. 1. 1. 1. 0. 0. 1. 1. 0. 1. 1. 0. 1. 0. 1. 1. 0. 0. 0.
 0. 0. 0. 0. 1. 1. 1. 0. 1. 0. 0. 1. 1. 0. 1. 0. 1. 1. 0. 0. 1. 1. 0. 1.
 1. 1. 0. 1. 1. 1. 0. 1. 1. 0. 1. 0. 0. 1. 1. 1. 0. 0. 1. 1. 0. 0. 1. 1.
 1. 1. 1. 1. 1. 1. 0. 0. 0. 0. 1. 1. 0. 0. 0. 0. 1. 1. 0. 1. 1. 1. 0. 0.
 1. 1. 0. 0. 0. 0. 0. 0. 1. 1. 1. 0. 0. 0. 1. 1. 1. 1. 1. 1. 0. 1. 0. 0.
 1. 1. 0. 0. 1. 1. 1. 1. 0. 1. 1. 0. 1. 0. 0. 1. 0. 1. 0. 1. 0. 0. 1. 1.
 1. 0. 1. 0.]","[0. 1. 0. 0. 0. 1. 1. 1. 0. 0. 0. 0. 0. 1. 0. 0. 1. 1. 0. 0. 0. 0. 0. 1.
 0. 0. 1. 0. 1. 0. 0. 1. 0. 1. 1. 0. 0. 0. 1. 0. 0. 0. 1. 1. 1. 0. 1. 0.
 1. 0. 1. 1. 0. 1. 1. 1. 1. 0. 1. 0. 0. 1. 1. 1. 0. 0. 0. 1. 1. 0. 1. 1.
 0. 0. 1. 0. 0. 1. 0. 1. 0. 1. 1. 1. 0. 1. 0. 1. 1. 1. 1. 1. 1. 1. 1. 0.
 0. 0. 1. 1. 1. 0. 0. 1. 1. 1. 0. 0. 0. 1. 1. 1. 0. 0. 0. 0. 1. 1. 1. 0.
 1. 0. 0. 1. 1. 0. 0. 0. 0. 1. 0. 0. 1. 1. 0. 1. 1. 1. 0. 1. 1. 0. 1. 0.
 1. 1. 0. 0. 0. 1. 1. 0. 1. 1. 0. 1. 0. 0. 0. 1. 1. 1. 0. 1. 0. 1. 1. 0.
 1. 0. 0. 1. 1. 0. 0. 1. 0. 1. 1. 0. 0. 1. 0. 0. 1. 1. 0. 1. 1. 0. 0. 0.
 0. 1. 1. 0. 0. 1. 0. 0. 1. 0. 1. 1. 1. 0. 0. 0. 1. 1. 0. 0. 0. 0. 1. 0.
 0. 1. 0. 1. 1. 1. 1. 0. 0. 0. 0. 1. 1. 1. 1. 0. 1. 1. 1. 1. 0. 1. 0. 0.
 1. 0. 0. 1. 1. 1. 1. 1. 0. 0. 1. 1. 1. 0. 0. 1. 0. 1. 0. 0. 1. 0. 1. 0.
 1. 0. 0. 0.]"
857,randomforest,"{'criterion': 'gini', 'max_features': 'sqrt', 'n_estimators': 207}",0.590782067305024,0.1668012824453497,0.17609393521430738,0.3078930383712456,0.5848633221617092,0.17261636066453004,0.5783523383874246,0.15671641791044777,0.5783582089552238,0.5783582089552239,"{0: 0.6010804188015149, 1: 0.6010804188015149}","{0: 0.6010804188015149, 1: 0.6010804188015149}",0.6010804188015149,"[[77 57]
 [56 78]]","[1. 0. 0. 0. 0. 1. 0. 1. 1. 0. 0. 0. 1. 0. 0. 0. 1. 0. 0. 0. 0. 1. 0. 0.
 0. 0. 1. 1. 1. 1. 1. 0. 0. 0. 1. 1. 0. 0. 1. 0. 0. 0. 1. 1. 0. 0. 1. 1.
 0. 0. 1. 0. 0. 1. 1. 1. 1. 1. 0. 1. 1. 0. 1. 0. 0. 0. 1. 1. 1. 1. 0. 0.
 0. 1. 0. 1. 1. 0. 0. 0. 1. 1. 1. 0. 0. 1. 1. 1. 1. 1. 1. 1. 0. 1. 1. 1.
 0. 0. 1. 1. 0. 1. 0. 0. 0. 0. 0. 1. 0. 1. 0. 0. 0. 1. 1. 0. 1. 0. 0. 0.
 0. 1. 1. 1. 1. 1. 1. 1. 1. 0. 0. 1. 1. 0. 1. 1. 0. 1. 0. 1. 0. 0. 0. 0.
 1. 0. 0. 0. 1. 1. 1. 0. 1. 1. 0. 1. 1. 0. 1. 0. 1. 1. 0. 0. 1. 1. 0. 1.
 1. 1. 0. 1. 1. 0. 0. 1. 1. 0. 1. 0. 0. 1. 1. 1. 0. 0. 1. 1. 0. 0. 1. 1.
 0. 1. 1. 0. 1. 1. 0. 0. 0. 0. 1. 1. 0. 1. 0. 0. 1. 1. 0. 1. 1. 1. 0. 0.
 1. 1. 0. 0. 0. 0. 0. 0. 0. 1. 1. 0. 1. 0. 1. 1. 1. 1. 1. 1. 0. 1. 0. 0.
 1. 1. 0. 0. 1. 1. 0. 1. 0. 1. 1. 0. 1. 0. 0. 1. 0. 0. 0. 1. 0. 0. 1. 0.
 1. 0. 1. 0.]","[0. 1. 0. 0. 0. 1. 1. 1. 0. 0. 0. 0. 0. 1. 0. 0. 1. 1. 0. 0. 0. 0. 0. 1.
 0. 0. 1. 0. 1. 0. 0. 1. 0. 1. 1. 0. 0. 0. 1. 0. 0. 0. 1. 1. 1. 0. 1. 0.
 1. 0. 1. 1. 0. 1. 1. 1. 1. 0. 1. 0. 0. 1. 1. 1. 0. 0. 0. 1. 1. 0. 1. 1.
 0. 0. 1. 0. 0. 1. 0. 1. 0. 1. 1. 1. 0. 1. 0. 1. 1. 1. 1. 1. 1. 1. 1. 0.
 0. 0. 1. 1. 1. 0. 0. 1. 1. 1. 0. 0. 0. 1. 1. 1. 0. 0. 0. 0. 1. 1. 1. 0.
 1. 0. 0. 1. 1. 0. 0. 0. 0. 1. 0. 0. 1. 1. 0. 1. 1. 1. 0. 1. 1. 0. 1. 0.
 1. 1. 0. 0. 0. 1. 1. 0. 1. 1. 0. 1. 0. 0. 0. 1. 1. 1. 0. 1. 0. 1. 1. 0.
 1. 0. 0. 1. 1. 0. 0. 1. 0. 1. 1. 0. 0. 1. 0. 0. 1. 1. 0. 1. 1. 0. 0. 0.
 0. 1. 1. 0. 0. 1. 0. 0. 1. 0. 1. 1. 1. 0. 0. 0. 1. 1. 0. 0. 0. 0. 1. 0.
 0. 1. 0. 1. 1. 1. 1. 0. 0. 0. 0. 1. 1. 1. 1. 0. 1. 1. 1. 1. 0. 1. 0. 0.
 1. 0. 0. 1. 1. 1. 1. 1. 0. 0. 1. 1. 1. 0. 0. 1. 0. 1. 0. 0. 1. 0. 1. 0.
 1. 0. 0. 0.]"
423,randomforest,"{'criterion': 'gini', 'max_features': None, 'n_estimators': 407}",0.5857192611046975,0.205785167211895,0.17602188392647258,0.3689265622799389,0.5784317310526988,0.21010327108483806,0.56328082563824,0.12686567164179108,0.5634328358208955,0.5634328358208955,"{0: 0.5842893740253954, 1: 0.5842893740253955}","{0: 0.5842893740253954, 1: 0.5842893740253955}",0.5842893740253955,"[[73 61]
 [56 78]]","[1. 0. 0. 0. 0. 1. 0. 1. 1. 0. 0. 0. 1. 0. 0. 0. 0. 0. 0. 0. 0. 1. 0. 0.
 0. 0. 1. 1. 1. 1. 1. 0. 0. 0. 1. 1. 0. 0. 1. 0. 1. 0. 1. 1. 0. 0. 1. 0.
 0. 0. 1. 0. 1. 1. 1. 1. 1. 1. 0. 1. 1. 0. 1. 1. 0. 0. 1. 1. 1. 1. 0. 0.
 1. 1. 0. 1. 1. 0. 0. 0. 1. 1. 1. 0. 0. 1. 0. 1. 1. 1. 1. 1. 0. 1. 1. 1.
 0. 0. 1. 1. 0. 1. 0. 0. 0. 0. 0. 1. 0. 1. 0. 0. 0. 1. 1. 0. 1. 0. 0. 0.
 1. 1. 1. 1. 1. 1. 1. 1. 1. 0. 0. 1. 1. 0. 1. 1. 0. 1. 0. 1. 0. 0. 1. 0.
 0. 0. 0. 0. 1. 1. 1. 0. 1. 1. 0. 1. 1. 0. 1. 0. 1. 1. 0. 0. 1. 0. 0. 1.
 1. 1. 0. 1. 1. 0. 0. 1. 1. 0. 1. 0. 0. 1. 1. 1. 0. 0. 1. 1. 0. 0. 1. 1.
 0. 1. 0. 1. 1. 1. 0. 1. 0. 0. 1. 1. 0. 1. 0. 0. 1. 1. 0. 1. 1. 1. 0. 0.
 1. 1. 0. 1. 0. 0. 0. 0. 1. 1. 1. 0. 0. 0. 1. 1. 1. 1. 1. 1. 0. 1. 0. 0.
 1. 1. 0. 0. 1. 1. 1. 1. 0. 0. 1. 0. 1. 0. 0. 1. 0. 0. 0. 1. 0. 0. 1. 1.
 1. 0. 1. 0.]","[0. 1. 0. 0. 0. 1. 1. 1. 0. 0. 0. 0. 0. 1. 0. 0. 1. 1. 0. 0. 0. 0. 0. 1.
 0. 0. 1. 0. 1. 0. 0. 1. 0. 1. 1. 0. 0. 0. 1. 0. 0. 0. 1. 1. 1. 0. 1. 0.
 1. 0. 1. 1. 0. 1. 1. 1. 1. 0. 1. 0. 0. 1. 1. 1. 0. 0. 0. 1. 1. 0. 1. 1.
 0. 0. 1. 0. 0. 1. 0. 1. 0. 1. 1. 1. 0. 1. 0. 1. 1. 1. 1. 1. 1. 1. 1. 0.
 0. 0. 1. 1. 1. 0. 0. 1. 1. 1. 0. 0. 0. 1. 1. 1. 0. 0. 0. 0. 1. 1. 1. 0.
 1. 0. 0. 1. 1. 0. 0. 0. 0. 1. 0. 0. 1. 1. 0. 1. 1. 1. 0. 1. 1. 0. 1. 0.
 1. 1. 0. 0. 0. 1. 1. 0. 1. 1. 0. 1. 0. 0. 0. 1. 1. 1. 0. 1. 0. 1. 1. 0.
 1. 0. 0. 1. 1. 0. 0. 1. 0. 1. 1. 0. 0. 1. 0. 0. 1. 1. 0. 1. 1. 0. 0. 0.
 0. 1. 1. 0. 0. 1. 0. 0. 1. 0. 1. 1. 1. 0. 0. 0. 1. 1. 0. 0. 0. 0. 1. 0.
 0. 1. 0. 1. 1. 1. 1. 0. 0. 0. 0. 1. 1. 1. 1. 0. 1. 1. 1. 1. 0. 1. 0. 0.
 1. 0. 0. 1. 1. 1. 1. 1. 0. 0. 1. 1. 1. 0. 0. 1. 0. 1. 0. 0. 1. 0. 1. 0.
 1. 0. 0. 0.]"
780,randomforest,"{'criterion': 'entropy', 'max_features': 'sqrt', 'n_estimators': 421}",0.5855132260466437,0.1885974064127198,0.17572226565362659,0.3330698659569652,0.5785263105323589,0.19419157505472817,0.5626961215011924,0.12686567164179108,0.5634328358208955,0.5634328358208955,"{0: 0.581866785475607, 1: 0.581866785475607}","{0: 0.581866785475607, 1: 0.581866785475607}",0.581866785475607,"[[70 64]
 [53 81]]","[1. 0. 0. 0. 0. 1. 0. 1. 1. 0. 0. 0. 1. 0. 0. 0. 1. 0. 0. 0. 0. 1. 0. 0.
 0. 0. 1. 1. 1. 1. 1. 0. 0. 0. 1. 1. 0. 0. 1. 0. 0. 0. 1. 0. 0. 0. 1. 1.
 0. 0. 1. 0. 1. 1. 1. 1. 1. 1. 0. 1. 1. 0. 1. 0. 0. 0. 1. 1. 1. 1. 0. 0.
 1. 1. 0. 1. 1. 0. 1. 0. 1. 1. 1. 0. 0. 1. 0. 1. 1. 1. 1. 1. 0. 1. 1. 1.
 0. 0. 1. 1. 0. 1. 1. 1. 0. 0. 0. 1. 0. 1. 0. 0. 0. 1. 1. 0. 1. 0. 0. 0.
 0. 1. 1. 1. 1. 1. 1. 1. 1. 0. 0. 1. 1. 0. 1. 1. 0. 1. 0. 1. 1. 0. 1. 0.
 0. 0. 0. 0. 1. 1. 1. 0. 1. 1. 0. 1. 1. 0. 1. 0. 1. 1. 0. 0. 1. 1. 0. 1.
 1. 1. 0. 1. 1. 1. 0. 1. 1. 0. 1. 0. 0. 1. 1. 1. 0. 0. 1. 1. 0. 0. 1. 1.
 1. 1. 1. 1. 1. 1. 0. 0. 0. 0. 1. 1. 0. 0. 0. 0. 1. 1. 0. 1. 1. 1. 0. 0.
 1. 1. 0. 1. 0. 0. 0. 0. 1. 1. 1. 0. 1. 0. 1. 1. 1. 1. 1. 1. 0. 1. 0. 0.
 1. 1. 0. 0. 1. 1. 0. 1. 0. 1. 1. 0. 1. 0. 0. 1. 0. 1. 0. 1. 0. 0. 1. 1.
 1. 0. 1. 0.]","[0. 1. 0. 0. 0. 1. 1. 1. 0. 0. 0. 0. 0. 1. 0. 0. 1. 1. 0. 0. 0. 0. 0. 1.
 0. 0. 1. 0. 1. 0. 0. 1. 0. 1. 1. 0. 0. 0. 1. 0. 0. 0. 1. 1. 1. 0. 1. 0.
 1. 0. 1. 1. 0. 1. 1. 1. 1. 0. 1. 0. 0. 1. 1. 1. 0. 0. 0. 1. 1. 0. 1. 1.
 0. 0. 1. 0. 0. 1. 0. 1. 0. 1. 1. 1. 0. 1. 0. 1. 1. 1. 1. 1. 1. 1. 1. 0.
 0. 0. 1. 1. 1. 0. 0. 1. 1. 1. 0. 0. 0. 1. 1. 1. 0. 0. 0. 0. 1. 1. 1. 0.
 1. 0. 0. 1. 1. 0. 0. 0. 0. 1. 0. 0. 1. 1. 0. 1. 1. 1. 0. 1. 1. 0. 1. 0.
 1. 1. 0. 0. 0. 1. 1. 0. 1. 1. 0. 1. 0. 0. 0. 1. 1. 1. 0. 1. 0. 1. 1. 0.
 1. 0. 0. 1. 1. 0. 0. 1. 0. 1. 1. 0. 0. 1. 0. 0. 1. 1. 0. 1. 1. 0. 0. 0.
 0. 1. 1. 0. 0. 1. 0. 0. 1. 0. 1. 1. 1. 0. 0. 0. 1. 1. 0. 0. 0. 0. 1. 0.
 0. 1. 0. 1. 1. 1. 1. 0. 0. 0. 0. 1. 1. 1. 1. 0. 1. 1. 1. 1. 0. 1. 0. 0.
 1. 0. 0. 1. 1. 1. 1. 1. 0. 0. 1. 1. 1. 0. 0. 1. 0. 1. 0. 0. 1. 0. 1. 0.
 1. 0. 0. 0.]"
397,randomforest,"{'criterion': 'gini', 'max_features': 'sqrt', 'n_estimators': 409}",0.585431311861314,0.18904793347410334,0.17562541114231298,0.3377586218475865,0.5778489804699481,0.19291108215141703,0.5669471220816849,0.13432835820895528,0.5671641791044776,0.5671641791044777,"{0: 0.5871574961015817, 1: 0.5871574961015815}","{0: 0.5871574961015817, 1: 0.5871574961015815}",0.5871574961015815,"[[73 61]
 [55 79]]","[1. 0. 0. 0. 0. 1. 0. 1. 1. 0. 0. 0. 1. 0. 0. 0. 1. 0. 0. 0. 0. 1. 0. 0.
 0. 0. 1. 1. 1. 1. 1. 0. 0. 0. 1. 0. 0. 0. 1. 0. 0. 0. 1. 0. 0. 1. 1. 0.
 0. 0. 1. 0. 1. 1. 1. 1. 1. 1. 0. 1. 0. 0. 1. 0. 0. 0. 1. 1. 1. 1. 0. 0.
 1. 1. 0. 1. 1. 0. 0. 0. 1. 1. 1. 0. 0. 1. 0. 1. 1. 1. 1. 1. 0. 1. 1. 1.
 0. 0. 1. 1. 0. 1. 1. 1. 0. 0. 0. 1. 0. 1. 0. 0. 0. 1. 1. 0. 1. 0. 0. 0.
 0. 1. 1. 1. 1. 1. 1. 1. 1. 0. 0. 1. 1. 0. 1. 1. 0. 1. 0. 1. 1. 0. 0. 0.
 0. 0. 0. 0. 1. 1. 1. 0. 1. 1. 0. 1. 1. 0. 1. 0. 1. 1. 0. 0. 1. 1. 0. 1.
 1. 1. 0. 1. 1. 0. 0. 1. 1. 0. 1. 0. 0. 1. 1. 1. 0. 0. 1. 1. 0. 0. 1. 1.
 1. 1. 1. 1. 1. 1. 0. 0. 1. 0. 1. 1. 0. 1. 0. 0. 1. 1. 0. 1. 1. 1. 0. 0.
 1. 1. 0. 1. 0. 0. 0. 0. 1. 1. 1. 0. 0. 0. 0. 1. 1. 1. 1. 1. 0. 1. 0. 0.
 1. 1. 0. 0. 1. 1. 0. 1. 0. 1. 1. 0. 1. 0. 0. 1. 0. 1. 0. 1. 0. 0. 1. 1.
 1. 0. 1. 0.]","[0. 1. 0. 0. 0. 1. 1. 1. 0. 0. 0. 0. 0. 1. 0. 0. 1. 1. 0. 0. 0. 0. 0. 1.
 0. 0. 1. 0. 1. 0. 0. 1. 0. 1. 1. 0. 0. 0. 1. 0. 0. 0. 1. 1. 1. 0. 1. 0.
 1. 0. 1. 1. 0. 1. 1. 1. 1. 0. 1. 0. 0. 1. 1. 1. 0. 0. 0. 1. 1. 0. 1. 1.
 0. 0. 1. 0. 0. 1. 0. 1. 0. 1. 1. 1. 0. 1. 0. 1. 1. 1. 1. 1. 1. 1. 1. 0.
 0. 0. 1. 1. 1. 0. 0. 1. 1. 1. 0. 0. 0. 1. 1. 1. 0. 0. 0. 0. 1. 1. 1. 0.
 1. 0. 0. 1. 1. 0. 0. 0. 0. 1. 0. 0. 1. 1. 0. 1. 1. 1. 0. 1. 1. 0. 1. 0.
 1. 1. 0. 0. 0. 1. 1. 0. 1. 1. 0. 1. 0. 0. 0. 1. 1. 1. 0. 1. 0. 1. 1. 0.
 1. 0. 0. 1. 1. 0. 0. 1. 0. 1. 1. 0. 0. 1. 0. 0. 1. 1. 0. 1. 1. 0. 0. 0.
 0. 1. 1. 0. 0. 1. 0. 0. 1. 0. 1. 1. 1. 0. 0. 0. 1. 1. 0. 0. 0. 0. 1. 0.
 0. 1. 0. 1. 1. 1. 1. 0. 0. 0. 0. 1. 1. 1. 1. 0. 1. 1. 1. 1. 0. 1. 0. 0.
 1. 0. 0. 1. 1. 1. 1. 1. 0. 0. 1. 1. 1. 0. 0. 1. 0. 1. 0. 0. 1. 0. 1. 0.
 1. 0. 0. 0.]"
437,randomforest,"{'criterion': 'gini', 'max_features': 'log2', 'n_estimators': 573}",0.5844056177469938,0.20054364985146397,0.1755466549436239,0.3601166243865739,0.577812614506163,0.2051232488807781,0.5633781243472812,0.12686567164179108,0.5634328358208955,0.5634328358208955,"{0: 0.5820338605480062, 1: 0.5820338605480062}","{0: 0.5820338605480062, 1: 0.5820338605480062}",0.5820338605480062,"[[74 60]
 [57 77]]","[1. 0. 0. 0. 0. 1. 0. 1. 1. 0. 0. 0. 1. 0. 0. 0. 1. 0. 0. 0. 0. 1. 0. 0.
 0. 0. 1. 1. 1. 1. 1. 0. 0. 0. 1. 1. 1. 0. 1. 0. 0. 0. 1. 0. 0. 0. 1. 0.
 0. 0. 1. 0. 1. 1. 1. 1. 1. 1. 0. 1. 1. 0. 1. 0. 0. 0. 1. 1. 1. 1. 0. 0.
 1. 1. 0. 1. 1. 0. 0. 0. 1. 1. 1. 0. 0. 1. 0. 1. 1. 1. 1. 1. 0. 1. 1. 1.
 0. 0. 1. 1. 0. 1. 0. 0. 0. 0. 0. 1. 0. 1. 0. 0. 0. 1. 1. 0. 1. 0. 0. 0.
 0. 1. 1. 1. 1. 1. 1. 1. 1. 0. 0. 1. 1. 0. 1. 1. 0. 1. 0. 1. 1. 0. 1. 0.
 0. 0. 0. 0. 1. 1. 1. 0. 1. 1. 0. 1. 1. 0. 1. 0. 1. 1. 0. 0. 1. 1. 0. 1.
 1. 1. 0. 1. 1. 0. 0. 1. 1. 0. 1. 0. 0. 0. 1. 1. 0. 0. 1. 1. 0. 0. 1. 1.
 1. 1. 0. 1. 1. 1. 0. 0. 0. 0. 1. 1. 0. 0. 0. 0. 1. 1. 0. 1. 1. 1. 0. 0.
 1. 1. 0. 0. 0. 0. 0. 0. 1. 1. 1. 0. 1. 0. 1. 1. 1. 1. 1. 1. 0. 1. 0. 0.
 1. 1. 0. 0. 1. 1. 1. 1. 0. 0. 1. 0. 1. 0. 0. 1. 0. 0. 0. 1. 0. 0. 1. 1.
 1. 0. 1. 0.]","[0. 1. 0. 0. 0. 1. 1. 1. 0. 0. 0. 0. 0. 1. 0. 0. 1. 1. 0. 0. 0. 0. 0. 1.
 0. 0. 1. 0. 1. 0. 0. 1. 0. 1. 1. 0. 0. 0. 1. 0. 0. 0. 1. 1. 1. 0. 1. 0.
 1. 0. 1. 1. 0. 1. 1. 1. 1. 0. 1. 0. 0. 1. 1. 1. 0. 0. 0. 1. 1. 0. 1. 1.
 0. 0. 1. 0. 0. 1. 0. 1. 0. 1. 1. 1. 0. 1. 0. 1. 1. 1. 1. 1. 1. 1. 1. 0.
 0. 0. 1. 1. 1. 0. 0. 1. 1. 1. 0. 0. 0. 1. 1. 1. 0. 0. 0. 0. 1. 1. 1. 0.
 1. 0. 0. 1. 1. 0. 0. 0. 0. 1. 0. 0. 1. 1. 0. 1. 1. 1. 0. 1. 1. 0. 1. 0.
 1. 1. 0. 0. 0. 1. 1. 0. 1. 1. 0. 1. 0. 0. 0. 1. 1. 1. 0. 1. 0. 1. 1. 0.
 1. 0. 0. 1. 1. 0. 0. 1. 0. 1. 1. 0. 0. 1. 0. 0. 1. 1. 0. 1. 1. 0. 0. 0.
 0. 1. 1. 0. 0. 1. 0. 0. 1. 0. 1. 1. 1. 0. 0. 0. 1. 1. 0. 0. 0. 0. 1. 0.
 0. 1. 0. 1. 1. 1. 1. 0. 0. 0. 0. 1. 1. 1. 1. 0. 1. 1. 1. 1. 0. 1. 0. 0.
 1. 0. 0. 1. 1. 1. 1. 1. 0. 0. 1. 1. 1. 0. 0. 1. 0. 1. 0. 0. 1. 0. 1. 0.
 1. 0. 0. 0.]"
785,randomforest,"{'criterion': 'gini', 'max_features': 'sqrt', 'n_estimators': 589}",0.5845467437545236,0.1874163126053947,0.17547492751378335,0.3359955183550384,0.5754985531195208,0.19381007528255934,0.56328082563824,0.12686567164179108,0.5634328358208955,0.5634328358208955,"{0: 0.5890231677433727, 1: 0.5890231677433726}","{0: 0.5890231677433727, 1: 0.5890231677433726}",0.5890231677433726,"[[73 61]
 [56 78]]","[1. 0. 0. 0. 0. 1. 0. 1. 1. 0. 0. 0. 1. 0. 0. 0. 0. 0. 0. 0. 0. 1. 0. 0.
 0. 0. 1. 1. 1. 1. 1. 0. 0. 0. 1. 0. 1. 0. 0. 0. 0. 0. 1. 0. 0. 0. 1. 0.
 0. 0. 1. 0. 1. 1. 1. 1. 1. 1. 0. 1. 1. 0. 1. 1. 0. 0. 1. 1. 1. 1. 0. 0.
 1. 1. 0. 1. 1. 0. 0. 0. 1. 1. 1. 0. 0. 1. 0. 1. 1. 1. 1. 1. 0. 1. 1. 1.
 0. 0. 1. 1. 0. 1. 1. 1. 0. 0. 0. 1. 0. 1. 0. 0. 0. 1. 1. 0. 1. 0. 0. 0.
 0. 1. 1. 1. 1. 1. 1. 1. 1. 0. 0. 1. 1. 0. 1. 1. 0. 1. 0. 1. 1. 0. 0. 0.
 0. 0. 0. 0. 1. 1. 1. 0. 1. 1. 0. 1. 1. 0. 1. 0. 1. 1. 0. 0. 1. 0. 0. 1.
 1. 1. 0. 1. 1. 1. 0. 1. 1. 0. 1. 0. 0. 0. 1. 1. 0. 0. 1. 1. 0. 0. 1. 1.
 1. 1. 1. 0. 0. 1. 0. 0. 0. 0. 1. 1. 0. 1. 0. 0. 1. 1. 0. 1. 1. 1. 0. 0.
 1. 1. 0. 1. 0. 0. 0. 0. 1. 1. 1. 0. 1. 0. 1. 1. 1. 1. 1. 1. 0. 1. 0. 0.
 1. 1. 0. 0. 1. 1. 1. 1. 0. 1. 1. 0. 1. 0. 0. 1. 0. 1. 0. 1. 0. 0. 1. 1.
 1. 0. 1. 0.]","[0. 1. 0. 0. 0. 1. 1. 1. 0. 0. 0. 0. 0. 1. 0. 0. 1. 1. 0. 0. 0. 0. 0. 1.
 0. 0. 1. 0. 1. 0. 0. 1. 0. 1. 1. 0. 0. 0. 1. 0. 0. 0. 1. 1. 1. 0. 1. 0.
 1. 0. 1. 1. 0. 1. 1. 1. 1. 0. 1. 0. 0. 1. 1. 1. 0. 0. 0. 1. 1. 0. 1. 1.
 0. 0. 1. 0. 0. 1. 0. 1. 0. 1. 1. 1. 0. 1. 0. 1. 1. 1. 1. 1. 1. 1. 1. 0.
 0. 0. 1. 1. 1. 0. 0. 1. 1. 1. 0. 0. 0. 1. 1. 1. 0. 0. 0. 0. 1. 1. 1. 0.
 1. 0. 0. 1. 1. 0. 0. 0. 0. 1. 0. 0. 1. 1. 0. 1. 1. 1. 0. 1. 1. 0. 1. 0.
 1. 1. 0. 0. 0. 1. 1. 0. 1. 1. 0. 1. 0. 0. 0. 1. 1. 1. 0. 1. 0. 1. 1. 0.
 1. 0. 0. 1. 1. 0. 0. 1. 0. 1. 1. 0. 0. 1. 0. 0. 1. 1. 0. 1. 1. 0. 0. 0.
 0. 1. 1. 0. 0. 1. 0. 0. 1. 0. 1. 1. 1. 0. 0. 0. 1. 1. 0. 0. 0. 0. 1. 0.
 0. 1. 0. 1. 1. 1. 1. 0. 0. 0. 0. 1. 1. 1. 1. 0. 1. 1. 1. 1. 0. 1. 0. 0.
 1. 0. 0. 1. 1. 1. 1. 1. 0. 0. 1. 1. 1. 0. 0. 1. 0. 1. 0. 0. 1. 0. 1. 0.
 1. 0. 0. 0.]"
892,randomforest,"{'criterion': 'gini', 'max_features': 'sqrt', 'n_estimators': 219}",0.5774558346967688,0.1879179601974366,0.17541294179622793,0.3247761746691836,0.5717228709164193,0.1967180356519263,0.559603386809269,0.11940298507462688,0.5597014925373134,0.5597014925373134,"{0: 0.571675206059256, 1: 0.5716752060592559}","{0: 0.571675206059256, 1: 0.5716752060592559}",0.5716752060592559,"[[73 61]
 [57 77]]","[1. 0. 0. 0. 0. 1. 0. 1. 1. 0. 0. 0. 1. 0. 0. 0. 0. 0. 0. 0. 0. 1. 1. 0.
 0. 0. 1. 1. 1. 1. 1. 0. 0. 0. 1. 0. 0. 0. 1. 0. 1. 0. 1. 0. 0. 0. 1. 1.
 0. 0. 1. 0. 1. 1. 1. 1. 1. 1. 0. 1. 1. 0. 1. 1. 0. 0. 1. 1. 1. 1. 0. 0.
 1. 1. 0. 1. 1. 0. 0. 0. 1. 1. 1. 0. 0. 1. 0. 1. 1. 1. 1. 1. 0. 1. 1. 1.
 0. 0. 1. 1. 0. 1. 0. 0. 0. 0. 0. 1. 0. 1. 0. 0. 0. 1. 1. 0. 1. 0. 0. 0.
 0. 1. 1. 1. 1. 1. 1. 1. 1. 0. 0. 1. 1. 0. 1. 1. 0. 0. 0. 1. 1. 0. 0. 0.
 1. 0. 0. 0. 1. 1. 1. 0. 1. 1. 0. 1. 1. 0. 1. 0. 1. 1. 0. 0. 1. 1. 0. 1.
 1. 1. 0. 1. 1. 0. 0. 1. 1. 0. 1. 0. 0. 0. 1. 1. 0. 0. 1. 1. 0. 0. 1. 1.
 1. 1. 1. 0. 0. 1. 0. 1. 0. 0. 1. 1. 0. 0. 0. 0. 1. 1. 0. 1. 1. 1. 0. 0.
 1. 1. 0. 0. 0. 0. 0. 0. 1. 1. 1. 0. 1. 0. 0. 1. 1. 1. 1. 1. 0. 1. 0. 0.
 1. 1. 0. 0. 1. 1. 1. 1. 0. 1. 1. 0. 1. 0. 0. 1. 0. 1. 0. 1. 0. 0. 1. 1.
 1. 0. 1. 0.]","[0. 1. 0. 0. 0. 1. 1. 1. 0. 0. 0. 0. 0. 1. 0. 0. 1. 1. 0. 0. 0. 0. 0. 1.
 0. 0. 1. 0. 1. 0. 0. 1. 0. 1. 1. 0. 0. 0. 1. 0. 0. 0. 1. 1. 1. 0. 1. 0.
 1. 0. 1. 1. 0. 1. 1. 1. 1. 0. 1. 0. 0. 1. 1. 1. 0. 0. 0. 1. 1. 0. 1. 1.
 0. 0. 1. 0. 0. 1. 0. 1. 0. 1. 1. 1. 0. 1. 0. 1. 1. 1. 1. 1. 1. 1. 1. 0.
 0. 0. 1. 1. 1. 0. 0. 1. 1. 1. 0. 0. 0. 1. 1. 1. 0. 0. 0. 0. 1. 1. 1. 0.
 1. 0. 0. 1. 1. 0. 0. 0. 0. 1. 0. 0. 1. 1. 0. 1. 1. 1. 0. 1. 1. 0. 1. 0.
 1. 1. 0. 0. 0. 1. 1. 0. 1. 1. 0. 1. 0. 0. 0. 1. 1. 1. 0. 1. 0. 1. 1. 0.
 1. 0. 0. 1. 1. 0. 0. 1. 0. 1. 1. 0. 0. 1. 0. 0. 1. 1. 0. 1. 1. 0. 0. 0.
 0. 1. 1. 0. 0. 1. 0. 0. 1. 0. 1. 1. 1. 0. 0. 0. 1. 1. 0. 0. 0. 0. 1. 0.
 0. 1. 0. 1. 1. 1. 1. 0. 0. 0. 0. 1. 1. 1. 1. 0. 1. 1. 1. 1. 0. 1. 0. 0.
 1. 0. 0. 1. 1. 1. 1. 1. 0. 0. 1. 1. 1. 0. 0. 1. 0. 1. 0. 0. 1. 0. 1. 0.
 1. 0. 0. 0.]"
300,randomforest,"{'criterion': 'gini', 'max_features': 'log2', 'n_estimators': 471}",0.583934023141803,0.19157367094471875,0.1753835532447775,0.3402650339311088,0.5761929975639652,0.1981186144910959,0.5631347962382445,0.12686567164179108,0.5634328358208955,0.5634328358208955,"{0: 0.5857652038315884, 1: 0.5857652038315884}","{0: 0.5857652038315884, 1: 0.5857652038315884}",0.5857652038315884,"[[72 62]
 [55 79]]","[1. 0. 0. 0. 0. 1. 0. 1. 1. 0. 0. 0. 1. 0. 0. 0. 1. 0. 0. 0. 0. 1. 0. 0.
 0. 0. 1. 1. 1. 1. 1. 0. 0. 0. 1. 0. 1. 0. 1. 0. 0. 0. 1. 0. 0. 0. 1. 1.
 0. 0. 1. 0. 0. 1. 1. 1. 1. 1. 0. 1. 1. 0. 1. 0. 0. 0. 1. 1. 1. 1. 0. 0.
 1. 1. 0. 1. 1. 0. 0. 0. 1. 1. 1. 0. 0. 1. 1. 1. 1. 1. 1. 1. 0. 1. 1. 1.
 0. 0. 1. 1. 0. 1. 1. 0. 0. 0. 0. 1. 0. 1. 0. 0. 0. 1. 1. 0. 1. 0. 0. 0.
 0. 1. 1. 1. 1. 1. 1. 1. 1. 0. 0. 1. 1. 0. 1. 1. 0. 1. 0. 1. 1. 0. 0. 0.
 1. 0. 0. 0. 1. 1. 1. 0. 1. 1. 0. 1. 1. 0. 1. 0. 1. 1. 0. 0. 1. 1. 0. 1.
 1. 1. 0. 1. 1. 0. 0. 1. 1. 0. 1. 0. 0. 0. 1. 1. 0. 0. 1. 1. 0. 0. 1. 1.
 1. 1. 1. 1. 1. 1. 0. 0. 0. 0. 1. 1. 0. 0. 0. 0. 1. 1. 0. 1. 1. 1. 0. 0.
 1. 1. 0. 1. 0. 0. 0. 0. 1. 1. 1. 0. 1. 0. 0. 1. 1. 1. 1. 1. 0. 1. 0. 0.
 1. 1. 0. 0. 1. 1. 1. 1. 0. 1. 1. 0. 1. 0. 0. 1. 0. 1. 0. 1. 0. 0. 1. 1.
 1. 0. 1. 0.]","[0. 1. 0. 0. 0. 1. 1. 1. 0. 0. 0. 0. 0. 1. 0. 0. 1. 1. 0. 0. 0. 0. 0. 1.
 0. 0. 1. 0. 1. 0. 0. 1. 0. 1. 1. 0. 0. 0. 1. 0. 0. 0. 1. 1. 1. 0. 1. 0.
 1. 0. 1. 1. 0. 1. 1. 1. 1. 0. 1. 0. 0. 1. 1. 1. 0. 0. 0. 1. 1. 0. 1. 1.
 0. 0. 1. 0. 0. 1. 0. 1. 0. 1. 1. 1. 0. 1. 0. 1. 1. 1. 1. 1. 1. 1. 1. 0.
 0. 0. 1. 1. 1. 0. 0. 1. 1. 1. 0. 0. 0. 1. 1. 1. 0. 0. 0. 0. 1. 1. 1. 0.
 1. 0. 0. 1. 1. 0. 0. 0. 0. 1. 0. 0. 1. 1. 0. 1. 1. 1. 0. 1. 1. 0. 1. 0.
 1. 1. 0. 0. 0. 1. 1. 0. 1. 1. 0. 1. 0. 0. 0. 1. 1. 1. 0. 1. 0. 1. 1. 0.
 1. 0. 0. 1. 1. 0. 0. 1. 0. 1. 1. 0. 0. 1. 0. 0. 1. 1. 0. 1. 1. 0. 0. 0.
 0. 1. 1. 0. 0. 1. 0. 0. 1. 0. 1. 1. 1. 0. 0. 0. 1. 1. 0. 0. 0. 0. 1. 0.
 0. 1. 0. 1. 1. 1. 1. 0. 0. 0. 0. 1. 1. 1. 1. 0. 1. 1. 1. 1. 0. 1. 0. 0.
 1. 0. 0. 1. 1. 1. 1. 1. 0. 0. 1. 1. 1. 0. 0. 1. 0. 1. 0. 0. 1. 0. 1. 0.
 1. 0. 0. 0.]"
152,randomforest,"{'criterion': 'gini', 'max_features': 'sqrt', 'n_estimators': 323}",0.590094975128182,0.203877283265267,0.17525194708675565,0.38474183575083126,0.5824458341091405,0.21143915597074425,0.5744135510113111,0.14925373134328357,0.5746268656716418,0.5746268656716418,"{0: 0.5857652038315884, 1: 0.5857652038315884}","{0: 0.5857652038315884, 1: 0.5857652038315884}",0.5857652038315884,"[[74 60]
 [54 80]]","[1. 0. 0. 0. 0. 1. 0. 1. 1. 0. 0. 0. 1. 0. 0. 0. 1. 0. 0. 0. 0. 1. 0. 0.
 1. 0. 1. 1. 1. 1. 1. 0. 0. 0. 1. 0. 1. 0. 1. 0. 0. 0. 1. 0. 0. 0. 1. 0.
 0. 0. 1. 0. 0. 1. 1. 1. 1. 1. 0. 1. 1. 0. 1. 1. 0. 0. 1. 1. 1. 1. 0. 0.
 1. 1. 0. 1. 1. 0. 0. 0. 1. 1. 1. 0. 0. 1. 1. 1. 1. 1. 1. 1. 0. 1. 1. 1.
 0. 0. 1. 1. 0. 1. 0. 0. 0. 0. 0. 0. 0. 1. 0. 0. 0. 1. 1. 0. 1. 0. 0. 0.
 0. 1. 1. 1. 1. 1. 1. 1. 1. 0. 0. 1. 1. 0. 1. 1. 0. 1. 0. 1. 1. 0. 1. 0.
 1. 0. 0. 0. 1. 1. 1. 0. 1. 1. 0. 1. 1. 0. 1. 0. 1. 1. 0. 0. 1. 1. 0. 1.
 1. 1. 0. 1. 1. 1. 0. 1. 1. 0. 1. 1. 0. 1. 1. 1. 0. 0. 1. 1. 0. 0. 1. 1.
 0. 1. 1. 0. 1. 1. 0. 0. 0. 0. 1. 1. 0. 0. 0. 0. 1. 1. 0. 1. 1. 1. 0. 0.
 1. 1. 0. 0. 0. 0. 0. 0. 1. 1. 1. 0. 0. 0. 1. 1. 1. 1. 1. 1. 0. 1. 0. 0.
 1. 1. 0. 0. 1. 1. 1. 1. 0. 1. 1. 0. 1. 0. 0. 1. 0. 0. 0. 1. 0. 0. 1. 1.
 1. 0. 1. 0.]","[0. 1. 0. 0. 0. 1. 1. 1. 0. 0. 0. 0. 0. 1. 0. 0. 1. 1. 0. 0. 0. 0. 0. 1.
 0. 0. 1. 0. 1. 0. 0. 1. 0. 1. 1. 0. 0. 0. 1. 0. 0. 0. 1. 1. 1. 0. 1. 0.
 1. 0. 1. 1. 0. 1. 1. 1. 1. 0. 1. 0. 0. 1. 1. 1. 0. 0. 0. 1. 1. 0. 1. 1.
 0. 0. 1. 0. 0. 1. 0. 1. 0. 1. 1. 1. 0. 1. 0. 1. 1. 1. 1. 1. 1. 1. 1. 0.
 0. 0. 1. 1. 1. 0. 0. 1. 1. 1. 0. 0. 0. 1. 1. 1. 0. 0. 0. 0. 1. 1. 1. 0.
 1. 0. 0. 1. 1. 0. 0. 0. 0. 1. 0. 0. 1. 1. 0. 1. 1. 1. 0. 1. 1. 0. 1. 0.
 1. 1. 0. 0. 0. 1. 1. 0. 1. 1. 0. 1. 0. 0. 0. 1. 1. 1. 0. 1. 0. 1. 1. 0.
 1. 0. 0. 1. 1. 0. 0. 1. 0. 1. 1. 0. 0. 1. 0. 0. 1. 1. 0. 1. 1. 0. 0. 0.
 0. 1. 1. 0. 0. 1. 0. 0. 1. 0. 1. 1. 1. 0. 0. 0. 1. 1. 0. 0. 0. 0. 1. 0.
 0. 1. 0. 1. 1. 1. 1. 0. 0. 0. 0. 1. 1. 1. 1. 0. 1. 1. 1. 1. 0. 1. 0. 0.
 1. 0. 0. 1. 1. 1. 1. 1. 0. 0. 1. 1. 1. 0. 0. 1. 0. 1. 0. 0. 1. 0. 1. 0.
 1. 0. 0. 0.]"
655,randomforest,"{'criterion': 'gini', 'max_features': 'log2', 'n_estimators': 123}",0.5875561586042821,0.19561183451257252,0.17515145434159662,0.3540643046498553,0.5800267198452682,0.2024431231774423,0.5669471220816849,0.13432835820895528,0.5671641791044776,0.5671641791044777,"{0: 0.5779962129650256, 1: 0.5779962129650256}","{0: 0.5779962129650256, 1: 0.5779962129650256}",0.5779962129650256,"[[73 61]
 [55 79]]","[1. 0. 0. 0. 0. 1. 0. 1. 1. 0. 0. 0. 1. 0. 0. 0. 1. 0. 0. 0. 0. 1. 0. 0.
 0. 0. 1. 1. 1. 1. 1. 0. 0. 0. 1. 1. 1. 0. 1. 0. 0. 0. 1. 1. 0. 0. 1. 1.
 0. 0. 1. 0. 0. 1. 1. 1. 1. 1. 0. 1. 1. 0. 1. 1. 0. 0. 1. 1. 1. 1. 0. 0.
 1. 1. 0. 1. 1. 0. 0. 0. 0. 1. 1. 0. 0. 1. 0. 0. 1. 1. 1. 1. 0. 1. 1. 1.
 0. 0. 1. 1. 0. 1. 1. 0. 0. 0. 0. 1. 0. 1. 0. 0. 1. 1. 1. 0. 1. 0. 0. 0.
 0. 1. 1. 1. 1. 1. 1. 1. 1. 0. 0. 1. 1. 0. 1. 1. 0. 1. 0. 1. 1. 0. 0. 0.
 0. 0. 0. 0. 0. 1. 1. 0. 1. 1. 0. 1. 1. 0. 1. 0. 1. 1. 0. 0. 1. 1. 0. 1.
 1. 1. 0. 1. 1. 1. 0. 1. 1. 0. 1. 0. 0. 1. 1. 1. 0. 0. 0. 1. 0. 0. 1. 1.
 1. 1. 1. 1. 0. 1. 0. 0. 0. 0. 1. 1. 0. 1. 0. 0. 1. 1. 0. 1. 1. 1. 0. 0.
 1. 1. 0. 1. 0. 0. 0. 0. 1. 1. 1. 0. 0. 0. 0. 1. 1. 1. 1. 1. 0. 1. 0. 0.
 1. 1. 0. 0. 1. 1. 1. 1. 0. 1. 1. 0. 1. 0. 0. 1. 0. 1. 0. 1. 0. 0. 1. 1.
 1. 0. 1. 0.]","[0. 1. 0. 0. 0. 1. 1. 1. 0. 0. 0. 0. 0. 1. 0. 0. 1. 1. 0. 0. 0. 0. 0. 1.
 0. 0. 1. 0. 1. 0. 0. 1. 0. 1. 1. 0. 0. 0. 1. 0. 0. 0. 1. 1. 1. 0. 1. 0.
 1. 0. 1. 1. 0. 1. 1. 1. 1. 0. 1. 0. 0. 1. 1. 1. 0. 0. 0. 1. 1. 0. 1. 1.
 0. 0. 1. 0. 0. 1. 0. 1. 0. 1. 1. 1. 0. 1. 0. 1. 1. 1. 1. 1. 1. 1. 1. 0.
 0. 0. 1. 1. 1. 0. 0. 1. 1. 1. 0. 0. 0. 1. 1. 1. 0. 0. 0. 0. 1. 1. 1. 0.
 1. 0. 0. 1. 1. 0. 0. 0. 0. 1. 0. 0. 1. 1. 0. 1. 1. 1. 0. 1. 1. 0. 1. 0.
 1. 1. 0. 0. 0. 1. 1. 0. 1. 1. 0. 1. 0. 0. 0. 1. 1. 1. 0. 1. 0. 1. 1. 0.
 1. 0. 0. 1. 1. 0. 0. 1. 0. 1. 1. 0. 0. 1. 0. 0. 1. 1. 0. 1. 1. 0. 0. 0.
 0. 1. 1. 0. 0. 1. 0. 0. 1. 0. 1. 1. 1. 0. 0. 0. 1. 1. 0. 0. 0. 0. 1. 0.
 0. 1. 0. 1. 1. 1. 1. 0. 0. 0. 0. 1. 1. 1. 1. 0. 1. 1. 1. 1. 0. 1. 0. 0.
 1. 0. 0. 1. 1. 1. 1. 1. 0. 0. 1. 1. 1. 0. 0. 1. 0. 1. 0. 0. 1. 0. 1. 0.
 1. 0. 0. 0.]"
303,randomforest,"{'criterion': 'gini', 'max_features': 'sqrt', 'n_estimators': 441}",0.5857157139270254,0.19772581385942029,0.17498159924093,0.349865896841372,0.5801651287034352,0.20213027749766432,0.5745320855614974,0.14925373134328357,0.5746268656716418,0.5746268656716418,"{0: 0.5894965471151704, 1: 0.5894965471151704}","{0: 0.5894965471151704, 1: 0.5894965471151704}",0.5894965471151704,"[[75 59]
 [55 79]]","[1. 0. 0. 0. 0. 1. 0. 1. 1. 0. 0. 0. 1. 0. 0. 0. 1. 0. 0. 0. 0. 1. 0. 0.
 0. 0. 1. 1. 1. 1. 1. 0. 0. 0. 1. 1. 0. 0. 1. 0. 1. 0. 1. 0. 0. 0. 1. 0.
 0. 0. 1. 0. 0. 1. 1. 1. 1. 1. 0. 1. 1. 0. 1. 1. 0. 0. 1. 1. 1. 1. 0. 0.
 1. 1. 0. 1. 1. 0. 0. 0. 0. 1. 1. 0. 0. 1. 0. 1. 1. 1. 1. 1. 0. 1. 1. 1.
 0. 0. 1. 1. 0. 1. 1. 0. 0. 0. 0. 1. 0. 1. 0. 0. 0. 1. 1. 0. 1. 0. 0. 0.
 0. 1. 1. 1. 1. 1. 1. 1. 1. 0. 0. 1. 1. 0. 1. 1. 0. 1. 0. 1. 1. 0. 1. 0.
 0. 0. 0. 0. 1. 1. 1. 0. 1. 1. 0. 1. 1. 0. 1. 0. 1. 1. 0. 0. 1. 1. 0. 1.
 1. 1. 0. 1. 1. 0. 0. 1. 1. 0. 1. 0. 0. 1. 1. 1. 0. 0. 1. 1. 0. 0. 1. 1.
 0. 1. 1. 0. 1. 1. 0. 0. 0. 0. 1. 1. 0. 1. 0. 0. 1. 1. 0. 1. 1. 1. 0. 0.
 1. 1. 0. 0. 0. 0. 0. 0. 1. 1. 1. 0. 0. 0. 1. 1. 1. 1. 1. 1. 0. 1. 0. 0.
 1. 1. 0. 0. 1. 1. 1. 1. 0. 1. 1. 0. 1. 0. 0. 1. 0. 0. 0. 1. 0. 0. 1. 1.
 1. 0. 1. 0.]","[0. 1. 0. 0. 0. 1. 1. 1. 0. 0. 0. 0. 0. 1. 0. 0. 1. 1. 0. 0. 0. 0. 0. 1.
 0. 0. 1. 0. 1. 0. 0. 1. 0. 1. 1. 0. 0. 0. 1. 0. 0. 0. 1. 1. 1. 0. 1. 0.
 1. 0. 1. 1. 0. 1. 1. 1. 1. 0. 1. 0. 0. 1. 1. 1. 0. 0. 0. 1. 1. 0. 1. 1.
 0. 0. 1. 0. 0. 1. 0. 1. 0. 1. 1. 1. 0. 1. 0. 1. 1. 1. 1. 1. 1. 1. 1. 0.
 0. 0. 1. 1. 1. 0. 0. 1. 1. 1. 0. 0. 0. 1. 1. 1. 0. 0. 0. 0. 1. 1. 1. 0.
 1. 0. 0. 1. 1. 0. 0. 0. 0. 1. 0. 0. 1. 1. 0. 1. 1. 1. 0. 1. 1. 0. 1. 0.
 1. 1. 0. 0. 0. 1. 1. 0. 1. 1. 0. 1. 0. 0. 0. 1. 1. 1. 0. 1. 0. 1. 1. 0.
 1. 0. 0. 1. 1. 0. 0. 1. 0. 1. 1. 0. 0. 1. 0. 0. 1. 1. 0. 1. 1. 0. 0. 0.
 0. 1. 1. 0. 0. 1. 0. 0. 1. 0. 1. 1. 1. 0. 0. 0. 1. 1. 0. 0. 0. 0. 1. 0.
 0. 1. 0. 1. 1. 1. 1. 0. 0. 0. 0. 1. 1. 1. 1. 0. 1. 1. 1. 1. 0. 1. 0. 0.
 1. 0. 0. 1. 1. 1. 1. 1. 0. 0. 1. 1. 1. 0. 0. 1. 0. 1. 0. 0. 1. 0. 1. 0.
 1. 0. 0. 0.]"
279,randomforest,"{'criterion': 'gini', 'max_features': 'log2', 'n_estimators': 243}",0.6007898338484202,0.19720976206080332,0.1749556886318807,0.35281471396445047,0.5940255085416376,0.1929462707970394,0.5667781493868451,0.13432835820895528,0.5671641791044776,0.5671641791044776,"{0: 0.5803074181332145, 1: 0.5803074181332146}","{0: 0.5803074181332145, 1: 0.5803074181332146}",0.5803074181332146,"[[72 62]
 [54 80]]","[1. 0. 0. 0. 0. 1. 0. 1. 1. 0. 0. 0. 1. 0. 0. 0. 1. 0. 0. 0. 0. 1. 0. 0.
 0. 0. 1. 1. 1. 1. 1. 0. 0. 0. 1. 0. 1. 0. 1. 0. 0. 0. 1. 0. 0. 0. 1. 1.
 0. 0. 1. 0. 1. 1. 1. 1. 1. 1. 0. 1. 1. 0. 1. 0. 0. 0. 1. 1. 1. 1. 0. 0.
 1. 1. 0. 1. 1. 0. 0. 0. 1. 1. 1. 1. 0. 1. 0. 1. 1. 1. 1. 1. 0. 1. 1. 1.
 0. 0. 1. 1. 0. 1. 0. 1. 1. 0. 0. 1. 0. 1. 0. 0. 0. 1. 1. 0. 1. 0. 0. 0.
 0. 1. 1. 1. 1. 1. 1. 1. 1. 0. 0. 1. 1. 0. 1. 0. 0. 1. 0. 1. 1. 0. 0. 0.
 0. 0. 0. 0. 1. 1. 1. 0. 1. 1. 0. 1. 1. 0. 1. 0. 1. 1. 0. 0. 1. 1. 0. 1.
 1. 1. 0. 1. 1. 1. 0. 1. 1. 0. 1. 0. 0. 0. 1. 1. 0. 0. 1. 0. 0. 0. 1. 1.
 1. 1. 1. 1. 1. 1. 0. 0. 0. 0. 1. 1. 0. 0. 0. 0. 1. 1. 0. 1. 1. 1. 1. 0.
 1. 1. 0. 0. 0. 0. 0. 0. 1. 1. 1. 0. 1. 0. 1. 1. 1. 1. 1. 1. 0. 1. 0. 0.
 1. 1. 0. 0. 1. 1. 1. 1. 0. 1. 1. 0. 1. 0. 0. 1. 0. 1. 0. 1. 0. 0. 1. 1.
 1. 0. 1. 0.]","[0. 1. 0. 0. 0. 1. 1. 1. 0. 0. 0. 0. 0. 1. 0. 0. 1. 1. 0. 0. 0. 0. 0. 1.
 0. 0. 1. 0. 1. 0. 0. 1. 0. 1. 1. 0. 0. 0. 1. 0. 0. 0. 1. 1. 1. 0. 1. 0.
 1. 0. 1. 1. 0. 1. 1. 1. 1. 0. 1. 0. 0. 1. 1. 1. 0. 0. 0. 1. 1. 0. 1. 1.
 0. 0. 1. 0. 0. 1. 0. 1. 0. 1. 1. 1. 0. 1. 0. 1. 1. 1. 1. 1. 1. 1. 1. 0.
 0. 0. 1. 1. 1. 0. 0. 1. 1. 1. 0. 0. 0. 1. 1. 1. 0. 0. 0. 0. 1. 1. 1. 0.
 1. 0. 0. 1. 1. 0. 0. 0. 0. 1. 0. 0. 1. 1. 0. 1. 1. 1. 0. 1. 1. 0. 1. 0.
 1. 1. 0. 0. 0. 1. 1. 0. 1. 1. 0. 1. 0. 0. 0. 1. 1. 1. 0. 1. 0. 1. 1. 0.
 1. 0. 0. 1. 1. 0. 0. 1. 0. 1. 1. 0. 0. 1. 0. 0. 1. 1. 0. 1. 1. 0. 0. 0.
 0. 1. 1. 0. 0. 1. 0. 0. 1. 0. 1. 1. 1. 0. 0. 0. 1. 1. 0. 0. 0. 0. 1. 0.
 0. 1. 0. 1. 1. 1. 1. 0. 0. 0. 0. 1. 1. 1. 1. 0. 1. 1. 1. 1. 0. 1. 0. 0.
 1. 0. 0. 1. 1. 1. 1. 1. 0. 0. 1. 1. 1. 0. 0. 1. 0. 1. 0. 0. 1. 0. 1. 0.
 1. 0. 0. 0.]"
249,randomforest,"{'criterion': 'gini', 'max_features': 'log2', 'n_estimators': 509}",0.589897504105284,0.1935319917140719,0.1747883151495394,0.3466357460521458,0.5820957753417431,0.19854236956440183,0.5706025774991291,0.14179104477611937,0.5708955223880597,0.5708955223880596,"{0: 0.5812263310314102, 1: 0.5812263310314101}","{0: 0.5812263310314102, 1: 0.5812263310314101}",0.5812263310314101,"[[73 61]
 [54 80]]","[1. 0. 0. 0. 0. 1. 0. 1. 1. 0. 0. 0. 1. 0. 0. 0. 1. 0. 0. 0. 0. 1. 0. 0.
 0. 0. 1. 1. 1. 1. 1. 0. 0. 0. 1. 0. 1. 0. 1. 0. 1. 0. 1. 0. 0. 0. 1. 0.
 0. 0. 1. 0. 1. 1. 1. 1. 1. 1. 0. 1. 1. 0. 1. 0. 0. 0. 1. 1. 1. 1. 0. 0.
 1. 1. 0. 1. 1. 0. 0. 0. 1. 1. 1. 0. 0. 1. 0. 1. 1. 1. 1. 1. 0. 1. 1. 1.
 0. 0. 1. 1. 0. 1. 1. 1. 0. 0. 0. 1. 0. 1. 0. 0. 0. 1. 1. 0. 1. 0. 0. 0.
 0. 1. 1. 1. 1. 1. 1. 1. 0. 0. 0. 1. 1. 0. 1. 1. 0. 1. 0. 1. 1. 0. 0. 0.
 0. 0. 0. 0. 1. 1. 1. 0. 1. 1. 0. 1. 1. 0. 1. 0. 1. 1. 0. 0. 1. 1. 0. 1.
 1. 1. 0. 1. 1. 1. 0. 1. 1. 0. 1. 0. 0. 0. 1. 1. 0. 0. 1. 1. 0. 0. 1. 1.
 1. 1. 1. 1. 0. 1. 0. 0. 0. 0. 1. 1. 0. 0. 0. 0. 1. 1. 0. 1. 1. 1. 0. 0.
 1. 1. 0. 1. 0. 0. 0. 0. 1. 1. 1. 0. 1. 0. 1. 1. 1. 1. 1. 1. 0. 1. 0. 0.
 1. 1. 0. 0. 1. 1. 1. 1. 0. 1. 1. 0. 1. 0. 0. 1. 0. 1. 0. 1. 0. 0. 1. 1.
 1. 0. 1. 0.]","[0. 1. 0. 0. 0. 1. 1. 1. 0. 0. 0. 0. 0. 1. 0. 0. 1. 1. 0. 0. 0. 0. 0. 1.
 0. 0. 1. 0. 1. 0. 0. 1. 0. 1. 1. 0. 0. 0. 1. 0. 0. 0. 1. 1. 1. 0. 1. 0.
 1. 0. 1. 1. 0. 1. 1. 1. 1. 0. 1. 0. 0. 1. 1. 1. 0. 0. 0. 1. 1. 0. 1. 1.
 0. 0. 1. 0. 0. 1. 0. 1. 0. 1. 1. 1. 0. 1. 0. 1. 1. 1. 1. 1. 1. 1. 1. 0.
 0. 0. 1. 1. 1. 0. 0. 1. 1. 1. 0. 0. 0. 1. 1. 1. 0. 0. 0. 0. 1. 1. 1. 0.
 1. 0. 0. 1. 1. 0. 0. 0. 0. 1. 0. 0. 1. 1. 0. 1. 1. 1. 0. 1. 1. 0. 1. 0.
 1. 1. 0. 0. 0. 1. 1. 0. 1. 1. 0. 1. 0. 0. 0. 1. 1. 1. 0. 1. 0. 1. 1. 0.
 1. 0. 0. 1. 1. 0. 0. 1. 0. 1. 1. 0. 0. 1. 0. 0. 1. 1. 0. 1. 1. 0. 0. 0.
 0. 1. 1. 0. 0. 1. 0. 0. 1. 0. 1. 1. 1. 0. 0. 0. 1. 1. 0. 0. 0. 0. 1. 0.
 0. 1. 0. 1. 1. 1. 1. 0. 0. 0. 0. 1. 1. 1. 1. 0. 1. 1. 1. 1. 0. 1. 0. 0.
 1. 0. 0. 1. 1. 1. 1. 1. 0. 0. 1. 1. 1. 0. 0. 1. 0. 1. 0. 0. 1. 0. 1. 0.
 1. 0. 0. 0.]"
689,randomforest,"{'criterion': 'gini', 'max_features': None, 'n_estimators': 117}",0.6133000649707836,0.1806374577372082,0.17477290471313536,0.35321169208880276,0.603917294995924,0.17959462517366337,0.5778821627197077,0.15671641791044777,0.5783582089552238,0.5783582089552239,"{0: 0.5880207173089774, 1: 0.5880207173089774}","{0: 0.5880207173089774, 1: 0.5880207173089774}",0.5880207173089774,"[[73 61]
 [52 82]]","[1. 0. 0. 0. 0. 1. 0. 1. 1. 0. 0. 0. 1. 0. 0. 0. 0. 0. 0. 0. 0. 1. 0. 0.
 0. 0. 1. 1. 1. 1. 1. 0. 0. 0. 1. 0. 0. 0. 1. 0. 1. 0. 1. 1. 0. 1. 1. 1.
 0. 0. 1. 0. 0. 1. 1. 1. 1. 1. 0. 1. 1. 0. 1. 1. 0. 0. 1. 1. 1. 1. 0. 0.
 1. 1. 0. 1. 1. 0. 0. 0. 1. 1. 1. 0. 0. 1. 0. 1. 1. 1. 1. 1. 0. 1. 1. 1.
 0. 0. 1. 1. 0. 1. 1. 1. 1. 0. 0. 0. 0. 1. 0. 0. 1. 1. 1. 0. 1. 0. 0. 0.
 0. 1. 1. 1. 1. 1. 1. 1. 1. 0. 0. 1. 1. 0. 1. 1. 0. 1. 0. 1. 0. 0. 1. 0.
 1. 1. 0. 0. 1. 1. 1. 0. 1. 1. 0. 1. 1. 0. 1. 0. 1. 1. 0. 0. 1. 1. 0. 1.
 1. 1. 0. 1. 1. 1. 0. 1. 1. 0. 1. 0. 0. 1. 1. 1. 0. 0. 1. 1. 0. 0. 0. 1.
 1. 1. 0. 0. 0. 1. 0. 1. 0. 0. 1. 1. 0. 0. 0. 0. 1. 1. 0. 1. 1. 1. 0. 0.
 1. 1. 0. 0. 0. 0. 0. 0. 1. 1. 1. 0. 0. 0. 1. 1. 1. 1. 1. 1. 0. 1. 0. 0.
 1. 1. 0. 0. 1. 1. 1. 1. 0. 1. 1. 0. 1. 0. 0. 1. 0. 1. 0. 1. 0. 0. 1. 1.
 1. 0. 1. 0.]","[0. 1. 0. 0. 0. 1. 1. 1. 0. 0. 0. 0. 0. 1. 0. 0. 1. 1. 0. 0. 0. 0. 0. 1.
 0. 0. 1. 0. 1. 0. 0. 1. 0. 1. 1. 0. 0. 0. 1. 0. 0. 0. 1. 1. 1. 0. 1. 0.
 1. 0. 1. 1. 0. 1. 1. 1. 1. 0. 1. 0. 0. 1. 1. 1. 0. 0. 0. 1. 1. 0. 1. 1.
 0. 0. 1. 0. 0. 1. 0. 1. 0. 1. 1. 1. 0. 1. 0. 1. 1. 1. 1. 1. 1. 1. 1. 0.
 0. 0. 1. 1. 1. 0. 0. 1. 1. 1. 0. 0. 0. 1. 1. 1. 0. 0. 0. 0. 1. 1. 1. 0.
 1. 0. 0. 1. 1. 0. 0. 0. 0. 1. 0. 0. 1. 1. 0. 1. 1. 1. 0. 1. 1. 0. 1. 0.
 1. 1. 0. 0. 0. 1. 1. 0. 1. 1. 0. 1. 0. 0. 0. 1. 1. 1. 0. 1. 0. 1. 1. 0.
 1. 0. 0. 1. 1. 0. 0. 1. 0. 1. 1. 0. 0. 1. 0. 0. 1. 1. 0. 1. 1. 0. 0. 0.
 0. 1. 1. 0. 0. 1. 0. 0. 1. 0. 1. 1. 1. 0. 0. 0. 1. 1. 0. 0. 0. 0. 1. 0.
 0. 1. 0. 1. 1. 1. 1. 0. 0. 0. 0. 1. 1. 1. 1. 0. 1. 1. 1. 1. 0. 1. 0. 0.
 1. 0. 0. 1. 1. 1. 1. 1. 0. 0. 1. 1. 1. 0. 0. 1. 0. 1. 0. 0. 1. 0. 1. 0.
 1. 0. 0. 0.]"
471,randomforest,"{'criterion': 'gini', 'max_features': 'sqrt', 'n_estimators': 223}",0.5887178759740843,0.2020337679788091,0.1747009345367879,0.38341258704748093,0.5776610915219785,0.2071874677561236,0.5596769702032859,0.11940298507462688,0.5597014925373134,0.5597014925373134,"{0: 0.5948707952773447, 1: 0.5948707952773448}","{0: 0.5948707952773447, 1: 0.5948707952773448}",0.5948707952773448,"[[74 60]
 [58 76]]","[1. 0. 0. 0. 0. 1. 0. 1. 1. 0. 0. 0. 1. 0. 0. 0. 1. 0. 0. 0. 0. 1. 0. 0.
 0. 0. 1. 1. 1. 1. 1. 0. 0. 0. 1. 0. 1. 0. 1. 0. 0. 0. 1. 1. 0. 0. 1. 0.
 0. 0. 1. 0. 1. 1. 1. 1. 1. 1. 0. 1. 0. 0. 1. 1. 0. 0. 1. 1. 1. 1. 0. 0.
 1. 1. 0. 1. 1. 0. 0. 0. 1. 1. 1. 0. 0. 1. 0. 1. 1. 1. 1. 1. 0. 1. 1. 1.
 0. 0. 0. 1. 0. 1. 1. 0. 0. 0. 0. 1. 0. 1. 0. 0. 0. 1. 1. 0. 1. 0. 0. 0.
 0. 1. 1. 1. 1. 1. 1. 1. 1. 0. 0. 1. 1. 0. 1. 1. 0. 1. 0. 1. 0. 0. 1. 0.
 0. 0. 0. 0. 1. 1. 1. 0. 1. 0. 0. 1. 1. 0. 1. 0. 1. 1. 0. 0. 1. 1. 0. 1.
 1. 1. 0. 1. 1. 0. 0. 1. 1. 0. 1. 0. 0. 0. 1. 1. 0. 0. 1. 1. 0. 0. 0. 1.
 0. 1. 1. 1. 1. 1. 0. 1. 0. 0. 1. 1. 0. 0. 0. 1. 1. 1. 0. 1. 1. 1. 0. 0.
 1. 1. 0. 0. 0. 0. 0. 0. 1. 1. 1. 0. 0. 0. 0. 1. 1. 1. 1. 1. 0. 1. 0. 0.
 1. 1. 0. 0. 1. 1. 1. 1. 0. 1. 1. 0. 1. 0. 0. 1. 0. 1. 0. 1. 0. 0. 1. 1.
 1. 0. 1. 0.]","[0. 1. 0. 0. 0. 1. 1. 1. 0. 0. 0. 0. 0. 1. 0. 0. 1. 1. 0. 0. 0. 0. 0. 1.
 0. 0. 1. 0. 1. 0. 0. 1. 0. 1. 1. 0. 0. 0. 1. 0. 0. 0. 1. 1. 1. 0. 1. 0.
 1. 0. 1. 1. 0. 1. 1. 1. 1. 0. 1. 0. 0. 1. 1. 1. 0. 0. 0. 1. 1. 0. 1. 1.
 0. 0. 1. 0. 0. 1. 0. 1. 0. 1. 1. 1. 0. 1. 0. 1. 1. 1. 1. 1. 1. 1. 1. 0.
 0. 0. 1. 1. 1. 0. 0. 1. 1. 1. 0. 0. 0. 1. 1. 1. 0. 0. 0. 0. 1. 1. 1. 0.
 1. 0. 0. 1. 1. 0. 0. 0. 0. 1. 0. 0. 1. 1. 0. 1. 1. 1. 0. 1. 1. 0. 1. 0.
 1. 1. 0. 0. 0. 1. 1. 0. 1. 1. 0. 1. 0. 0. 0. 1. 1. 1. 0. 1. 0. 1. 1. 0.
 1. 0. 0. 1. 1. 0. 0. 1. 0. 1. 1. 0. 0. 1. 0. 0. 1. 1. 0. 1. 1. 0. 0. 0.
 0. 1. 1. 0. 0. 1. 0. 0. 1. 0. 1. 1. 1. 0. 0. 0. 1. 1. 0. 0. 0. 0. 1. 0.
 0. 1. 0. 1. 1. 1. 1. 0. 0. 0. 0. 1. 1. 1. 1. 0. 1. 1. 1. 1. 0. 1. 0. 0.
 1. 0. 0. 1. 1. 1. 1. 1. 0. 0. 1. 1. 1. 0. 0. 1. 0. 1. 0. 0. 1. 0. 1. 0.
 1. 0. 0. 0.]"
86,randomforest,"{'criterion': 'entropy', 'max_features': 'sqrt', 'n_estimators': 331}",0.592085050070107,0.20322478117449128,0.17466390155296987,0.3578737623562659,0.5869347983259273,0.19850963484098444,0.5593088071348941,0.11940298507462688,0.5597014925373134,0.5597014925373134,"{0: 0.5875194920917799, 1: 0.5875194920917799}","{0: 0.5875194920917799, 1: 0.5875194920917799}",0.5875194920917799,"[[71 63]
 [55 79]]","[1. 0. 0. 0. 0. 1. 0. 1. 1. 0. 0. 0. 1. 0. 0. 0. 1. 0. 0. 0. 0. 1. 0. 0.
 1. 0. 1. 1. 1. 1. 1. 0. 0. 0. 1. 0. 0. 0. 1. 0. 1. 0. 1. 0. 0. 0. 1. 1.
 0. 0. 1. 0. 1. 1. 1. 1. 1. 1. 0. 1. 0. 1. 1. 0. 0. 0. 1. 1. 1. 1. 0. 0.
 1. 1. 0. 1. 1. 0. 0. 0. 1. 1. 1. 0. 0. 1. 0. 1. 1. 1. 1. 1. 0. 1. 1. 1.
 0. 0. 1. 1. 0. 1. 1. 0. 1. 0. 0. 1. 0. 1. 0. 0. 0. 1. 1. 0. 1. 0. 0. 0.
 0. 1. 1. 1. 1. 1. 1. 1. 1. 0. 0. 1. 1. 0. 1. 0. 0. 1. 0. 1. 1. 0. 0. 0.
 0. 0. 0. 0. 1. 1. 1. 0. 1. 1. 0. 1. 1. 0. 1. 0. 1. 1. 0. 0. 1. 1. 0. 1.
 1. 1. 0. 1. 1. 0. 0. 1. 1. 0. 1. 0. 0. 1. 1. 1. 0. 0. 1. 1. 0. 0. 1. 1.
 1. 1. 1. 1. 1. 1. 0. 1. 0. 0. 1. 1. 0. 0. 0. 0. 1. 1. 0. 1. 1. 1. 0. 0.
 1. 1. 0. 1. 0. 0. 0. 0. 1. 1. 1. 0. 1. 0. 0. 1. 1. 1. 1. 1. 0. 1. 0. 0.
 1. 1. 0. 0. 1. 1. 1. 1. 0. 1. 1. 0. 1. 0. 0. 1. 0. 0. 0. 1. 0. 0. 1. 1.
 1. 0. 1. 0.]","[0. 1. 0. 0. 0. 1. 1. 1. 0. 0. 0. 0. 0. 1. 0. 0. 1. 1. 0. 0. 0. 0. 0. 1.
 0. 0. 1. 0. 1. 0. 0. 1. 0. 1. 1. 0. 0. 0. 1. 0. 0. 0. 1. 1. 1. 0. 1. 0.
 1. 0. 1. 1. 0. 1. 1. 1. 1. 0. 1. 0. 0. 1. 1. 1. 0. 0. 0. 1. 1. 0. 1. 1.
 0. 0. 1. 0. 0. 1. 0. 1. 0. 1. 1. 1. 0. 1. 0. 1. 1. 1. 1. 1. 1. 1. 1. 0.
 0. 0. 1. 1. 1. 0. 0. 1. 1. 1. 0. 0. 0. 1. 1. 1. 0. 0. 0. 0. 1. 1. 1. 0.
 1. 0. 0. 1. 1. 0. 0. 0. 0. 1. 0. 0. 1. 1. 0. 1. 1. 1. 0. 1. 1. 0. 1. 0.
 1. 1. 0. 0. 0. 1. 1. 0. 1. 1. 0. 1. 0. 0. 0. 1. 1. 1. 0. 1. 0. 1. 1. 0.
 1. 0. 0. 1. 1. 0. 0. 1. 0. 1. 1. 0. 0. 1. 0. 0. 1. 1. 0. 1. 1. 0. 0. 0.
 0. 1. 1. 0. 0. 1. 0. 0. 1. 0. 1. 1. 1. 0. 0. 0. 1. 1. 0. 0. 0. 0. 1. 0.
 0. 1. 0. 1. 1. 1. 1. 0. 0. 0. 0. 1. 1. 1. 1. 0. 1. 1. 1. 1. 0. 1. 0. 0.
 1. 0. 0. 1. 1. 1. 1. 1. 0. 0. 1. 1. 1. 0. 0. 1. 0. 1. 0. 0. 1. 0. 1. 0.
 1. 0. 0. 0.]"
243,randomforest,"{'criterion': 'gini', 'max_features': 'log2', 'n_estimators': 399}",0.5897519483204967,0.18960762966559694,0.17450083487686807,0.3583827733716025,0.5809598723409207,0.1996192778618232,0.5629399383912019,0.12686567164179108,0.5634328358208955,0.5634328358208955,"{0: 0.5845399866339942, 1: 0.5845399866339942}","{0: 0.5845399866339942, 1: 0.5845399866339942}",0.5845399866339942,"[[71 63]
 [54 80]]","[1. 0. 0. 0. 0. 1. 0. 1. 1. 0. 0. 0. 1. 0. 0. 0. 0. 0. 0. 1. 0. 1. 0. 0.
 0. 0. 1. 1. 1. 1. 1. 0. 0. 0. 1. 0. 0. 0. 1. 0. 0. 0. 1. 0. 0. 0. 1. 1.
 0. 0. 1. 0. 1. 1. 1. 1. 1. 1. 0. 1. 1. 0. 1. 0. 0. 0. 1. 1. 1. 1. 0. 0.
 1. 1. 0. 1. 1. 0. 0. 0. 1. 1. 1. 0. 0. 1. 0. 1. 1. 1. 1. 1. 0. 1. 1. 1.
 0. 0. 1. 1. 0. 1. 0. 0. 0. 0. 0. 1. 0. 1. 0. 0. 0. 1. 1. 1. 1. 0. 0. 0.
 1. 1. 1. 1. 1. 1. 1. 1. 1. 0. 0. 1. 1. 0. 1. 1. 0. 1. 0. 1. 1. 0. 0. 0.
 1. 0. 0. 0. 1. 1. 1. 0. 1. 0. 0. 1. 1. 0. 1. 0. 1. 1. 0. 0. 1. 1. 0. 1.
 1. 1. 0. 1. 1. 0. 0. 1. 1. 0. 1. 0. 0. 1. 1. 1. 0. 0. 1. 1. 0. 0. 1. 1.
 1. 1. 1. 1. 1. 1. 0. 1. 0. 0. 1. 1. 0. 0. 0. 0. 1. 1. 0. 1. 1. 1. 1. 0.
 1. 1. 0. 0. 0. 0. 0. 0. 1. 1. 1. 0. 1. 0. 1. 1. 1. 1. 1. 1. 0. 1. 0. 0.
 1. 1. 0. 0. 1. 1. 1. 1. 0. 1. 1. 0. 1. 0. 0. 1. 0. 1. 0. 1. 0. 0. 1. 1.
 1. 0. 1. 0.]","[0. 1. 0. 0. 0. 1. 1. 1. 0. 0. 0. 0. 0. 1. 0. 0. 1. 1. 0. 0. 0. 0. 0. 1.
 0. 0. 1. 0. 1. 0. 0. 1. 0. 1. 1. 0. 0. 0. 1. 0. 0. 0. 1. 1. 1. 0. 1. 0.
 1. 0. 1. 1. 0. 1. 1. 1. 1. 0. 1. 0. 0. 1. 1. 1. 0. 0. 0. 1. 1. 0. 1. 1.
 0. 0. 1. 0. 0. 1. 0. 1. 0. 1. 1. 1. 0. 1. 0. 1. 1. 1. 1. 1. 1. 1. 1. 0.
 0. 0. 1. 1. 1. 0. 0. 1. 1. 1. 0. 0. 0. 1. 1. 1. 0. 0. 0. 0. 1. 1. 1. 0.
 1. 0. 0. 1. 1. 0. 0. 0. 0. 1. 0. 0. 1. 1. 0. 1. 1. 1. 0. 1. 1. 0. 1. 0.
 1. 1. 0. 0. 0. 1. 1. 0. 1. 1. 0. 1. 0. 0. 0. 1. 1. 1. 0. 1. 0. 1. 1. 0.
 1. 0. 0. 1. 1. 0. 0. 1. 0. 1. 1. 0. 0. 1. 0. 0. 1. 1. 0. 1. 1. 0. 0. 0.
 0. 1. 1. 0. 0. 1. 0. 0. 1. 0. 1. 1. 1. 0. 0. 0. 1. 1. 0. 0. 0. 0. 1. 0.
 0. 1. 0. 1. 1. 1. 1. 0. 0. 0. 0. 1. 1. 1. 1. 0. 1. 1. 1. 1. 0. 1. 0. 0.
 1. 0. 0. 1. 1. 1. 1. 1. 0. 0. 1. 1. 1. 0. 0. 1. 0. 1. 0. 0. 1. 0. 1. 0.
 1. 0. 0. 0.]"
661,randomforest,"{'criterion': 'gini', 'max_features': None, 'n_estimators': 551}",0.5886545999406285,0.19915719611646282,0.17425401676920224,0.36804434899672545,0.5829991562350433,0.20345548300366817,0.5704110505554549,0.14179104477611937,0.5708955223880597,0.5708955223880596,"{0: 0.5900813098685675, 1: 0.5900813098685675}","{0: 0.5900813098685675, 1: 0.5900813098685675}",0.5900813098685675,"[[72 62]
 [53 81]]","[1. 0. 0. 0. 0. 1. 0. 1. 1. 0. 0. 0. 1. 0. 0. 0. 0. 0. 0. 0. 0. 1. 0. 0.
 0. 0. 1. 1. 1. 1. 1. 0. 0. 0. 1. 1. 0. 0. 1. 0. 1. 0. 1. 1. 0. 1. 1. 0.
 0. 0. 1. 0. 0. 1. 1. 1. 1. 1. 0. 1. 1. 0. 1. 0. 0. 0. 1. 1. 1. 1. 0. 0.
 1. 1. 0. 1. 1. 0. 0. 0. 1. 1. 1. 0. 0. 1. 1. 1. 1. 1. 1. 1. 0. 1. 1. 1.
 0. 0. 1. 1. 0. 1. 1. 0. 0. 0. 0. 1. 0. 1. 0. 0. 0. 1. 1. 0. 1. 0. 0. 0.
 1. 1. 1. 1. 1. 1. 1. 1. 1. 0. 0. 1. 1. 0. 1. 1. 0. 1. 0. 1. 1. 0. 1. 0.
 0. 0. 0. 0. 1. 1. 1. 0. 1. 1. 0. 1. 1. 0. 1. 0. 1. 1. 0. 0. 1. 1. 0. 1.
 1. 1. 0. 1. 1. 0. 0. 1. 1. 0. 1. 0. 0. 1. 1. 1. 0. 0. 1. 1. 0. 0. 1. 1.
 1. 1. 1. 0. 0. 1. 0. 1. 0. 0. 1. 1. 0. 0. 0. 0. 1. 1. 0. 1. 1. 1. 0. 0.
 1. 1. 0. 1. 0. 0. 0. 0. 1. 1. 1. 0. 0. 0. 1. 1. 1. 1. 1. 1. 0. 1. 0. 0.
 1. 1. 0. 0. 1. 1. 1. 1. 0. 1. 1. 0. 1. 0. 0. 1. 0. 1. 0. 1. 0. 0. 1. 1.
 1. 0. 1. 0.]","[0. 1. 0. 0. 0. 1. 1. 1. 0. 0. 0. 0. 0. 1. 0. 0. 1. 1. 0. 0. 0. 0. 0. 1.
 0. 0. 1. 0. 1. 0. 0. 1. 0. 1. 1. 0. 0. 0. 1. 0. 0. 0. 1. 1. 1. 0. 1. 0.
 1. 0. 1. 1. 0. 1. 1. 1. 1. 0. 1. 0. 0. 1. 1. 1. 0. 0. 0. 1. 1. 0. 1. 1.
 0. 0. 1. 0. 0. 1. 0. 1. 0. 1. 1. 1. 0. 1. 0. 1. 1. 1. 1. 1. 1. 1. 1. 0.
 0. 0. 1. 1. 1. 0. 0. 1. 1. 1. 0. 0. 0. 1. 1. 1. 0. 0. 0. 0. 1. 1. 1. 0.
 1. 0. 0. 1. 1. 0. 0. 0. 0. 1. 0. 0. 1. 1. 0. 1. 1. 1. 0. 1. 1. 0. 1. 0.
 1. 1. 0. 0. 0. 1. 1. 0. 1. 1. 0. 1. 0. 0. 0. 1. 1. 1. 0. 1. 0. 1. 1. 0.
 1. 0. 0. 1. 1. 0. 0. 1. 0. 1. 1. 0. 0. 1. 0. 0. 1. 1. 0. 1. 1. 0. 0. 0.
 0. 1. 1. 0. 0. 1. 0. 0. 1. 0. 1. 1. 1. 0. 0. 0. 1. 1. 0. 0. 0. 0. 1. 0.
 0. 1. 0. 1. 1. 1. 1. 0. 0. 0. 0. 1. 1. 1. 1. 0. 1. 1. 1. 1. 0. 1. 0. 0.
 1. 0. 0. 1. 1. 1. 1. 1. 0. 0. 1. 1. 1. 0. 0. 1. 0. 1. 0. 0. 1. 0. 1. 0.
 1. 0. 0. 0.]"
535,randomforest,"{'criterion': 'gini', 'max_features': 'log2', 'n_estimators': 355}",0.5916087842367246,0.18769439629035287,0.1742294150509954,0.3292543296014919,0.5851444068177939,0.19165862162445926,0.5742474916387961,0.14925373134328357,0.5746268656716418,0.5746268656716418,"{0: 0.584790599242593, 1: 0.584790599242593}","{0: 0.584790599242593, 1: 0.584790599242593}",0.584790599242593,"[[73 61]
 [53 81]]","[1. 0. 0. 0. 0. 1. 0. 1. 1. 0. 0. 0. 1. 0. 0. 0. 1. 0. 0. 0. 0. 1. 0. 0.
 0. 0. 1. 1. 1. 1. 1. 0. 0. 0. 1. 0. 1. 0. 1. 0. 1. 0. 1. 1. 0. 0. 1. 1.
 0. 0. 1. 0. 0. 1. 1. 1. 1. 1. 0. 1. 1. 0. 1. 0. 0. 0. 1. 1. 1. 1. 0. 0.
 1. 1. 0. 1. 1. 0. 0. 0. 1. 1. 1. 0. 0. 1. 0. 1. 1. 1. 1. 1. 0. 1. 1. 1.
 0. 0. 1. 1. 0. 1. 0. 0. 0. 0. 0. 1. 0. 1. 0. 0. 0. 1. 1. 0. 1. 0. 0. 0.
 0. 1. 1. 1. 1. 1. 1. 1. 1. 0. 0. 1. 1. 0. 1. 1. 0. 1. 0. 1. 1. 0. 1. 0.
 1. 0. 0. 0. 1. 1. 1. 0. 1. 1. 0. 1. 1. 0. 1. 0. 1. 1. 0. 0. 1. 1. 0. 1.
 1. 1. 0. 1. 1. 1. 0. 1. 1. 0. 1. 0. 0. 0. 1. 1. 0. 0. 1. 1. 0. 0. 1. 1.
 0. 1. 1. 1. 0. 1. 0. 0. 0. 0. 1. 1. 0. 0. 0. 1. 1. 1. 0. 1. 1. 1. 0. 0.
 1. 1. 0. 1. 0. 0. 0. 0. 1. 1. 1. 0. 1. 0. 1. 1. 1. 1. 1. 1. 0. 1. 0. 0.
 1. 1. 0. 0. 1. 1. 0. 1. 0. 1. 1. 0. 1. 0. 0. 1. 0. 1. 0. 1. 0. 0. 1. 1.
 1. 0. 1. 0.]","[0. 1. 0. 0. 0. 1. 1. 1. 0. 0. 0. 0. 0. 1. 0. 0. 1. 1. 0. 0. 0. 0. 0. 1.
 0. 0. 1. 0. 1. 0. 0. 1. 0. 1. 1. 0. 0. 0. 1. 0. 0. 0. 1. 1. 1. 0. 1. 0.
 1. 0. 1. 1. 0. 1. 1. 1. 1. 0. 1. 0. 0. 1. 1. 1. 0. 0. 0. 1. 1. 0. 1. 1.
 0. 0. 1. 0. 0. 1. 0. 1. 0. 1. 1. 1. 0. 1. 0. 1. 1. 1. 1. 1. 1. 1. 1. 0.
 0. 0. 1. 1. 1. 0. 0. 1. 1. 1. 0. 0. 0. 1. 1. 1. 0. 0. 0. 0. 1. 1. 1. 0.
 1. 0. 0. 1. 1. 0. 0. 0. 0. 1. 0. 0. 1. 1. 0. 1. 1. 1. 0. 1. 1. 0. 1. 0.
 1. 1. 0. 0. 0. 1. 1. 0. 1. 1. 0. 1. 0. 0. 0. 1. 1. 1. 0. 1. 0. 1. 1. 0.
 1. 0. 0. 1. 1. 0. 0. 1. 0. 1. 1. 0. 0. 1. 0. 0. 1. 1. 0. 1. 1. 0. 0. 0.
 0. 1. 1. 0. 0. 1. 0. 0. 1. 0. 1. 1. 1. 0. 0. 0. 1. 1. 0. 0. 0. 0. 1. 0.
 0. 1. 0. 1. 1. 1. 1. 0. 0. 0. 0. 1. 1. 1. 1. 0. 1. 1. 1. 1. 0. 1. 0. 0.
 1. 0. 0. 1. 1. 1. 1. 1. 0. 0. 1. 1. 1. 0. 0. 1. 0. 1. 0. 0. 1. 0. 1. 0.
 1. 0. 0. 0.]"
171,randomforest,"{'criterion': 'gini', 'max_features': 'sqrt', 'n_estimators': 531}",0.5871854285990908,0.19928178070188507,0.17414782503536508,0.356711722477648,0.5794916086750764,0.2055361531701333,0.56328082563824,0.12686567164179108,0.5634328358208955,0.5634328358208955,"{0: 0.5821730897750056, 1: 0.5821730897750056}","{0: 0.5821730897750056, 1: 0.5821730897750056}",0.5821730897750056,"[[73 61]
 [56 78]]","[1. 0. 0. 0. 0. 1. 0. 1. 1. 0. 0. 0. 1. 0. 0. 0. 1. 0. 0. 0. 0. 1. 0. 0.
 0. 0. 1. 1. 1. 1. 1. 0. 0. 0. 1. 0. 1. 0. 1. 0. 0. 0. 1. 0. 0. 0. 1. 0.
 0. 0. 1. 0. 1. 1. 1. 1. 1. 1. 0. 1. 1. 0. 1. 1. 0. 0. 1. 1. 1. 1. 0. 0.
 1. 1. 0. 1. 1. 0. 0. 0. 1. 1. 1. 0. 0. 1. 0. 1. 1. 1. 1. 1. 0. 1. 1. 1.
 0. 0. 1. 1. 0. 1. 1. 0. 0. 0. 0. 1. 0. 1. 0. 0. 0. 1. 1. 0. 1. 0. 0. 0.
 0. 1. 1. 1. 1. 1. 1. 1. 1. 0. 0. 1. 1. 0. 1. 1. 0. 1. 0. 1. 1. 0. 0. 0.
 0. 0. 0. 0. 1. 1. 1. 0. 1. 0. 0. 1. 1. 0. 1. 0. 1. 1. 0. 0. 1. 1. 0. 1.
 1. 1. 0. 1. 1. 0. 0. 1. 1. 0. 1. 0. 0. 0. 1. 1. 0. 0. 1. 1. 0. 0. 1. 1.
 1. 1. 1. 1. 1. 1. 0. 0. 0. 0. 1. 1. 0. 0. 0. 0. 1. 1. 0. 1. 1. 1. 0. 0.
 1. 1. 0. 1. 0. 0. 0. 0. 1. 1. 1. 0. 1. 0. 1. 1. 1. 1. 1. 1. 0. 1. 0. 0.
 1. 1. 0. 0. 1. 1. 0. 1. 0. 1. 1. 0. 1. 0. 0. 1. 0. 1. 0. 1. 0. 0. 1. 1.
 1. 0. 1. 0.]","[0. 1. 0. 0. 0. 1. 1. 1. 0. 0. 0. 0. 0. 1. 0. 0. 1. 1. 0. 0. 0. 0. 0. 1.
 0. 0. 1. 0. 1. 0. 0. 1. 0. 1. 1. 0. 0. 0. 1. 0. 0. 0. 1. 1. 1. 0. 1. 0.
 1. 0. 1. 1. 0. 1. 1. 1. 1. 0. 1. 0. 0. 1. 1. 1. 0. 0. 0. 1. 1. 0. 1. 1.
 0. 0. 1. 0. 0. 1. 0. 1. 0. 1. 1. 1. 0. 1. 0. 1. 1. 1. 1. 1. 1. 1. 1. 0.
 0. 0. 1. 1. 1. 0. 0. 1. 1. 1. 0. 0. 0. 1. 1. 1. 0. 0. 0. 0. 1. 1. 1. 0.
 1. 0. 0. 1. 1. 0. 0. 0. 0. 1. 0. 0. 1. 1. 0. 1. 1. 1. 0. 1. 1. 0. 1. 0.
 1. 1. 0. 0. 0. 1. 1. 0. 1. 1. 0. 1. 0. 0. 0. 1. 1. 1. 0. 1. 0. 1. 1. 0.
 1. 0. 0. 1. 1. 0. 0. 1. 0. 1. 1. 0. 0. 1. 0. 0. 1. 1. 0. 1. 1. 0. 0. 0.
 0. 1. 1. 0. 0. 1. 0. 0. 1. 0. 1. 1. 1. 0. 0. 0. 1. 1. 0. 0. 0. 0. 1. 0.
 0. 1. 0. 1. 1. 1. 1. 0. 0. 0. 0. 1. 1. 1. 1. 0. 1. 1. 1. 1. 0. 1. 0. 0.
 1. 0. 0. 1. 1. 1. 1. 1. 0. 0. 1. 1. 1. 0. 0. 1. 0. 1. 0. 0. 1. 0. 1. 0.
 1. 0. 0. 0.]"
859,randomforest,"{'criterion': 'gini', 'max_features': 'sqrt', 'n_estimators': 197}",0.5728768231733127,0.19126291514398147,0.17403940469748436,0.3351324646899398,0.5671784569970054,0.19453567041025496,0.5522138680033416,0.10447761194029848,0.5522388059701493,0.5522388059701493,"{0: 0.5911116061483627, 1: 0.5911116061483627}","{0: 0.5911116061483627, 1: 0.5911116061483627}",0.5911116061483627,"[[73 61]
 [59 75]]","[1. 0. 0. 0. 0. 1. 0. 1. 1. 0. 0. 0. 1. 0. 0. 0. 0. 0. 0. 1. 0. 1. 0. 0.
 1. 0. 1. 1. 1. 1. 1. 0. 0. 0. 1. 1. 1. 0. 1. 0. 0. 0. 1. 0. 0. 0. 1. 1.
 0. 0. 1. 0. 0. 1. 1. 1. 1. 1. 0. 1. 0. 0. 1. 0. 0. 0. 1. 1. 1. 1. 0. 0.
 1. 1. 0. 1. 1. 0. 0. 0. 1. 1. 1. 0. 0. 1. 0. 1. 1. 1. 1. 1. 0. 1. 1. 1.
 0. 0. 1. 1. 0. 1. 0. 0. 0. 0. 0. 1. 0. 1. 0. 0. 1. 1. 1. 0. 1. 0. 0. 0.
 0. 1. 0. 1. 1. 1. 1. 1. 1. 0. 0. 1. 1. 0. 1. 1. 0. 1. 0. 1. 1. 0. 0. 0.
 0. 0. 0. 0. 1. 1. 1. 0. 1. 1. 0. 1. 1. 0. 1. 0. 1. 1. 0. 0. 1. 0. 0. 1.
 1. 1. 0. 1. 1. 0. 0. 1. 1. 0. 1. 0. 0. 1. 1. 1. 0. 0. 1. 1. 0. 0. 1. 1.
 1. 1. 1. 1. 1. 1. 0. 1. 0. 0. 1. 1. 0. 0. 0. 0. 1. 1. 0. 1. 1. 0. 0. 0.
 1. 0. 0. 1. 0. 0. 0. 0. 1. 1. 1. 0. 0. 0. 1. 1. 1. 1. 1. 1. 0. 1. 0. 0.
 1. 1. 0. 0. 1. 1. 1. 1. 0. 0. 1. 0. 1. 0. 0. 1. 0. 0. 0. 1. 0. 0. 1. 1.
 1. 0. 1. 0.]","[0. 1. 0. 0. 0. 1. 1. 1. 0. 0. 0. 0. 0. 1. 0. 0. 1. 1. 0. 0. 0. 0. 0. 1.
 0. 0. 1. 0. 1. 0. 0. 1. 0. 1. 1. 0. 0. 0. 1. 0. 0. 0. 1. 1. 1. 0. 1. 0.
 1. 0. 1. 1. 0. 1. 1. 1. 1. 0. 1. 0. 0. 1. 1. 1. 0. 0. 0. 1. 1. 0. 1. 1.
 0. 0. 1. 0. 0. 1. 0. 1. 0. 1. 1. 1. 0. 1. 0. 1. 1. 1. 1. 1. 1. 1. 1. 0.
 0. 0. 1. 1. 1. 0. 0. 1. 1. 1. 0. 0. 0. 1. 1. 1. 0. 0. 0. 0. 1. 1. 1. 0.
 1. 0. 0. 1. 1. 0. 0. 0. 0. 1. 0. 0. 1. 1. 0. 1. 1. 1. 0. 1. 1. 0. 1. 0.
 1. 1. 0. 0. 0. 1. 1. 0. 1. 1. 0. 1. 0. 0. 0. 1. 1. 1. 0. 1. 0. 1. 1. 0.
 1. 0. 0. 1. 1. 0. 0. 1. 0. 1. 1. 0. 0. 1. 0. 0. 1. 1. 0. 1. 1. 0. 0. 0.
 0. 1. 1. 0. 0. 1. 0. 0. 1. 0. 1. 1. 1. 0. 0. 0. 1. 1. 0. 0. 0. 0. 1. 0.
 0. 1. 0. 1. 1. 1. 1. 0. 0. 0. 0. 1. 1. 1. 1. 0. 1. 1. 1. 1. 0. 1. 0. 0.
 1. 0. 0. 1. 1. 1. 1. 1. 0. 0. 1. 1. 1. 0. 0. 1. 0. 1. 0. 0. 1. 0. 1. 0.
 1. 0. 0. 0.]"
847,randomforest,"{'criterion': 'gini', 'max_features': 'sqrt', 'n_estimators': 67}",0.5912395454052238,0.19227850501326962,0.1739213407717419,0.3255478135340655,0.5852168981705271,0.1886474461625606,0.5556670149773598,0.11194029850746268,0.5559701492537313,0.5559701492537313,"{0: 0.5697538427266651, 1: 0.5697538427266652}","{0: 0.5697538427266651, 1: 0.5697538427266652}",0.5697538427266652,"[[71 63]
 [56 78]]","[1. 0. 0. 0. 0. 1. 0. 1. 1. 0. 0. 0. 1. 0. 0. 0. 1. 0. 0. 0. 0. 1. 0. 0.
 0. 0. 1. 1. 1. 1. 1. 0. 0. 0. 1. 0. 0. 1. 1. 0. 0. 0. 1. 0. 0. 0. 1. 1.
 0. 0. 1. 0. 1. 1. 1. 1. 1. 1. 0. 1. 1. 0. 1. 0. 0. 0. 1. 1. 1. 1. 0. 0.
 1. 1. 0. 1. 1. 0. 1. 0. 1. 1. 1. 0. 0. 1. 0. 1. 1. 1. 1. 1. 0. 1. 1. 1.
 1. 0. 0. 1. 0. 1. 0. 0. 1. 0. 0. 1. 0. 1. 0. 0. 0. 1. 1. 0. 1. 0. 0. 0.
 0. 1. 1. 1. 1. 1. 1. 1. 1. 0. 0. 1. 1. 0. 1. 1. 0. 1. 0. 1. 1. 0. 0. 0.
 0. 0. 0. 0. 1. 1. 1. 0. 1. 0. 0. 1. 1. 0. 1. 0. 1. 1. 0. 0. 1. 1. 0. 1.
 1. 1. 0. 1. 1. 1. 0. 1. 1. 0. 1. 0. 0. 1. 1. 1. 0. 0. 1. 1. 0. 0. 1. 1.
 1. 1. 1. 0. 1. 1. 0. 1. 0. 0. 1. 1. 0. 0. 0. 0. 1. 1. 0. 1. 1. 0. 0. 0.
 1. 1. 0. 1. 0. 0. 0. 0. 1. 1. 1. 0. 1. 0. 0. 1. 1. 1. 1. 1. 0. 1. 0. 0.
 1. 1. 0. 0. 1. 1. 1. 1. 0. 1. 1. 0. 1. 0. 0. 1. 0. 1. 0. 1. 0. 0. 1. 1.
 1. 0. 1. 0.]","[0. 1. 0. 0. 0. 1. 1. 1. 0. 0. 0. 0. 0. 1. 0. 0. 1. 1. 0. 0. 0. 0. 0. 1.
 0. 0. 1. 0. 1. 0. 0. 1. 0. 1. 1. 0. 0. 0. 1. 0. 0. 0. 1. 1. 1. 0. 1. 0.
 1. 0. 1. 1. 0. 1. 1. 1. 1. 0. 1. 0. 0. 1. 1. 1. 0. 0. 0. 1. 1. 0. 1. 1.
 0. 0. 1. 0. 0. 1. 0. 1. 0. 1. 1. 1. 0. 1. 0. 1. 1. 1. 1. 1. 1. 1. 1. 0.
 0. 0. 1. 1. 1. 0. 0. 1. 1. 1. 0. 0. 0. 1. 1. 1. 0. 0. 0. 0. 1. 1. 1. 0.
 1. 0. 0. 1. 1. 0. 0. 0. 0. 1. 0. 0. 1. 1. 0. 1. 1. 1. 0. 1. 1. 0. 1. 0.
 1. 1. 0. 0. 0. 1. 1. 0. 1. 1. 0. 1. 0. 0. 0. 1. 1. 1. 0. 1. 0. 1. 1. 0.
 1. 0. 0. 1. 1. 0. 0. 1. 0. 1. 1. 0. 0. 1. 0. 0. 1. 1. 0. 1. 1. 0. 0. 0.
 0. 1. 1. 0. 0. 1. 0. 0. 1. 0. 1. 1. 1. 0. 0. 0. 1. 1. 0. 0. 0. 0. 1. 0.
 0. 1. 0. 1. 1. 1. 1. 0. 0. 0. 0. 1. 1. 1. 1. 0. 1. 1. 1. 1. 0. 1. 0. 0.
 1. 0. 0. 1. 1. 1. 1. 1. 0. 0. 1. 1. 1. 0. 0. 1. 0. 1. 0. 0. 1. 0. 1. 0.
 1. 0. 0. 0.]"
567,randomforest,"{'criterion': 'gini', 'max_features': 'log2', 'n_estimators': 525}",0.5874177391050942,0.19714910957113851,0.1736305527432733,0.3566476223157761,0.5814937731772409,0.2006989705873716,0.5708417461533105,0.14179104477611937,0.5708955223880597,0.5708955223880596,"{0: 0.5903319224771664, 1: 0.5903319224771665}","{0: 0.5903319224771664, 1: 0.5903319224771665}",0.5903319224771665,"[[75 59]
 [56 78]]","[1. 0. 0. 0. 0. 1. 0. 1. 1. 0. 0. 0. 1. 0. 0. 0. 1. 0. 0. 0. 0. 1. 0. 0.
 0. 0. 1. 1. 1. 1. 1. 0. 0. 0. 1. 0. 0. 0. 1. 0. 0. 0. 1. 1. 0. 0. 1. 1.
 0. 0. 1. 0. 1. 1. 1. 1. 1. 1. 0. 1. 1. 0. 1. 0. 0. 0. 1. 1. 1. 1. 0. 0.
 1. 1. 0. 1. 1. 0. 0. 0. 1. 1. 1. 0. 0. 1. 1. 1. 1. 1. 1. 1. 0. 1. 1. 1.
 0. 0. 1. 1. 0. 1. 0. 0. 0. 0. 0. 1. 0. 1. 0. 0. 0. 1. 1. 0. 1. 0. 0. 0.
 0. 1. 1. 1. 1. 1. 1. 1. 1. 0. 0. 1. 1. 0. 1. 1. 0. 1. 0. 1. 1. 0. 0. 0.
 0. 0. 0. 0. 1. 1. 1. 0. 1. 0. 0. 1. 1. 0. 1. 0. 1. 1. 0. 0. 1. 1. 0. 1.
 1. 1. 0. 1. 1. 0. 0. 1. 1. 0. 1. 0. 0. 1. 1. 1. 0. 0. 1. 1. 0. 0. 1. 1.
 0. 1. 1. 0. 1. 1. 0. 0. 0. 0. 1. 1. 0. 0. 0. 0. 1. 1. 0. 1. 1. 1. 0. 0.
 1. 1. 0. 0. 0. 0. 0. 0. 1. 1. 1. 0. 1. 0. 1. 1. 1. 1. 1. 1. 0. 1. 0. 0.
 1. 1. 0. 0. 1. 1. 1. 1. 0. 1. 1. 0. 1. 0. 0. 1. 0. 0. 0. 1. 0. 0. 1. 1.
 1. 0. 1. 0.]","[0. 1. 0. 0. 0. 1. 1. 1. 0. 0. 0. 0. 0. 1. 0. 0. 1. 1. 0. 0. 0. 0. 0. 1.
 0. 0. 1. 0. 1. 0. 0. 1. 0. 1. 1. 0. 0. 0. 1. 0. 0. 0. 1. 1. 1. 0. 1. 0.
 1. 0. 1. 1. 0. 1. 1. 1. 1. 0. 1. 0. 0. 1. 1. 1. 0. 0. 0. 1. 1. 0. 1. 1.
 0. 0. 1. 0. 0. 1. 0. 1. 0. 1. 1. 1. 0. 1. 0. 1. 1. 1. 1. 1. 1. 1. 1. 0.
 0. 0. 1. 1. 1. 0. 0. 1. 1. 1. 0. 0. 0. 1. 1. 1. 0. 0. 0. 0. 1. 1. 1. 0.
 1. 0. 0. 1. 1. 0. 0. 0. 0. 1. 0. 0. 1. 1. 0. 1. 1. 1. 0. 1. 1. 0. 1. 0.
 1. 1. 0. 0. 0. 1. 1. 0. 1. 1. 0. 1. 0. 0. 0. 1. 1. 1. 0. 1. 0. 1. 1. 0.
 1. 0. 0. 1. 1. 0. 0. 1. 0. 1. 1. 0. 0. 1. 0. 0. 1. 1. 0. 1. 1. 0. 0. 0.
 0. 1. 1. 0. 0. 1. 0. 0. 1. 0. 1. 1. 1. 0. 0. 0. 1. 1. 0. 0. 0. 0. 1. 0.
 0. 1. 0. 1. 1. 1. 1. 0. 0. 0. 0. 1. 1. 1. 1. 0. 1. 1. 1. 1. 0. 1. 0. 0.
 1. 0. 0. 1. 1. 1. 1. 1. 0. 0. 1. 1. 1. 0. 0. 1. 0. 1. 0. 0. 1. 0. 1. 0.
 1. 0. 0. 0.]"
14,randomforest,"{'criterion': 'gini', 'max_features': 'log2', 'n_estimators': 381}",0.5911592241917195,0.20364835968581788,0.17355348763454023,0.37165747944272415,0.5835332267791945,0.20938551667065847,0.5708895479164056,0.14179104477611937,0.5708955223880597,0.5708955223880596,"{0: 0.5852918244597906, 1: 0.5852918244597906}","{0: 0.5852918244597906, 1: 0.5852918244597906}",0.5852918244597906,"[[76 58]
 [57 77]]","[1. 0. 0. 0. 0. 1. 0. 1. 1. 0. 0. 0. 1. 0. 0. 0. 1. 0. 0. 0. 0. 1. 0. 0.
 0. 0. 1. 1. 1. 1. 1. 0. 0. 0. 1. 0. 1. 0. 1. 0. 0. 0. 1. 1. 0. 1. 1. 0.
 0. 0. 1. 0. 1. 1. 1. 1. 1. 1. 0. 1. 0. 0. 1. 0. 0. 0. 1. 1. 1. 1. 0. 0.
 1. 1. 0. 1. 1. 0. 0. 0. 1. 1. 1. 0. 0. 1. 0. 1. 1. 1. 1. 1. 0. 1. 1. 1.
 0. 0. 1. 1. 0. 1. 0. 0. 0. 0. 0. 1. 0. 1. 0. 0. 0. 1. 1. 0. 1. 0. 0. 0.
 0. 1. 1. 1. 1. 1. 1. 1. 1. 0. 0. 1. 1. 0. 1. 1. 0. 1. 0. 1. 1. 0. 0. 0.
 0. 0. 0. 0. 1. 1. 1. 0. 1. 0. 0. 1. 1. 0. 1. 0. 1. 1. 0. 0. 1. 1. 0. 1.
 1. 1. 0. 1. 1. 1. 0. 1. 1. 0. 1. 0. 0. 0. 1. 1. 0. 0. 1. 0. 0. 0. 1. 1.
 0. 1. 1. 1. 1. 1. 0. 0. 0. 0. 1. 1. 0. 0. 0. 0. 1. 1. 0. 1. 1. 1. 0. 0.
 1. 1. 0. 1. 0. 0. 0. 0. 0. 1. 1. 0. 1. 0. 1. 1. 1. 1. 1. 1. 0. 1. 0. 0.
 1. 1. 0. 0. 1. 1. 0. 1. 0. 0. 1. 0. 1. 0. 0. 1. 0. 1. 0. 1. 0. 0. 1. 1.
 1. 0. 1. 0.]","[0. 1. 0. 0. 0. 1. 1. 1. 0. 0. 0. 0. 0. 1. 0. 0. 1. 1. 0. 0. 0. 0. 0. 1.
 0. 0. 1. 0. 1. 0. 0. 1. 0. 1. 1. 0. 0. 0. 1. 0. 0. 0. 1. 1. 1. 0. 1. 0.
 1. 0. 1. 1. 0. 1. 1. 1. 1. 0. 1. 0. 0. 1. 1. 1. 0. 0. 0. 1. 1. 0. 1. 1.
 0. 0. 1. 0. 0. 1. 0. 1. 0. 1. 1. 1. 0. 1. 0. 1. 1. 1. 1. 1. 1. 1. 1. 0.
 0. 0. 1. 1. 1. 0. 0. 1. 1. 1. 0. 0. 0. 1. 1. 1. 0. 0. 0. 0. 1. 1. 1. 0.
 1. 0. 0. 1. 1. 0. 0. 0. 0. 1. 0. 0. 1. 1. 0. 1. 1. 1. 0. 1. 1. 0. 1. 0.
 1. 1. 0. 0. 0. 1. 1. 0. 1. 1. 0. 1. 0. 0. 0. 1. 1. 1. 0. 1. 0. 1. 1. 0.
 1. 0. 0. 1. 1. 0. 0. 1. 0. 1. 1. 0. 0. 1. 0. 0. 1. 1. 0. 1. 1. 0. 0. 0.
 0. 1. 1. 0. 0. 1. 0. 0. 1. 0. 1. 1. 1. 0. 0. 0. 1. 1. 0. 0. 0. 0. 1. 0.
 0. 1. 0. 1. 1. 1. 1. 0. 0. 0. 0. 1. 1. 1. 1. 0. 1. 1. 1. 1. 0. 1. 0. 0.
 1. 0. 0. 1. 1. 1. 1. 1. 0. 0. 1. 1. 1. 0. 0. 1. 0. 1. 0. 0. 1. 0. 1. 0.
 1. 0. 0. 0.]"
919,randomforest,"{'criterion': 'gini', 'max_features': 'sqrt', 'n_estimators': 175}",0.5726884072863675,0.20588401509185048,0.17351487168529056,0.36606875617287327,0.5677126450311935,0.20955503965411187,0.5520142642224327,0.10447761194029848,0.5522388059701493,0.5522388059701493,"{0: 0.5943417242147471, 1: 0.5943417242147471}","{0: 0.5943417242147471, 1: 0.5943417242147471}",0.5943417242147471,"[[71 63]
 [57 77]]","[1. 0. 0. 0. 0. 1. 0. 1. 1. 0. 0. 0. 1. 0. 0. 0. 0. 0. 0. 0. 0. 1. 0. 0.
 1. 0. 1. 1. 1. 1. 1. 0. 0. 0. 1. 0. 0. 0. 1. 0. 0. 0. 1. 0. 0. 1. 1. 1.
 0. 0. 1. 0. 1. 1. 1. 1. 1. 1. 0. 1. 0. 0. 1. 1. 0. 0. 1. 1. 1. 1. 0. 0.
 1. 1. 0. 1. 1. 0. 0. 0. 1. 1. 1. 1. 0. 1. 1. 1. 1. 1. 1. 0. 0. 1. 1. 1.
 0. 0. 1. 1. 0. 1. 0. 1. 0. 0. 0. 1. 0. 1. 0. 0. 0. 1. 1. 0. 1. 0. 0. 0.
 0. 1. 1. 1. 1. 1. 1. 1. 1. 0. 0. 1. 1. 0. 1. 1. 0. 1. 0. 1. 0. 0. 0. 0.
 0. 0. 0. 0. 1. 1. 1. 0. 1. 1. 0. 1. 1. 0. 1. 0. 1. 1. 0. 0. 1. 1. 0. 1.
 1. 1. 0. 1. 1. 0. 0. 1. 1. 0. 1. 1. 0. 1. 1. 1. 0. 0. 1. 1. 0. 0. 1. 1.
 1. 1. 1. 1. 1. 1. 0. 0. 0. 0. 1. 1. 0. 1. 0. 0. 1. 1. 0. 1. 1. 0. 0. 0.
 1. 1. 0. 1. 0. 0. 0. 0. 1. 1. 1. 0. 0. 0. 0. 1. 1. 1. 1. 1. 0. 1. 0. 0.
 1. 1. 0. 0. 1. 1. 1. 1. 0. 1. 1. 0. 1. 0. 0. 1. 0. 0. 0. 1. 0. 0. 1. 1.
 1. 0. 1. 0.]","[0. 1. 0. 0. 0. 1. 1. 1. 0. 0. 0. 0. 0. 1. 0. 0. 1. 1. 0. 0. 0. 0. 0. 1.
 0. 0. 1. 0. 1. 0. 0. 1. 0. 1. 1. 0. 0. 0. 1. 0. 0. 0. 1. 1. 1. 0. 1. 0.
 1. 0. 1. 1. 0. 1. 1. 1. 1. 0. 1. 0. 0. 1. 1. 1. 0. 0. 0. 1. 1. 0. 1. 1.
 0. 0. 1. 0. 0. 1. 0. 1. 0. 1. 1. 1. 0. 1. 0. 1. 1. 1. 1. 1. 1. 1. 1. 0.
 0. 0. 1. 1. 1. 0. 0. 1. 1. 1. 0. 0. 0. 1. 1. 1. 0. 0. 0. 0. 1. 1. 1. 0.
 1. 0. 0. 1. 1. 0. 0. 0. 0. 1. 0. 0. 1. 1. 0. 1. 1. 1. 0. 1. 1. 0. 1. 0.
 1. 1. 0. 0. 0. 1. 1. 0. 1. 1. 0. 1. 0. 0. 0. 1. 1. 1. 0. 1. 0. 1. 1. 0.
 1. 0. 0. 1. 1. 0. 0. 1. 0. 1. 1. 0. 0. 1. 0. 0. 1. 1. 0. 1. 1. 0. 0. 0.
 0. 1. 1. 0. 0. 1. 0. 0. 1. 0. 1. 1. 1. 0. 0. 0. 1. 1. 0. 0. 0. 0. 1. 0.
 0. 1. 0. 1. 1. 1. 1. 0. 0. 0. 0. 1. 1. 1. 1. 0. 1. 1. 1. 1. 0. 1. 0. 0.
 1. 0. 0. 1. 1. 1. 1. 1. 0. 0. 1. 1. 1. 0. 0. 1. 0. 1. 0. 0. 1. 0. 1. 0.
 1. 0. 0. 0.]"
790,randomforest,"{'criterion': 'gini', 'max_features': 'sqrt', 'n_estimators': 209}",0.5820468244068814,0.1878371103342657,0.17337779137210962,0.3513535902831104,0.5730594375755667,0.19364288542678126,0.5559145025412517,0.11194029850746268,0.5559701492537313,0.5559701492537313,"{0: 0.5854310536867899, 1: 0.5854310536867899}","{0: 0.5854310536867899, 1: 0.5854310536867899}",0.5854310536867899,"[[73 61]
 [58 76]]","[1. 0. 0. 0. 0. 1. 0. 1. 1. 0. 0. 0. 1. 0. 0. 0. 1. 0. 0. 0. 0. 1. 0. 0.
 1. 0. 1. 1. 1. 1. 1. 0. 0. 0. 1. 0. 0. 0. 1. 0. 0. 0. 1. 0. 0. 0. 1. 1.
 0. 0. 1. 0. 1. 1. 1. 1. 1. 1. 0. 1. 0. 0. 1. 0. 0. 0. 1. 1. 1. 1. 0. 0.
 1. 1. 0. 1. 1. 0. 1. 0. 1. 1. 1. 0. 0. 1. 0. 1. 1. 1. 1. 1. 0. 1. 1. 1.
 0. 0. 0. 1. 0. 1. 1. 1. 0. 0. 0. 1. 0. 1. 0. 0. 0. 1. 1. 0. 1. 0. 0. 0.
 0. 1. 1. 1. 1. 1. 1. 1. 1. 0. 0. 1. 1. 0. 1. 1. 0. 1. 0. 1. 1. 0. 0. 0.
 1. 0. 0. 0. 0. 1. 1. 0. 1. 0. 0. 1. 1. 0. 1. 0. 1. 1. 0. 0. 1. 1. 0. 1.
 1. 1. 0. 1. 1. 0. 0. 1. 1. 0. 1. 0. 0. 1. 1. 1. 0. 0. 1. 1. 0. 0. 1. 1.
 1. 1. 0. 1. 1. 1. 0. 1. 0. 0. 1. 1. 0. 0. 0. 0. 1. 1. 0. 1. 1. 0. 0. 0.
 1. 1. 0. 0. 0. 0. 0. 0. 1. 1. 1. 0. 0. 0. 1. 1. 1. 1. 1. 1. 0. 1. 0. 0.
 1. 1. 0. 0. 1. 1. 1. 1. 0. 1. 1. 0. 1. 0. 0. 1. 0. 0. 0. 1. 0. 0. 1. 1.
 1. 0. 1. 0.]","[0. 1. 0. 0. 0. 1. 1. 1. 0. 0. 0. 0. 0. 1. 0. 0. 1. 1. 0. 0. 0. 0. 0. 1.
 0. 0. 1. 0. 1. 0. 0. 1. 0. 1. 1. 0. 0. 0. 1. 0. 0. 0. 1. 1. 1. 0. 1. 0.
 1. 0. 1. 1. 0. 1. 1. 1. 1. 0. 1. 0. 0. 1. 1. 1. 0. 0. 0. 1. 1. 0. 1. 1.
 0. 0. 1. 0. 0. 1. 0. 1. 0. 1. 1. 1. 0. 1. 0. 1. 1. 1. 1. 1. 1. 1. 1. 0.
 0. 0. 1. 1. 1. 0. 0. 1. 1. 1. 0. 0. 0. 1. 1. 1. 0. 0. 0. 0. 1. 1. 1. 0.
 1. 0. 0. 1. 1. 0. 0. 0. 0. 1. 0. 0. 1. 1. 0. 1. 1. 1. 0. 1. 1. 0. 1. 0.
 1. 1. 0. 0. 0. 1. 1. 0. 1. 1. 0. 1. 0. 0. 0. 1. 1. 1. 0. 1. 0. 1. 1. 0.
 1. 0. 0. 1. 1. 0. 0. 1. 0. 1. 1. 0. 0. 1. 0. 0. 1. 1. 0. 1. 1. 0. 0. 0.
 0. 1. 1. 0. 0. 1. 0. 0. 1. 0. 1. 1. 1. 0. 0. 0. 1. 1. 0. 0. 0. 0. 1. 0.
 0. 1. 0. 1. 1. 1. 1. 0. 0. 0. 0. 1. 1. 1. 1. 0. 1. 1. 1. 1. 0. 1. 0. 0.
 1. 0. 0. 1. 1. 1. 1. 1. 0. 0. 1. 1. 1. 0. 0. 1. 0. 1. 0. 0. 1. 0. 1. 0.
 1. 0. 0. 0.]"
150,randomforest,"{'criterion': 'gini', 'max_features': 'sqrt', 'n_estimators': 467}",0.5896861840798958,0.18072161255786023,0.17326794271971294,0.31443756526459293,0.5843396522832007,0.18422143383881148,0.5698834694019956,0.14179104477611937,0.5708955223880597,0.5708955223880596,"{0: 0.5886333259077746, 1: 0.5886333259077745}","{0: 0.5886333259077746, 1: 0.5886333259077745}",0.5886333259077745,"[[70 64]
 [51 83]]","[1. 0. 0. 0. 0. 1. 0. 1. 1. 0. 0. 0. 1. 0. 0. 0. 1. 0. 0. 1. 0. 1. 0. 0.
 0. 0. 1. 1. 1. 1. 1. 0. 0. 0. 1. 0. 0. 0. 1. 0. 1. 0. 1. 1. 0. 0. 1. 1.
 0. 0. 1. 0. 1. 1. 1. 1. 1. 1. 0. 1. 1. 0. 1. 0. 0. 0. 1. 1. 1. 1. 0. 0.
 1. 1. 0. 1. 1. 0. 0. 0. 1. 1. 1. 0. 0. 1. 1. 1. 1. 1. 1. 1. 0. 1. 1. 1.
 0. 0. 1. 1. 0. 1. 1. 0. 0. 0. 0. 1. 0. 1. 0. 0. 0. 1. 1. 0. 1. 0. 0. 0.
 0. 1. 1. 1. 1. 1. 1. 1. 1. 0. 0. 1. 1. 0. 1. 1. 0. 1. 0. 1. 1. 0. 0. 0.
 1. 0. 0. 0. 1. 1. 1. 0. 1. 1. 0. 1. 1. 0. 1. 0. 1. 1. 0. 0. 1. 1. 0. 1.
 1. 1. 0. 1. 1. 0. 0. 1. 1. 0. 1. 0. 0. 1. 1. 1. 0. 0. 1. 1. 0. 0. 1. 1.
 1. 1. 1. 1. 1. 1. 0. 0. 0. 0. 1. 1. 0. 0. 0. 0. 1. 1. 0. 1. 1. 1. 1. 0.
 1. 1. 0. 1. 0. 0. 0. 0. 1. 1. 1. 0. 1. 0. 1. 1. 1. 1. 1. 1. 0. 1. 0. 0.
 1. 1. 0. 0. 1. 1. 1. 1. 0. 1. 1. 0. 1. 0. 0. 1. 0. 1. 0. 1. 0. 0. 1. 1.
 1. 0. 1. 0.]","[0. 1. 0. 0. 0. 1. 1. 1. 0. 0. 0. 0. 0. 1. 0. 0. 1. 1. 0. 0. 0. 0. 0. 1.
 0. 0. 1. 0. 1. 0. 0. 1. 0. 1. 1. 0. 0. 0. 1. 0. 0. 0. 1. 1. 1. 0. 1. 0.
 1. 0. 1. 1. 0. 1. 1. 1. 1. 0. 1. 0. 0. 1. 1. 1. 0. 0. 0. 1. 1. 0. 1. 1.
 0. 0. 1. 0. 0. 1. 0. 1. 0. 1. 1. 1. 0. 1. 0. 1. 1. 1. 1. 1. 1. 1. 1. 0.
 0. 0. 1. 1. 1. 0. 0. 1. 1. 1. 0. 0. 0. 1. 1. 1. 0. 0. 0. 0. 1. 1. 1. 0.
 1. 0. 0. 1. 1. 0. 0. 0. 0. 1. 0. 0. 1. 1. 0. 1. 1. 1. 0. 1. 1. 0. 1. 0.
 1. 1. 0. 0. 0. 1. 1. 0. 1. 1. 0. 1. 0. 0. 0. 1. 1. 1. 0. 1. 0. 1. 1. 0.
 1. 0. 0. 1. 1. 0. 0. 1. 0. 1. 1. 0. 0. 1. 0. 0. 1. 1. 0. 1. 1. 0. 0. 0.
 0. 1. 1. 0. 0. 1. 0. 0. 1. 0. 1. 1. 1. 0. 0. 0. 1. 1. 0. 0. 0. 0. 1. 0.
 0. 1. 0. 1. 1. 1. 1. 0. 0. 0. 0. 1. 1. 1. 1. 0. 1. 1. 1. 1. 0. 1. 0. 0.
 1. 0. 0. 1. 1. 1. 1. 1. 0. 0. 1. 1. 1. 0. 0. 1. 0. 1. 0. 0. 1. 0. 1. 0.
 1. 0. 0. 0.]"
415,randomforest,"{'criterion': 'gini', 'max_features': 'sqrt', 'n_estimators': 425}",0.5924639320189341,0.1901528026058017,0.17324029808036032,0.33250433681536695,0.5862624420084098,0.1941326539955672,0.5740337962188389,0.14925373134328357,0.5746268656716418,0.5746268656716418,"{0: 0.5861550456671865, 1: 0.5861550456671865}","{0: 0.5861550456671865, 1: 0.5861550456671865}",0.5861550456671865,"[[72 62]
 [52 82]]","[1. 0. 0. 0. 0. 1. 0. 1. 1. 0. 0. 0. 1. 0. 0. 0. 1. 0. 0. 0. 0. 1. 0. 0.
 0. 0. 1. 1. 1. 1. 1. 0. 0. 0. 1. 0. 1. 0. 1. 0. 1. 0. 1. 1. 0. 0. 1. 1.
 0. 0. 1. 0. 0. 1. 1. 1. 1. 1. 0. 1. 1. 0. 1. 1. 0. 0. 1. 1. 1. 1. 0. 0.
 1. 1. 0. 1. 1. 0. 0. 0. 1. 1. 1. 0. 0. 1. 0. 1. 1. 1. 1. 1. 0. 1. 1. 1.
 0. 0. 1. 1. 0. 1. 1. 0. 0. 0. 0. 1. 0. 1. 0. 0. 0. 1. 1. 0. 1. 0. 0. 0.
 0. 1. 1. 1. 1. 1. 1. 1. 1. 0. 0. 1. 1. 0. 1. 1. 0. 1. 0. 1. 1. 0. 0. 0.
 1. 0. 0. 0. 1. 1. 1. 0. 1. 1. 0. 1. 1. 0. 1. 0. 1. 1. 0. 0. 1. 1. 0. 1.
 1. 1. 0. 1. 1. 0. 0. 1. 1. 0. 1. 0. 0. 1. 1. 1. 0. 0. 1. 1. 0. 0. 1. 1.
 1. 1. 1. 1. 1. 1. 0. 0. 0. 0. 1. 1. 0. 0. 0. 0. 1. 1. 0. 1. 1. 1. 0. 0.
 1. 1. 0. 1. 0. 0. 0. 0. 1. 1. 1. 0. 0. 0. 1. 1. 1. 1. 1. 1. 0. 1. 0. 0.
 1. 1. 0. 0. 1. 1. 1. 1. 0. 1. 1. 0. 1. 0. 0. 1. 0. 1. 0. 1. 0. 0. 1. 1.
 1. 0. 1. 0.]","[0. 1. 0. 0. 0. 1. 1. 1. 0. 0. 0. 0. 0. 1. 0. 0. 1. 1. 0. 0. 0. 0. 0. 1.
 0. 0. 1. 0. 1. 0. 0. 1. 0. 1. 1. 0. 0. 0. 1. 0. 0. 0. 1. 1. 1. 0. 1. 0.
 1. 0. 1. 1. 0. 1. 1. 1. 1. 0. 1. 0. 0. 1. 1. 1. 0. 0. 0. 1. 1. 0. 1. 1.
 0. 0. 1. 0. 0. 1. 0. 1. 0. 1. 1. 1. 0. 1. 0. 1. 1. 1. 1. 1. 1. 1. 1. 0.
 0. 0. 1. 1. 1. 0. 0. 1. 1. 1. 0. 0. 0. 1. 1. 1. 0. 0. 0. 0. 1. 1. 1. 0.
 1. 0. 0. 1. 1. 0. 0. 0. 0. 1. 0. 0. 1. 1. 0. 1. 1. 1. 0. 1. 1. 0. 1. 0.
 1. 1. 0. 0. 0. 1. 1. 0. 1. 1. 0. 1. 0. 0. 0. 1. 1. 1. 0. 1. 0. 1. 1. 0.
 1. 0. 0. 1. 1. 0. 0. 1. 0. 1. 1. 0. 0. 1. 0. 0. 1. 1. 0. 1. 1. 0. 0. 0.
 0. 1. 1. 0. 0. 1. 0. 0. 1. 0. 1. 1. 1. 0. 0. 0. 1. 1. 0. 0. 0. 0. 1. 0.
 0. 1. 0. 1. 1. 1. 1. 0. 0. 0. 0. 1. 1. 1. 1. 0. 1. 1. 1. 1. 0. 1. 0. 0.
 1. 0. 0. 1. 1. 1. 1. 1. 0. 0. 1. 1. 1. 0. 0. 1. 0. 1. 0. 0. 1. 0. 1. 0.
 1. 0. 0. 0.]"
128,randomforest,"{'criterion': 'gini', 'max_features': None, 'n_estimators': 427}",0.5983375387965046,0.18805188950702512,0.1729095760435357,0.35576151435888026,0.5893874420084098,0.1937544335851031,0.5707461106700651,0.14179104477611937,0.5708955223880597,0.5708955223880597,"{0: 0.58958008465137, 1: 0.5895800846513699}","{0: 0.58958008465137, 1: 0.5895800846513699}",0.5895800846513699,"[[74 60]
 [55 79]]","[1. 0. 0. 0. 0. 1. 0. 1. 1. 0. 0. 0. 1. 0. 0. 0. 0. 0. 0. 0. 0. 1. 0. 0.
 0. 0. 1. 1. 1. 1. 1. 0. 0. 0. 1. 1. 1. 0. 1. 0. 1. 0. 1. 1. 0. 1. 1. 0.
 0. 0. 1. 0. 1. 1. 1. 1. 1. 1. 0. 1. 1. 0. 1. 0. 0. 0. 1. 1. 1. 1. 0. 0.
 1. 1. 0. 1. 1. 0. 0. 0. 1. 1. 1. 0. 0. 1. 0. 1. 1. 1. 1. 1. 0. 1. 1. 1.
 0. 0. 1. 1. 0. 1. 1. 1. 0. 0. 0. 1. 0. 1. 0. 0. 0. 1. 1. 0. 1. 0. 0. 0.
 1. 1. 1. 1. 1. 1. 1. 1. 1. 0. 0. 1. 1. 0. 1. 1. 0. 1. 0. 1. 1. 0. 1. 0.
 0. 0. 0. 0. 1. 1. 1. 0. 1. 1. 0. 1. 1. 0. 1. 0. 1. 1. 0. 0. 1. 1. 0. 1.
 1. 1. 0. 1. 1. 0. 0. 1. 1. 0. 1. 0. 0. 0. 1. 1. 0. 0. 1. 1. 0. 0. 0. 1.
 0. 1. 0. 1. 0. 1. 0. 0. 0. 0. 1. 1. 0. 0. 0. 0. 1. 1. 0. 1. 1. 1. 0. 0.
 1. 1. 0. 1. 0. 0. 0. 0. 1. 1. 1. 0. 0. 0. 1. 1. 1. 1. 1. 1. 0. 1. 0. 0.
 1. 1. 0. 0. 1. 1. 0. 1. 0. 0. 1. 0. 1. 0. 0. 1. 0. 1. 0. 1. 0. 0. 1. 1.
 1. 0. 1. 0.]","[0. 1. 0. 0. 0. 1. 1. 1. 0. 0. 0. 0. 0. 1. 0. 0. 1. 1. 0. 0. 0. 0. 0. 1.
 0. 0. 1. 0. 1. 0. 0. 1. 0. 1. 1. 0. 0. 0. 1. 0. 0. 0. 1. 1. 1. 0. 1. 0.
 1. 0. 1. 1. 0. 1. 1. 1. 1. 0. 1. 0. 0. 1. 1. 1. 0. 0. 0. 1. 1. 0. 1. 1.
 0. 0. 1. 0. 0. 1. 0. 1. 0. 1. 1. 1. 0. 1. 0. 1. 1. 1. 1. 1. 1. 1. 1. 0.
 0. 0. 1. 1. 1. 0. 0. 1. 1. 1. 0. 0. 0. 1. 1. 1. 0. 0. 0. 0. 1. 1. 1. 0.
 1. 0. 0. 1. 1. 0. 0. 0. 0. 1. 0. 0. 1. 1. 0. 1. 1. 1. 0. 1. 1. 0. 1. 0.
 1. 1. 0. 0. 0. 1. 1. 0. 1. 1. 0. 1. 0. 0. 0. 1. 1. 1. 0. 1. 0. 1. 1. 0.
 1. 0. 0. 1. 1. 0. 0. 1. 0. 1. 1. 0. 0. 1. 0. 0. 1. 1. 0. 1. 1. 0. 0. 0.
 0. 1. 1. 0. 0. 1. 0. 0. 1. 0. 1. 1. 1. 0. 0. 0. 1. 1. 0. 0. 0. 0. 1. 0.
 0. 1. 0. 1. 1. 1. 1. 0. 0. 0. 0. 1. 1. 1. 1. 0. 1. 1. 1. 1. 0. 1. 0. 0.
 1. 0. 0. 1. 1. 1. 1. 1. 0. 0. 1. 1. 1. 0. 0. 1. 0. 1. 0. 0. 1. 0. 1. 0.
 1. 0. 0. 0.]"
421,randomforest,"{'criterion': 'gini', 'max_features': 'sqrt', 'n_estimators': 595}",0.5855876608106211,0.19736633535401463,0.17290649603281527,0.3594191667823899,0.5785566621252105,0.20136868899642094,0.5629399383912019,0.12686567164179108,0.5634328358208955,0.5634328358208955,"{0: 0.5892737803519715, 1: 0.5892737803519714}","{0: 0.5892737803519715, 1: 0.5892737803519714}",0.5892737803519714,"[[71 63]
 [54 80]]","[1. 0. 0. 0. 0. 1. 0. 1. 1. 0. 0. 0. 1. 0. 0. 0. 1. 0. 0. 0. 0. 1. 0. 0.
 0. 0. 1. 1. 1. 1. 1. 0. 0. 0. 1. 0. 1. 0. 1. 0. 1. 0. 1. 0. 0. 0. 1. 1.
 0. 0. 1. 0. 1. 1. 1. 1. 1. 1. 0. 1. 0. 0. 1. 1. 0. 0. 1. 1. 1. 1. 0. 0.
 1. 1. 0. 1. 1. 0. 0. 0. 1. 1. 1. 0. 0. 1. 1. 1. 1. 1. 1. 1. 0. 1. 1. 1.
 0. 0. 1. 1. 0. 1. 0. 0. 0. 0. 0. 1. 0. 1. 0. 0. 0. 1. 1. 0. 1. 0. 0. 0.
 0. 1. 1. 1. 1. 1. 1. 1. 1. 0. 0. 1. 1. 0. 1. 1. 0. 1. 0. 1. 0. 0. 0. 0.
 1. 0. 0. 0. 1. 1. 1. 0. 1. 1. 0. 1. 1. 0. 1. 0. 1. 1. 0. 0. 1. 1. 0. 1.
 1. 1. 0. 1. 1. 0. 0. 1. 1. 0. 1. 0. 0. 1. 1. 1. 0. 0. 1. 1. 0. 0. 1. 1.
 1. 1. 1. 1. 1. 1. 0. 1. 0. 0. 1. 1. 0. 0. 0. 0. 1. 1. 0. 1. 1. 1. 0. 0.
 1. 1. 0. 1. 0. 0. 0. 0. 1. 1. 1. 0. 1. 0. 1. 1. 1. 1. 1. 1. 0. 1. 0. 0.
 1. 1. 0. 0. 1. 1. 1. 1. 0. 1. 1. 0. 1. 0. 0. 1. 0. 0. 0. 1. 0. 0. 1. 1.
 1. 0. 1. 0.]","[0. 1. 0. 0. 0. 1. 1. 1. 0. 0. 0. 0. 0. 1. 0. 0. 1. 1. 0. 0. 0. 0. 0. 1.
 0. 0. 1. 0. 1. 0. 0. 1. 0. 1. 1. 0. 0. 0. 1. 0. 0. 0. 1. 1. 1. 0. 1. 0.
 1. 0. 1. 1. 0. 1. 1. 1. 1. 0. 1. 0. 0. 1. 1. 1. 0. 0. 0. 1. 1. 0. 1. 1.
 0. 0. 1. 0. 0. 1. 0. 1. 0. 1. 1. 1. 0. 1. 0. 1. 1. 1. 1. 1. 1. 1. 1. 0.
 0. 0. 1. 1. 1. 0. 0. 1. 1. 1. 0. 0. 0. 1. 1. 1. 0. 0. 0. 0. 1. 1. 1. 0.
 1. 0. 0. 1. 1. 0. 0. 0. 0. 1. 0. 0. 1. 1. 0. 1. 1. 1. 0. 1. 1. 0. 1. 0.
 1. 1. 0. 0. 0. 1. 1. 0. 1. 1. 0. 1. 0. 0. 0. 1. 1. 1. 0. 1. 0. 1. 1. 0.
 1. 0. 0. 1. 1. 0. 0. 1. 0. 1. 1. 0. 0. 1. 0. 0. 1. 1. 0. 1. 1. 0. 0. 0.
 0. 1. 1. 0. 0. 1. 0. 0. 1. 0. 1. 1. 1. 0. 0. 0. 1. 1. 0. 0. 0. 0. 1. 0.
 0. 1. 0. 1. 1. 1. 1. 0. 0. 0. 0. 1. 1. 1. 1. 0. 1. 1. 1. 1. 0. 1. 0. 0.
 1. 0. 0. 1. 1. 1. 1. 1. 0. 0. 1. 1. 1. 0. 0. 1. 0. 1. 0. 0. 1. 0. 1. 0.
 1. 0. 0. 0.]"
795,randomforest,"{'criterion': 'gini', 'max_features': 'sqrt', 'n_estimators': 439}",0.5871809579124306,0.199188054489209,0.1727928151554242,0.3558136248621833,0.5810045055004732,0.2016209520048798,0.5707461106700651,0.14179104477611937,0.5708955223880597,0.5708955223880597,"{0: 0.5897471597237692, 1: 0.5897471597237691}","{0: 0.5897471597237692, 1: 0.5897471597237691}",0.5897471597237691,"[[74 60]
 [55 79]]","[1. 0. 0. 0. 0. 1. 0. 1. 1. 0. 0. 0. 1. 0. 0. 0. 1. 0. 0. 0. 0. 1. 0. 0.
 0. 0. 1. 1. 1. 1. 1. 0. 0. 0. 1. 0. 1. 0. 1. 0. 1. 0. 1. 1. 0. 0. 1. 1.
 0. 0. 1. 0. 1. 1. 1. 1. 1. 1. 0. 1. 0. 0. 1. 1. 0. 0. 1. 1. 1. 1. 0. 0.
 1. 1. 0. 1. 1. 0. 0. 0. 1. 1. 1. 0. 0. 1. 0. 1. 1. 1. 1. 1. 0. 1. 1. 1.
 0. 0. 1. 1. 0. 1. 1. 0. 0. 0. 0. 1. 0. 1. 0. 0. 0. 1. 1. 0. 1. 0. 0. 0.
 0. 1. 1. 1. 1. 1. 1. 1. 1. 0. 0. 1. 1. 0. 1. 1. 0. 1. 0. 1. 1. 0. 0. 0.
 0. 0. 0. 0. 1. 1. 1. 0. 1. 1. 0. 1. 1. 0. 1. 0. 1. 1. 0. 0. 1. 1. 0. 1.
 1. 1. 0. 1. 1. 0. 0. 1. 1. 0. 1. 0. 0. 1. 1. 1. 0. 0. 1. 1. 0. 0. 1. 1.
 0. 1. 1. 0. 1. 1. 0. 0. 0. 0. 1. 1. 0. 0. 0. 0. 1. 1. 0. 1. 1. 1. 0. 0.
 1. 1. 0. 0. 0. 0. 0. 0. 1. 1. 1. 0. 0. 0. 1. 1. 1. 1. 1. 1. 0. 1. 0. 0.
 1. 1. 0. 0. 1. 1. 1. 1. 0. 1. 1. 0. 1. 0. 0. 1. 0. 0. 0. 1. 0. 0. 1. 1.
 1. 0. 1. 0.]","[0. 1. 0. 0. 0. 1. 1. 1. 0. 0. 0. 0. 0. 1. 0. 0. 1. 1. 0. 0. 0. 0. 0. 1.
 0. 0. 1. 0. 1. 0. 0. 1. 0. 1. 1. 0. 0. 0. 1. 0. 0. 0. 1. 1. 1. 0. 1. 0.
 1. 0. 1. 1. 0. 1. 1. 1. 1. 0. 1. 0. 0. 1. 1. 1. 0. 0. 0. 1. 1. 0. 1. 1.
 0. 0. 1. 0. 0. 1. 0. 1. 0. 1. 1. 1. 0. 1. 0. 1. 1. 1. 1. 1. 1. 1. 1. 0.
 0. 0. 1. 1. 1. 0. 0. 1. 1. 1. 0. 0. 0. 1. 1. 1. 0. 0. 0. 0. 1. 1. 1. 0.
 1. 0. 0. 1. 1. 0. 0. 0. 0. 1. 0. 0. 1. 1. 0. 1. 1. 1. 0. 1. 1. 0. 1. 0.
 1. 1. 0. 0. 0. 1. 1. 0. 1. 1. 0. 1. 0. 0. 0. 1. 1. 1. 0. 1. 0. 1. 1. 0.
 1. 0. 0. 1. 1. 0. 0. 1. 0. 1. 1. 0. 0. 1. 0. 0. 1. 1. 0. 1. 1. 0. 0. 0.
 0. 1. 1. 0. 0. 1. 0. 0. 1. 0. 1. 1. 1. 0. 0. 0. 1. 1. 0. 0. 0. 0. 1. 0.
 0. 1. 0. 1. 1. 1. 1. 0. 0. 0. 0. 1. 1. 1. 1. 0. 1. 1. 1. 1. 0. 1. 0. 0.
 1. 0. 0. 1. 1. 1. 1. 1. 0. 0. 1. 1. 1. 0. 0. 1. 0. 1. 0. 0. 1. 0. 1. 0.
 1. 0. 0. 0.]"
99,randomforest,"{'criterion': 'entropy', 'max_features': 'sqrt', 'n_estimators': 599}",0.5841599596883699,0.1927083197846332,0.1725500538929566,0.34235270087501163,0.5766203479913157,0.20055313557502213,0.5631347962382445,0.12686567164179108,0.5634328358208955,0.5634328358208955,"{0: 0.5875194920917799, 1: 0.5875194920917799}","{0: 0.5875194920917799, 1: 0.5875194920917799}",0.5875194920917799,"[[72 62]
 [55 79]]","[1. 0. 0. 0. 0. 1. 0. 1. 1. 0. 0. 0. 1. 0. 0. 0. 1. 0. 0. 0. 0. 1. 0. 0.
 1. 0. 1. 1. 1. 1. 1. 0. 0. 0. 1. 0. 0. 0. 1. 0. 1. 0. 1. 0. 0. 0. 1. 0.
 0. 0. 1. 0. 0. 1. 1. 1. 1. 1. 0. 1. 1. 0. 1. 0. 0. 0. 1. 1. 1. 1. 0. 0.
 1. 1. 0. 1. 1. 0. 0. 0. 1. 1. 1. 0. 0. 1. 0. 1. 1. 1. 1. 1. 0. 1. 1. 1.
 0. 0. 1. 1. 0. 1. 1. 0. 0. 0. 0. 1. 0. 1. 0. 0. 0. 1. 1. 0. 1. 0. 0. 0.
 0. 1. 1. 1. 1. 1. 1. 1. 1. 0. 0. 1. 1. 0. 1. 0. 0. 1. 0. 1. 1. 0. 1. 0.
 1. 0. 0. 0. 1. 1. 1. 0. 1. 1. 0. 1. 1. 0. 1. 0. 1. 1. 0. 0. 1. 1. 0. 1.
 1. 1. 0. 1. 1. 1. 0. 1. 1. 0. 1. 0. 0. 0. 1. 1. 0. 0. 1. 1. 0. 0. 1. 1.
 1. 1. 1. 0. 1. 1. 0. 1. 0. 0. 1. 1. 0. 0. 0. 0. 1. 1. 0. 1. 1. 1. 0. 0.
 1. 1. 0. 1. 0. 0. 0. 0. 1. 1. 1. 0. 1. 0. 0. 1. 1. 1. 1. 1. 0. 1. 0. 0.
 1. 1. 0. 0. 1. 1. 1. 1. 0. 1. 1. 0. 1. 0. 0. 1. 0. 1. 0. 1. 0. 0. 1. 1.
 1. 0. 1. 0.]","[0. 1. 0. 0. 0. 1. 1. 1. 0. 0. 0. 0. 0. 1. 0. 0. 1. 1. 0. 0. 0. 0. 0. 1.
 0. 0. 1. 0. 1. 0. 0. 1. 0. 1. 1. 0. 0. 0. 1. 0. 0. 0. 1. 1. 1. 0. 1. 0.
 1. 0. 1. 1. 0. 1. 1. 1. 1. 0. 1. 0. 0. 1. 1. 1. 0. 0. 0. 1. 1. 0. 1. 1.
 0. 0. 1. 0. 0. 1. 0. 1. 0. 1. 1. 1. 0. 1. 0. 1. 1. 1. 1. 1. 1. 1. 1. 0.
 0. 0. 1. 1. 1. 0. 0. 1. 1. 1. 0. 0. 0. 1. 1. 1. 0. 0. 0. 0. 1. 1. 1. 0.
 1. 0. 0. 1. 1. 0. 0. 0. 0. 1. 0. 0. 1. 1. 0. 1. 1. 1. 0. 1. 1. 0. 1. 0.
 1. 1. 0. 0. 0. 1. 1. 0. 1. 1. 0. 1. 0. 0. 0. 1. 1. 1. 0. 1. 0. 1. 1. 0.
 1. 0. 0. 1. 1. 0. 0. 1. 0. 1. 1. 0. 0. 1. 0. 0. 1. 1. 0. 1. 1. 0. 0. 0.
 0. 1. 1. 0. 0. 1. 0. 0. 1. 0. 1. 1. 1. 0. 0. 0. 1. 1. 0. 0. 0. 0. 1. 0.
 0. 1. 0. 1. 1. 1. 1. 0. 0. 0. 0. 1. 1. 1. 1. 0. 1. 1. 1. 1. 0. 1. 0. 0.
 1. 0. 0. 1. 1. 1. 1. 1. 0. 0. 1. 1. 1. 0. 0. 1. 0. 1. 0. 0. 1. 0. 1. 0.
 1. 0. 0. 0.]"
978,randomforest,"{'criterion': 'gini', 'max_features': 'sqrt', 'n_estimators': 453}",0.5838213823633126,0.186476068565658,0.17215484095354894,0.34976308013225915,0.5738548842883521,0.1986566211165225,0.559603386809269,0.11940298507462688,0.5597014925373134,0.5597014925373134,"{0: 0.5911394519937625, 1: 0.5911394519937625}","{0: 0.5911394519937625, 1: 0.5911394519937625}",0.5911394519937625,"[[73 61]
 [57 77]]","[1. 0. 0. 0. 0. 1. 0. 1. 1. 0. 0. 0. 1. 0. 0. 0. 1. 0. 0. 0. 0. 1. 0. 0.
 0. 0. 1. 1. 1. 1. 1. 0. 0. 0. 1. 1. 1. 0. 1. 0. 0. 0. 1. 0. 0. 0. 1. 0.
 0. 0. 1. 0. 1. 1. 1. 1. 1. 1. 0. 1. 1. 0. 1. 1. 0. 0. 1. 1. 1. 1. 0. 0.
 1. 1. 0. 1. 1. 0. 0. 0. 1. 1. 1. 0. 0. 1. 0. 1. 1. 1. 1. 1. 0. 1. 1. 1.
 0. 0. 1. 1. 0. 1. 0. 1. 0. 0. 0. 0. 0. 1. 0. 0. 0. 1. 1. 0. 1. 0. 0. 0.
 0. 1. 1. 1. 1. 1. 1. 1. 1. 0. 0. 1. 1. 0. 1. 1. 0. 1. 0. 1. 0. 0. 1. 0.
 0. 0. 0. 0. 1. 1. 1. 0. 1. 0. 0. 1. 1. 0. 1. 0. 1. 1. 0. 0. 1. 1. 0. 1.
 1. 1. 0. 1. 1. 0. 0. 1. 1. 0. 1. 0. 0. 0. 1. 1. 0. 0. 1. 1. 0. 0. 1. 1.
 1. 1. 1. 1. 1. 1. 0. 1. 0. 0. 1. 1. 0. 0. 0. 0. 1. 1. 0. 1. 1. 1. 0. 0.
 1. 1. 0. 0. 0. 0. 0. 0. 1. 1. 1. 0. 1. 0. 0. 1. 1. 1. 1. 1. 0. 1. 0. 0.
 1. 1. 0. 0. 1. 1. 0. 1. 0. 1. 1. 0. 1. 0. 0. 1. 0. 1. 0. 1. 0. 0. 1. 1.
 1. 0. 1. 0.]","[0. 1. 0. 0. 0. 1. 1. 1. 0. 0. 0. 0. 0. 1. 0. 0. 1. 1. 0. 0. 0. 0. 0. 1.
 0. 0. 1. 0. 1. 0. 0. 1. 0. 1. 1. 0. 0. 0. 1. 0. 0. 0. 1. 1. 1. 0. 1. 0.
 1. 0. 1. 1. 0. 1. 1. 1. 1. 0. 1. 0. 0. 1. 1. 1. 0. 0. 0. 1. 1. 0. 1. 1.
 0. 0. 1. 0. 0. 1. 0. 1. 0. 1. 1. 1. 0. 1. 0. 1. 1. 1. 1. 1. 1. 1. 1. 0.
 0. 0. 1. 1. 1. 0. 0. 1. 1. 1. 0. 0. 0. 1. 1. 1. 0. 0. 0. 0. 1. 1. 1. 0.
 1. 0. 0. 1. 1. 0. 0. 0. 0. 1. 0. 0. 1. 1. 0. 1. 1. 1. 0. 1. 1. 0. 1. 0.
 1. 1. 0. 0. 0. 1. 1. 0. 1. 1. 0. 1. 0. 0. 0. 1. 1. 1. 0. 1. 0. 1. 1. 0.
 1. 0. 0. 1. 1. 0. 0. 1. 0. 1. 1. 0. 0. 1. 0. 0. 1. 1. 0. 1. 1. 0. 0. 0.
 0. 1. 1. 0. 0. 1. 0. 0. 1. 0. 1. 1. 1. 0. 0. 0. 1. 1. 0. 0. 0. 0. 1. 0.
 0. 1. 0. 1. 1. 1. 1. 0. 0. 0. 0. 1. 1. 1. 1. 0. 1. 1. 1. 1. 0. 1. 0. 0.
 1. 0. 0. 1. 1. 1. 1. 1. 0. 0. 1. 1. 1. 0. 0. 1. 0. 1. 0. 0. 1. 0. 1. 0.
 1. 0. 0. 0.]"
154,randomforest,"{'criterion': 'gini', 'max_features': 'sqrt', 'n_estimators': 111}",0.578835572721958,0.19152637963840466,0.17188459306012638,0.36391665917505894,0.5744374651632717,0.19474758908294398,0.5706025774991291,0.14179104477611937,0.5708955223880597,0.5708955223880596,"{0: 0.5922254399643573, 1: 0.5922254399643574}","{0: 0.5922254399643573, 1: 0.5922254399643574}",0.5922254399643574,"[[73 61]
 [54 80]]","[1. 0. 0. 0. 0. 1. 0. 1. 1. 0. 0. 0. 1. 0. 0. 0. 1. 0. 0. 0. 1. 1. 0. 0.
 0. 0. 0. 1. 1. 1. 1. 0. 0. 0. 1. 1. 0. 0. 1. 0. 0. 0. 1. 0. 0. 0. 1. 0.
 0. 0. 1. 0. 0. 1. 1. 1. 1. 1. 0. 1. 0. 0. 1. 0. 0. 0. 1. 1. 1. 1. 0. 0.
 1. 1. 0. 1. 1. 0. 0. 0. 1. 1. 1. 1. 0. 1. 0. 1. 1. 1. 1. 1. 0. 1. 1. 1.
 0. 0. 1. 1. 1. 1. 0. 1. 0. 0. 0. 1. 0. 1. 0. 0. 0. 1. 1. 0. 1. 0. 0. 0.
 0. 1. 1. 1. 1. 1. 1. 1. 1. 0. 0. 1. 1. 0. 1. 1. 0. 1. 0. 1. 1. 0. 1. 0.
 1. 0. 0. 0. 0. 1. 1. 0. 1. 1. 0. 1. 1. 0. 1. 0. 1. 1. 0. 0. 1. 0. 0. 1.
 1. 1. 1. 1. 1. 1. 0. 1. 1. 0. 1. 0. 0. 0. 1. 1. 0. 0. 1. 1. 0. 0. 1. 1.
 1. 1. 1. 1. 1. 1. 0. 0. 1. 0. 1. 1. 0. 1. 0. 0. 1. 1. 0. 1. 1. 1. 0. 0.
 1. 1. 0. 0. 0. 0. 0. 0. 1. 1. 1. 0. 1. 0. 0. 1. 1. 1. 1. 1. 0. 1. 0. 0.
 1. 1. 0. 0. 1. 1. 0. 1. 0. 1. 1. 0. 1. 0. 0. 1. 0. 1. 0. 1. 0. 0. 1. 1.
 1. 0. 1. 0.]","[0. 1. 0. 0. 0. 1. 1. 1. 0. 0. 0. 0. 0. 1. 0. 0. 1. 1. 0. 0. 0. 0. 0. 1.
 0. 0. 1. 0. 1. 0. 0. 1. 0. 1. 1. 0. 0. 0. 1. 0. 0. 0. 1. 1. 1. 0. 1. 0.
 1. 0. 1. 1. 0. 1. 1. 1. 1. 0. 1. 0. 0. 1. 1. 1. 0. 0. 0. 1. 1. 0. 1. 1.
 0. 0. 1. 0. 0. 1. 0. 1. 0. 1. 1. 1. 0. 1. 0. 1. 1. 1. 1. 1. 1. 1. 1. 0.
 0. 0. 1. 1. 1. 0. 0. 1. 1. 1. 0. 0. 0. 1. 1. 1. 0. 0. 0. 0. 1. 1. 1. 0.
 1. 0. 0. 1. 1. 0. 0. 0. 0. 1. 0. 0. 1. 1. 0. 1. 1. 1. 0. 1. 1. 0. 1. 0.
 1. 1. 0. 0. 0. 1. 1. 0. 1. 1. 0. 1. 0. 0. 0. 1. 1. 1. 0. 1. 0. 1. 1. 0.
 1. 0. 0. 1. 1. 0. 0. 1. 0. 1. 1. 0. 0. 1. 0. 0. 1. 1. 0. 1. 1. 0. 0. 0.
 0. 1. 1. 0. 0. 1. 0. 0. 1. 0. 1. 1. 1. 0. 0. 0. 1. 1. 0. 0. 0. 0. 1. 0.
 0. 1. 0. 1. 1. 1. 1. 0. 0. 0. 0. 1. 1. 1. 1. 0. 1. 1. 1. 1. 0. 1. 0. 0.
 1. 0. 0. 1. 1. 1. 1. 1. 0. 0. 1. 1. 1. 0. 0. 1. 0. 1. 0. 0. 1. 0. 1. 0.
 1. 0. 0. 0.]"
267,randomforest,"{'criterion': 'gini', 'max_features': 'log2', 'n_estimators': 267}",0.5857393283152296,0.17726229770938434,0.1718082462548627,0.3261098085413426,0.5772794670980155,0.1856475448826911,0.5631347962382445,0.12686567164179108,0.5634328358208955,0.5634328358208955,"{0: 0.5886333259077747, 1: 0.5886333259077746}","{0: 0.5886333259077747, 1: 0.5886333259077746}",0.5886333259077746,"[[72 62]
 [55 79]]","[1. 0. 0. 0. 0. 1. 0. 1. 1. 0. 0. 0. 1. 0. 0. 0. 1. 0. 0. 0. 0. 1. 0. 0.
 0. 0. 1. 1. 1. 1. 1. 0. 0. 0. 1. 1. 1. 0. 1. 0. 0. 0. 1. 0. 0. 0. 1. 1.
 0. 0. 1. 0. 1. 1. 1. 1. 1. 1. 0. 1. 1. 0. 1. 0. 0. 0. 1. 1. 1. 1. 0. 0.
 1. 1. 0. 1. 1. 0. 0. 0. 1. 1. 1. 0. 0. 1. 0. 1. 1. 1. 1. 1. 0. 1. 1. 1.
 0. 0. 1. 1. 0. 1. 1. 0. 0. 0. 0. 1. 0. 1. 0. 0. 0. 1. 1. 0. 1. 0. 0. 0.
 0. 1. 1. 1. 1. 1. 1. 1. 1. 0. 0. 1. 1. 0. 1. 1. 0. 1. 0. 1. 1. 0. 0. 0.
 1. 0. 0. 0. 1. 1. 1. 0. 1. 1. 0. 1. 1. 0. 1. 0. 1. 1. 0. 0. 1. 0. 0. 1.
 1. 1. 0. 1. 1. 0. 0. 1. 1. 0. 1. 0. 0. 0. 1. 1. 0. 0. 1. 1. 0. 0. 1. 1.
 1. 1. 1. 1. 1. 1. 0. 0. 0. 0. 1. 1. 0. 0. 0. 0. 1. 1. 0. 1. 1. 1. 0. 0.
 1. 1. 0. 1. 0. 0. 0. 0. 1. 1. 1. 0. 1. 0. 1. 1. 1. 1. 1. 1. 0. 1. 0. 0.
 1. 1. 0. 0. 1. 1. 1. 1. 0. 1. 1. 0. 1. 0. 0. 1. 0. 1. 0. 1. 0. 0. 1. 0.
 1. 0. 1. 0.]","[0. 1. 0. 0. 0. 1. 1. 1. 0. 0. 0. 0. 0. 1. 0. 0. 1. 1. 0. 0. 0. 0. 0. 1.
 0. 0. 1. 0. 1. 0. 0. 1. 0. 1. 1. 0. 0. 0. 1. 0. 0. 0. 1. 1. 1. 0. 1. 0.
 1. 0. 1. 1. 0. 1. 1. 1. 1. 0. 1. 0. 0. 1. 1. 1. 0. 0. 0. 1. 1. 0. 1. 1.
 0. 0. 1. 0. 0. 1. 0. 1. 0. 1. 1. 1. 0. 1. 0. 1. 1. 1. 1. 1. 1. 1. 1. 0.
 0. 0. 1. 1. 1. 0. 0. 1. 1. 1. 0. 0. 0. 1. 1. 1. 0. 0. 0. 0. 1. 1. 1. 0.
 1. 0. 0. 1. 1. 0. 0. 0. 0. 1. 0. 0. 1. 1. 0. 1. 1. 1. 0. 1. 1. 0. 1. 0.
 1. 1. 0. 0. 0. 1. 1. 0. 1. 1. 0. 1. 0. 0. 0. 1. 1. 1. 0. 1. 0. 1. 1. 0.
 1. 0. 0. 1. 1. 0. 0. 1. 0. 1. 1. 0. 0. 1. 0. 0. 1. 1. 0. 1. 1. 0. 0. 0.
 0. 1. 1. 0. 0. 1. 0. 0. 1. 0. 1. 1. 1. 0. 0. 0. 1. 1. 0. 0. 0. 0. 1. 0.
 0. 1. 0. 1. 1. 1. 1. 0. 0. 0. 0. 1. 1. 1. 1. 0. 1. 1. 1. 1. 0. 1. 0. 0.
 1. 0. 0. 1. 1. 1. 1. 1. 0. 0. 1. 1. 1. 0. 0. 1. 0. 1. 0. 0. 1. 0. 1. 0.
 1. 0. 0. 0.]"
405,randomforest,"{'criterion': 'gini', 'max_features': 'sqrt', 'n_estimators': 311}",0.5920440121934429,0.1957730014607287,0.17175838338121965,0.36268361647442615,0.5835201592762077,0.20420581640768404,0.5667781493868451,0.13432835820895528,0.5671641791044776,0.5671641791044776,"{0: 0.5811427934952106, 1: 0.5811427934952106}","{0: 0.5811427934952106, 1: 0.5811427934952106}",0.5811427934952106,"[[72 62]
 [54 80]]","[1. 0. 0. 0. 0. 1. 0. 1. 1. 0. 0. 0. 1. 0. 0. 0. 1. 0. 0. 0. 0. 1. 0. 0.
 0. 0. 1. 1. 1. 1. 1. 0. 0. 0. 1. 0. 1. 0. 1. 0. 1. 0. 1. 0. 0. 0. 1. 1.
 0. 0. 1. 0. 1. 1. 1. 1. 1. 1. 0. 1. 1. 0. 1. 0. 0. 0. 1. 1. 1. 1. 0. 0.
 0. 1. 0. 1. 1. 0. 0. 0. 1. 1. 1. 0. 0. 1. 0. 1. 1. 1. 1. 1. 0. 1. 1. 1.
 0. 0. 1. 1. 0. 1. 0. 0. 0. 0. 0. 1. 0. 1. 0. 0. 0. 1. 1. 0. 1. 0. 0. 0.
 0. 1. 1. 1. 1. 1. 1. 1. 1. 0. 0. 1. 1. 0. 1. 1. 0. 1. 0. 1. 1. 0. 1. 0.
 1. 0. 0. 0. 1. 1. 1. 0. 1. 0. 0. 1. 1. 0. 1. 0. 1. 1. 0. 0. 1. 1. 0. 1.
 1. 1. 0. 1. 1. 1. 0. 1. 1. 0. 1. 0. 0. 1. 1. 1. 0. 0. 1. 1. 0. 0. 1. 1.
 1. 1. 1. 0. 1. 1. 0. 1. 0. 0. 1. 1. 0. 0. 0. 0. 1. 1. 0. 1. 1. 1. 0. 0.
 1. 1. 0. 1. 0. 0. 0. 0. 1. 1. 1. 0. 0. 0. 1. 1. 1. 1. 1. 1. 0. 1. 0. 0.
 1. 1. 0. 0. 1. 1. 1. 1. 0. 1. 1. 0. 1. 0. 0. 1. 0. 1. 0. 1. 0. 0. 1. 1.
 1. 0. 1. 0.]","[0. 1. 0. 0. 0. 1. 1. 1. 0. 0. 0. 0. 0. 1. 0. 0. 1. 1. 0. 0. 0. 0. 0. 1.
 0. 0. 1. 0. 1. 0. 0. 1. 0. 1. 1. 0. 0. 0. 1. 0. 0. 0. 1. 1. 1. 0. 1. 0.
 1. 0. 1. 1. 0. 1. 1. 1. 1. 0. 1. 0. 0. 1. 1. 1. 0. 0. 0. 1. 1. 0. 1. 1.
 0. 0. 1. 0. 0. 1. 0. 1. 0. 1. 1. 1. 0. 1. 0. 1. 1. 1. 1. 1. 1. 1. 1. 0.
 0. 0. 1. 1. 1. 0. 0. 1. 1. 1. 0. 0. 0. 1. 1. 1. 0. 0. 0. 0. 1. 1. 1. 0.
 1. 0. 0. 1. 1. 0. 0. 0. 0. 1. 0. 0. 1. 1. 0. 1. 1. 1. 0. 1. 1. 0. 1. 0.
 1. 1. 0. 0. 0. 1. 1. 0. 1. 1. 0. 1. 0. 0. 0. 1. 1. 1. 0. 1. 0. 1. 1. 0.
 1. 0. 0. 1. 1. 0. 0. 1. 0. 1. 1. 0. 0. 1. 0. 0. 1. 1. 0. 1. 1. 0. 0. 0.
 0. 1. 1. 0. 0. 1. 0. 0. 1. 0. 1. 1. 1. 0. 0. 0. 1. 1. 0. 0. 0. 0. 1. 0.
 0. 1. 0. 1. 1. 1. 1. 0. 0. 0. 0. 1. 1. 1. 1. 0. 1. 1. 1. 1. 0. 1. 0. 0.
 1. 0. 0. 1. 1. 1. 1. 1. 0. 0. 1. 1. 1. 0. 0. 1. 0. 1. 0. 0. 1. 0. 1. 0.
 1. 0. 0. 0.]"
811,randomforest,"{'criterion': 'gini', 'max_features': 'sqrt', 'n_estimators': 409}",0.5775809317887116,0.1949349616797837,0.17163509555062503,0.35041852087815506,0.5691989499449176,0.20027338492779365,0.5558155406064151,0.11194029850746268,0.5559701492537313,0.5559701492537313,"{0: 0.5829527734462018, 1: 0.5829527734462019}","{0: 0.5829527734462018, 1: 0.5829527734462019}",0.5829527734462019,"[[72 62]
 [57 77]]","[1. 0. 0. 0. 0. 1. 0. 1. 1. 0. 0. 0. 1. 0. 0. 0. 0. 0. 0. 0. 0. 1. 0. 0.
 0. 0. 1. 1. 1. 1. 1. 0. 0. 0. 1. 0. 0. 0. 1. 0. 1. 0. 1. 0. 0. 0. 1. 0.
 0. 0. 1. 0. 1. 1. 1. 1. 1. 1. 0. 1. 0. 0. 1. 0. 0. 0. 1. 1. 1. 1. 0. 0.
 1. 1. 0. 1. 1. 0. 0. 0. 1. 1. 1. 0. 0. 1. 0. 1. 1. 1. 1. 1. 0. 1. 1. 1.
 0. 0. 1. 1. 0. 1. 1. 0. 0. 0. 0. 1. 0. 1. 0. 0. 0. 1. 1. 0. 1. 0. 0. 0.
 0. 1. 1. 1. 1. 1. 1. 1. 1. 0. 0. 1. 1. 0. 1. 1. 0. 1. 0. 1. 1. 0. 0. 0.
 0. 0. 0. 0. 1. 1. 1. 0. 1. 1. 0. 1. 1. 0. 1. 0. 1. 1. 0. 0. 1. 1. 0. 1.
 1. 1. 0. 1. 1. 1. 0. 1. 1. 0. 1. 1. 0. 0. 1. 1. 0. 0. 1. 1. 0. 0. 1. 1.
 1. 1. 1. 1. 0. 1. 0. 1. 0. 0. 1. 1. 0. 0. 0. 0. 1. 1. 0. 1. 1. 1. 0. 0.
 1. 1. 0. 0. 0. 0. 0. 0. 1. 1. 1. 0. 1. 0. 1. 1. 1. 1. 1. 1. 0. 1. 0. 0.
 1. 1. 0. 0. 1. 1. 1. 1. 0. 1. 1. 0. 1. 0. 0. 1. 0. 1. 0. 1. 0. 0. 1. 1.
 1. 0. 1. 0.]","[0. 1. 0. 0. 0. 1. 1. 1. 0. 0. 0. 0. 0. 1. 0. 0. 1. 1. 0. 0. 0. 0. 0. 1.
 0. 0. 1. 0. 1. 0. 0. 1. 0. 1. 1. 0. 0. 0. 1. 0. 0. 0. 1. 1. 1. 0. 1. 0.
 1. 0. 1. 1. 0. 1. 1. 1. 1. 0. 1. 0. 0. 1. 1. 1. 0. 0. 0. 1. 1. 0. 1. 1.
 0. 0. 1. 0. 0. 1. 0. 1. 0. 1. 1. 1. 0. 1. 0. 1. 1. 1. 1. 1. 1. 1. 1. 0.
 0. 0. 1. 1. 1. 0. 0. 1. 1. 1. 0. 0. 0. 1. 1. 1. 0. 0. 0. 0. 1. 1. 1. 0.
 1. 0. 0. 1. 1. 0. 0. 0. 0. 1. 0. 0. 1. 1. 0. 1. 1. 1. 0. 1. 1. 0. 1. 0.
 1. 1. 0. 0. 0. 1. 1. 0. 1. 1. 0. 1. 0. 0. 0. 1. 1. 1. 0. 1. 0. 1. 1. 0.
 1. 0. 0. 1. 1. 0. 0. 1. 0. 1. 1. 0. 0. 1. 0. 0. 1. 1. 0. 1. 1. 0. 0. 0.
 0. 1. 1. 0. 0. 1. 0. 0. 1. 0. 1. 1. 1. 0. 0. 0. 1. 1. 0. 0. 0. 0. 1. 0.
 0. 1. 0. 1. 1. 1. 1. 0. 0. 0. 0. 1. 1. 1. 1. 0. 1. 1. 1. 1. 0. 1. 0. 0.
 1. 0. 0. 1. 1. 1. 1. 1. 0. 0. 1. 1. 1. 0. 0. 1. 0. 1. 0. 0. 1. 0. 1. 0.
 1. 0. 0. 0.]"
786,randomforest,"{'criterion': 'gini', 'max_features': 'sqrt', 'n_estimators': 243}",0.5911722945130616,0.20302636790009784,0.17161044662450464,0.37981882467581085,0.5800543579777452,0.21158093703166544,0.5633781243472812,0.12686567164179108,0.5634328358208955,0.5634328358208955,"{0: 0.5867119625751838, 1: 0.5867119625751838}","{0: 0.5867119625751838, 1: 0.5867119625751838}",0.5867119625751838,"[[74 60]
 [57 77]]","[1. 0. 0. 0. 0. 1. 0. 1. 1. 0. 0. 0. 1. 0. 0. 0. 1. 0. 0. 1. 0. 1. 0. 0.
 0. 0. 1. 1. 1. 1. 1. 0. 0. 0. 1. 0. 1. 0. 1. 0. 0. 0. 1. 0. 0. 0. 1. 0.
 0. 0. 1. 0. 0. 1. 1. 1. 1. 1. 0. 1. 1. 0. 1. 0. 0. 0. 1. 1. 1. 1. 0. 0.
 1. 1. 0. 1. 1. 0. 0. 0. 0. 1. 1. 0. 0. 1. 0. 1. 1. 1. 1. 1. 0. 1. 1. 1.
 0. 0. 1. 1. 0. 1. 0. 0. 0. 0. 0. 0. 0. 1. 0. 0. 0. 1. 1. 0. 1. 0. 0. 0.
 1. 1. 1. 1. 1. 1. 1. 1. 0. 0. 0. 1. 1. 0. 1. 1. 0. 1. 0. 1. 1. 0. 0. 0.
 0. 0. 0. 0. 1. 1. 1. 0. 1. 0. 0. 1. 1. 0. 1. 0. 1. 1. 0. 0. 1. 1. 0. 1.
 1. 1. 0. 1. 1. 1. 0. 1. 1. 0. 1. 0. 0. 0. 1. 1. 0. 0. 1. 1. 0. 0. 1. 1.
 1. 1. 1. 1. 1. 1. 0. 1. 0. 0. 1. 1. 0. 1. 0. 0. 1. 1. 0. 1. 1. 1. 0. 0.
 1. 1. 0. 1. 0. 0. 0. 0. 1. 1. 1. 0. 0. 0. 1. 1. 1. 1. 1. 1. 0. 1. 0. 0.
 1. 1. 0. 0. 1. 1. 0. 1. 0. 1. 1. 0. 1. 0. 0. 1. 0. 1. 0. 1. 0. 0. 1. 1.
 1. 0. 1. 0.]","[0. 1. 0. 0. 0. 1. 1. 1. 0. 0. 0. 0. 0. 1. 0. 0. 1. 1. 0. 0. 0. 0. 0. 1.
 0. 0. 1. 0. 1. 0. 0. 1. 0. 1. 1. 0. 0. 0. 1. 0. 0. 0. 1. 1. 1. 0. 1. 0.
 1. 0. 1. 1. 0. 1. 1. 1. 1. 0. 1. 0. 0. 1. 1. 1. 0. 0. 0. 1. 1. 0. 1. 1.
 0. 0. 1. 0. 0. 1. 0. 1. 0. 1. 1. 1. 0. 1. 0. 1. 1. 1. 1. 1. 1. 1. 1. 0.
 0. 0. 1. 1. 1. 0. 0. 1. 1. 1. 0. 0. 0. 1. 1. 1. 0. 0. 0. 0. 1. 1. 1. 0.
 1. 0. 0. 1. 1. 0. 0. 0. 0. 1. 0. 0. 1. 1. 0. 1. 1. 1. 0. 1. 1. 0. 1. 0.
 1. 1. 0. 0. 0. 1. 1. 0. 1. 1. 0. 1. 0. 0. 0. 1. 1. 1. 0. 1. 0. 1. 1. 0.
 1. 0. 0. 1. 1. 0. 0. 1. 0. 1. 1. 0. 0. 1. 0. 0. 1. 1. 0. 1. 1. 0. 0. 0.
 0. 1. 1. 0. 0. 1. 0. 0. 1. 0. 1. 1. 1. 0. 0. 0. 1. 1. 0. 0. 0. 0. 1. 0.
 0. 1. 0. 1. 1. 1. 1. 0. 0. 0. 0. 1. 1. 1. 1. 0. 1. 1. 1. 1. 0. 1. 0. 0.
 1. 0. 0. 1. 1. 1. 1. 1. 0. 0. 1. 1. 1. 0. 0. 1. 0. 1. 0. 0. 1. 0. 1. 0.
 1. 0. 0. 0.]"
379,randomforest,"{'criterion': 'entropy', 'max_features': 'sqrt', 'n_estimators': 245}",0.5837115825789925,0.1938463013899803,0.1714842819230681,0.3613086065020088,0.5751118411904702,0.2043472524903272,0.5588169642857144,0.11940298507462688,0.5597014925373134,0.5597014925373134,"{0: 0.5813377144130096, 1: 0.5813377144130095}","{0: 0.5813377144130096, 1: 0.5813377144130095}",0.5813377144130095,"[[69 65]
 [53 81]]","[1. 0. 0. 0. 0. 1. 0. 1. 1. 0. 0. 0. 1. 0. 0. 0. 1. 0. 0. 0. 0. 1. 0. 0.
 1. 0. 1. 1. 1. 1. 1. 0. 0. 0. 1. 0. 1. 0. 1. 0. 0. 0. 1. 0. 0. 0. 1. 1.
 0. 0. 1. 0. 1. 1. 1. 1. 1. 1. 0. 1. 1. 1. 1. 1. 0. 0. 1. 1. 1. 1. 0. 0.
 1. 1. 0. 1. 1. 0. 1. 0. 1. 1. 1. 0. 0. 1. 0. 1. 1. 1. 1. 1. 0. 1. 1. 1.
 0. 0. 1. 1. 0. 1. 1. 0. 0. 0. 0. 0. 0. 1. 0. 0. 0. 1. 1. 0. 1. 0. 0. 0.
 0. 1. 1. 1. 1. 1. 1. 1. 1. 0. 0. 1. 1. 0. 1. 0. 0. 1. 0. 1. 0. 0. 1. 0.
 1. 0. 0. 0. 1. 1. 1. 0. 1. 1. 0. 1. 1. 0. 1. 0. 1. 1. 0. 0. 1. 1. 0. 1.
 1. 1. 1. 1. 1. 1. 0. 1. 1. 0. 1. 0. 0. 1. 1. 1. 0. 0. 1. 1. 0. 0. 1. 1.
 1. 1. 1. 0. 1. 1. 0. 1. 0. 0. 1. 1. 0. 0. 0. 0. 1. 1. 0. 1. 1. 1. 0. 0.
 1. 1. 0. 1. 0. 0. 0. 0. 1. 1. 1. 0. 0. 1. 0. 1. 1. 1. 1. 1. 0. 1. 0. 0.
 1. 1. 0. 0. 1. 1. 1. 1. 0. 1. 1. 0. 1. 0. 0. 1. 0. 1. 0. 1. 0. 0. 1. 1.
 1. 0. 1. 0.]","[0. 1. 0. 0. 0. 1. 1. 1. 0. 0. 0. 0. 0. 1. 0. 0. 1. 1. 0. 0. 0. 0. 0. 1.
 0. 0. 1. 0. 1. 0. 0. 1. 0. 1. 1. 0. 0. 0. 1. 0. 0. 0. 1. 1. 1. 0. 1. 0.
 1. 0. 1. 1. 0. 1. 1. 1. 1. 0. 1. 0. 0. 1. 1. 1. 0. 0. 0. 1. 1. 0. 1. 1.
 0. 0. 1. 0. 0. 1. 0. 1. 0. 1. 1. 1. 0. 1. 0. 1. 1. 1. 1. 1. 1. 1. 1. 0.
 0. 0. 1. 1. 1. 0. 0. 1. 1. 1. 0. 0. 0. 1. 1. 1. 0. 0. 0. 0. 1. 1. 1. 0.
 1. 0. 0. 1. 1. 0. 0. 0. 0. 1. 0. 0. 1. 1. 0. 1. 1. 1. 0. 1. 1. 0. 1. 0.
 1. 1. 0. 0. 0. 1. 1. 0. 1. 1. 0. 1. 0. 0. 0. 1. 1. 1. 0. 1. 0. 1. 1. 0.
 1. 0. 0. 1. 1. 0. 0. 1. 0. 1. 1. 0. 0. 1. 0. 0. 1. 1. 0. 1. 1. 0. 0. 0.
 0. 1. 1. 0. 0. 1. 0. 0. 1. 0. 1. 1. 1. 0. 0. 0. 1. 1. 0. 0. 0. 0. 1. 0.
 0. 1. 0. 1. 1. 1. 1. 0. 0. 0. 0. 1. 1. 1. 1. 0. 1. 1. 1. 1. 0. 1. 0. 0.
 1. 0. 0. 1. 1. 1. 1. 1. 0. 0. 1. 1. 1. 0. 0. 1. 0. 1. 0. 0. 1. 0. 1. 0.
 1. 0. 0. 0.]"
75,randomforest,"{'criterion': 'gini', 'max_features': None, 'n_estimators': 189}",0.5873672407882319,0.18503960213223078,0.17137984843031204,0.3416279224735231,0.581195230993618,0.19267262808345953,0.5745320855614974,0.14925373134328357,0.5746268656716418,0.5746268656716418,"{0: 0.5822287814658053, 1: 0.5822287814658053}","{0: 0.5822287814658053, 1: 0.5822287814658053}",0.5822287814658053,"[[75 59]
 [55 79]]","[1. 0. 0. 0. 0. 1. 0. 1. 1. 0. 0. 0. 1. 0. 0. 0. 1. 0. 0. 1. 0. 1. 0. 0.
 0. 0. 1. 1. 1. 1. 1. 0. 0. 0. 1. 0. 0. 0. 1. 0. 1. 0. 1. 1. 0. 0. 1. 0.
 0. 0. 1. 0. 0. 1. 1. 1. 1. 1. 0. 1. 1. 0. 1. 0. 0. 0. 1. 1. 1. 1. 0. 0.
 1. 1. 0. 1. 1. 0. 0. 0. 1. 1. 1. 0. 0. 1. 0. 1. 1. 1. 1. 1. 0. 1. 1. 1.
 0. 0. 1. 1. 0. 1. 0. 0. 0. 0. 0. 1. 0. 1. 0. 0. 0. 1. 1. 0. 1. 0. 0. 0.
 0. 1. 1. 1. 1. 1. 1. 1. 1. 0. 0. 1. 1. 0. 1. 1. 0. 1. 0. 1. 1. 0. 1. 0.
 0. 0. 0. 0. 0. 1. 1. 0. 1. 0. 0. 1. 1. 0. 1. 0. 1. 1. 0. 0. 1. 1. 0. 1.
 1. 1. 0. 1. 1. 0. 0. 1. 1. 0. 1. 0. 0. 1. 1. 1. 0. 0. 1. 1. 0. 0. 1. 1.
 0. 1. 0. 1. 0. 1. 0. 1. 0. 0. 1. 1. 1. 1. 0. 0. 1. 1. 0. 1. 1. 1. 0. 0.
 1. 1. 0. 0. 0. 0. 0. 0. 1. 1. 1. 0. 0. 0. 1. 1. 1. 1. 1. 1. 0. 1. 0. 0.
 1. 1. 0. 0. 1. 1. 1. 1. 0. 1. 1. 0. 1. 0. 0. 1. 0. 1. 0. 1. 0. 0. 1. 1.
 1. 0. 1. 0.]","[0. 1. 0. 0. 0. 1. 1. 1. 0. 0. 0. 0. 0. 1. 0. 0. 1. 1. 0. 0. 0. 0. 0. 1.
 0. 0. 1. 0. 1. 0. 0. 1. 0. 1. 1. 0. 0. 0. 1. 0. 0. 0. 1. 1. 1. 0. 1. 0.
 1. 0. 1. 1. 0. 1. 1. 1. 1. 0. 1. 0. 0. 1. 1. 1. 0. 0. 0. 1. 1. 0. 1. 1.
 0. 0. 1. 0. 0. 1. 0. 1. 0. 1. 1. 1. 0. 1. 0. 1. 1. 1. 1. 1. 1. 1. 1. 0.
 0. 0. 1. 1. 1. 0. 0. 1. 1. 1. 0. 0. 0. 1. 1. 1. 0. 0. 0. 0. 1. 1. 1. 0.
 1. 0. 0. 1. 1. 0. 0. 0. 0. 1. 0. 0. 1. 1. 0. 1. 1. 1. 0. 1. 1. 0. 1. 0.
 1. 1. 0. 0. 0. 1. 1. 0. 1. 1. 0. 1. 0. 0. 0. 1. 1. 1. 0. 1. 0. 1. 1. 0.
 1. 0. 0. 1. 1. 0. 0. 1. 0. 1. 1. 0. 0. 1. 0. 0. 1. 1. 0. 1. 1. 0. 0. 0.
 0. 1. 1. 0. 0. 1. 0. 0. 1. 0. 1. 1. 1. 0. 0. 0. 1. 1. 0. 0. 0. 0. 1. 0.
 0. 1. 0. 1. 1. 1. 1. 0. 0. 0. 0. 1. 1. 1. 1. 0. 1. 1. 1. 1. 0. 1. 0. 0.
 1. 0. 0. 1. 1. 1. 1. 1. 0. 0. 1. 1. 1. 0. 0. 1. 0. 1. 0. 0. 1. 0. 1. 0.
 1. 0. 0. 0.]"
120,randomforest,"{'criterion': 'gini', 'max_features': 'sqrt', 'n_estimators': 263}",0.5877972097766401,0.21682971872225684,0.17114464054683012,0.39623508013476955,0.579025061333529,0.2182948514319618,0.5559145025412517,0.11194029850746268,0.5559701492537313,0.5559701492537313,"{0: 0.5778569837380263, 1: 0.5778569837380263}","{0: 0.5778569837380263, 1: 0.5778569837380263}",0.5778569837380263,"[[73 61]
 [58 76]]","[1. 0. 0. 0. 0. 1. 0. 1. 1. 0. 0. 0. 1. 0. 0. 0. 0. 0. 0. 0. 0. 1. 1. 0.
 0. 0. 1. 1. 1. 1. 1. 0. 0. 0. 1. 0. 1. 0. 1. 0. 0. 0. 1. 0. 0. 0. 1. 0.
 0. 0. 1. 0. 1. 1. 1. 1. 1. 1. 0. 1. 0. 0. 1. 0. 0. 0. 1. 1. 1. 1. 0. 0.
 1. 1. 0. 1. 1. 0. 0. 0. 1. 1. 1. 0. 0. 1. 0. 1. 1. 1. 0. 1. 0. 1. 1. 1.
 0. 0. 1. 1. 0. 1. 0. 0. 1. 0. 0. 1. 0. 1. 0. 0. 0. 1. 1. 0. 1. 0. 0. 0.
 0. 1. 0. 1. 1. 1. 1. 1. 1. 0. 0. 1. 1. 0. 1. 1. 0. 1. 0. 1. 1. 0. 1. 0.
 0. 0. 0. 0. 1. 1. 1. 0. 1. 0. 0. 1. 1. 0. 1. 0. 1. 1. 0. 0. 1. 1. 0. 1.
 1. 1. 0. 1. 1. 1. 0. 1. 1. 0. 1. 0. 0. 0. 1. 1. 0. 0. 1. 1. 0. 0. 1. 1.
 1. 1. 1. 0. 1. 1. 0. 1. 0. 0. 1. 1. 0. 0. 0. 1. 1. 1. 0. 1. 1. 1. 0. 0.
 1. 1. 0. 0. 0. 0. 0. 0. 1. 1. 1. 0. 1. 0. 0. 1. 1. 1. 1. 1. 0. 1. 0. 0.
 1. 1. 0. 0. 1. 1. 1. 1. 0. 1. 1. 0. 1. 0. 0. 1. 0. 1. 0. 1. 0. 0. 1. 1.
 1. 0. 1. 0.]","[0. 1. 0. 0. 0. 1. 1. 1. 0. 0. 0. 0. 0. 1. 0. 0. 1. 1. 0. 0. 0. 0. 0. 1.
 0. 0. 1. 0. 1. 0. 0. 1. 0. 1. 1. 0. 0. 0. 1. 0. 0. 0. 1. 1. 1. 0. 1. 0.
 1. 0. 1. 1. 0. 1. 1. 1. 1. 0. 1. 0. 0. 1. 1. 1. 0. 0. 0. 1. 1. 0. 1. 1.
 0. 0. 1. 0. 0. 1. 0. 1. 0. 1. 1. 1. 0. 1. 0. 1. 1. 1. 1. 1. 1. 1. 1. 0.
 0. 0. 1. 1. 1. 0. 0. 1. 1. 1. 0. 0. 0. 1. 1. 1. 0. 0. 0. 0. 1. 1. 1. 0.
 1. 0. 0. 1. 1. 0. 0. 0. 0. 1. 0. 0. 1. 1. 0. 1. 1. 1. 0. 1. 1. 0. 1. 0.
 1. 1. 0. 0. 0. 1. 1. 0. 1. 1. 0. 1. 0. 0. 0. 1. 1. 1. 0. 1. 0. 1. 1. 0.
 1. 0. 0. 1. 1. 0. 0. 1. 0. 1. 1. 0. 0. 1. 0. 0. 1. 1. 0. 1. 1. 0. 0. 0.
 0. 1. 1. 0. 0. 1. 0. 0. 1. 0. 1. 1. 1. 0. 0. 0. 1. 1. 0. 0. 0. 0. 1. 0.
 0. 1. 0. 1. 1. 1. 1. 0. 0. 0. 0. 1. 1. 1. 1. 0. 1. 1. 1. 1. 0. 1. 0. 0.
 1. 0. 0. 1. 1. 1. 1. 1. 0. 0. 1. 1. 1. 0. 0. 1. 0. 1. 0. 0. 1. 0. 1. 0.
 1. 0. 0. 0.]"
386,randomforest,"{'criterion': 'gini', 'max_features': 'sqrt', 'n_estimators': 93}",0.5820309043189676,0.1972965932244001,0.1710365675790755,0.3567322142923191,0.573929919393629,0.206044919443827,0.5559145025412517,0.11194029850746268,0.5559701492537313,0.5559701492537313,"{0: 0.5815883270216083, 1: 0.5815883270216085}","{0: 0.5815883270216083, 1: 0.5815883270216085}",0.5815883270216085,"[[73 61]
 [58 76]]","[1. 0. 0. 0. 0. 1. 0. 1. 1. 0. 0. 0. 1. 0. 0. 0. 0. 0. 0. 0. 0. 1. 0. 0.
 0. 0. 1. 1. 1. 1. 1. 0. 0. 0. 1. 1. 1. 0. 1. 0. 0. 0. 1. 0. 0. 0. 1. 1.
 0. 0. 1. 0. 1. 1. 1. 1. 1. 0. 0. 1. 1. 0. 1. 0. 0. 0. 1. 1. 1. 1. 0. 0.
 0. 1. 0. 1. 1. 0. 0. 0. 1. 1. 1. 0. 0. 1. 1. 1. 1. 1. 1. 0. 0. 1. 1. 1.
 0. 0. 1. 1. 0. 1. 1. 0. 0. 0. 0. 1. 0. 1. 0. 0. 0. 1. 1. 0. 1. 0. 0. 0.
 0. 1. 1. 1. 1. 1. 1. 1. 1. 0. 0. 1. 1. 0. 1. 1. 0. 0. 0. 1. 1. 0. 1. 0.
 0. 0. 0. 0. 1. 1. 1. 0. 1. 0. 0. 1. 1. 0. 1. 0. 1. 1. 0. 0. 1. 1. 0. 1.
 1. 1. 0. 1. 1. 1. 0. 1. 1. 0. 1. 0. 0. 1. 1. 1. 0. 0. 0. 1. 1. 0. 1. 1.
 1. 1. 0. 0. 1. 1. 0. 0. 0. 0. 1. 1. 0. 1. 0. 0. 1. 1. 0. 1. 1. 1. 0. 0.
 1. 1. 0. 0. 0. 0. 0. 0. 1. 1. 1. 0. 1. 0. 1. 1. 1. 1. 1. 1. 0. 1. 0. 0.
 1. 1. 0. 0. 1. 1. 1. 1. 0. 1. 1. 0. 1. 0. 0. 1. 0. 1. 0. 1. 0. 0. 1. 0.
 1. 0. 1. 0.]","[0. 1. 0. 0. 0. 1. 1. 1. 0. 0. 0. 0. 0. 1. 0. 0. 1. 1. 0. 0. 0. 0. 0. 1.
 0. 0. 1. 0. 1. 0. 0. 1. 0. 1. 1. 0. 0. 0. 1. 0. 0. 0. 1. 1. 1. 0. 1. 0.
 1. 0. 1. 1. 0. 1. 1. 1. 1. 0. 1. 0. 0. 1. 1. 1. 0. 0. 0. 1. 1. 0. 1. 1.
 0. 0. 1. 0. 0. 1. 0. 1. 0. 1. 1. 1. 0. 1. 0. 1. 1. 1. 1. 1. 1. 1. 1. 0.
 0. 0. 1. 1. 1. 0. 0. 1. 1. 1. 0. 0. 0. 1. 1. 1. 0. 0. 0. 0. 1. 1. 1. 0.
 1. 0. 0. 1. 1. 0. 0. 0. 0. 1. 0. 0. 1. 1. 0. 1. 1. 1. 0. 1. 1. 0. 1. 0.
 1. 1. 0. 0. 0. 1. 1. 0. 1. 1. 0. 1. 0. 0. 0. 1. 1. 1. 0. 1. 0. 1. 1. 0.
 1. 0. 0. 1. 1. 0. 0. 1. 0. 1. 1. 0. 0. 1. 0. 0. 1. 1. 0. 1. 1. 0. 0. 0.
 0. 1. 1. 0. 0. 1. 0. 0. 1. 0. 1. 1. 1. 0. 0. 0. 1. 1. 0. 0. 0. 0. 1. 0.
 0. 1. 0. 1. 1. 1. 1. 0. 0. 0. 0. 1. 1. 1. 1. 0. 1. 1. 1. 1. 0. 1. 0. 0.
 1. 0. 0. 1. 1. 1. 1. 1. 0. 0. 1. 1. 1. 0. 0. 1. 0. 1. 0. 0. 1. 0. 1. 0.
 1. 0. 0. 0.]"
26,randomforest,"{'criterion': 'entropy', 'max_features': 'sqrt', 'n_estimators': 429}",0.5816848344220261,0.18374025706841587,0.17100146991699938,0.3472669907410921,0.5709350610560288,0.19368829778950664,0.5594806931520588,0.11940298507462688,0.5597014925373134,0.5597014925373134,"{0: 0.5920305190465582, 1: 0.5920305190465583}","{0: 0.5920305190465582, 1: 0.5920305190465583}",0.5920305190465583,"[[72 62]
 [56 78]]","[1. 0. 0. 0. 0. 1. 0. 1. 1. 0. 0. 0. 1. 0. 0. 0. 1. 0. 0. 0. 0. 1. 0. 0.
 0. 0. 1. 1. 1. 1. 1. 0. 0. 0. 1. 1. 0. 0. 1. 0. 0. 0. 1. 0. 0. 0. 1. 1.
 0. 0. 1. 0. 0. 1. 1. 1. 1. 1. 0. 1. 0. 0. 1. 0. 0. 0. 1. 1. 1. 1. 0. 0.
 1. 1. 0. 1. 1. 0. 0. 0. 1. 1. 1. 0. 0. 1. 0. 1. 1. 1. 1. 1. 0. 1. 1. 1.
 0. 0. 1. 1. 0. 1. 1. 0. 0. 0. 0. 0. 0. 1. 0. 0. 0. 1. 1. 0. 1. 0. 0. 0.
 0. 1. 1. 1. 1. 1. 1. 1. 1. 0. 0. 1. 1. 0. 1. 1. 0. 1. 0. 1. 1. 0. 0. 0.
 1. 0. 0. 0. 1. 1. 1. 0. 1. 1. 0. 1. 1. 0. 1. 0. 1. 1. 0. 0. 1. 1. 0. 1.
 1. 1. 0. 1. 1. 1. 0. 1. 1. 0. 1. 0. 0. 1. 1. 1. 0. 0. 1. 1. 0. 0. 1. 1.
 1. 1. 1. 0. 1. 1. 0. 1. 0. 0. 1. 1. 0. 1. 0. 0. 1. 1. 0. 1. 1. 1. 0. 0.
 1. 1. 0. 0. 0. 0. 0. 0. 1. 1. 1. 0. 1. 0. 0. 1. 1. 1. 1. 1. 0. 1. 0. 0.
 1. 1. 0. 0. 1. 1. 0. 1. 0. 1. 1. 0. 1. 0. 1. 1. 0. 1. 0. 1. 0. 0. 1. 1.
 1. 0. 1. 0.]","[0. 1. 0. 0. 0. 1. 1. 1. 0. 0. 0. 0. 0. 1. 0. 0. 1. 1. 0. 0. 0. 0. 0. 1.
 0. 0. 1. 0. 1. 0. 0. 1. 0. 1. 1. 0. 0. 0. 1. 0. 0. 0. 1. 1. 1. 0. 1. 0.
 1. 0. 1. 1. 0. 1. 1. 1. 1. 0. 1. 0. 0. 1. 1. 1. 0. 0. 0. 1. 1. 0. 1. 1.
 0. 0. 1. 0. 0. 1. 0. 1. 0. 1. 1. 1. 0. 1. 0. 1. 1. 1. 1. 1. 1. 1. 1. 0.
 0. 0. 1. 1. 1. 0. 0. 1. 1. 1. 0. 0. 0. 1. 1. 1. 0. 0. 0. 0. 1. 1. 1. 0.
 1. 0. 0. 1. 1. 0. 0. 0. 0. 1. 0. 0. 1. 1. 0. 1. 1. 1. 0. 1. 1. 0. 1. 0.
 1. 1. 0. 0. 0. 1. 1. 0. 1. 1. 0. 1. 0. 0. 0. 1. 1. 1. 0. 1. 0. 1. 1. 0.
 1. 0. 0. 1. 1. 0. 0. 1. 0. 1. 1. 0. 0. 1. 0. 0. 1. 1. 0. 1. 1. 0. 0. 0.
 0. 1. 1. 0. 0. 1. 0. 0. 1. 0. 1. 1. 1. 0. 0. 0. 1. 1. 0. 0. 0. 0. 1. 0.
 0. 1. 0. 1. 1. 1. 1. 0. 0. 0. 0. 1. 1. 1. 1. 0. 1. 1. 1. 1. 0. 1. 0. 0.
 1. 0. 0. 1. 1. 1. 1. 1. 0. 0. 1. 1. 1. 0. 0. 1. 0. 1. 0. 0. 1. 0. 1. 0.
 1. 0. 0. 0.]"
598,randomforest,"{'criterion': 'gini', 'max_features': 'log2', 'n_estimators': 459}",0.5870056470243589,0.1908023146044739,0.17083750416359392,0.3387605483049706,0.5795983287918771,0.19576190620501974,0.5665607049244326,0.13432835820895528,0.5671641791044776,0.5671641791044776,"{0: 0.581866785475607, 1: 0.581866785475607}","{0: 0.581866785475607, 1: 0.581866785475607}",0.581866785475607,"[[71 63]
 [53 81]]","[1. 0. 0. 0. 0. 1. 0. 1. 1. 0. 0. 0. 1. 0. 0. 0. 1. 0. 0. 0. 0. 1. 0. 0.
 0. 0. 1. 1. 1. 1. 1. 0. 0. 0. 1. 0. 0. 0. 1. 0. 1. 0. 1. 0. 0. 0. 1. 1.
 0. 0. 1. 0. 1. 1. 1. 1. 1. 1. 0. 1. 1. 0. 1. 0. 0. 0. 1. 1. 1. 1. 0. 0.
 1. 1. 0. 1. 1. 0. 0. 0. 1. 1. 1. 0. 0. 1. 0. 1. 1. 1. 1. 1. 0. 1. 1. 1.
 0. 0. 1. 1. 0. 1. 0. 1. 0. 0. 0. 1. 0. 1. 0. 0. 0. 1. 1. 0. 1. 0. 0. 0.
 0. 1. 1. 1. 1. 1. 1. 1. 1. 0. 0. 1. 1. 0. 1. 1. 0. 1. 0. 1. 1. 0. 0. 0.
 0. 0. 0. 0. 1. 1. 1. 0. 1. 1. 0. 1. 1. 0. 1. 0. 1. 1. 0. 0. 1. 1. 0. 1.
 1. 1. 0. 1. 1. 1. 0. 1. 1. 0. 1. 0. 0. 1. 1. 1. 0. 0. 1. 1. 0. 0. 1. 1.
 1. 1. 1. 1. 1. 1. 0. 0. 0. 0. 1. 1. 0. 1. 0. 0. 1. 1. 0. 1. 1. 1. 0. 0.
 1. 1. 0. 1. 0. 0. 0. 0. 1. 1. 1. 0. 1. 0. 1. 1. 1. 1. 1. 1. 0. 1. 0. 0.
 1. 1. 0. 0. 1. 1. 1. 1. 0. 1. 1. 0. 1. 0. 0. 1. 0. 1. 0. 1. 0. 0. 1. 1.
 1. 0. 1. 0.]","[0. 1. 0. 0. 0. 1. 1. 1. 0. 0. 0. 0. 0. 1. 0. 0. 1. 1. 0. 0. 0. 0. 0. 1.
 0. 0. 1. 0. 1. 0. 0. 1. 0. 1. 1. 0. 0. 0. 1. 0. 0. 0. 1. 1. 1. 0. 1. 0.
 1. 0. 1. 1. 0. 1. 1. 1. 1. 0. 1. 0. 0. 1. 1. 1. 0. 0. 0. 1. 1. 0. 1. 1.
 0. 0. 1. 0. 0. 1. 0. 1. 0. 1. 1. 1. 0. 1. 0. 1. 1. 1. 1. 1. 1. 1. 1. 0.
 0. 0. 1. 1. 1. 0. 0. 1. 1. 1. 0. 0. 0. 1. 1. 1. 0. 0. 0. 0. 1. 1. 1. 0.
 1. 0. 0. 1. 1. 0. 0. 0. 0. 1. 0. 0. 1. 1. 0. 1. 1. 1. 0. 1. 1. 0. 1. 0.
 1. 1. 0. 0. 0. 1. 1. 0. 1. 1. 0. 1. 0. 0. 0. 1. 1. 1. 0. 1. 0. 1. 1. 0.
 1. 0. 0. 1. 1. 0. 0. 1. 0. 1. 1. 0. 0. 1. 0. 0. 1. 1. 0. 1. 1. 0. 0. 0.
 0. 1. 1. 0. 0. 1. 0. 0. 1. 0. 1. 1. 1. 0. 0. 0. 1. 1. 0. 0. 0. 0. 1. 0.
 0. 1. 0. 1. 1. 1. 1. 0. 0. 0. 0. 1. 1. 1. 1. 0. 1. 1. 1. 1. 0. 1. 0. 0.
 1. 0. 0. 1. 1. 1. 1. 1. 0. 0. 1. 1. 1. 0. 0. 1. 0. 1. 0. 0. 1. 0. 1. 0.
 1. 0. 0. 0.]"
362,randomforest,"{'criterion': 'gini', 'max_features': 'log2', 'n_estimators': 397}",0.5917149033293878,0.1865126895692525,0.17075013478120385,0.34113670082485203,0.5837872532933016,0.19466318237340594,0.5670677361853831,0.13432835820895528,0.5671641791044776,0.5671641791044777,"{0: 0.5872688794831811, 1: 0.5872688794831812}","{0: 0.5872688794831811, 1: 0.5872688794831812}",0.5872688794831812,"[[74 60]
 [56 78]]","[1. 0. 0. 0. 0. 1. 0. 1. 1. 0. 0. 0. 1. 0. 0. 0. 1. 0. 0. 1. 0. 1. 0. 0.
 0. 0. 1. 1. 1. 1. 1. 0. 0. 0. 1. 0. 1. 0. 1. 0. 1. 0. 1. 0. 0. 0. 1. 0.
 0. 0. 1. 0. 0. 1. 1. 1. 1. 1. 0. 1. 1. 0. 1. 0. 0. 0. 1. 1. 1. 1. 0. 0.
 0. 1. 0. 1. 1. 0. 0. 0. 1. 1. 1. 0. 0. 1. 0. 1. 1. 1. 1. 1. 0. 1. 1. 1.
 0. 0. 1. 1. 0. 1. 0. 1. 0. 0. 0. 1. 0. 1. 0. 0. 0. 1. 1. 0. 1. 0. 0. 0.
 0. 1. 1. 1. 1. 1. 1. 1. 1. 0. 0. 1. 1. 0. 1. 1. 0. 1. 0. 1. 1. 0. 1. 0.
 1. 0. 0. 0. 1. 1. 1. 0. 1. 0. 0. 1. 1. 0. 1. 0. 1. 1. 0. 0. 1. 1. 0. 1.
 1. 1. 0. 1. 1. 0. 0. 1. 1. 0. 1. 0. 0. 0. 1. 1. 0. 0. 1. 0. 0. 0. 1. 1.
 1. 1. 0. 1. 1. 1. 0. 0. 0. 0. 1. 1. 0. 0. 0. 0. 1. 1. 0. 1. 1. 1. 0. 0.
 1. 1. 0. 1. 0. 0. 0. 0. 1. 1. 1. 0. 0. 0. 1. 1. 1. 1. 1. 1. 0. 1. 0. 0.
 1. 1. 0. 0. 1. 1. 1. 1. 0. 1. 1. 0. 1. 0. 0. 1. 0. 1. 0. 1. 0. 0. 1. 1.
 1. 0. 1. 0.]","[0. 1. 0. 0. 0. 1. 1. 1. 0. 0. 0. 0. 0. 1. 0. 0. 1. 1. 0. 0. 0. 0. 0. 1.
 0. 0. 1. 0. 1. 0. 0. 1. 0. 1. 1. 0. 0. 0. 1. 0. 0. 0. 1. 1. 1. 0. 1. 0.
 1. 0. 1. 1. 0. 1. 1. 1. 1. 0. 1. 0. 0. 1. 1. 1. 0. 0. 0. 1. 1. 0. 1. 1.
 0. 0. 1. 0. 0. 1. 0. 1. 0. 1. 1. 1. 0. 1. 0. 1. 1. 1. 1. 1. 1. 1. 1. 0.
 0. 0. 1. 1. 1. 0. 0. 1. 1. 1. 0. 0. 0. 1. 1. 1. 0. 0. 0. 0. 1. 1. 1. 0.
 1. 0. 0. 1. 1. 0. 0. 0. 0. 1. 0. 0. 1. 1. 0. 1. 1. 1. 0. 1. 1. 0. 1. 0.
 1. 1. 0. 0. 0. 1. 1. 0. 1. 1. 0. 1. 0. 0. 0. 1. 1. 1. 0. 1. 0. 1. 1. 0.
 1. 0. 0. 1. 1. 0. 0. 1. 0. 1. 1. 0. 0. 1. 0. 0. 1. 1. 0. 1. 1. 0. 0. 0.
 0. 1. 1. 0. 0. 1. 0. 0. 1. 0. 1. 1. 1. 0. 0. 0. 1. 1. 0. 0. 0. 0. 1. 0.
 0. 1. 0. 1. 1. 1. 1. 0. 0. 0. 0. 1. 1. 1. 1. 0. 1. 1. 1. 1. 0. 1. 0. 0.
 1. 0. 0. 1. 1. 1. 1. 1. 0. 0. 1. 1. 1. 0. 0. 1. 0. 1. 0. 0. 1. 0. 1. 0.
 1. 0. 0. 0.]"
617,randomforest,"{'criterion': 'entropy', 'max_features': 'log2', 'n_estimators': 29}",0.5957323797720285,0.1770911932654072,0.17051360123295337,0.3271921732758158,0.5899819304053175,0.18183614090675337,0.5805946791862284,0.16417910447761197,0.582089552238806,0.5820895522388059,"{0: 0.5923925150367564, 1: 0.5923925150367565}","{0: 0.5923925150367564, 1: 0.5923925150367565}",0.5923925150367565,"[[70 64]
 [48 86]]","[1. 0. 0. 0. 0. 1. 0. 1. 1. 1. 0. 1. 1. 1. 0. 0. 1. 0. 0. 0. 0. 1. 0. 0.
 1. 0. 1. 1. 0. 1. 1. 0. 0. 0. 1. 1. 0. 0. 1. 0. 0. 0. 1. 1. 0. 0. 1. 0.
 0. 0. 1. 0. 0. 1. 1. 0. 1. 1. 0. 1. 1. 0. 1. 1. 0. 0. 1. 1. 1. 1. 0. 0.
 0. 1. 0. 1. 1. 0. 1. 0. 0. 1. 1. 0. 0. 1. 0. 1. 1. 1. 1. 1. 0. 1. 1. 1.
 1. 0. 1. 1. 0. 1. 1. 1. 0. 1. 0. 1. 0. 1. 0. 0. 0. 1. 0. 0. 1. 0. 0. 0.
 0. 1. 1. 1. 1. 1. 1. 1. 1. 0. 0. 1. 1. 0. 1. 1. 0. 1. 0. 1. 1. 0. 1. 0.
 1. 0. 0. 0. 1. 1. 1. 0. 1. 1. 0. 1. 0. 0. 1. 0. 1. 1. 0. 0. 1. 1. 0. 1.
 1. 0. 1. 1. 1. 1. 0. 1. 1. 0. 1. 0. 0. 1. 1. 1. 0. 0. 1. 1. 1. 0. 1. 1.
 1. 1. 1. 0. 1. 1. 0. 0. 1. 0. 1. 1. 1. 1. 0. 1. 1. 1. 0. 1. 1. 1. 0. 0.
 1. 1. 0. 0. 0. 1. 0. 0. 1. 1. 1. 0. 1. 0. 0. 1. 1. 1. 1. 1. 0. 1. 0. 0.
 1. 1. 0. 0. 1. 1. 0. 1. 0. 1. 1. 0. 1. 0. 1. 1. 0. 1. 0. 1. 0. 0. 1. 1.
 1. 0. 1. 0.]","[0. 1. 0. 0. 0. 1. 1. 1. 0. 0. 0. 0. 0. 1. 0. 0. 1. 1. 0. 0. 0. 0. 0. 1.
 0. 0. 1. 0. 1. 0. 0. 1. 0. 1. 1. 0. 0. 0. 1. 0. 0. 0. 1. 1. 1. 0. 1. 0.
 1. 0. 1. 1. 0. 1. 1. 1. 1. 0. 1. 0. 0. 1. 1. 1. 0. 0. 0. 1. 1. 0. 1. 1.
 0. 0. 1. 0. 0. 1. 0. 1. 0. 1. 1. 1. 0. 1. 0. 1. 1. 1. 1. 1. 1. 1. 1. 0.
 0. 0. 1. 1. 1. 0. 0. 1. 1. 1. 0. 0. 0. 1. 1. 1. 0. 0. 0. 0. 1. 1. 1. 0.
 1. 0. 0. 1. 1. 0. 0. 0. 0. 1. 0. 0. 1. 1. 0. 1. 1. 1. 0. 1. 1. 0. 1. 0.
 1. 1. 0. 0. 0. 1. 1. 0. 1. 1. 0. 1. 0. 0. 0. 1. 1. 1. 0. 1. 0. 1. 1. 0.
 1. 0. 0. 1. 1. 0. 0. 1. 0. 1. 1. 0. 0. 1. 0. 0. 1. 1. 0. 1. 1. 0. 0. 0.
 0. 1. 1. 0. 0. 1. 0. 0. 1. 0. 1. 1. 1. 0. 0. 0. 1. 1. 0. 0. 0. 0. 1. 0.
 0. 1. 0. 1. 1. 1. 1. 0. 0. 0. 0. 1. 1. 1. 1. 0. 1. 1. 1. 1. 0. 1. 0. 0.
 1. 0. 0. 1. 1. 1. 1. 1. 0. 0. 1. 1. 1. 0. 0. 1. 0. 1. 0. 0. 1. 0. 1. 0.
 1. 0. 0. 0.]"
831,randomforest,"{'criterion': 'gini', 'max_features': 'sqrt', 'n_estimators': 397}",0.5812625794421336,0.20319655466707323,0.17044375541914727,0.3731470640597407,0.5738864499449177,0.2064657276292839,0.56328082563824,0.12686567164179108,0.5634328358208955,0.5634328358208955,"{0: 0.586043662285587, 1: 0.586043662285587}","{0: 0.586043662285587, 1: 0.586043662285587}",0.586043662285587,"[[73 61]
 [56 78]]","[1. 0. 0. 0. 0. 1. 0. 1. 1. 0. 0. 0. 1. 0. 0. 0. 1. 0. 0. 0. 0. 1. 0. 0.
 0. 0. 1. 1. 1. 1. 1. 0. 0. 0. 1. 1. 1. 0. 1. 0. 0. 0. 1. 1. 0. 1. 1. 0.
 0. 0. 1. 0. 1. 1. 1. 1. 1. 1. 0. 1. 0. 0. 1. 0. 0. 0. 1. 1. 1. 1. 0. 0.
 1. 1. 0. 1. 1. 0. 0. 0. 1. 1. 1. 0. 0. 1. 0. 1. 1. 1. 1. 1. 0. 1. 1. 1.
 0. 0. 1. 1. 0. 1. 1. 0. 0. 0. 0. 1. 0. 1. 0. 0. 0. 1. 1. 0. 1. 0. 0. 0.
 0. 1. 1. 1. 1. 1. 1. 1. 1. 0. 0. 1. 1. 0. 1. 0. 0. 1. 0. 1. 0. 0. 1. 0.
 0. 0. 0. 0. 1. 1. 1. 0. 1. 1. 0. 1. 1. 0. 1. 0. 1. 1. 0. 0. 1. 1. 0. 1.
 1. 1. 0. 1. 1. 0. 0. 1. 1. 0. 1. 0. 0. 0. 1. 1. 0. 0. 1. 1. 0. 0. 1. 1.
 0. 1. 1. 0. 1. 1. 0. 0. 0. 0. 1. 1. 0. 1. 0. 0. 1. 1. 0. 1. 1. 1. 0. 0.
 1. 1. 0. 0. 0. 0. 0. 0. 1. 1. 1. 0. 1. 0. 1. 1. 1. 1. 1. 1. 0. 1. 0. 0.
 1. 1. 0. 0. 1. 1. 1. 1. 0. 1. 1. 0. 1. 0. 0. 1. 0. 1. 0. 1. 0. 0. 1. 1.
 1. 0. 1. 0.]","[0. 1. 0. 0. 0. 1. 1. 1. 0. 0. 0. 0. 0. 1. 0. 0. 1. 1. 0. 0. 0. 0. 0. 1.
 0. 0. 1. 0. 1. 0. 0. 1. 0. 1. 1. 0. 0. 0. 1. 0. 0. 0. 1. 1. 1. 0. 1. 0.
 1. 0. 1. 1. 0. 1. 1. 1. 1. 0. 1. 0. 0. 1. 1. 1. 0. 0. 0. 1. 1. 0. 1. 1.
 0. 0. 1. 0. 0. 1. 0. 1. 0. 1. 1. 1. 0. 1. 0. 1. 1. 1. 1. 1. 1. 1. 1. 0.
 0. 0. 1. 1. 1. 0. 0. 1. 1. 1. 0. 0. 0. 1. 1. 1. 0. 0. 0. 0. 1. 1. 1. 0.
 1. 0. 0. 1. 1. 0. 0. 0. 0. 1. 0. 0. 1. 1. 0. 1. 1. 1. 0. 1. 1. 0. 1. 0.
 1. 1. 0. 0. 0. 1. 1. 0. 1. 1. 0. 1. 0. 0. 0. 1. 1. 1. 0. 1. 0. 1. 1. 0.
 1. 0. 0. 1. 1. 0. 0. 1. 0. 1. 1. 0. 0. 1. 0. 0. 1. 1. 0. 1. 1. 0. 0. 0.
 0. 1. 1. 0. 0. 1. 0. 0. 1. 0. 1. 1. 1. 0. 0. 0. 1. 1. 0. 0. 0. 0. 1. 0.
 0. 1. 0. 1. 1. 1. 1. 0. 0. 0. 0. 1. 1. 1. 1. 0. 1. 1. 1. 1. 0. 1. 0. 0.
 1. 0. 0. 1. 1. 1. 1. 1. 0. 0. 1. 1. 1. 0. 0. 1. 0. 1. 0. 0. 1. 0. 1. 0.
 1. 0. 0. 0.]"
268,randomforest,"{'criterion': 'gini', 'max_features': 'sqrt', 'n_estimators': 327}",0.5812707671166848,0.19798564258051046,0.17036534082814045,0.35814309339323863,0.5760641893202377,0.2001352736567295,0.5590876136300262,0.11940298507462688,0.5597014925373134,0.5597014925373134,"{0: 0.5781632880374248, 1: 0.5781632880374248}","{0: 0.5781632880374248, 1: 0.5781632880374248}",0.5781632880374248,"[[70 64]
 [54 80]]","[1. 0. 0. 0. 0. 1. 0. 1. 1. 0. 0. 0. 1. 0. 0. 0. 1. 0. 0. 0. 0. 1. 0. 0.
 0. 0. 1. 1. 1. 1. 1. 0. 0. 0. 1. 1. 0. 0. 1. 0. 1. 0. 1. 0. 0. 0. 1. 1.
 0. 0. 1. 0. 1. 1. 1. 1. 1. 1. 0. 1. 0. 0. 1. 1. 0. 0. 1. 1. 1. 1. 0. 0.
 0. 1. 0. 1. 1. 0. 1. 0. 1. 1. 1. 0. 0. 1. 1. 1. 1. 1. 1. 1. 0. 1. 1. 1.
 0. 0. 1. 1. 0. 1. 0. 0. 0. 0. 0. 1. 0. 1. 0. 0. 0. 1. 1. 0. 1. 0. 0. 0.
 0. 1. 1. 1. 1. 1. 1. 1. 1. 0. 0. 1. 1. 0. 1. 1. 0. 1. 0. 1. 1. 0. 1. 0.
 0. 0. 0. 0. 1. 1. 1. 0. 1. 1. 0. 1. 1. 0. 1. 0. 1. 1. 0. 0. 1. 1. 0. 1.
 1. 1. 1. 1. 1. 0. 0. 1. 1. 0. 1. 0. 0. 1. 1. 1. 0. 0. 1. 1. 0. 0. 1. 1.
 1. 1. 1. 1. 1. 1. 0. 0. 0. 0. 1. 1. 0. 0. 0. 1. 1. 1. 0. 1. 1. 1. 0. 0.
 1. 1. 0. 1. 0. 0. 0. 0. 1. 1. 1. 0. 0. 0. 1. 1. 1. 1. 1. 1. 0. 1. 0. 0.
 1. 1. 0. 0. 1. 1. 0. 1. 0. 1. 1. 0. 1. 0. 0. 1. 0. 1. 0. 1. 0. 0. 1. 1.
 1. 0. 1. 0.]","[0. 1. 0. 0. 0. 1. 1. 1. 0. 0. 0. 0. 0. 1. 0. 0. 1. 1. 0. 0. 0. 0. 0. 1.
 0. 0. 1. 0. 1. 0. 0. 1. 0. 1. 1. 0. 0. 0. 1. 0. 0. 0. 1. 1. 1. 0. 1. 0.
 1. 0. 1. 1. 0. 1. 1. 1. 1. 0. 1. 0. 0. 1. 1. 1. 0. 0. 0. 1. 1. 0. 1. 1.
 0. 0. 1. 0. 0. 1. 0. 1. 0. 1. 1. 1. 0. 1. 0. 1. 1. 1. 1. 1. 1. 1. 1. 0.
 0. 0. 1. 1. 1. 0. 0. 1. 1. 1. 0. 0. 0. 1. 1. 1. 0. 0. 0. 0. 1. 1. 1. 0.
 1. 0. 0. 1. 1. 0. 0. 0. 0. 1. 0. 0. 1. 1. 0. 1. 1. 1. 0. 1. 1. 0. 1. 0.
 1. 1. 0. 0. 0. 1. 1. 0. 1. 1. 0. 1. 0. 0. 0. 1. 1. 1. 0. 1. 0. 1. 1. 0.
 1. 0. 0. 1. 1. 0. 0. 1. 0. 1. 1. 0. 0. 1. 0. 0. 1. 1. 0. 1. 1. 0. 0. 0.
 0. 1. 1. 0. 0. 1. 0. 0. 1. 0. 1. 1. 1. 0. 0. 0. 1. 1. 0. 0. 0. 0. 1. 0.
 0. 1. 0. 1. 1. 1. 1. 0. 0. 0. 0. 1. 1. 1. 1. 0. 1. 1. 1. 1. 0. 1. 0. 0.
 1. 0. 0. 1. 1. 1. 1. 1. 0. 0. 1. 1. 1. 0. 0. 1. 0. 1. 0. 0. 1. 0. 1. 0.
 1. 0. 0. 0.]"
902,randomforest,"{'criterion': 'gini', 'max_features': 'sqrt', 'n_estimators': 529}",0.5890878282751834,0.1914483135474546,0.17036289116359124,0.3412536724259211,0.58366232222079,0.19591700983777577,0.5707461106700651,0.14179104477611937,0.5708955223880597,0.5708955223880597,"{0: 0.5953720204945422, 1: 0.5953720204945422}","{0: 0.5953720204945422, 1: 0.5953720204945422}",0.5953720204945422,"[[74 60]
 [55 79]]","[1. 0. 0. 0. 0. 1. 0. 1. 1. 0. 0. 0. 1. 0. 0. 0. 1. 0. 0. 0. 0. 1. 0. 0.
 0. 0. 1. 1. 1. 1. 1. 0. 0. 0. 1. 0. 0. 0. 1. 0. 1. 0. 1. 1. 0. 0. 1. 0.
 0. 0. 1. 0. 1. 1. 1. 1. 1. 1. 0. 1. 1. 0. 1. 0. 0. 0. 1. 1. 1. 1. 0. 0.
 1. 1. 0. 1. 1. 0. 0. 0. 1. 1. 1. 0. 0. 1. 0. 1. 1. 1. 1. 1. 0. 1. 1. 1.
 0. 0. 1. 1. 0. 1. 0. 0. 0. 0. 0. 1. 0. 1. 0. 0. 0. 1. 1. 0. 1. 0. 0. 0.
 0. 1. 1. 1. 1. 1. 1. 1. 1. 0. 0. 1. 1. 0. 1. 1. 0. 1. 0. 1. 1. 0. 0. 0.
 0. 0. 0. 0. 1. 1. 1. 0. 1. 0. 0. 1. 1. 0. 1. 0. 1. 1. 0. 0. 1. 1. 0. 1.
 1. 1. 0. 1. 1. 0. 0. 1. 1. 0. 1. 0. 0. 1. 1. 1. 0. 0. 1. 1. 0. 0. 1. 1.
 1. 1. 1. 1. 1. 1. 0. 0. 0. 0. 1. 1. 0. 0. 0. 0. 1. 1. 0. 1. 1. 1. 1. 0.
 1. 1. 0. 1. 0. 0. 0. 0. 1. 1. 1. 0. 1. 0. 1. 1. 1. 1. 1. 1. 0. 1. 0. 0.
 1. 1. 0. 0. 1. 1. 0. 1. 0. 1. 1. 0. 1. 0. 0. 1. 0. 0. 0. 1. 0. 0. 1. 1.
 1. 0. 1. 0.]","[0. 1. 0. 0. 0. 1. 1. 1. 0. 0. 0. 0. 0. 1. 0. 0. 1. 1. 0. 0. 0. 0. 0. 1.
 0. 0. 1. 0. 1. 0. 0. 1. 0. 1. 1. 0. 0. 0. 1. 0. 0. 0. 1. 1. 1. 0. 1. 0.
 1. 0. 1. 1. 0. 1. 1. 1. 1. 0. 1. 0. 0. 1. 1. 1. 0. 0. 0. 1. 1. 0. 1. 1.
 0. 0. 1. 0. 0. 1. 0. 1. 0. 1. 1. 1. 0. 1. 0. 1. 1. 1. 1. 1. 1. 1. 1. 0.
 0. 0. 1. 1. 1. 0. 0. 1. 1. 1. 0. 0. 0. 1. 1. 1. 0. 0. 0. 0. 1. 1. 1. 0.
 1. 0. 0. 1. 1. 0. 0. 0. 0. 1. 0. 0. 1. 1. 0. 1. 1. 1. 0. 1. 1. 0. 1. 0.
 1. 1. 0. 0. 0. 1. 1. 0. 1. 1. 0. 1. 0. 0. 0. 1. 1. 1. 0. 1. 0. 1. 1. 0.
 1. 0. 0. 1. 1. 0. 0. 1. 0. 1. 1. 0. 0. 1. 0. 0. 1. 1. 0. 1. 1. 0. 0. 0.
 0. 1. 1. 0. 0. 1. 0. 0. 1. 0. 1. 1. 1. 0. 0. 0. 1. 1. 0. 0. 0. 0. 1. 0.
 0. 1. 0. 1. 1. 1. 1. 0. 0. 0. 0. 1. 1. 1. 1. 0. 1. 1. 1. 1. 0. 1. 0. 0.
 1. 0. 0. 1. 1. 1. 1. 1. 0. 0. 1. 1. 1. 0. 0. 1. 0. 1. 0. 0. 1. 0. 1. 0.
 1. 0. 0. 0.]"
483,randomforest,"{'criterion': 'gini', 'max_features': 'log2', 'n_estimators': 203}",0.5840482537351607,0.1789285128296285,0.1703032073287235,0.313896651761703,0.5773493643453321,0.18231976318129917,0.5669471220816849,0.13432835820895528,0.5671641791044776,0.5671641791044777,"{0: 0.5851804410781912, 1: 0.5851804410781911}","{0: 0.5851804410781912, 1: 0.5851804410781911}",0.5851804410781911,"[[73 61]
 [55 79]]","[1. 0. 0. 0. 0. 1. 0. 1. 1. 0. 0. 0. 1. 0. 0. 0. 1. 0. 0. 0. 0. 1. 0. 0.
 0. 0. 1. 1. 1. 1. 1. 0. 0. 0. 1. 0. 0. 0. 1. 0. 1. 1. 1. 0. 0. 0. 1. 0.
 0. 0. 1. 1. 1. 1. 1. 1. 1. 1. 0. 1. 1. 1. 1. 1. 0. 0. 1. 1. 1. 1. 0. 0.
 0. 1. 0. 1. 1. 0. 0. 0. 1. 1. 1. 0. 0. 1. 1. 1. 1. 1. 1. 1. 0. 1. 1. 1.
 0. 0. 1. 1. 0. 1. 1. 0. 0. 0. 0. 1. 0. 1. 0. 0. 0. 1. 1. 0. 1. 0. 0. 0.
 0. 1. 1. 1. 1. 1. 1. 1. 1. 0. 0. 1. 1. 0. 1. 0. 0. 1. 0. 1. 1. 0. 0. 0.
 0. 0. 0. 0. 1. 1. 1. 0. 1. 1. 0. 1. 1. 0. 1. 0. 1. 1. 0. 0. 1. 0. 0. 1.
 1. 1. 0. 1. 1. 0. 0. 1. 1. 0. 1. 0. 0. 0. 1. 1. 0. 0. 1. 1. 0. 0. 1. 1.
 0. 1. 1. 1. 1. 1. 0. 0. 0. 0. 1. 1. 0. 0. 0. 0. 1. 1. 0. 1. 1. 1. 0. 0.
 1. 1. 0. 0. 0. 0. 0. 0. 1. 1. 1. 0. 1. 0. 1. 1. 1. 1. 1. 1. 0. 1. 0. 0.
 1. 1. 0. 0. 1. 1. 1. 1. 0. 1. 1. 0. 1. 0. 0. 1. 0. 1. 0. 1. 0. 0. 1. 1.
 1. 0. 1. 0.]","[0. 1. 0. 0. 0. 1. 1. 1. 0. 0. 0. 0. 0. 1. 0. 0. 1. 1. 0. 0. 0. 0. 0. 1.
 0. 0. 1. 0. 1. 0. 0. 1. 0. 1. 1. 0. 0. 0. 1. 0. 0. 0. 1. 1. 1. 0. 1. 0.
 1. 0. 1. 1. 0. 1. 1. 1. 1. 0. 1. 0. 0. 1. 1. 1. 0. 0. 0. 1. 1. 0. 1. 1.
 0. 0. 1. 0. 0. 1. 0. 1. 0. 1. 1. 1. 0. 1. 0. 1. 1. 1. 1. 1. 1. 1. 1. 0.
 0. 0. 1. 1. 1. 0. 0. 1. 1. 1. 0. 0. 0. 1. 1. 1. 0. 0. 0. 0. 1. 1. 1. 0.
 1. 0. 0. 1. 1. 0. 0. 0. 0. 1. 0. 0. 1. 1. 0. 1. 1. 1. 0. 1. 1. 0. 1. 0.
 1. 1. 0. 0. 0. 1. 1. 0. 1. 1. 0. 1. 0. 0. 0. 1. 1. 1. 0. 1. 0. 1. 1. 0.
 1. 0. 0. 1. 1. 0. 0. 1. 0. 1. 1. 0. 0. 1. 0. 0. 1. 1. 0. 1. 1. 0. 0. 0.
 0. 1. 1. 0. 0. 1. 0. 0. 1. 0. 1. 1. 1. 0. 0. 0. 1. 1. 0. 0. 0. 0. 1. 0.
 0. 1. 0. 1. 1. 1. 1. 0. 0. 0. 0. 1. 1. 1. 1. 0. 1. 1. 1. 1. 0. 1. 0. 0.
 1. 0. 0. 1. 1. 1. 1. 1. 0. 0. 1. 1. 1. 0. 0. 1. 0. 1. 0. 0. 1. 0. 1. 0.
 1. 0. 0. 0.]"
413,randomforest,"{'criterion': 'gini', 'max_features': 'sqrt', 'n_estimators': 529}",0.5846316723546325,0.18753660787538412,0.1702312011709526,0.34509890431278295,0.5769182542368027,0.19080836213570926,0.5633781243472812,0.12686567164179108,0.5634328358208955,0.5634328358208955,"{0: 0.5814769436400089, 1: 0.5814769436400089}","{0: 0.5814769436400089, 1: 0.5814769436400089}",0.5814769436400089,"[[74 60]
 [57 77]]","[1. 0. 0. 0. 0. 1. 0. 1. 1. 0. 0. 0. 1. 0. 0. 0. 1. 0. 0. 0. 0. 1. 0. 0.
 0. 0. 1. 1. 1. 1. 1. 0. 0. 0. 1. 0. 0. 0. 1. 0. 1. 0. 1. 0. 0. 0. 1. 1.
 0. 0. 1. 0. 1. 1. 1. 1. 1. 1. 0. 1. 0. 0. 1. 0. 0. 0. 1. 1. 1. 1. 0. 0.
 0. 1. 0. 1. 1. 0. 0. 0. 1. 1. 1. 0. 0. 1. 0. 1. 1. 1. 1. 1. 0. 1. 1. 1.
 0. 0. 1. 1. 0. 1. 1. 1. 0. 0. 0. 1. 0. 1. 0. 0. 0. 1. 1. 0. 1. 0. 0. 0.
 0. 1. 1. 1. 1. 1. 1. 1. 1. 0. 0. 1. 1. 0. 1. 1. 0. 1. 0. 1. 1. 0. 0. 0.
 0. 0. 0. 0. 1. 1. 1. 0. 1. 1. 0. 1. 1. 0. 1. 0. 1. 1. 0. 0. 1. 1. 0. 1.
 1. 1. 0. 1. 1. 0. 0. 1. 1. 0. 1. 0. 0. 0. 1. 1. 0. 0. 1. 1. 0. 0. 1. 1.
 1. 1. 1. 1. 1. 1. 0. 0. 0. 0. 1. 1. 0. 0. 0. 0. 1. 1. 0. 1. 1. 1. 0. 0.
 1. 1. 0. 0. 0. 0. 0. 0. 1. 1. 1. 0. 0. 0. 1. 1. 1. 1. 1. 1. 0. 1. 0. 0.
 1. 1. 0. 0. 1. 1. 1. 1. 0. 1. 1. 0. 1. 0. 0. 1. 0. 0. 0. 1. 0. 0. 1. 1.
 1. 0. 1. 0.]","[0. 1. 0. 0. 0. 1. 1. 1. 0. 0. 0. 0. 0. 1. 0. 0. 1. 1. 0. 0. 0. 0. 0. 1.
 0. 0. 1. 0. 1. 0. 0. 1. 0. 1. 1. 0. 0. 0. 1. 0. 0. 0. 1. 1. 1. 0. 1. 0.
 1. 0. 1. 1. 0. 1. 1. 1. 1. 0. 1. 0. 0. 1. 1. 1. 0. 0. 0. 1. 1. 0. 1. 1.
 0. 0. 1. 0. 0. 1. 0. 1. 0. 1. 1. 1. 0. 1. 0. 1. 1. 1. 1. 1. 1. 1. 1. 0.
 0. 0. 1. 1. 1. 0. 0. 1. 1. 1. 0. 0. 0. 1. 1. 1. 0. 0. 0. 0. 1. 1. 1. 0.
 1. 0. 0. 1. 1. 0. 0. 0. 0. 1. 0. 0. 1. 1. 0. 1. 1. 1. 0. 1. 1. 0. 1. 0.
 1. 1. 0. 0. 0. 1. 1. 0. 1. 1. 0. 1. 0. 0. 0. 1. 1. 1. 0. 1. 0. 1. 1. 0.
 1. 0. 0. 1. 1. 0. 0. 1. 0. 1. 1. 0. 0. 1. 0. 0. 1. 1. 0. 1. 1. 0. 0. 0.
 0. 1. 1. 0. 0. 1. 0. 0. 1. 0. 1. 1. 1. 0. 0. 0. 1. 1. 0. 0. 0. 0. 1. 0.
 0. 1. 0. 1. 1. 1. 1. 0. 0. 0. 0. 1. 1. 1. 1. 0. 1. 1. 1. 1. 0. 1. 0. 0.
 1. 0. 0. 1. 1. 1. 1. 1. 0. 0. 1. 1. 1. 0. 0. 1. 0. 1. 0. 0. 1. 0. 1. 0.
 1. 0. 0. 0.]"
757,randomforest,"{'criterion': 'gini', 'max_features': 'sqrt', 'n_estimators': 471}",0.5785482350947246,0.18726841882412515,0.17020911567632246,0.3284339073950392,0.5711136421821906,0.19335103714846605,0.5559145025412517,0.11194029850746268,0.5559701492537313,0.5559701492537313,"{0: 0.5899699264869682, 1: 0.5899699264869681}","{0: 0.5899699264869682, 1: 0.5899699264869681}",0.5899699264869681,"[[73 61]
 [58 76]]","[1. 0. 0. 0. 0. 1. 0. 1. 1. 0. 0. 0. 1. 0. 0. 0. 0. 0. 0. 0. 0. 1. 0. 0.
 0. 0. 1. 1. 1. 1. 1. 0. 0. 0. 1. 0. 0. 0. 1. 0. 0. 0. 1. 0. 0. 0. 1. 1.
 0. 0. 1. 0. 1. 1. 1. 1. 1. 1. 0. 1. 1. 0. 1. 0. 0. 0. 1. 1. 1. 1. 0. 0.
 0. 1. 0. 1. 1. 0. 0. 0. 1. 1. 1. 0. 0. 1. 0. 1. 1. 1. 1. 1. 0. 1. 1. 1.
 0. 0. 1. 1. 0. 1. 0. 0. 0. 0. 0. 1. 0. 1. 0. 0. 0. 1. 1. 0. 1. 0. 0. 0.
 0. 1. 1. 1. 1. 1. 1. 1. 1. 0. 0. 1. 1. 0. 1. 1. 0. 1. 0. 1. 0. 0. 0. 0.
 0. 0. 0. 0. 1. 1. 1. 0. 1. 1. 0. 1. 1. 0. 1. 0. 1. 1. 0. 0. 1. 1. 0. 1.
 1. 1. 0. 1. 1. 1. 0. 1. 1. 0. 1. 0. 0. 0. 1. 1. 0. 0. 1. 1. 0. 0. 1. 1.
 1. 1. 1. 1. 1. 1. 0. 0. 0. 0. 1. 1. 0. 1. 0. 0. 1. 1. 0. 1. 1. 1. 0. 0.
 1. 1. 0. 1. 0. 0. 0. 0. 1. 1. 1. 0. 0. 1. 1. 1. 1. 1. 1. 1. 0. 1. 0. 0.
 1. 1. 0. 0. 1. 1. 0. 1. 0. 1. 1. 0. 1. 0. 0. 1. 0. 1. 0. 1. 0. 0. 1. 1.
 1. 0. 1. 0.]","[0. 1. 0. 0. 0. 1. 1. 1. 0. 0. 0. 0. 0. 1. 0. 0. 1. 1. 0. 0. 0. 0. 0. 1.
 0. 0. 1. 0. 1. 0. 0. 1. 0. 1. 1. 0. 0. 0. 1. 0. 0. 0. 1. 1. 1. 0. 1. 0.
 1. 0. 1. 1. 0. 1. 1. 1. 1. 0. 1. 0. 0. 1. 1. 1. 0. 0. 0. 1. 1. 0. 1. 1.
 0. 0. 1. 0. 0. 1. 0. 1. 0. 1. 1. 1. 0. 1. 0. 1. 1. 1. 1. 1. 1. 1. 1. 0.
 0. 0. 1. 1. 1. 0. 0. 1. 1. 1. 0. 0. 0. 1. 1. 1. 0. 0. 0. 0. 1. 1. 1. 0.
 1. 0. 0. 1. 1. 0. 0. 0. 0. 1. 0. 0. 1. 1. 0. 1. 1. 1. 0. 1. 1. 0. 1. 0.
 1. 1. 0. 0. 0. 1. 1. 0. 1. 1. 0. 1. 0. 0. 0. 1. 1. 1. 0. 1. 0. 1. 1. 0.
 1. 0. 0. 1. 1. 0. 0. 1. 0. 1. 1. 0. 0. 1. 0. 0. 1. 1. 0. 1. 1. 0. 0. 0.
 0. 1. 1. 0. 0. 1. 0. 0. 1. 0. 1. 1. 1. 0. 0. 0. 1. 1. 0. 0. 0. 0. 1. 0.
 0. 1. 0. 1. 1. 1. 1. 0. 0. 0. 0. 1. 1. 1. 1. 0. 1. 1. 1. 1. 0. 1. 0. 0.
 1. 0. 0. 1. 1. 1. 1. 1. 0. 0. 1. 1. 1. 0. 0. 1. 0. 1. 0. 0. 1. 0. 1. 0.
 1. 0. 0. 0.]"
236,randomforest,"{'criterion': 'gini', 'max_features': 'log2', 'n_estimators': 555}",0.5793676532976554,0.20503929716954492,0.1700252735768486,0.3804325774568015,0.5709034953994632,0.20976810487298334,0.5594806931520588,0.11940298507462688,0.5597014925373134,0.5597014925373134,"{0: 0.5841501447983961, 1: 0.584150144798396}","{0: 0.5841501447983961, 1: 0.584150144798396}",0.584150144798396,"[[72 62]
 [56 78]]","[1. 0. 0. 0. 0. 1. 0. 1. 1. 0. 0. 0. 1. 0. 0. 0. 1. 0. 0. 1. 0. 1. 0. 0.
 0. 0. 1. 1. 1. 1. 1. 0. 0. 0. 1. 0. 1. 0. 1. 0. 0. 0. 1. 0. 0. 0. 1. 0.
 0. 0. 1. 0. 1. 1. 1. 0. 1. 1. 0. 1. 0. 0. 1. 1. 0. 0. 1. 1. 1. 1. 0. 0.
 1. 1. 0. 1. 1. 0. 0. 0. 1. 1. 1. 0. 0. 1. 1. 1. 1. 1. 1. 1. 0. 1. 1. 1.
 0. 0. 1. 1. 0. 1. 0. 0. 0. 0. 0. 1. 0. 1. 0. 0. 0. 1. 1. 0. 1. 0. 0. 0.
 0. 1. 1. 1. 1. 1. 1. 1. 1. 0. 0. 1. 1. 0. 1. 1. 0. 1. 0. 1. 1. 0. 1. 0.
 0. 0. 0. 0. 1. 1. 1. 0. 1. 1. 0. 1. 1. 0. 1. 0. 1. 1. 0. 0. 1. 1. 0. 1.
 1. 1. 0. 1. 1. 1. 0. 1. 1. 0. 1. 0. 0. 1. 1. 1. 0. 0. 1. 1. 0. 0. 1. 1.
 1. 1. 1. 1. 1. 1. 0. 0. 0. 0. 1. 1. 0. 0. 0. 0. 1. 1. 0. 1. 1. 1. 0. 0.
 1. 1. 0. 0. 0. 0. 0. 0. 1. 1. 1. 0. 0. 0. 1. 1. 1. 1. 1. 1. 0. 1. 0. 0.
 1. 1. 0. 0. 1. 1. 0. 1. 0. 1. 1. 0. 1. 0. 0. 1. 0. 1. 0. 1. 0. 0. 1. 1.
 1. 0. 1. 0.]","[0. 1. 0. 0. 0. 1. 1. 1. 0. 0. 0. 0. 0. 1. 0. 0. 1. 1. 0. 0. 0. 0. 0. 1.
 0. 0. 1. 0. 1. 0. 0. 1. 0. 1. 1. 0. 0. 0. 1. 0. 0. 0. 1. 1. 1. 0. 1. 0.
 1. 0. 1. 1. 0. 1. 1. 1. 1. 0. 1. 0. 0. 1. 1. 1. 0. 0. 0. 1. 1. 0. 1. 1.
 0. 0. 1. 0. 0. 1. 0. 1. 0. 1. 1. 1. 0. 1. 0. 1. 1. 1. 1. 1. 1. 1. 1. 0.
 0. 0. 1. 1. 1. 0. 0. 1. 1. 1. 0. 0. 0. 1. 1. 1. 0. 0. 0. 0. 1. 1. 1. 0.
 1. 0. 0. 1. 1. 0. 0. 0. 0. 1. 0. 0. 1. 1. 0. 1. 1. 1. 0. 1. 1. 0. 1. 0.
 1. 1. 0. 0. 0. 1. 1. 0. 1. 1. 0. 1. 0. 0. 0. 1. 1. 1. 0. 1. 0. 1. 1. 0.
 1. 0. 0. 1. 1. 0. 0. 1. 0. 1. 1. 0. 0. 1. 0. 0. 1. 1. 0. 1. 1. 0. 0. 0.
 0. 1. 1. 0. 0. 1. 0. 0. 1. 0. 1. 1. 1. 0. 0. 0. 1. 1. 0. 0. 0. 0. 1. 0.
 0. 1. 0. 1. 1. 1. 1. 0. 0. 0. 0. 1. 1. 1. 1. 0. 1. 1. 1. 1. 0. 1. 0. 0.
 1. 0. 0. 1. 1. 1. 1. 1. 0. 0. 1. 1. 1. 0. 0. 1. 0. 1. 0. 0. 1. 0. 1. 0.
 1. 0. 0. 0.]"
909,randomforest,"{'criterion': 'gini', 'max_features': 'sqrt', 'n_estimators': 379}",0.5854397130461858,0.18916785413246825,0.170008433859046,0.34061152884908236,0.5778795055004733,0.1938999061358973,0.5669471220816849,0.13432835820895528,0.5671641791044776,0.5671641791044777,"{0: 0.5957618623301404, 1: 0.5957618623301403}","{0: 0.5957618623301404, 1: 0.5957618623301403}",0.5957618623301403,"[[73 61]
 [55 79]]","[1. 0. 0. 0. 0. 1. 0. 1. 1. 0. 0. 0. 1. 0. 0. 0. 1. 0. 0. 1. 0. 1. 0. 0.
 0. 0. 1. 1. 1. 1. 1. 0. 0. 0. 1. 0. 0. 0. 1. 0. 0. 0. 1. 0. 0. 0. 1. 1.
 0. 0. 1. 0. 0. 1. 1. 1. 1. 1. 0. 1. 1. 0. 1. 1. 0. 0. 1. 1. 1. 1. 0. 0.
 1. 1. 0. 1. 1. 0. 0. 0. 1. 1. 1. 0. 0. 1. 0. 1. 1. 1. 1. 1. 0. 1. 1. 1.
 0. 0. 1. 1. 0. 1. 1. 1. 0. 0. 0. 1. 0. 1. 0. 0. 0. 1. 1. 0. 1. 0. 0. 0.
 0. 1. 1. 1. 1. 1. 1. 1. 1. 0. 0. 1. 1. 0. 1. 1. 0. 1. 0. 1. 1. 0. 0. 0.
 0. 0. 0. 0. 1. 1. 1. 0. 1. 1. 0. 1. 1. 0. 1. 0. 1. 1. 0. 0. 1. 1. 0. 1.
 1. 1. 0. 1. 1. 1. 0. 1. 1. 0. 1. 0. 0. 1. 1. 1. 0. 0. 1. 1. 0. 0. 1. 1.
 1. 1. 1. 0. 1. 1. 0. 0. 0. 0. 1. 1. 0. 0. 0. 0. 1. 1. 0. 1. 1. 1. 0. 0.
 1. 1. 0. 0. 0. 0. 0. 0. 1. 1. 1. 0. 0. 0. 1. 1. 1. 1. 1. 1. 0. 1. 0. 0.
 1. 1. 0. 0. 1. 1. 1. 1. 0. 1. 1. 0. 1. 0. 0. 1. 0. 0. 0. 1. 0. 0. 1. 1.
 1. 0. 1. 0.]","[0. 1. 0. 0. 0. 1. 1. 1. 0. 0. 0. 0. 0. 1. 0. 0. 1. 1. 0. 0. 0. 0. 0. 1.
 0. 0. 1. 0. 1. 0. 0. 1. 0. 1. 1. 0. 0. 0. 1. 0. 0. 0. 1. 1. 1. 0. 1. 0.
 1. 0. 1. 1. 0. 1. 1. 1. 1. 0. 1. 0. 0. 1. 1. 1. 0. 0. 0. 1. 1. 0. 1. 1.
 0. 0. 1. 0. 0. 1. 0. 1. 0. 1. 1. 1. 0. 1. 0. 1. 1. 1. 1. 1. 1. 1. 1. 0.
 0. 0. 1. 1. 1. 0. 0. 1. 1. 1. 0. 0. 0. 1. 1. 1. 0. 0. 0. 0. 1. 1. 1. 0.
 1. 0. 0. 1. 1. 0. 0. 0. 0. 1. 0. 0. 1. 1. 0. 1. 1. 1. 0. 1. 1. 0. 1. 0.
 1. 1. 0. 0. 0. 1. 1. 0. 1. 1. 0. 1. 0. 0. 0. 1. 1. 1. 0. 1. 0. 1. 1. 0.
 1. 0. 0. 1. 1. 0. 0. 1. 0. 1. 1. 0. 0. 1. 0. 0. 1. 1. 0. 1. 1. 0. 0. 0.
 0. 1. 1. 0. 0. 1. 0. 0. 1. 0. 1. 1. 1. 0. 0. 0. 1. 1. 0. 0. 0. 0. 1. 0.
 0. 1. 0. 1. 1. 1. 1. 0. 0. 0. 0. 1. 1. 1. 1. 0. 1. 1. 1. 1. 0. 1. 0. 0.
 1. 0. 0. 1. 1. 1. 1. 1. 0. 0. 1. 1. 1. 0. 0. 1. 0. 1. 0. 0. 1. 0. 1. 0.
 1. 0. 0. 0.]"
616,randomforest,"{'criterion': 'gini', 'max_features': 'sqrt', 'n_estimators': 323}",0.5873753734581534,0.17831682734475124,0.170000610594033,0.3123370302277456,0.5807870146579823,0.18254173006458416,0.5706025774991291,0.14179104477611937,0.5708955223880597,0.5708955223880596,"{0: 0.5818389396302073, 1: 0.5818389396302072}","{0: 0.5818389396302073, 1: 0.5818389396302072}",0.5818389396302072,"[[73 61]
 [54 80]]","[1. 0. 0. 0. 0. 1. 0. 1. 1. 0. 0. 0. 1. 0. 0. 0. 1. 0. 0. 1. 0. 1. 0. 0.
 0. 0. 1. 1. 1. 1. 1. 0. 0. 0. 1. 0. 0. 0. 1. 0. 1. 0. 1. 1. 0. 0. 1. 0.
 0. 0. 1. 0. 1. 1. 1. 0. 1. 1. 0. 1. 1. 0. 1. 0. 0. 0. 1. 1. 1. 1. 0. 0.
 1. 1. 0. 1. 1. 0. 0. 0. 1. 1. 1. 0. 0. 1. 0. 1. 1. 1. 1. 1. 0. 1. 1. 1.
 0. 0. 1. 1. 0. 1. 1. 0. 0. 0. 0. 1. 0. 1. 0. 0. 0. 1. 1. 0. 1. 0. 0. 0.
 0. 1. 1. 1. 1. 1. 1. 1. 1. 0. 0. 1. 1. 0. 1. 1. 0. 1. 0. 1. 1. 0. 0. 0.
 1. 0. 0. 0. 1. 1. 1. 0. 1. 1. 0. 1. 1. 0. 1. 0. 1. 1. 0. 0. 1. 1. 0. 1.
 1. 1. 0. 1. 1. 0. 0. 1. 1. 0. 1. 0. 0. 0. 1. 1. 0. 0. 1. 1. 0. 0. 1. 1.
 1. 1. 1. 0. 1. 1. 0. 0. 0. 0. 1. 1. 0. 0. 0. 0. 1. 1. 0. 1. 1. 1. 0. 0.
 1. 1. 0. 1. 0. 0. 0. 0. 1. 1. 1. 0. 1. 0. 1. 1. 1. 1. 1. 1. 0. 1. 0. 0.
 1. 1. 0. 0. 1. 1. 1. 1. 0. 1. 1. 0. 1. 0. 0. 1. 0. 1. 0. 1. 0. 0. 1. 1.
 1. 0. 1. 0.]","[0. 1. 0. 0. 0. 1. 1. 1. 0. 0. 0. 0. 0. 1. 0. 0. 1. 1. 0. 0. 0. 0. 0. 1.
 0. 0. 1. 0. 1. 0. 0. 1. 0. 1. 1. 0. 0. 0. 1. 0. 0. 0. 1. 1. 1. 0. 1. 0.
 1. 0. 1. 1. 0. 1. 1. 1. 1. 0. 1. 0. 0. 1. 1. 1. 0. 0. 0. 1. 1. 0. 1. 1.
 0. 0. 1. 0. 0. 1. 0. 1. 0. 1. 1. 1. 0. 1. 0. 1. 1. 1. 1. 1. 1. 1. 1. 0.
 0. 0. 1. 1. 1. 0. 0. 1. 1. 1. 0. 0. 0. 1. 1. 1. 0. 0. 0. 0. 1. 1. 1. 0.
 1. 0. 0. 1. 1. 0. 0. 0. 0. 1. 0. 0. 1. 1. 0. 1. 1. 1. 0. 1. 1. 0. 1. 0.
 1. 1. 0. 0. 0. 1. 1. 0. 1. 1. 0. 1. 0. 0. 0. 1. 1. 1. 0. 1. 0. 1. 1. 0.
 1. 0. 0. 1. 1. 0. 0. 1. 0. 1. 1. 0. 0. 1. 0. 0. 1. 1. 0. 1. 1. 0. 0. 0.
 0. 1. 1. 0. 0. 1. 0. 0. 1. 0. 1. 1. 1. 0. 0. 0. 1. 1. 0. 0. 0. 0. 1. 0.
 0. 1. 0. 1. 1. 1. 1. 0. 0. 0. 0. 1. 1. 1. 1. 0. 1. 1. 1. 1. 0. 1. 0. 0.
 1. 0. 0. 1. 1. 1. 1. 1. 0. 0. 1. 1. 1. 0. 0. 1. 0. 1. 0. 0. 1. 0. 1. 0.
 1. 0. 0. 0.]"
359,randomforest,"{'criterion': 'gini', 'max_features': 'log2', 'n_estimators': 329}",0.588885893410983,0.1933860292252277,0.1699282908612012,0.3425606478798566,0.5825326032987324,0.19782917637168684,0.5626961215011924,0.12686567164179108,0.5634328358208955,0.5634328358208955,"{0: 0.5810592559590109, 1: 0.581059255959011}","{0: 0.5810592559590109, 1: 0.581059255959011}",0.581059255959011,"[[70 64]
 [53 81]]","[1. 0. 0. 0. 0. 1. 0. 1. 1. 0. 0. 0. 1. 0. 0. 0. 1. 0. 0. 0. 0. 1. 0. 0.
 0. 0. 1. 1. 1. 1. 1. 0. 0. 0. 1. 0. 1. 0. 1. 0. 1. 0. 1. 1. 0. 0. 1. 1.
 0. 0. 1. 0. 1. 1. 1. 1. 1. 1. 0. 1. 1. 0. 1. 1. 0. 0. 1. 1. 1. 1. 0. 0.
 1. 1. 0. 1. 1. 0. 0. 0. 1. 1. 1. 0. 0. 1. 0. 1. 1. 1. 1. 1. 0. 1. 1. 1.
 0. 0. 1. 1. 0. 1. 1. 0. 0. 0. 0. 1. 0. 1. 0. 0. 0. 1. 1. 0. 1. 0. 0. 0.
 0. 1. 1. 1. 1. 1. 1. 1. 1. 0. 0. 1. 1. 0. 1. 1. 0. 1. 0. 1. 1. 0. 1. 0.
 1. 0. 0. 0. 1. 1. 1. 0. 1. 1. 0. 1. 1. 0. 1. 0. 1. 1. 0. 0. 1. 0. 0. 1.
 1. 1. 0. 1. 1. 0. 0. 1. 1. 0. 1. 0. 0. 0. 1. 1. 0. 0. 1. 1. 0. 0. 1. 1.
 1. 1. 0. 1. 1. 1. 0. 1. 0. 0. 1. 1. 0. 0. 0. 0. 1. 1. 0. 1. 1. 1. 0. 0.
 1. 1. 0. 1. 0. 0. 0. 0. 1. 1. 1. 0. 1. 0. 1. 1. 1. 1. 1. 1. 0. 1. 0. 0.
 1. 1. 0. 0. 1. 1. 1. 1. 0. 1. 1. 0. 1. 0. 0. 1. 0. 1. 0. 1. 0. 0. 1. 1.
 1. 0. 1. 0.]","[0. 1. 0. 0. 0. 1. 1. 1. 0. 0. 0. 0. 0. 1. 0. 0. 1. 1. 0. 0. 0. 0. 0. 1.
 0. 0. 1. 0. 1. 0. 0. 1. 0. 1. 1. 0. 0. 0. 1. 0. 0. 0. 1. 1. 1. 0. 1. 0.
 1. 0. 1. 1. 0. 1. 1. 1. 1. 0. 1. 0. 0. 1. 1. 1. 0. 0. 0. 1. 1. 0. 1. 1.
 0. 0. 1. 0. 0. 1. 0. 1. 0. 1. 1. 1. 0. 1. 0. 1. 1. 1. 1. 1. 1. 1. 1. 0.
 0. 0. 1. 1. 1. 0. 0. 1. 1. 1. 0. 0. 0. 1. 1. 1. 0. 0. 0. 0. 1. 1. 1. 0.
 1. 0. 0. 1. 1. 0. 0. 0. 0. 1. 0. 0. 1. 1. 0. 1. 1. 1. 0. 1. 1. 0. 1. 0.
 1. 1. 0. 0. 0. 1. 1. 0. 1. 1. 0. 1. 0. 0. 0. 1. 1. 1. 0. 1. 0. 1. 1. 0.
 1. 0. 0. 1. 1. 0. 0. 1. 0. 1. 1. 0. 0. 1. 0. 0. 1. 1. 0. 1. 1. 0. 0. 0.
 0. 1. 1. 0. 0. 1. 0. 0. 1. 0. 1. 1. 1. 0. 0. 0. 1. 1. 0. 0. 0. 0. 1. 0.
 0. 1. 0. 1. 1. 1. 1. 0. 0. 0. 0. 1. 1. 1. 1. 0. 1. 1. 1. 1. 0. 1. 0. 0.
 1. 0. 0. 1. 1. 1. 1. 1. 0. 0. 1. 1. 1. 0. 0. 1. 0. 1. 0. 0. 1. 0. 1. 0.
 1. 0. 0. 0.]"
614,randomforest,"{'criterion': 'gini', 'max_features': 'sqrt', 'n_estimators': 571}",0.5865017032830125,0.2018289046916985,0.16984756465474557,0.3639239517566343,0.5796336541296219,0.20795021411531148,0.5667781493868451,0.13432835820895528,0.5671641791044776,0.5671641791044776,"{0: 0.5889953218979729, 1: 0.5889953218979729}","{0: 0.5889953218979729, 1: 0.5889953218979729}",0.5889953218979729,"[[72 62]
 [54 80]]","[1. 0. 0. 0. 0. 1. 0. 1. 1. 0. 0. 0. 1. 0. 0. 0. 1. 0. 0. 0. 0. 1. 0. 0.
 0. 0. 1. 1. 1. 1. 1. 0. 0. 0. 1. 0. 1. 0. 1. 0. 1. 0. 1. 0. 0. 0. 1. 0.
 0. 0. 1. 0. 1. 1. 1. 1. 1. 1. 0. 1. 1. 0. 1. 0. 0. 0. 1. 1. 1. 1. 0. 0.
 1. 1. 0. 1. 1. 0. 0. 0. 1. 1. 1. 0. 0. 1. 0. 1. 1. 1. 1. 1. 0. 1. 1. 1.
 0. 0. 1. 1. 0. 1. 0. 0. 0. 0. 0. 1. 0. 1. 0. 0. 0. 1. 1. 0. 1. 0. 0. 0.
 0. 1. 1. 1. 1. 1. 1. 1. 1. 0. 0. 1. 1. 0. 1. 1. 0. 1. 0. 1. 1. 0. 1. 0.
 0. 0. 0. 0. 1. 1. 1. 0. 1. 1. 0. 1. 1. 0. 1. 0. 1. 1. 0. 0. 1. 1. 0. 1.
 1. 1. 0. 1. 1. 1. 0. 1. 1. 0. 1. 0. 0. 1. 1. 1. 0. 0. 1. 1. 0. 0. 1. 1.
 1. 1. 1. 0. 1. 1. 0. 1. 0. 0. 1. 1. 0. 0. 0. 0. 1. 1. 0. 1. 1. 1. 0. 0.
 1. 1. 0. 1. 0. 0. 0. 0. 1. 1. 1. 0. 1. 0. 1. 1. 1. 1. 1. 1. 0. 1. 0. 0.
 1. 1. 0. 0. 1. 1. 1. 1. 0. 1. 1. 0. 1. 0. 0. 1. 0. 0. 0. 1. 0. 0. 1. 1.
 1. 0. 1. 0.]","[0. 1. 0. 0. 0. 1. 1. 1. 0. 0. 0. 0. 0. 1. 0. 0. 1. 1. 0. 0. 0. 0. 0. 1.
 0. 0. 1. 0. 1. 0. 0. 1. 0. 1. 1. 0. 0. 0. 1. 0. 0. 0. 1. 1. 1. 0. 1. 0.
 1. 0. 1. 1. 0. 1. 1. 1. 1. 0. 1. 0. 0. 1. 1. 1. 0. 0. 0. 1. 1. 0. 1. 1.
 0. 0. 1. 0. 0. 1. 0. 1. 0. 1. 1. 1. 0. 1. 0. 1. 1. 1. 1. 1. 1. 1. 1. 0.
 0. 0. 1. 1. 1. 0. 0. 1. 1. 1. 0. 0. 0. 1. 1. 1. 0. 0. 0. 0. 1. 1. 1. 0.
 1. 0. 0. 1. 1. 0. 0. 0. 0. 1. 0. 0. 1. 1. 0. 1. 1. 1. 0. 1. 1. 0. 1. 0.
 1. 1. 0. 0. 0. 1. 1. 0. 1. 1. 0. 1. 0. 0. 0. 1. 1. 1. 0. 1. 0. 1. 1. 0.
 1. 0. 0. 1. 1. 0. 0. 1. 0. 1. 1. 0. 0. 1. 0. 0. 1. 1. 0. 1. 1. 0. 0. 0.
 0. 1. 1. 0. 0. 1. 0. 0. 1. 0. 1. 1. 1. 0. 0. 0. 1. 1. 0. 0. 0. 0. 1. 0.
 0. 1. 0. 1. 1. 1. 1. 0. 0. 0. 0. 1. 1. 1. 1. 0. 1. 1. 1. 1. 0. 1. 0. 0.
 1. 0. 0. 1. 1. 1. 1. 1. 0. 0. 1. 1. 1. 0. 0. 1. 0. 1. 0. 0. 1. 0. 1. 0.
 1. 0. 0. 0.]"
702,randomforest,"{'criterion': 'gini', 'max_features': 'log2', 'n_estimators': 383}",0.5872922756402358,0.21109949315488774,0.1698471413867733,0.39335527666960807,0.5811029584215067,0.2142074577521574,0.5629399383912019,0.12686567164179108,0.5634328358208955,0.5634328358208955,"{0: 0.5833426152818, 1: 0.5833426152818}","{0: 0.5833426152818, 1: 0.5833426152818}",0.5833426152818,"[[71 63]
 [54 80]]","[1. 0. 0. 0. 0. 1. 0. 1. 1. 0. 0. 0. 1. 0. 0. 0. 1. 0. 0. 0. 0. 1. 0. 0.
 0. 0. 1. 1. 1. 1. 1. 0. 0. 0. 1. 0. 1. 0. 1. 0. 1. 0. 1. 1. 0. 0. 1. 1.
 0. 0. 1. 0. 1. 1. 1. 1. 1. 1. 0. 1. 0. 0. 1. 0. 0. 0. 1. 1. 1. 1. 0. 0.
 0. 1. 0. 1. 1. 0. 0. 0. 1. 1. 1. 0. 0. 1. 1. 1. 1. 1. 1. 1. 0. 1. 1. 1.
 0. 0. 1. 1. 0. 1. 0. 0. 0. 0. 0. 1. 0. 1. 0. 0. 0. 1. 1. 0. 1. 0. 0. 0.
 0. 1. 1. 1. 1. 1. 1. 1. 1. 0. 0. 1. 1. 0. 1. 1. 0. 1. 0. 1. 1. 0. 1. 0.
 0. 0. 0. 0. 1. 1. 1. 0. 1. 1. 0. 1. 1. 0. 1. 0. 1. 1. 0. 0. 1. 1. 0. 1.
 1. 1. 0. 1. 1. 1. 0. 1. 1. 0. 1. 0. 0. 1. 1. 1. 0. 0. 1. 1. 0. 0. 1. 1.
 1. 1. 1. 1. 1. 1. 0. 1. 0. 0. 1. 1. 0. 0. 0. 0. 1. 1. 0. 1. 1. 1. 0. 0.
 1. 1. 0. 1. 0. 0. 0. 0. 1. 1. 1. 0. 0. 0. 1. 1. 1. 1. 1. 1. 0. 1. 0. 0.
 1. 1. 0. 0. 1. 1. 1. 1. 0. 1. 1. 0. 1. 0. 0. 1. 0. 0. 0. 1. 0. 0. 1. 1.
 1. 0. 1. 0.]","[0. 1. 0. 0. 0. 1. 1. 1. 0. 0. 0. 0. 0. 1. 0. 0. 1. 1. 0. 0. 0. 0. 0. 1.
 0. 0. 1. 0. 1. 0. 0. 1. 0. 1. 1. 0. 0. 0. 1. 0. 0. 0. 1. 1. 1. 0. 1. 0.
 1. 0. 1. 1. 0. 1. 1. 1. 1. 0. 1. 0. 0. 1. 1. 1. 0. 0. 0. 1. 1. 0. 1. 1.
 0. 0. 1. 0. 0. 1. 0. 1. 0. 1. 1. 1. 0. 1. 0. 1. 1. 1. 1. 1. 1. 1. 1. 0.
 0. 0. 1. 1. 1. 0. 0. 1. 1. 1. 0. 0. 0. 1. 1. 1. 0. 0. 0. 0. 1. 1. 1. 0.
 1. 0. 0. 1. 1. 0. 0. 0. 0. 1. 0. 0. 1. 1. 0. 1. 1. 1. 0. 1. 1. 0. 1. 0.
 1. 1. 0. 0. 0. 1. 1. 0. 1. 1. 0. 1. 0. 0. 0. 1. 1. 1. 0. 1. 0. 1. 1. 0.
 1. 0. 0. 1. 1. 0. 0. 1. 0. 1. 1. 0. 0. 1. 0. 0. 1. 1. 0. 1. 1. 0. 0. 0.
 0. 1. 1. 0. 0. 1. 0. 0. 1. 0. 1. 1. 1. 0. 0. 0. 1. 1. 0. 0. 0. 0. 1. 0.
 0. 1. 0. 1. 1. 1. 1. 0. 0. 0. 0. 1. 1. 1. 1. 0. 1. 1. 1. 1. 0. 1. 0. 0.
 1. 0. 0. 1. 1. 1. 1. 1. 0. 0. 1. 1. 1. 0. 0. 1. 0. 1. 0. 0. 1. 0. 1. 0.
 1. 0. 0. 0.]"
777,randomforest,"{'criterion': 'gini', 'max_features': 'sqrt', 'n_estimators': 501}",0.5846452623110329,0.18786698700286728,0.1698448747745862,0.33516211046550926,0.5777068175253658,0.19382628047568934,0.5629399383912019,0.12686567164179108,0.5634328358208955,0.5634328358208955,"{0: 0.5822009356204054, 1: 0.5822009356204054}","{0: 0.5822009356204054, 1: 0.5822009356204054}",0.5822009356204054,"[[71 63]
 [54 80]]","[1. 0. 0. 0. 0. 1. 0. 1. 1. 0. 0. 0. 1. 0. 0. 0. 1. 0. 0. 0. 0. 1. 0. 0.
 1. 0. 1. 1. 1. 1. 1. 0. 0. 0. 1. 0. 1. 0. 1. 0. 0. 0. 1. 0. 0. 0. 1. 1.
 0. 0. 1. 0. 1. 1. 1. 1. 1. 1. 0. 1. 1. 0. 1. 0. 0. 0. 1. 1. 1. 1. 0. 0.
 1. 1. 0. 1. 1. 0. 0. 0. 1. 1. 1. 0. 0. 1. 0. 1. 1. 1. 1. 1. 0. 1. 1. 1.
 0. 0. 0. 1. 0. 1. 1. 1. 0. 0. 0. 1. 0. 1. 0. 0. 0. 1. 1. 0. 1. 0. 0. 0.
 0. 1. 1. 1. 1. 1. 1. 1. 1. 0. 0. 1. 1. 0. 1. 1. 0. 1. 0. 1. 1. 0. 1. 0.
 0. 0. 0. 0. 1. 1. 1. 0. 1. 1. 0. 1. 1. 0. 1. 0. 1. 1. 0. 0. 1. 1. 0. 1.
 1. 1. 0. 1. 1. 1. 0. 1. 1. 0. 1. 0. 0. 1. 1. 1. 0. 0. 1. 1. 0. 0. 1. 1.
 1. 1. 1. 0. 1. 1. 0. 0. 0. 0. 1. 1. 0. 0. 0. 0. 1. 1. 0. 1. 1. 1. 0. 0.
 1. 1. 0. 1. 0. 0. 0. 0. 1. 1. 1. 0. 1. 0. 1. 1. 1. 1. 1. 1. 0. 1. 0. 0.
 1. 1. 0. 0. 1. 1. 0. 1. 0. 1. 1. 0. 1. 0. 0. 1. 0. 1. 0. 1. 0. 0. 1. 1.
 1. 0. 1. 0.]","[0. 1. 0. 0. 0. 1. 1. 1. 0. 0. 0. 0. 0. 1. 0. 0. 1. 1. 0. 0. 0. 0. 0. 1.
 0. 0. 1. 0. 1. 0. 0. 1. 0. 1. 1. 0. 0. 0. 1. 0. 0. 0. 1. 1. 1. 0. 1. 0.
 1. 0. 1. 1. 0. 1. 1. 1. 1. 0. 1. 0. 0. 1. 1. 1. 0. 0. 0. 1. 1. 0. 1. 1.
 0. 0. 1. 0. 0. 1. 0. 1. 0. 1. 1. 1. 0. 1. 0. 1. 1. 1. 1. 1. 1. 1. 1. 0.
 0. 0. 1. 1. 1. 0. 0. 1. 1. 1. 0. 0. 0. 1. 1. 1. 0. 0. 0. 0. 1. 1. 1. 0.
 1. 0. 0. 1. 1. 0. 0. 0. 0. 1. 0. 0. 1. 1. 0. 1. 1. 1. 0. 1. 1. 0. 1. 0.
 1. 1. 0. 0. 0. 1. 1. 0. 1. 1. 0. 1. 0. 0. 0. 1. 1. 1. 0. 1. 0. 1. 1. 0.
 1. 0. 0. 1. 1. 0. 0. 1. 0. 1. 1. 0. 0. 1. 0. 0. 1. 1. 0. 1. 1. 0. 0. 0.
 0. 1. 1. 0. 0. 1. 0. 0. 1. 0. 1. 1. 1. 0. 0. 0. 1. 1. 0. 0. 0. 0. 1. 0.
 0. 1. 0. 1. 1. 1. 1. 0. 0. 0. 0. 1. 1. 1. 1. 0. 1. 1. 1. 1. 0. 1. 0. 0.
 1. 0. 0. 1. 1. 1. 1. 1. 0. 0. 1. 1. 1. 0. 0. 1. 0. 1. 0. 0. 1. 0. 1. 0.
 1. 0. 0. 0.]"
341,randomforest,"{'criterion': 'gini', 'max_features': 'sqrt', 'n_estimators': 455}",0.5908721278536005,0.1872168472164442,0.16954817729265134,0.33250445072132495,0.5845263308972987,0.19057865170451044,0.5742474916387961,0.14925373134328357,0.5746268656716418,0.5746268656716418,"{0: 0.5969313878369348, 1: 0.5969313878369347}","{0: 0.5969313878369348, 1: 0.5969313878369347}",0.5969313878369347,"[[73 61]
 [53 81]]","[1. 0. 0. 0. 0. 1. 0. 1. 1. 0. 0. 0. 1. 0. 0. 0. 1. 0. 0. 0. 0. 1. 0. 0.
 0. 0. 1. 1. 1. 1. 1. 0. 0. 0. 1. 0. 1. 0. 1. 0. 1. 0. 1. 1. 0. 0. 1. 0.
 0. 0. 1. 0. 1. 1. 1. 1. 1. 1. 0. 1. 1. 0. 1. 0. 0. 0. 1. 1. 1. 1. 0. 0.
 1. 1. 0. 1. 1. 0. 0. 0. 1. 1. 1. 0. 0. 1. 0. 1. 1. 1. 1. 1. 0. 1. 1. 1.
 0. 0. 1. 1. 0. 1. 1. 1. 0. 0. 0. 1. 0. 1. 0. 0. 0. 1. 1. 0. 1. 0. 0. 0.
 0. 1. 1. 1. 1. 1. 1. 1. 1. 0. 0. 1. 1. 0. 1. 1. 0. 1. 0. 1. 1. 0. 0. 0.
 0. 0. 0. 0. 1. 1. 1. 0. 1. 1. 0. 1. 1. 0. 1. 0. 1. 1. 0. 0. 1. 1. 0. 1.
 1. 1. 0. 1. 1. 0. 0. 1. 1. 0. 1. 0. 0. 1. 1. 1. 0. 0. 1. 1. 0. 0. 1. 1.
 1. 1. 1. 0. 1. 1. 0. 0. 0. 0. 1. 1. 0. 0. 0. 0. 1. 1. 0. 1. 1. 1. 0. 0.
 1. 1. 0. 1. 0. 0. 0. 0. 1. 1. 1. 0. 1. 0. 1. 1. 1. 1. 1. 1. 0. 1. 0. 0.
 1. 1. 0. 0. 1. 1. 1. 1. 0. 1. 1. 0. 1. 0. 0. 1. 0. 0. 0. 1. 0. 0. 1. 1.
 1. 0. 1. 0.]","[0. 1. 0. 0. 0. 1. 1. 1. 0. 0. 0. 0. 0. 1. 0. 0. 1. 1. 0. 0. 0. 0. 0. 1.
 0. 0. 1. 0. 1. 0. 0. 1. 0. 1. 1. 0. 0. 0. 1. 0. 0. 0. 1. 1. 1. 0. 1. 0.
 1. 0. 1. 1. 0. 1. 1. 1. 1. 0. 1. 0. 0. 1. 1. 1. 0. 0. 0. 1. 1. 0. 1. 1.
 0. 0. 1. 0. 0. 1. 0. 1. 0. 1. 1. 1. 0. 1. 0. 1. 1. 1. 1. 1. 1. 1. 1. 0.
 0. 0. 1. 1. 1. 0. 0. 1. 1. 1. 0. 0. 0. 1. 1. 1. 0. 0. 0. 0. 1. 1. 1. 0.
 1. 0. 0. 1. 1. 0. 0. 0. 0. 1. 0. 0. 1. 1. 0. 1. 1. 1. 0. 1. 1. 0. 1. 0.
 1. 1. 0. 0. 0. 1. 1. 0. 1. 1. 0. 1. 0. 0. 0. 1. 1. 1. 0. 1. 0. 1. 1. 0.
 1. 0. 0. 1. 1. 0. 0. 1. 0. 1. 1. 0. 0. 1. 0. 0. 1. 1. 0. 1. 1. 0. 0. 0.
 0. 1. 1. 0. 0. 1. 0. 0. 1. 0. 1. 1. 1. 0. 0. 0. 1. 1. 0. 0. 0. 0. 1. 0.
 0. 1. 0. 1. 1. 1. 1. 0. 0. 0. 0. 1. 1. 1. 1. 0. 1. 1. 1. 1. 0. 1. 0. 0.
 1. 0. 0. 1. 1. 1. 1. 1. 0. 0. 1. 1. 1. 0. 0. 1. 0. 1. 0. 0. 1. 0. 1. 0.
 1. 0. 0. 0.]"
142,randomforest,"{'criterion': 'gini', 'max_features': 'sqrt', 'n_estimators': 115}",0.5985459236796734,0.17745219411794286,0.1695264770398562,0.32892343031301047,0.5896326213362504,0.17753349839066637,0.5708417461533105,0.14179104477611937,0.5708955223880597,0.5708955223880596,"{0: 0.5965972376921362, 1: 0.5965972376921364}","{0: 0.5965972376921362, 1: 0.5965972376921364}",0.5965972376921364,"[[75 59]
 [56 78]]","[1. 0. 0. 0. 0. 1. 0. 1. 1. 0. 0. 0. 1. 0. 0. 0. 1. 0. 0. 0. 0. 1. 0. 0.
 0. 0. 1. 1. 1. 1. 1. 0. 0. 0. 1. 0. 0. 0. 1. 0. 0. 0. 1. 1. 0. 1. 1. 1.
 0. 0. 1. 0. 1. 1. 1. 0. 1. 1. 0. 1. 1. 0. 1. 0. 0. 0. 0. 1. 1. 1. 0. 0.
 0. 1. 0. 1. 1. 0. 1. 0. 1. 1. 1. 0. 0. 1. 1. 1. 1. 1. 1. 1. 0. 1. 1. 1.
 0. 0. 1. 1. 0. 1. 1. 0. 1. 0. 0. 1. 0. 1. 0. 0. 1. 1. 1. 0. 1. 0. 0. 0.
 0. 1. 1. 1. 1. 1. 1. 1. 1. 0. 0. 1. 1. 0. 1. 0. 0. 1. 0. 1. 0. 0. 0. 0.
 1. 0. 0. 0. 1. 1. 1. 0. 1. 1. 0. 1. 1. 0. 1. 0. 1. 1. 0. 0. 1. 1. 0. 0.
 1. 1. 0. 1. 1. 0. 0. 1. 1. 0. 1. 0. 0. 1. 1. 1. 0. 0. 1. 1. 0. 0. 1. 1.
 1. 1. 1. 1. 1. 1. 0. 0. 0. 0. 1. 1. 0. 0. 0. 0. 1. 1. 0. 1. 1. 1. 1. 0.
 1. 1. 0. 0. 0. 0. 0. 0. 1. 1. 1. 0. 0. 0. 0. 1. 1. 1. 1. 1. 0. 1. 0. 0.
 1. 1. 0. 0. 1. 1. 1. 1. 0. 0. 1. 0. 1. 0. 0. 1. 0. 1. 0. 0. 0. 0. 1. 0.
 1. 0. 1. 0.]","[0. 1. 0. 0. 0. 1. 1. 1. 0. 0. 0. 0. 0. 1. 0. 0. 1. 1. 0. 0. 0. 0. 0. 1.
 0. 0. 1. 0. 1. 0. 0. 1. 0. 1. 1. 0. 0. 0. 1. 0. 0. 0. 1. 1. 1. 0. 1. 0.
 1. 0. 1. 1. 0. 1. 1. 1. 1. 0. 1. 0. 0. 1. 1. 1. 0. 0. 0. 1. 1. 0. 1. 1.
 0. 0. 1. 0. 0. 1. 0. 1. 0. 1. 1. 1. 0. 1. 0. 1. 1. 1. 1. 1. 1. 1. 1. 0.
 0. 0. 1. 1. 1. 0. 0. 1. 1. 1. 0. 0. 0. 1. 1. 1. 0. 0. 0. 0. 1. 1. 1. 0.
 1. 0. 0. 1. 1. 0. 0. 0. 0. 1. 0. 0. 1. 1. 0. 1. 1. 1. 0. 1. 1. 0. 1. 0.
 1. 1. 0. 0. 0. 1. 1. 0. 1. 1. 0. 1. 0. 0. 0. 1. 1. 1. 0. 1. 0. 1. 1. 0.
 1. 0. 0. 1. 1. 0. 0. 1. 0. 1. 1. 0. 0. 1. 0. 0. 1. 1. 0. 1. 1. 0. 0. 0.
 0. 1. 1. 0. 0. 1. 0. 0. 1. 0. 1. 1. 1. 0. 0. 0. 1. 1. 0. 0. 0. 0. 1. 0.
 0. 1. 0. 1. 1. 1. 1. 0. 0. 0. 0. 1. 1. 1. 1. 0. 1. 1. 1. 1. 0. 1. 0. 0.
 1. 0. 0. 1. 1. 1. 1. 1. 0. 0. 1. 1. 1. 0. 0. 1. 0. 1. 0. 0. 1. 0. 1. 0.
 1. 0. 0. 0.]"
776,randomforest,"{'criterion': 'gini', 'max_features': 'sqrt', 'n_estimators': 509}",0.5854987282709715,0.19066070939319257,0.16947455901367725,0.34271113508548107,0.5791258882992754,0.19457795338907521,0.5669471220816849,0.13432835820895528,0.5671641791044776,0.5671641791044777,"{0: 0.582312319002005, 1: 0.582312319002005}","{0: 0.582312319002005, 1: 0.582312319002005}",0.582312319002005,"[[73 61]
 [55 79]]","[1. 0. 0. 0. 0. 1. 0. 1. 1. 0. 0. 0. 1. 0. 0. 0. 1. 0. 0. 0. 0. 1. 0. 0.
 0. 0. 1. 1. 1. 1. 1. 0. 0. 0. 1. 0. 1. 0. 1. 0. 0. 0. 1. 0. 0. 0. 1. 0.
 0. 0. 1. 0. 1. 1. 1. 1. 1. 1. 0. 1. 1. 0. 1. 0. 0. 0. 1. 1. 1. 1. 0. 0.
 1. 1. 0. 1. 1. 0. 0. 0. 1. 1. 1. 1. 0. 1. 0. 1. 1. 1. 1. 1. 0. 1. 1. 1.
 0. 0. 1. 1. 0. 1. 0. 1. 0. 0. 0. 1. 0. 1. 0. 0. 0. 1. 1. 0. 1. 0. 0. 0.
 0. 1. 1. 1. 1. 1. 1. 1. 1. 0. 0. 1. 1. 0. 1. 1. 0. 1. 0. 1. 1. 0. 0. 0.
 0. 0. 0. 0. 1. 1. 1. 0. 1. 1. 0. 1. 1. 0. 1. 0. 1. 1. 0. 0. 1. 1. 0. 1.
 1. 1. 1. 1. 1. 0. 0. 1. 1. 0. 1. 0. 0. 0. 1. 1. 0. 0. 1. 1. 0. 0. 1. 1.
 1. 1. 1. 0. 1. 1. 0. 1. 0. 0. 1. 1. 0. 0. 0. 0. 1. 1. 0. 1. 1. 1. 0. 0.
 1. 1. 0. 1. 0. 0. 0. 0. 1. 1. 1. 0. 1. 0. 1. 1. 1. 1. 1. 1. 0. 1. 0. 0.
 1. 1. 0. 0. 1. 1. 0. 1. 0. 1. 1. 0. 1. 0. 0. 1. 0. 0. 0. 1. 0. 0. 1. 1.
 1. 0. 1. 0.]","[0. 1. 0. 0. 0. 1. 1. 1. 0. 0. 0. 0. 0. 1. 0. 0. 1. 1. 0. 0. 0. 0. 0. 1.
 0. 0. 1. 0. 1. 0. 0. 1. 0. 1. 1. 0. 0. 0. 1. 0. 0. 0. 1. 1. 1. 0. 1. 0.
 1. 0. 1. 1. 0. 1. 1. 1. 1. 0. 1. 0. 0. 1. 1. 1. 0. 0. 0. 1. 1. 0. 1. 1.
 0. 0. 1. 0. 0. 1. 0. 1. 0. 1. 1. 1. 0. 1. 0. 1. 1. 1. 1. 1. 1. 1. 1. 0.
 0. 0. 1. 1. 1. 0. 0. 1. 1. 1. 0. 0. 0. 1. 1. 1. 0. 0. 0. 0. 1. 1. 1. 0.
 1. 0. 0. 1. 1. 0. 0. 0. 0. 1. 0. 0. 1. 1. 0. 1. 1. 1. 0. 1. 1. 0. 1. 0.
 1. 1. 0. 0. 0. 1. 1. 0. 1. 1. 0. 1. 0. 0. 0. 1. 1. 1. 0. 1. 0. 1. 1. 0.
 1. 0. 0. 1. 1. 0. 0. 1. 0. 1. 1. 0. 0. 1. 0. 0. 1. 1. 0. 1. 1. 0. 0. 0.
 0. 1. 1. 0. 0. 1. 0. 0. 1. 0. 1. 1. 1. 0. 0. 0. 1. 1. 0. 0. 0. 0. 1. 0.
 0. 1. 0. 1. 1. 1. 1. 0. 0. 0. 0. 1. 1. 1. 1. 0. 1. 1. 1. 1. 0. 1. 0. 0.
 1. 0. 0. 1. 1. 1. 1. 1. 0. 0. 1. 1. 1. 0. 0. 1. 0. 1. 0. 0. 1. 0. 1. 0.
 1. 0. 0. 0.]"
802,randomforest,"{'criterion': 'gini', 'max_features': 'sqrt', 'n_estimators': 183}",0.5916003338877883,0.18326481904013794,0.1694411067490944,0.3507674593338077,0.5843080866266349,0.19062356200064415,0.5590876136300262,0.11940298507462688,0.5597014925373134,0.5597014925373134,"{0: 0.5802795722878146, 1: 0.5802795722878147}","{0: 0.5802795722878146, 1: 0.5802795722878147}",0.5802795722878147,"[[70 64]
 [54 80]]","[1. 0. 0. 0. 0. 1. 0. 1. 1. 0. 0. 0. 1. 0. 0. 0. 0. 0. 0. 0. 0. 1. 0. 0.
 1. 0. 1. 1. 1. 1. 1. 0. 0. 0. 1. 1. 1. 0. 1. 0. 0. 0. 1. 1. 0. 0. 1. 1.
 0. 0. 1. 0. 1. 1. 1. 1. 1. 1. 0. 1. 1. 1. 1. 0. 0. 0. 1. 1. 1. 1. 0. 0.
 1. 1. 0. 1. 1. 0. 0. 0. 1. 1. 1. 0. 0. 1. 1. 1. 1. 1. 1. 1. 0. 1. 1. 1.
 0. 0. 1. 1. 0. 1. 1. 1. 0. 0. 0. 1. 0. 1. 0. 0. 0. 1. 1. 0. 1. 0. 0. 0.
 0. 1. 1. 1. 1. 1. 1. 1. 1. 0. 0. 1. 1. 0. 1. 1. 0. 1. 0. 1. 0. 0. 1. 0.
 1. 0. 0. 0. 1. 1. 1. 0. 1. 1. 0. 1. 1. 0. 1. 0. 1. 1. 0. 0. 1. 1. 0. 1.
 1. 1. 0. 1. 1. 1. 0. 1. 1. 0. 1. 1. 0. 0. 1. 1. 0. 0. 1. 1. 0. 0. 0. 1.
 0. 1. 0. 0. 1. 1. 0. 1. 0. 0. 1. 1. 0. 0. 0. 0. 1. 1. 0. 1. 1. 1. 1. 0.
 1. 1. 0. 1. 0. 0. 0. 0. 1. 1. 1. 0. 1. 0. 1. 1. 1. 1. 1. 1. 0. 1. 0. 0.
 1. 1. 0. 0. 1. 1. 0. 1. 0. 1. 1. 0. 1. 0. 0. 1. 0. 0. 0. 1. 0. 0. 1. 0.
 1. 0. 1. 0.]","[0. 1. 0. 0. 0. 1. 1. 1. 0. 0. 0. 0. 0. 1. 0. 0. 1. 1. 0. 0. 0. 0. 0. 1.
 0. 0. 1. 0. 1. 0. 0. 1. 0. 1. 1. 0. 0. 0. 1. 0. 0. 0. 1. 1. 1. 0. 1. 0.
 1. 0. 1. 1. 0. 1. 1. 1. 1. 0. 1. 0. 0. 1. 1. 1. 0. 0. 0. 1. 1. 0. 1. 1.
 0. 0. 1. 0. 0. 1. 0. 1. 0. 1. 1. 1. 0. 1. 0. 1. 1. 1. 1. 1. 1. 1. 1. 0.
 0. 0. 1. 1. 1. 0. 0. 1. 1. 1. 0. 0. 0. 1. 1. 1. 0. 0. 0. 0. 1. 1. 1. 0.
 1. 0. 0. 1. 1. 0. 0. 0. 0. 1. 0. 0. 1. 1. 0. 1. 1. 1. 0. 1. 1. 0. 1. 0.
 1. 1. 0. 0. 0. 1. 1. 0. 1. 1. 0. 1. 0. 0. 0. 1. 1. 1. 0. 1. 0. 1. 1. 0.
 1. 0. 0. 1. 1. 0. 0. 1. 0. 1. 1. 0. 0. 1. 0. 0. 1. 1. 0. 1. 1. 0. 0. 0.
 0. 1. 1. 0. 0. 1. 0. 0. 1. 0. 1. 1. 1. 0. 0. 0. 1. 1. 0. 0. 0. 0. 1. 0.
 0. 1. 0. 1. 1. 1. 1. 0. 0. 0. 0. 1. 1. 1. 1. 0. 1. 1. 1. 1. 0. 1. 0. 0.
 1. 0. 0. 1. 1. 1. 1. 1. 0. 0. 1. 1. 1. 0. 0. 1. 0. 1. 0. 0. 1. 0. 1. 0.
 1. 0. 0. 0.]"
563,randomforest,"{'criterion': 'gini', 'max_features': None, 'n_estimators': 81}",0.5921285341224393,0.1782597536549441,0.1693645480197401,0.34265642866977564,0.5793417585252263,0.1874518510438375,0.5669471220816849,0.13432835820895528,0.5671641791044776,0.5671641791044777,"{0: 0.5913343729115617, 1: 0.5913343729115615}","{0: 0.5913343729115617, 1: 0.5913343729115615}",0.5913343729115615,"[[73 61]
 [55 79]]","[1. 0. 0. 0. 0. 1. 0. 1. 1. 0. 0. 0. 1. 0. 0. 0. 0. 0. 0. 0. 0. 1. 0. 0.
 1. 0. 1. 1. 1. 1. 1. 0. 0. 0. 1. 1. 1. 0. 1. 0. 0. 0. 1. 1. 0. 1. 1. 0.
 0. 0. 1. 0. 0. 1. 1. 1. 1. 1. 0. 1. 1. 0. 1. 0. 0. 0. 1. 1. 1. 1. 0. 0.
 1. 1. 0. 1. 1. 0. 0. 0. 0. 1. 1. 0. 0. 1. 0. 1. 1. 1. 1. 1. 0. 1. 1. 1.
 0. 0. 1. 1. 0. 1. 0. 1. 0. 0. 0. 0. 0. 1. 0. 0. 1. 1. 1. 0. 1. 0. 0. 0.
 1. 1. 1. 1. 1. 1. 1. 1. 1. 0. 0. 1. 1. 0. 1. 1. 0. 1. 0. 1. 1. 0. 0. 0.
 0. 0. 0. 0. 0. 1. 1. 0. 1. 1. 0. 1. 1. 0. 1. 0. 1. 1. 0. 0. 1. 1. 0. 1.
 1. 1. 0. 1. 1. 1. 0. 1. 1. 0. 1. 0. 0. 1. 1. 1. 0. 0. 1. 1. 0. 0. 1. 1.
 1. 1. 1. 0. 0. 1. 0. 1. 0. 0. 1. 1. 0. 0. 0. 0. 1. 1. 0. 1. 1. 1. 0. 0.
 1. 0. 1. 0. 0. 0. 0. 0. 1. 1. 1. 0. 0. 0. 1. 1. 1. 1. 1. 1. 0. 1. 0. 0.
 1. 1. 0. 0. 1. 1. 1. 1. 0. 1. 1. 0. 1. 0. 0. 1. 0. 1. 0. 1. 0. 0. 1. 1.
 1. 0. 1. 0.]","[0. 1. 0. 0. 0. 1. 1. 1. 0. 0. 0. 0. 0. 1. 0. 0. 1. 1. 0. 0. 0. 0. 0. 1.
 0. 0. 1. 0. 1. 0. 0. 1. 0. 1. 1. 0. 0. 0. 1. 0. 0. 0. 1. 1. 1. 0. 1. 0.
 1. 0. 1. 1. 0. 1. 1. 1. 1. 0. 1. 0. 0. 1. 1. 1. 0. 0. 0. 1. 1. 0. 1. 1.
 0. 0. 1. 0. 0. 1. 0. 1. 0. 1. 1. 1. 0. 1. 0. 1. 1. 1. 1. 1. 1. 1. 1. 0.
 0. 0. 1. 1. 1. 0. 0. 1. 1. 1. 0. 0. 0. 1. 1. 1. 0. 0. 0. 0. 1. 1. 1. 0.
 1. 0. 0. 1. 1. 0. 0. 0. 0. 1. 0. 0. 1. 1. 0. 1. 1. 1. 0. 1. 1. 0. 1. 0.
 1. 1. 0. 0. 0. 1. 1. 0. 1. 1. 0. 1. 0. 0. 0. 1. 1. 1. 0. 1. 0. 1. 1. 0.
 1. 0. 0. 1. 1. 0. 0. 1. 0. 1. 1. 0. 0. 1. 0. 0. 1. 1. 0. 1. 1. 0. 0. 0.
 0. 1. 1. 0. 0. 1. 0. 0. 1. 0. 1. 1. 1. 0. 0. 0. 1. 1. 0. 0. 0. 0. 1. 0.
 0. 1. 0. 1. 1. 1. 1. 0. 0. 0. 0. 1. 1. 1. 1. 0. 1. 1. 1. 1. 0. 1. 0. 0.
 1. 0. 0. 1. 1. 1. 1. 1. 0. 0. 1. 1. 1. 0. 0. 1. 0. 1. 0. 0. 1. 0. 1. 0.
 1. 0. 0. 0.]"
60,randomforest,"{'criterion': 'entropy', 'max_features': None, 'n_estimators': 405}",0.5993023540587056,0.20163231624674377,0.1693094901099067,0.3813201451035134,0.5903805461265138,0.19957849125820804,0.5629399383912019,0.12686567164179108,0.5634328358208955,0.5634328358208955,"{0: 0.5859044330585877, 1: 0.5859044330585876}","{0: 0.5859044330585877, 1: 0.5859044330585876}",0.5859044330585876,"[[71 63]
 [54 80]]","[1. 0. 0. 0. 0. 1. 0. 1. 1. 0. 0. 0. 1. 0. 0. 0. 1. 0. 0. 0. 0. 1. 0. 0.
 1. 0. 1. 1. 1. 1. 1. 0. 0. 0. 1. 1. 0. 0. 1. 0. 0. 0. 1. 0. 0. 1. 1. 0.
 0. 0. 1. 0. 0. 1. 1. 1. 1. 1. 0. 1. 0. 0. 1. 0. 0. 0. 1. 1. 1. 1. 0. 0.
 1. 1. 0. 1. 1. 0. 1. 0. 1. 1. 1. 0. 0. 1. 1. 1. 1. 1. 1. 1. 0. 1. 1. 1.
 0. 0. 1. 1. 0. 1. 1. 0. 1. 0. 0. 0. 0. 1. 0. 0. 0. 1. 1. 0. 1. 0. 0. 0.
 1. 1. 1. 1. 1. 1. 1. 1. 1. 0. 0. 1. 1. 0. 1. 1. 0. 1. 0. 1. 1. 0. 1. 0.
 1. 0. 0. 0. 0. 1. 1. 0. 1. 1. 0. 1. 1. 0. 1. 0. 1. 1. 0. 0. 1. 1. 0. 1.
 1. 1. 0. 1. 1. 1. 0. 1. 1. 0. 1. 0. 0. 0. 1. 1. 0. 0. 1. 1. 0. 0. 1. 1.
 1. 1. 0. 1. 1. 1. 0. 1. 0. 0. 1. 1. 0. 1. 0. 0. 1. 1. 0. 1. 1. 1. 0. 0.
 1. 1. 0. 1. 0. 0. 0. 0. 1. 1. 1. 0. 0. 0. 1. 1. 1. 1. 1. 1. 0. 1. 0. 0.
 1. 1. 0. 0. 1. 1. 0. 1. 0. 0. 1. 0. 1. 0. 0. 1. 0. 1. 0. 1. 0. 0. 1. 1.
 1. 0. 1. 0.]","[0. 1. 0. 0. 0. 1. 1. 1. 0. 0. 0. 0. 0. 1. 0. 0. 1. 1. 0. 0. 0. 0. 0. 1.
 0. 0. 1. 0. 1. 0. 0. 1. 0. 1. 1. 0. 0. 0. 1. 0. 0. 0. 1. 1. 1. 0. 1. 0.
 1. 0. 1. 1. 0. 1. 1. 1. 1. 0. 1. 0. 0. 1. 1. 1. 0. 0. 0. 1. 1. 0. 1. 1.
 0. 0. 1. 0. 0. 1. 0. 1. 0. 1. 1. 1. 0. 1. 0. 1. 1. 1. 1. 1. 1. 1. 1. 0.
 0. 0. 1. 1. 1. 0. 0. 1. 1. 1. 0. 0. 0. 1. 1. 1. 0. 0. 0. 0. 1. 1. 1. 0.
 1. 0. 0. 1. 1. 0. 0. 0. 0. 1. 0. 0. 1. 1. 0. 1. 1. 1. 0. 1. 1. 0. 1. 0.
 1. 1. 0. 0. 0. 1. 1. 0. 1. 1. 0. 1. 0. 0. 0. 1. 1. 1. 0. 1. 0. 1. 1. 0.
 1. 0. 0. 1. 1. 0. 0. 1. 0. 1. 1. 0. 0. 1. 0. 0. 1. 1. 0. 1. 1. 0. 0. 0.
 0. 1. 1. 0. 0. 1. 0. 0. 1. 0. 1. 1. 1. 0. 0. 0. 1. 1. 0. 0. 0. 0. 1. 0.
 0. 1. 0. 1. 1. 1. 1. 0. 0. 0. 0. 1. 1. 1. 1. 0. 1. 1. 1. 1. 0. 1. 0. 0.
 1. 0. 0. 1. 1. 1. 1. 1. 0. 0. 1. 1. 1. 0. 0. 1. 0. 1. 0. 0. 1. 0. 1. 0.
 1. 0. 0. 0.]"
814,randomforest,"{'criterion': 'gini', 'max_features': 'sqrt', 'n_estimators': 173}",0.5860101504882257,0.19889676116498542,0.16918279639066133,0.3641960055084087,0.577604313995443,0.20714113683018318,0.56328082563824,0.12686567164179108,0.5634328358208955,0.5634328358208955,"{0: 0.5908053018489642, 1: 0.5908053018489641}","{0: 0.5908053018489642, 1: 0.5908053018489641}",0.5908053018489641,"[[73 61]
 [56 78]]","[1. 0. 0. 0. 0. 1. 0. 1. 1. 0. 0. 0. 1. 0. 0. 0. 1. 0. 0. 0. 0. 1. 0. 0.
 0. 0. 1. 1. 1. 1. 1. 0. 0. 0. 1. 0. 0. 0. 1. 0. 1. 0. 1. 0. 0. 0. 1. 0.
 0. 0. 1. 0. 1. 1. 1. 1. 1. 1. 0. 1. 1. 0. 1. 1. 0. 0. 1. 1. 0. 1. 0. 0.
 1. 1. 0. 1. 1. 0. 0. 0. 1. 1. 1. 0. 0. 1. 1. 1. 1. 1. 1. 0. 0. 1. 1. 1.
 0. 0. 1. 1. 0. 1. 0. 1. 0. 0. 0. 1. 0. 1. 0. 0. 0. 1. 1. 0. 1. 0. 0. 0.
 0. 1. 1. 1. 1. 1. 1. 1. 0. 0. 0. 1. 1. 0. 1. 0. 0. 1. 0. 1. 1. 0. 0. 0.
 1. 0. 0. 0. 1. 1. 1. 0. 1. 0. 0. 1. 1. 0. 1. 0. 1. 1. 0. 0. 1. 0. 0. 1.
 1. 1. 1. 1. 1. 0. 0. 1. 1. 0. 1. 0. 0. 1. 1. 1. 0. 0. 1. 1. 0. 0. 1. 1.
 1. 1. 1. 0. 0. 1. 0. 1. 0. 0. 1. 1. 0. 0. 0. 0. 1. 1. 0. 1. 1. 1. 0. 0.
 1. 1. 0. 1. 0. 1. 0. 0. 1. 1. 1. 0. 1. 0. 0. 1. 1. 1. 1. 1. 0. 1. 0. 0.
 1. 1. 0. 0. 1. 1. 1. 1. 0. 1. 1. 0. 1. 0. 1. 1. 0. 1. 0. 1. 0. 0. 1. 1.
 1. 0. 1. 0.]","[0. 1. 0. 0. 0. 1. 1. 1. 0. 0. 0. 0. 0. 1. 0. 0. 1. 1. 0. 0. 0. 0. 0. 1.
 0. 0. 1. 0. 1. 0. 0. 1. 0. 1. 1. 0. 0. 0. 1. 0. 0. 0. 1. 1. 1. 0. 1. 0.
 1. 0. 1. 1. 0. 1. 1. 1. 1. 0. 1. 0. 0. 1. 1. 1. 0. 0. 0. 1. 1. 0. 1. 1.
 0. 0. 1. 0. 0. 1. 0. 1. 0. 1. 1. 1. 0. 1. 0. 1. 1. 1. 1. 1. 1. 1. 1. 0.
 0. 0. 1. 1. 1. 0. 0. 1. 1. 1. 0. 0. 0. 1. 1. 1. 0. 0. 0. 0. 1. 1. 1. 0.
 1. 0. 0. 1. 1. 0. 0. 0. 0. 1. 0. 0. 1. 1. 0. 1. 1. 1. 0. 1. 1. 0. 1. 0.
 1. 1. 0. 0. 0. 1. 1. 0. 1. 1. 0. 1. 0. 0. 0. 1. 1. 1. 0. 1. 0. 1. 1. 0.
 1. 0. 0. 1. 1. 0. 0. 1. 0. 1. 1. 0. 0. 1. 0. 0. 1. 1. 0. 1. 1. 0. 0. 0.
 0. 1. 1. 0. 0. 1. 0. 0. 1. 0. 1. 1. 1. 0. 0. 0. 1. 1. 0. 0. 0. 0. 1. 0.
 0. 1. 0. 1. 1. 1. 1. 0. 0. 0. 0. 1. 1. 1. 1. 0. 1. 1. 1. 1. 0. 1. 0. 0.
 1. 0. 0. 1. 1. 1. 1. 1. 0. 0. 1. 1. 1. 0. 0. 1. 0. 1. 0. 0. 1. 0. 1. 0.
 1. 0. 0. 0.]"
586,randomforest,"{'criterion': 'gini', 'max_features': 'sqrt', 'n_estimators': 105}",0.5850785562185742,0.18557938339755026,0.16917481959574476,0.34349414261483263,0.5776478543111607,0.18623362052632886,0.56328082563824,0.12686567164179108,0.5634328358208955,0.5634328358208955,"{0: 0.5762976163956338, 1: 0.5762976163956337}","{0: 0.5762976163956338, 1: 0.5762976163956337}",0.5762976163956337,"[[73 61]
 [56 78]]","[1. 0. 0. 0. 0. 1. 0. 1. 1. 0. 0. 0. 1. 0. 0. 0. 1. 0. 0. 1. 0. 1. 0. 0.
 0. 0. 1. 1. 1. 1. 1. 0. 0. 0. 1. 0. 1. 0. 1. 0. 1. 0. 1. 1. 0. 0. 1. 0.
 0. 0. 1. 0. 0. 1. 1. 1. 1. 1. 0. 1. 0. 0. 1. 0. 0. 0. 1. 1. 1. 1. 0. 0.
 0. 1. 0. 1. 1. 0. 1. 0. 1. 1. 1. 0. 0. 1. 0. 1. 1. 1. 1. 1. 0. 1. 1. 1.
 0. 0. 0. 1. 0. 1. 0. 1. 0. 0. 0. 1. 0. 1. 0. 0. 0. 1. 1. 0. 1. 0. 0. 0.
 0. 1. 1. 1. 1. 1. 1. 1. 1. 0. 0. 1. 1. 0. 1. 1. 0. 1. 0. 1. 1. 0. 1. 0.
 0. 0. 0. 0. 1. 1. 1. 0. 0. 1. 0. 1. 1. 0. 1. 0. 1. 1. 0. 0. 1. 1. 0. 1.
 1. 1. 1. 1. 1. 1. 0. 1. 1. 0. 1. 0. 0. 0. 1. 1. 0. 0. 1. 1. 1. 0. 0. 1.
 0. 1. 1. 0. 1. 1. 0. 1. 0. 0. 1. 1. 0. 1. 0. 0. 1. 1. 0. 1. 1. 0. 0. 0.
 1. 1. 1. 0. 0. 0. 0. 0. 1. 1. 1. 0. 1. 0. 0. 1. 1. 1. 1. 1. 0. 1. 0. 0.
 1. 1. 0. 0. 1. 1. 0. 1. 0. 1. 1. 0. 1. 0. 0. 1. 0. 1. 0. 1. 0. 0. 1. 1.
 1. 0. 1. 0.]","[0. 1. 0. 0. 0. 1. 1. 1. 0. 0. 0. 0. 0. 1. 0. 0. 1. 1. 0. 0. 0. 0. 0. 1.
 0. 0. 1. 0. 1. 0. 0. 1. 0. 1. 1. 0. 0. 0. 1. 0. 0. 0. 1. 1. 1. 0. 1. 0.
 1. 0. 1. 1. 0. 1. 1. 1. 1. 0. 1. 0. 0. 1. 1. 1. 0. 0. 0. 1. 1. 0. 1. 1.
 0. 0. 1. 0. 0. 1. 0. 1. 0. 1. 1. 1. 0. 1. 0. 1. 1. 1. 1. 1. 1. 1. 1. 0.
 0. 0. 1. 1. 1. 0. 0. 1. 1. 1. 0. 0. 0. 1. 1. 1. 0. 0. 0. 0. 1. 1. 1. 0.
 1. 0. 0. 1. 1. 0. 0. 0. 0. 1. 0. 0. 1. 1. 0. 1. 1. 1. 0. 1. 1. 0. 1. 0.
 1. 1. 0. 0. 0. 1. 1. 0. 1. 1. 0. 1. 0. 0. 0. 1. 1. 1. 0. 1. 0. 1. 1. 0.
 1. 0. 0. 1. 1. 0. 0. 1. 0. 1. 1. 0. 0. 1. 0. 0. 1. 1. 0. 1. 1. 0. 0. 0.
 0. 1. 1. 0. 0. 1. 0. 0. 1. 0. 1. 1. 1. 0. 0. 0. 1. 1. 0. 0. 0. 0. 1. 0.
 0. 1. 0. 1. 1. 1. 1. 0. 0. 0. 0. 1. 1. 1. 1. 0. 1. 1. 1. 1. 0. 1. 0. 0.
 1. 0. 0. 1. 1. 1. 1. 1. 0. 0. 1. 1. 1. 0. 0. 1. 0. 1. 0. 0. 1. 0. 1. 0.
 1. 0. 0. 0.]"
263,randomforest,"{'criterion': 'gini', 'max_features': 'sqrt', 'n_estimators': 361}",0.5827554215751295,0.1875569121933036,0.1691690951604732,0.3250057489443828,0.577408275341743,0.19143160421523647,0.5667781493868451,0.13432835820895528,0.5671641791044776,0.5671641791044776,"{0: 0.5943695700601469, 1: 0.594369570060147}","{0: 0.5943695700601469, 1: 0.594369570060147}",0.594369570060147,"[[72 62]
 [54 80]]","[1. 0. 0. 0. 0. 1. 0. 1. 1. 0. 0. 0. 1. 0. 0. 0. 1. 0. 0. 0. 0. 1. 0. 0.
 0. 0. 1. 1. 1. 1. 1. 0. 0. 0. 1. 1. 0. 0. 1. 0. 1. 0. 1. 0. 0. 0. 1. 1.
 0. 0. 1. 0. 1. 1. 1. 1. 1. 1. 0. 1. 1. 0. 1. 0. 0. 0. 1. 1. 1. 1. 0. 0.
 1. 1. 0. 1. 1. 0. 0. 0. 1. 1. 1. 0. 0. 1. 0. 1. 1. 1. 1. 1. 0. 1. 1. 1.
 0. 0. 0. 1. 0. 1. 1. 0. 0. 0. 0. 1. 0. 1. 0. 0. 0. 1. 1. 0. 1. 0. 0. 0.
 0. 1. 1. 1. 1. 1. 1. 1. 1. 0. 0. 1. 1. 0. 1. 1. 0. 1. 0. 1. 1. 0. 1. 0.
 0. 0. 0. 0. 1. 1. 1. 0. 1. 1. 0. 1. 1. 0. 1. 0. 1. 1. 0. 0. 1. 0. 0. 1.
 1. 1. 0. 1. 1. 0. 0. 1. 1. 0. 1. 0. 0. 1. 1. 1. 0. 0. 1. 1. 0. 0. 1. 1.
 0. 1. 1. 1. 1. 1. 0. 0. 1. 0. 1. 1. 0. 0. 0. 0. 1. 1. 0. 1. 1. 1. 0. 0.
 1. 1. 0. 1. 0. 0. 0. 0. 1. 1. 1. 0. 1. 0. 1. 1. 1. 1. 1. 1. 0. 1. 0. 0.
 1. 1. 0. 0. 1. 1. 1. 1. 0. 1. 1. 0. 1. 0. 0. 1. 0. 1. 0. 1. 0. 0. 1. 1.
 1. 0. 1. 0.]","[0. 1. 0. 0. 0. 1. 1. 1. 0. 0. 0. 0. 0. 1. 0. 0. 1. 1. 0. 0. 0. 0. 0. 1.
 0. 0. 1. 0. 1. 0. 0. 1. 0. 1. 1. 0. 0. 0. 1. 0. 0. 0. 1. 1. 1. 0. 1. 0.
 1. 0. 1. 1. 0. 1. 1. 1. 1. 0. 1. 0. 0. 1. 1. 1. 0. 0. 0. 1. 1. 0. 1. 1.
 0. 0. 1. 0. 0. 1. 0. 1. 0. 1. 1. 1. 0. 1. 0. 1. 1. 1. 1. 1. 1. 1. 1. 0.
 0. 0. 1. 1. 1. 0. 0. 1. 1. 1. 0. 0. 0. 1. 1. 1. 0. 0. 0. 0. 1. 1. 1. 0.
 1. 0. 0. 1. 1. 0. 0. 0. 0. 1. 0. 0. 1. 1. 0. 1. 1. 1. 0. 1. 1. 0. 1. 0.
 1. 1. 0. 0. 0. 1. 1. 0. 1. 1. 0. 1. 0. 0. 0. 1. 1. 1. 0. 1. 0. 1. 1. 0.
 1. 0. 0. 1. 1. 0. 0. 1. 0. 1. 1. 0. 0. 1. 0. 0. 1. 1. 0. 1. 1. 0. 0. 0.
 0. 1. 1. 0. 0. 1. 0. 0. 1. 0. 1. 1. 1. 0. 0. 0. 1. 1. 0. 0. 0. 0. 1. 0.
 0. 1. 0. 1. 1. 1. 1. 0. 0. 0. 0. 1. 1. 1. 1. 0. 1. 1. 1. 1. 0. 1. 0. 0.
 1. 0. 0. 1. 1. 1. 1. 1. 0. 0. 1. 1. 1. 0. 0. 1. 0. 1. 0. 0. 1. 0. 1. 0.
 1. 0. 0. 0.]"
650,randomforest,"{'criterion': 'gini', 'max_features': 'log2', 'n_estimators': 491}",0.5796803791822768,0.2042054509516889,0.16911312683157395,0.3776213082304145,0.5724670360255038,0.20866514505870232,0.5556670149773598,0.11194029850746268,0.5559701492537313,0.5559701492537313,"{0: 0.5836489195811985, 1: 0.5836489195811985}","{0: 0.5836489195811985, 1: 0.5836489195811985}",0.5836489195811985,"[[71 63]
 [56 78]]","[1. 0. 0. 0. 0. 1. 0. 1. 1. 0. 0. 0. 1. 0. 0. 0. 1. 0. 0. 0. 0. 1. 0. 0.
 0. 0. 1. 1. 1. 1. 1. 0. 0. 0. 1. 1. 1. 0. 1. 0. 0. 0. 1. 0. 0. 0. 1. 0.
 0. 0. 1. 0. 1. 1. 1. 1. 1. 1. 0. 1. 0. 0. 1. 0. 0. 0. 1. 1. 1. 1. 0. 0.
 1. 1. 0. 1. 1. 0. 0. 0. 1. 1. 1. 0. 0. 1. 0. 1. 1. 1. 1. 1. 0. 1. 1. 1.
 0. 0. 0. 1. 0. 1. 1. 0. 0. 0. 0. 1. 0. 1. 0. 0. 0. 1. 1. 0. 1. 0. 0. 0.
 0. 1. 1. 1. 1. 1. 1. 1. 1. 0. 0. 1. 1. 0. 1. 1. 0. 1. 0. 1. 1. 0. 1. 0.
 0. 0. 0. 0. 1. 1. 1. 0. 1. 1. 0. 1. 1. 0. 1. 0. 1. 1. 0. 0. 1. 1. 0. 1.
 1. 1. 0. 1. 1. 1. 0. 1. 1. 0. 1. 0. 0. 1. 1. 1. 0. 0. 1. 1. 0. 0. 1. 1.
 1. 1. 1. 1. 1. 1. 0. 1. 0. 0. 1. 1. 0. 0. 0. 0. 1. 1. 0. 1. 1. 1. 0. 0.
 1. 1. 0. 1. 0. 0. 0. 0. 1. 1. 1. 0. 1. 0. 1. 1. 1. 1. 1. 1. 0. 1. 0. 0.
 1. 1. 0. 0. 1. 1. 0. 1. 0. 1. 1. 0. 1. 0. 0. 1. 0. 0. 0. 1. 0. 0. 1. 1.
 1. 0. 1. 0.]","[0. 1. 0. 0. 0. 1. 1. 1. 0. 0. 0. 0. 0. 1. 0. 0. 1. 1. 0. 0. 0. 0. 0. 1.
 0. 0. 1. 0. 1. 0. 0. 1. 0. 1. 1. 0. 0. 0. 1. 0. 0. 0. 1. 1. 1. 0. 1. 0.
 1. 0. 1. 1. 0. 1. 1. 1. 1. 0. 1. 0. 0. 1. 1. 1. 0. 0. 0. 1. 1. 0. 1. 1.
 0. 0. 1. 0. 0. 1. 0. 1. 0. 1. 1. 1. 0. 1. 0. 1. 1. 1. 1. 1. 1. 1. 1. 0.
 0. 0. 1. 1. 1. 0. 0. 1. 1. 1. 0. 0. 0. 1. 1. 1. 0. 0. 0. 0. 1. 1. 1. 0.
 1. 0. 0. 1. 1. 0. 0. 0. 0. 1. 0. 0. 1. 1. 0. 1. 1. 1. 0. 1. 1. 0. 1. 0.
 1. 1. 0. 0. 0. 1. 1. 0. 1. 1. 0. 1. 0. 0. 0. 1. 1. 1. 0. 1. 0. 1. 1. 0.
 1. 0. 0. 1. 1. 0. 0. 1. 0. 1. 1. 0. 0. 1. 0. 0. 1. 1. 0. 1. 1. 0. 0. 0.
 0. 1. 1. 0. 0. 1. 0. 0. 1. 0. 1. 1. 1. 0. 0. 0. 1. 1. 0. 0. 0. 0. 1. 0.
 0. 1. 0. 1. 1. 1. 1. 0. 0. 0. 0. 1. 1. 1. 1. 0. 1. 1. 1. 1. 0. 1. 0. 0.
 1. 0. 0. 1. 1. 1. 1. 1. 0. 0. 1. 1. 1. 0. 0. 1. 0. 1. 0. 0. 1. 0. 1. 0.
 1. 0. 0. 0.]"
878,randomforest,"{'criterion': 'gini', 'max_features': 'sqrt', 'n_estimators': 153}",0.5899540335317287,0.16489851578780984,0.1690740387951066,0.3091589328101034,0.5811250465484337,0.17372059593237738,0.5745320855614974,0.14925373134328357,0.5746268656716418,0.5746268656716418,"{0: 0.5873802628647806, 1: 0.5873802628647805}","{0: 0.5873802628647806, 1: 0.5873802628647805}",0.5873802628647805,"[[75 59]
 [55 79]]","[1. 0. 0. 0. 0. 1. 0. 1. 1. 0. 0. 0. 1. 0. 0. 0. 1. 0. 0. 0. 0. 1. 0. 0.
 0. 0. 1. 1. 1. 1. 1. 0. 0. 0. 1. 0. 1. 0. 1. 0. 0. 0. 1. 0. 0. 0. 1. 0.
 0. 0. 1. 0. 0. 1. 1. 0. 1. 1. 0. 1. 1. 0. 1. 0. 0. 0. 1. 1. 1. 1. 0. 0.
 0. 1. 0. 1. 1. 0. 0. 0. 1. 1. 1. 0. 0. 1. 0. 0. 1. 1. 1. 1. 0. 1. 1. 1.
 0. 0. 1. 1. 0. 1. 1. 1. 0. 0. 0. 0. 0. 1. 0. 0. 0. 1. 1. 0. 1. 0. 0. 0.
 0. 1. 1. 1. 1. 1. 1. 1. 1. 0. 0. 1. 1. 0. 1. 1. 0. 1. 0. 1. 1. 0. 0. 0.
 1. 0. 0. 0. 1. 1. 1. 0. 1. 1. 0. 1. 1. 0. 1. 0. 1. 1. 0. 0. 1. 1. 0. 1.
 1. 1. 0. 1. 1. 1. 0. 1. 1. 0. 0. 0. 0. 1. 1. 1. 0. 0. 1. 1. 0. 0. 1. 1.
 1. 1. 1. 1. 1. 1. 0. 1. 0. 0. 1. 1. 0. 0. 0. 0. 1. 1. 0. 1. 1. 1. 0. 0.
 1. 1. 0. 1. 0. 0. 0. 0. 1. 1. 1. 0. 1. 0. 1. 1. 1. 1. 1. 1. 0. 1. 0. 0.
 1. 1. 0. 0. 1. 1. 1. 1. 0. 0. 1. 0. 1. 0. 0. 1. 0. 1. 0. 1. 0. 0. 1. 1.
 1. 0. 1. 0.]","[0. 1. 0. 0. 0. 1. 1. 1. 0. 0. 0. 0. 0. 1. 0. 0. 1. 1. 0. 0. 0. 0. 0. 1.
 0. 0. 1. 0. 1. 0. 0. 1. 0. 1. 1. 0. 0. 0. 1. 0. 0. 0. 1. 1. 1. 0. 1. 0.
 1. 0. 1. 1. 0. 1. 1. 1. 1. 0. 1. 0. 0. 1. 1. 1. 0. 0. 0. 1. 1. 0. 1. 1.
 0. 0. 1. 0. 0. 1. 0. 1. 0. 1. 1. 1. 0. 1. 0. 1. 1. 1. 1. 1. 1. 1. 1. 0.
 0. 0. 1. 1. 1. 0. 0. 1. 1. 1. 0. 0. 0. 1. 1. 1. 0. 0. 0. 0. 1. 1. 1. 0.
 1. 0. 0. 1. 1. 0. 0. 0. 0. 1. 0. 0. 1. 1. 0. 1. 1. 1. 0. 1. 1. 0. 1. 0.
 1. 1. 0. 0. 0. 1. 1. 0. 1. 1. 0. 1. 0. 0. 0. 1. 1. 1. 0. 1. 0. 1. 1. 0.
 1. 0. 0. 1. 1. 0. 0. 1. 0. 1. 1. 0. 0. 1. 0. 0. 1. 1. 0. 1. 1. 0. 0. 0.
 0. 1. 1. 0. 0. 1. 0. 0. 1. 0. 1. 1. 1. 0. 0. 0. 1. 1. 0. 0. 0. 0. 1. 0.
 0. 1. 0. 1. 1. 1. 1. 0. 0. 0. 0. 1. 1. 1. 1. 0. 1. 1. 1. 1. 0. 1. 0. 0.
 1. 0. 0. 1. 1. 1. 1. 1. 0. 0. 1. 1. 1. 0. 0. 1. 0. 1. 0. 0. 1. 0. 1. 0.
 1. 0. 0. 0.]"
304,randomforest,"{'criterion': 'gini', 'max_features': 'log2', 'n_estimators': 335}",0.5763170354050335,0.2021660067208457,0.16904770115995194,0.3674170292231681,0.5676459274745564,0.20723092114652722,0.5522138680033416,0.10447761194029848,0.5522388059701493,0.5522388059701493,"{0: 0.5849855201603921, 1: 0.5849855201603921}","{0: 0.5849855201603921, 1: 0.5849855201603921}",0.5849855201603921,"[[73 61]
 [59 75]]","[1. 0. 0. 0. 0. 1. 0. 1. 1. 0. 0. 0. 1. 0. 0. 0. 1. 0. 0. 0. 0. 1. 0. 0.
 0. 0. 1. 1. 1. 1. 1. 0. 0. 0. 1. 0. 1. 0. 1. 0. 0. 0. 1. 0. 0. 0. 1. 1.
 0. 0. 1. 0. 1. 1. 1. 1. 1. 1. 0. 1. 0. 0. 1. 0. 0. 0. 1. 1. 1. 1. 0. 0.
 1. 1. 0. 1. 1. 0. 0. 0. 1. 1. 1. 0. 0. 1. 0. 1. 1. 1. 1. 1. 0. 1. 1. 1.
 0. 0. 1. 1. 0. 1. 1. 0. 0. 0. 0. 1. 0. 1. 0. 0. 0. 1. 1. 0. 1. 0. 0. 0.
 0. 1. 1. 1. 1. 1. 1. 1. 1. 0. 0. 1. 1. 0. 1. 0. 0. 1. 0. 1. 1. 0. 0. 0.
 0. 0. 0. 0. 1. 1. 1. 0. 1. 1. 0. 1. 1. 0. 1. 0. 1. 1. 0. 0. 1. 1. 0. 1.
 1. 1. 0. 1. 1. 0. 0. 1. 1. 0. 1. 0. 0. 1. 1. 1. 0. 0. 1. 1. 0. 0. 1. 1.
 1. 1. 1. 1. 1. 1. 0. 1. 0. 0. 1. 1. 0. 0. 0. 0. 1. 1. 0. 1. 1. 1. 0. 0.
 1. 1. 0. 0. 0. 0. 0. 0. 1. 1. 1. 0. 0. 0. 0. 1. 1. 1. 1. 1. 0. 1. 0. 0.
 1. 1. 0. 0. 1. 1. 1. 1. 0. 0. 1. 0. 1. 0. 0. 1. 0. 0. 0. 1. 0. 0. 1. 1.
 1. 0. 1. 0.]","[0. 1. 0. 0. 0. 1. 1. 1. 0. 0. 0. 0. 0. 1. 0. 0. 1. 1. 0. 0. 0. 0. 0. 1.
 0. 0. 1. 0. 1. 0. 0. 1. 0. 1. 1. 0. 0. 0. 1. 0. 0. 0. 1. 1. 1. 0. 1. 0.
 1. 0. 1. 1. 0. 1. 1. 1. 1. 0. 1. 0. 0. 1. 1. 1. 0. 0. 0. 1. 1. 0. 1. 1.
 0. 0. 1. 0. 0. 1. 0. 1. 0. 1. 1. 1. 0. 1. 0. 1. 1. 1. 1. 1. 1. 1. 1. 0.
 0. 0. 1. 1. 1. 0. 0. 1. 1. 1. 0. 0. 0. 1. 1. 1. 0. 0. 0. 0. 1. 1. 1. 0.
 1. 0. 0. 1. 1. 0. 0. 0. 0. 1. 0. 0. 1. 1. 0. 1. 1. 1. 0. 1. 1. 0. 1. 0.
 1. 1. 0. 0. 0. 1. 1. 0. 1. 1. 0. 1. 0. 0. 0. 1. 1. 1. 0. 1. 0. 1. 1. 0.
 1. 0. 0. 1. 1. 0. 0. 1. 0. 1. 1. 0. 0. 1. 0. 0. 1. 1. 0. 1. 1. 0. 0. 0.
 0. 1. 1. 0. 0. 1. 0. 0. 1. 0. 1. 1. 1. 0. 0. 0. 1. 1. 0. 0. 0. 0. 1. 0.
 0. 1. 0. 1. 1. 1. 1. 0. 0. 0. 0. 1. 1. 1. 1. 0. 1. 1. 1. 1. 0. 1. 0. 0.
 1. 0. 0. 1. 1. 1. 1. 1. 0. 0. 1. 1. 1. 0. 0. 1. 0. 1. 0. 0. 1. 0. 1. 0.
 1. 0. 0. 0.]"
367,randomforest,"{'criterion': 'gini', 'max_features': 'sqrt', 'n_estimators': 363}",0.5871305514077757,0.19893845576299604,0.16901988159159695,0.36627078585717127,0.5802795360255038,0.2031625904970697,0.5631347962382445,0.12686567164179108,0.5634328358208955,0.5634328358208955,"{0: 0.5833426152817999, 1: 0.5833426152818}","{0: 0.5833426152817999, 1: 0.5833426152818}",0.5833426152818,"[[72 62]
 [55 79]]","[1. 0. 0. 0. 0. 1. 0. 1. 1. 0. 0. 0. 1. 0. 0. 0. 1. 0. 0. 0. 0. 1. 0. 0.
 0. 0. 1. 1. 1. 1. 1. 0. 0. 0. 1. 1. 0. 0. 1. 0. 1. 0. 1. 1. 0. 0. 1. 1.
 0. 0. 1. 0. 0. 1. 1. 1. 1. 1. 0. 1. 0. 0. 1. 0. 0. 0. 1. 1. 1. 1. 0. 0.
 1. 1. 0. 1. 1. 0. 0. 0. 1. 1. 1. 0. 0. 1. 0. 1. 1. 1. 1. 1. 0. 1. 1. 1.
 0. 0. 1. 1. 0. 1. 1. 0. 0. 0. 0. 1. 0. 1. 0. 0. 0. 1. 1. 0. 1. 0. 0. 0.
 0. 1. 1. 1. 1. 1. 1. 1. 1. 0. 0. 1. 1. 0. 1. 1. 0. 1. 0. 1. 1. 0. 0. 0.
 1. 0. 0. 0. 1. 1. 1. 0. 1. 0. 0. 1. 1. 0. 1. 0. 1. 1. 0. 0. 1. 1. 0. 1.
 1. 1. 0. 1. 1. 0. 0. 1. 1. 0. 1. 0. 0. 0. 1. 1. 0. 0. 1. 1. 0. 0. 1. 1.
 1. 1. 1. 1. 1. 1. 0. 1. 0. 0. 1. 1. 0. 0. 0. 0. 1. 1. 0. 1. 1. 1. 0. 0.
 1. 1. 0. 1. 0. 0. 0. 0. 1. 1. 1. 0. 1. 0. 1. 1. 1. 1. 1. 1. 0. 1. 0. 0.
 1. 1. 0. 0. 1. 1. 1. 1. 0. 1. 1. 0. 1. 0. 0. 1. 0. 0. 0. 1. 0. 0. 1. 1.
 1. 0. 1. 0.]","[0. 1. 0. 0. 0. 1. 1. 1. 0. 0. 0. 0. 0. 1. 0. 0. 1. 1. 0. 0. 0. 0. 0. 1.
 0. 0. 1. 0. 1. 0. 0. 1. 0. 1. 1. 0. 0. 0. 1. 0. 0. 0. 1. 1. 1. 0. 1. 0.
 1. 0. 1. 1. 0. 1. 1. 1. 1. 0. 1. 0. 0. 1. 1. 1. 0. 0. 0. 1. 1. 0. 1. 1.
 0. 0. 1. 0. 0. 1. 0. 1. 0. 1. 1. 1. 0. 1. 0. 1. 1. 1. 1. 1. 1. 1. 1. 0.
 0. 0. 1. 1. 1. 0. 0. 1. 1. 1. 0. 0. 0. 1. 1. 1. 0. 0. 0. 0. 1. 1. 1. 0.
 1. 0. 0. 1. 1. 0. 0. 0. 0. 1. 0. 0. 1. 1. 0. 1. 1. 1. 0. 1. 1. 0. 1. 0.
 1. 1. 0. 0. 0. 1. 1. 0. 1. 1. 0. 1. 0. 0. 0. 1. 1. 1. 0. 1. 0. 1. 1. 0.
 1. 0. 0. 1. 1. 0. 0. 1. 0. 1. 1. 0. 0. 1. 0. 0. 1. 1. 0. 1. 1. 0. 0. 0.
 0. 1. 1. 0. 0. 1. 0. 0. 1. 0. 1. 1. 1. 0. 0. 0. 1. 1. 0. 0. 0. 0. 1. 0.
 0. 1. 0. 1. 1. 1. 1. 0. 0. 0. 0. 1. 1. 1. 1. 0. 1. 1. 1. 1. 0. 1. 0. 0.
 1. 0. 0. 1. 1. 1. 1. 1. 0. 0. 1. 1. 1. 0. 0. 1. 0. 1. 0. 0. 1. 0. 1. 0.
 1. 0. 0. 0.]"
542,randomforest,"{'criterion': 'entropy', 'max_features': 'sqrt', 'n_estimators': 195}",0.5882474703055577,0.19357136254965235,0.16896191713201283,0.36250466081376365,0.5794152401511272,0.2016282986643135,0.5707461106700651,0.14179104477611937,0.5708955223880597,0.5708955223880597,"{0: 0.5864056582757853, 1: 0.5864056582757853}","{0: 0.5864056582757853, 1: 0.5864056582757853}",0.5864056582757853,"[[74 60]
 [55 79]]","[1. 0. 0. 0. 0. 1. 0. 1. 1. 0. 0. 0. 1. 0. 0. 0. 1. 0. 0. 0. 0. 1. 0. 0.
 0. 0. 1. 1. 1. 1. 1. 0. 0. 0. 1. 0. 0. 0. 1. 0. 0. 0. 1. 0. 0. 0. 1. 0.
 0. 0. 1. 0. 0. 1. 1. 1. 1. 1. 0. 1. 1. 0. 1. 0. 0. 0. 0. 1. 1. 1. 0. 0.
 1. 1. 0. 1. 1. 0. 0. 0. 1. 1. 1. 0. 0. 1. 1. 0. 1. 1. 1. 1. 0. 1. 1. 1.
 0. 0. 1. 1. 0. 1. 0. 0. 0. 0. 0. 1. 0. 1. 0. 0. 0. 1. 1. 0. 1. 0. 0. 0.
 0. 1. 1. 1. 1. 1. 1. 1. 0. 0. 0. 1. 1. 0. 1. 1. 0. 1. 0. 1. 1. 0. 0. 0.
 1. 0. 0. 0. 1. 1. 1. 0. 1. 1. 0. 1. 1. 0. 1. 0. 1. 1. 0. 0. 1. 1. 0. 1.
 1. 1. 0. 1. 1. 1. 0. 1. 1. 0. 1. 1. 0. 1. 1. 1. 0. 0. 1. 1. 0. 0. 1. 1.
 1. 1. 1. 0. 1. 1. 0. 0. 0. 0. 1. 1. 0. 1. 0. 0. 1. 1. 0. 1. 1. 1. 0. 0.
 1. 1. 0. 1. 0. 0. 0. 0. 1. 1. 1. 0. 0. 0. 1. 1. 1. 1. 1. 1. 0. 1. 0. 0.
 1. 1. 0. 0. 1. 1. 1. 1. 0. 1. 1. 0. 1. 0. 1. 1. 0. 1. 0. 1. 0. 0. 1. 1.
 1. 0. 1. 0.]","[0. 1. 0. 0. 0. 1. 1. 1. 0. 0. 0. 0. 0. 1. 0. 0. 1. 1. 0. 0. 0. 0. 0. 1.
 0. 0. 1. 0. 1. 0. 0. 1. 0. 1. 1. 0. 0. 0. 1. 0. 0. 0. 1. 1. 1. 0. 1. 0.
 1. 0. 1. 1. 0. 1. 1. 1. 1. 0. 1. 0. 0. 1. 1. 1. 0. 0. 0. 1. 1. 0. 1. 1.
 0. 0. 1. 0. 0. 1. 0. 1. 0. 1. 1. 1. 0. 1. 0. 1. 1. 1. 1. 1. 1. 1. 1. 0.
 0. 0. 1. 1. 1. 0. 0. 1. 1. 1. 0. 0. 0. 1. 1. 1. 0. 0. 0. 0. 1. 1. 1. 0.
 1. 0. 0. 1. 1. 0. 0. 0. 0. 1. 0. 0. 1. 1. 0. 1. 1. 1. 0. 1. 1. 0. 1. 0.
 1. 1. 0. 0. 0. 1. 1. 0. 1. 1. 0. 1. 0. 0. 0. 1. 1. 1. 0. 1. 0. 1. 1. 0.
 1. 0. 0. 1. 1. 0. 0. 1. 0. 1. 1. 0. 0. 1. 0. 0. 1. 1. 0. 1. 1. 0. 0. 0.
 0. 1. 1. 0. 0. 1. 0. 0. 1. 0. 1. 1. 1. 0. 0. 0. 1. 1. 0. 0. 0. 0. 1. 0.
 0. 1. 0. 1. 1. 1. 1. 0. 0. 0. 0. 1. 1. 1. 1. 0. 1. 1. 1. 1. 0. 1. 0. 0.
 1. 0. 0. 1. 1. 1. 1. 1. 0. 0. 1. 1. 1. 0. 0. 1. 0. 1. 0. 0. 1. 0. 1. 0.
 1. 0. 0. 0.]"
103,randomforest,"{'criterion': 'entropy', 'max_features': 'sqrt', 'n_estimators': 215}",0.58633831251307,0.17803817855883036,0.16878641444478448,0.324396629641465,0.5789536609597093,0.1857826019050259,0.5631347962382445,0.12686567164179108,0.5634328358208955,0.5634328358208955,"{0: 0.5879093339273781, 1: 0.587909333927378}","{0: 0.5879093339273781, 1: 0.587909333927378}",0.587909333927378,"[[72 62]
 [55 79]]","[1. 0. 0. 0. 0. 1. 0. 1. 1. 0. 0. 0. 1. 0. 0. 0. 1. 0. 0. 0. 0. 1. 0. 0.
 0. 0. 1. 1. 1. 1. 1. 0. 0. 0. 1. 0. 0. 0. 1. 0. 0. 0. 1. 1. 0. 0. 1. 1.
 0. 0. 1. 0. 1. 1. 1. 1. 1. 1. 0. 1. 1. 0. 1. 0. 0. 0. 0. 1. 1. 1. 0. 0.
 1. 1. 0. 1. 1. 0. 1. 0. 1. 1. 1. 0. 0. 1. 0. 1. 1. 1. 1. 1. 0. 1. 1. 1.
 0. 0. 1. 1. 0. 1. 1. 0. 0. 0. 0. 1. 0. 1. 0. 0. 0. 1. 1. 0. 1. 0. 0. 0.
 0. 1. 1. 1. 1. 1. 1. 1. 1. 0. 0. 1. 1. 0. 1. 1. 0. 1. 0. 1. 1. 0. 1. 0.
 1. 0. 0. 0. 1. 1. 1. 0. 1. 1. 0. 1. 1. 0. 1. 0. 1. 1. 0. 0. 1. 0. 0. 1.
 1. 1. 0. 1. 1. 1. 0. 1. 1. 0. 1. 0. 0. 0. 1. 1. 0. 0. 1. 1. 0. 0. 1. 1.
 1. 1. 1. 0. 1. 1. 0. 1. 0. 0. 1. 1. 0. 0. 0. 0. 1. 1. 0. 1. 1. 1. 0. 0.
 1. 1. 0. 1. 0. 0. 0. 0. 1. 1. 1. 0. 0. 0. 1. 1. 1. 1. 1. 1. 0. 1. 0. 0.
 1. 1. 0. 0. 1. 1. 0. 1. 0. 1. 1. 0. 1. 0. 0. 1. 0. 1. 0. 1. 0. 0. 1. 1.
 1. 0. 1. 0.]","[0. 1. 0. 0. 0. 1. 1. 1. 0. 0. 0. 0. 0. 1. 0. 0. 1. 1. 0. 0. 0. 0. 0. 1.
 0. 0. 1. 0. 1. 0. 0. 1. 0. 1. 1. 0. 0. 0. 1. 0. 0. 0. 1. 1. 1. 0. 1. 0.
 1. 0. 1. 1. 0. 1. 1. 1. 1. 0. 1. 0. 0. 1. 1. 1. 0. 0. 0. 1. 1. 0. 1. 1.
 0. 0. 1. 0. 0. 1. 0. 1. 0. 1. 1. 1. 0. 1. 0. 1. 1. 1. 1. 1. 1. 1. 1. 0.
 0. 0. 1. 1. 1. 0. 0. 1. 1. 1. 0. 0. 0. 1. 1. 1. 0. 0. 0. 0. 1. 1. 1. 0.
 1. 0. 0. 1. 1. 0. 0. 0. 0. 1. 0. 0. 1. 1. 0. 1. 1. 1. 0. 1. 1. 0. 1. 0.
 1. 1. 0. 0. 0. 1. 1. 0. 1. 1. 0. 1. 0. 0. 0. 1. 1. 1. 0. 1. 0. 1. 1. 0.
 1. 0. 0. 1. 1. 0. 0. 1. 0. 1. 1. 0. 0. 1. 0. 0. 1. 1. 0. 1. 1. 0. 0. 0.
 0. 1. 1. 0. 0. 1. 0. 0. 1. 0. 1. 1. 1. 0. 0. 0. 1. 1. 0. 0. 0. 0. 1. 0.
 0. 1. 0. 1. 1. 1. 1. 0. 0. 0. 0. 1. 1. 1. 1. 0. 1. 1. 1. 1. 0. 1. 0. 0.
 1. 0. 0. 1. 1. 1. 1. 1. 0. 0. 1. 1. 1. 0. 0. 1. 0. 1. 0. 0. 1. 0. 1. 0.
 1. 0. 0. 0.]"
382,randomforest,"{'criterion': 'gini', 'max_features': None, 'n_estimators': 265}",0.6071098368666541,0.17202115728017028,0.16877815937490745,0.35653154709702556,0.5978094579405063,0.17094535698198388,0.5745320855614974,0.14925373134328357,0.5746268656716418,0.5746268656716418,"{0: 0.5824515482290042, 1: 0.5824515482290042}","{0: 0.5824515482290042, 1: 0.5824515482290042}",0.5824515482290042,"[[75 59]
 [55 79]]","[1. 0. 0. 0. 0. 1. 0. 1. 1. 0. 0. 0. 1. 0. 0. 0. 0. 0. 0. 0. 0. 1. 0. 0.
 0. 0. 1. 1. 1. 1. 1. 0. 0. 0. 1. 0. 0. 0. 1. 0. 1. 0. 1. 0. 0. 1. 1. 0.
 0. 0. 1. 0. 1. 1. 1. 1. 1. 1. 0. 1. 0. 0. 1. 0. 0. 0. 1. 1. 1. 1. 0. 0.
 1. 1. 0. 1. 1. 0. 0. 0. 1. 1. 1. 0. 0. 1. 0. 1. 1. 1. 1. 1. 0. 1. 1. 1.
 0. 0. 1. 1. 0. 1. 1. 1. 1. 0. 0. 0. 0. 1. 0. 0. 1. 1. 1. 0. 1. 0. 0. 0.
 0. 1. 1. 1. 1. 1. 1. 1. 1. 0. 0. 1. 1. 0. 1. 1. 0. 1. 0. 1. 1. 0. 1. 0.
 0. 0. 0. 0. 0. 1. 1. 0. 1. 1. 0. 1. 1. 0. 1. 0. 1. 1. 0. 0. 1. 1. 0. 1.
 1. 1. 0. 1. 1. 0. 0. 1. 1. 0. 1. 0. 0. 1. 1. 1. 0. 0. 1. 1. 0. 0. 0. 1.
 0. 1. 0. 1. 0. 1. 0. 1. 1. 0. 1. 1. 0. 1. 0. 1. 1. 1. 0. 1. 1. 1. 0. 0.
 1. 1. 0. 0. 0. 0. 0. 0. 1. 1. 1. 0. 0. 0. 1. 1. 1. 1. 1. 1. 0. 1. 0. 0.
 1. 1. 0. 0. 1. 1. 0. 1. 0. 1. 1. 0. 1. 0. 0. 1. 0. 1. 0. 1. 0. 0. 1. 0.
 1. 0. 1. 0.]","[0. 1. 0. 0. 0. 1. 1. 1. 0. 0. 0. 0. 0. 1. 0. 0. 1. 1. 0. 0. 0. 0. 0. 1.
 0. 0. 1. 0. 1. 0. 0. 1. 0. 1. 1. 0. 0. 0. 1. 0. 0. 0. 1. 1. 1. 0. 1. 0.
 1. 0. 1. 1. 0. 1. 1. 1. 1. 0. 1. 0. 0. 1. 1. 1. 0. 0. 0. 1. 1. 0. 1. 1.
 0. 0. 1. 0. 0. 1. 0. 1. 0. 1. 1. 1. 0. 1. 0. 1. 1. 1. 1. 1. 1. 1. 1. 0.
 0. 0. 1. 1. 1. 0. 0. 1. 1. 1. 0. 0. 0. 1. 1. 1. 0. 0. 0. 0. 1. 1. 1. 0.
 1. 0. 0. 1. 1. 0. 0. 0. 0. 1. 0. 0. 1. 1. 0. 1. 1. 1. 0. 1. 1. 0. 1. 0.
 1. 1. 0. 0. 0. 1. 1. 0. 1. 1. 0. 1. 0. 0. 0. 1. 1. 1. 0. 1. 0. 1. 1. 0.
 1. 0. 0. 1. 1. 0. 0. 1. 0. 1. 1. 0. 0. 1. 0. 0. 1. 1. 0. 1. 1. 0. 0. 0.
 0. 1. 1. 0. 0. 1. 0. 0. 1. 0. 1. 1. 1. 0. 0. 0. 1. 1. 0. 0. 0. 0. 1. 0.
 0. 1. 0. 1. 1. 1. 1. 0. 0. 0. 0. 1. 1. 1. 1. 0. 1. 1. 1. 1. 0. 1. 0. 0.
 1. 0. 0. 1. 1. 1. 1. 1. 0. 0. 1. 1. 1. 0. 0. 1. 0. 1. 0. 0. 1. 0. 1. 0.
 1. 0. 0. 0.]"
625,randomforest,"{'criterion': 'gini', 'max_features': None, 'n_estimators': 559}",0.5916322422687066,0.17522022924426361,0.16871081207559657,0.3468363539863008,0.5825222026330897,0.1857194874108885,0.57830536795934,0.15671641791044777,0.5783582089552238,0.5783582089552239,"{0: 0.5903319224771664, 1: 0.5903319224771664}","{0: 0.5903319224771664, 1: 0.5903319224771664}",0.5903319224771664,"[[76 58]
 [55 79]]","[1. 0. 0. 0. 0. 1. 0. 1. 1. 0. 0. 0. 1. 0. 0. 0. 0. 0. 0. 0. 0. 1. 0. 0.
 0. 0. 1. 1. 1. 1. 1. 0. 0. 0. 1. 1. 0. 0. 1. 0. 1. 0. 1. 1. 0. 1. 1. 0.
 0. 0. 1. 0. 0. 1. 1. 1. 1. 1. 0. 1. 1. 0. 1. 0. 0. 0. 1. 1. 1. 1. 0. 0.
 1. 1. 0. 1. 1. 0. 0. 0. 1. 1. 1. 0. 0. 1. 1. 1. 1. 1. 1. 1. 0. 1. 1. 1.
 0. 0. 1. 1. 0. 1. 1. 0. 0. 0. 0. 0. 0. 1. 0. 0. 0. 1. 1. 0. 1. 0. 0. 0.
 1. 1. 1. 1. 1. 1. 1. 1. 1. 0. 0. 0. 1. 0. 1. 1. 0. 1. 0. 1. 1. 0. 1. 0.
 1. 0. 0. 0. 0. 1. 1. 0. 1. 1. 0. 1. 1. 0. 1. 0. 1. 1. 0. 0. 1. 1. 0. 1.
 1. 1. 0. 1. 1. 0. 0. 1. 1. 0. 1. 0. 0. 1. 1. 1. 0. 0. 1. 1. 0. 0. 1. 1.
 0. 1. 0. 0. 0. 1. 0. 0. 0. 0. 1. 1. 0. 1. 0. 0. 1. 1. 0. 1. 1. 1. 0. 0.
 1. 1. 0. 0. 0. 0. 0. 0. 1. 1. 1. 0. 0. 0. 1. 1. 1. 1. 1. 1. 0. 1. 0. 0.
 1. 1. 0. 0. 1. 1. 0. 1. 0. 1. 1. 0. 1. 0. 0. 1. 0. 1. 0. 1. 0. 0. 1. 1.
 1. 0. 1. 0.]","[0. 1. 0. 0. 0. 1. 1. 1. 0. 0. 0. 0. 0. 1. 0. 0. 1. 1. 0. 0. 0. 0. 0. 1.
 0. 0. 1. 0. 1. 0. 0. 1. 0. 1. 1. 0. 0. 0. 1. 0. 0. 0. 1. 1. 1. 0. 1. 0.
 1. 0. 1. 1. 0. 1. 1. 1. 1. 0. 1. 0. 0. 1. 1. 1. 0. 0. 0. 1. 1. 0. 1. 1.
 0. 0. 1. 0. 0. 1. 0. 1. 0. 1. 1. 1. 0. 1. 0. 1. 1. 1. 1. 1. 1. 1. 1. 0.
 0. 0. 1. 1. 1. 0. 0. 1. 1. 1. 0. 0. 0. 1. 1. 1. 0. 0. 0. 0. 1. 1. 1. 0.
 1. 0. 0. 1. 1. 0. 0. 0. 0. 1. 0. 0. 1. 1. 0. 1. 1. 1. 0. 1. 1. 0. 1. 0.
 1. 1. 0. 0. 0. 1. 1. 0. 1. 1. 0. 1. 0. 0. 0. 1. 1. 1. 0. 1. 0. 1. 1. 0.
 1. 0. 0. 1. 1. 0. 0. 1. 0. 1. 1. 0. 0. 1. 0. 0. 1. 1. 0. 1. 1. 0. 0. 0.
 0. 1. 1. 0. 0. 1. 0. 0. 1. 0. 1. 1. 1. 0. 0. 0. 1. 1. 0. 0. 0. 0. 1. 0.
 0. 1. 0. 1. 1. 1. 1. 0. 0. 0. 0. 1. 1. 1. 1. 0. 1. 1. 1. 1. 0. 1. 0. 0.
 1. 0. 0. 1. 1. 1. 1. 1. 0. 0. 1. 1. 1. 0. 0. 1. 0. 1. 0. 0. 1. 0. 1. 0.
 1. 0. 0. 0.]"
768,randomforest,"{'criterion': 'gini', 'max_features': 'sqrt', 'n_estimators': 585}",0.5835572076914581,0.1933629690711311,0.16869982917261617,0.3494680490308746,0.5760988787198464,0.1973809187525919,0.5629399383912019,0.12686567164179108,0.5634328358208955,0.5634328358208955,"{0: 0.5929494319447538, 1: 0.5929494319447539}","{0: 0.5929494319447538, 1: 0.5929494319447539}",0.5929494319447539,"[[71 63]
 [54 80]]","[1. 0. 0. 0. 0. 1. 0. 1. 1. 0. 0. 0. 1. 0. 0. 0. 1. 0. 0. 0. 0. 1. 0. 0.
 0. 0. 1. 1. 1. 1. 1. 0. 0. 0. 1. 0. 1. 0. 1. 0. 0. 0. 1. 0. 0. 0. 1. 0.
 0. 0. 1. 0. 1. 1. 1. 1. 1. 1. 0. 1. 1. 0. 1. 0. 0. 0. 1. 1. 1. 1. 0. 0.
 1. 1. 0. 1. 1. 0. 0. 0. 1. 1. 1. 0. 0. 1. 0. 1. 1. 1. 1. 1. 0. 1. 1. 1.
 0. 0. 1. 1. 0. 1. 1. 0. 0. 0. 0. 1. 0. 1. 0. 0. 0. 1. 1. 0. 1. 0. 0. 0.
 0. 1. 1. 1. 1. 1. 1. 1. 1. 0. 0. 1. 1. 0. 1. 1. 0. 1. 0. 1. 1. 0. 0. 0.
 1. 0. 0. 0. 1. 1. 1. 0. 1. 1. 0. 1. 1. 0. 1. 0. 1. 1. 0. 0. 1. 1. 0. 1.
 1. 1. 0. 1. 1. 0. 0. 1. 1. 0. 1. 0. 0. 1. 1. 1. 0. 0. 1. 1. 0. 0. 1. 1.
 1. 1. 1. 1. 1. 1. 0. 1. 0. 0. 1. 1. 0. 1. 0. 0. 1. 1. 0. 1. 1. 1. 1. 0.
 1. 1. 0. 0. 0. 0. 0. 0. 1. 1. 1. 0. 1. 0. 1. 1. 1. 1. 1. 1. 0. 1. 0. 0.
 1. 1. 0. 0. 1. 1. 1. 1. 0. 1. 1. 0. 1. 0. 0. 1. 0. 0. 0. 1. 0. 0. 1. 1.
 1. 0. 1. 0.]","[0. 1. 0. 0. 0. 1. 1. 1. 0. 0. 0. 0. 0. 1. 0. 0. 1. 1. 0. 0. 0. 0. 0. 1.
 0. 0. 1. 0. 1. 0. 0. 1. 0. 1. 1. 0. 0. 0. 1. 0. 0. 0. 1. 1. 1. 0. 1. 0.
 1. 0. 1. 1. 0. 1. 1. 1. 1. 0. 1. 0. 0. 1. 1. 1. 0. 0. 0. 1. 1. 0. 1. 1.
 0. 0. 1. 0. 0. 1. 0. 1. 0. 1. 1. 1. 0. 1. 0. 1. 1. 1. 1. 1. 1. 1. 1. 0.
 0. 0. 1. 1. 1. 0. 0. 1. 1. 1. 0. 0. 0. 1. 1. 1. 0. 0. 0. 0. 1. 1. 1. 0.
 1. 0. 0. 1. 1. 0. 0. 0. 0. 1. 0. 0. 1. 1. 0. 1. 1. 1. 0. 1. 1. 0. 1. 0.
 1. 1. 0. 0. 0. 1. 1. 0. 1. 1. 0. 1. 0. 0. 0. 1. 1. 1. 0. 1. 0. 1. 1. 0.
 1. 0. 0. 1. 1. 0. 0. 1. 0. 1. 1. 0. 0. 1. 0. 0. 1. 1. 0. 1. 1. 0. 0. 0.
 0. 1. 1. 0. 0. 1. 0. 0. 1. 0. 1. 1. 1. 0. 0. 0. 1. 1. 0. 0. 0. 0. 1. 0.
 0. 1. 0. 1. 1. 1. 1. 0. 0. 0. 0. 1. 1. 1. 1. 0. 1. 1. 1. 1. 0. 1. 0. 0.
 1. 0. 0. 1. 1. 1. 1. 1. 0. 0. 1. 1. 1. 0. 0. 1. 0. 1. 0. 0. 1. 0. 1. 0.
 1. 0. 0. 0.]"
403,randomforest,"{'criterion': 'gini', 'max_features': 'sqrt', 'n_estimators': 29}",0.6049461889926785,0.17146538750519003,0.16865305966868718,0.3603450133213186,0.5923588321773806,0.1844917069619507,0.5819964349376114,0.16417910447761197,0.582089552238806,0.5820895522388059,"{0: 0.5979895299621296, 1: 0.5979895299621296}","{0: 0.5979895299621296, 1: 0.5979895299621296}",0.5979895299621296,"[[76 58]
 [54 80]]","[1. 0. 0. 0. 0. 1. 1. 1. 1. 0. 0. 0. 1. 0. 0. 0. 0. 0. 0. 0. 0. 1. 0. 0.
 1. 0. 1. 1. 0. 1. 0. 0. 0. 0. 1. 1. 1. 0. 1. 1. 1. 0. 1. 1. 0. 0. 1. 1.
 0. 0. 1. 0. 1. 1. 1. 1. 1. 1. 0. 1. 0. 0. 1. 1. 0. 0. 1. 1. 1. 1. 0. 0.
 1. 0. 0. 1. 1. 0. 1. 0. 1. 1. 1. 0. 0. 1. 0. 0. 1. 1. 1. 1. 0. 1. 1. 1.
 0. 0. 1. 1. 0. 1. 0. 0. 0. 0. 0. 0. 0. 1. 0. 0. 0. 1. 1. 0. 1. 0. 0. 0.
 0. 1. 1. 1. 1. 1. 1. 1. 1. 0. 0. 1. 1. 0. 1. 1. 0. 1. 0. 1. 1. 0. 1. 0.
 1. 0. 0. 0. 1. 1. 1. 0. 1. 0. 0. 1. 1. 0. 1. 0. 1. 1. 0. 0. 1. 1. 0. 0.
 1. 0. 0. 1. 1. 0. 0. 1. 1. 0. 1. 0. 0. 1. 1. 1. 1. 0. 1. 1. 0. 0. 0. 1.
 1. 0. 1. 1. 0. 1. 0. 0. 1. 0. 1. 1. 0. 0. 0. 0. 1. 1. 0. 1. 1. 1. 1. 0.
 1. 0. 1. 0. 0. 0. 0. 0. 1. 1. 1. 0. 1. 1. 0. 1. 1. 1. 1. 1. 0. 1. 0. 0.
 1. 1. 0. 0. 1. 1. 1. 1. 0. 0. 1. 0. 1. 0. 1. 1. 0. 0. 0. 1. 0. 0. 1. 0.
 1. 0. 1. 0.]","[0. 1. 0. 0. 0. 1. 1. 1. 0. 0. 0. 0. 0. 1. 0. 0. 1. 1. 0. 0. 0. 0. 0. 1.
 0. 0. 1. 0. 1. 0. 0. 1. 0. 1. 1. 0. 0. 0. 1. 0. 0. 0. 1. 1. 1. 0. 1. 0.
 1. 0. 1. 1. 0. 1. 1. 1. 1. 0. 1. 0. 0. 1. 1. 1. 0. 0. 0. 1. 1. 0. 1. 1.
 0. 0. 1. 0. 0. 1. 0. 1. 0. 1. 1. 1. 0. 1. 0. 1. 1. 1. 1. 1. 1. 1. 1. 0.
 0. 0. 1. 1. 1. 0. 0. 1. 1. 1. 0. 0. 0. 1. 1. 1. 0. 0. 0. 0. 1. 1. 1. 0.
 1. 0. 0. 1. 1. 0. 0. 0. 0. 1. 0. 0. 1. 1. 0. 1. 1. 1. 0. 1. 1. 0. 1. 0.
 1. 1. 0. 0. 0. 1. 1. 0. 1. 1. 0. 1. 0. 0. 0. 1. 1. 1. 0. 1. 0. 1. 1. 0.
 1. 0. 0. 1. 1. 0. 0. 1. 0. 1. 1. 0. 0. 1. 0. 0. 1. 1. 0. 1. 1. 0. 0. 0.
 0. 1. 1. 0. 0. 1. 0. 0. 1. 0. 1. 1. 1. 0. 0. 0. 1. 1. 0. 0. 0. 0. 1. 0.
 0. 1. 0. 1. 1. 1. 1. 0. 0. 0. 0. 1. 1. 1. 1. 0. 1. 1. 1. 1. 0. 1. 0. 0.
 1. 0. 0. 1. 1. 1. 1. 1. 0. 0. 1. 1. 1. 0. 0. 1. 0. 1. 0. 0. 1. 0. 1. 0.
 1. 0. 0. 0.]"
210,randomforest,"{'criterion': 'gini', 'max_features': 'sqrt', 'n_estimators': 477}",0.5795307043593992,0.18687726536833685,0.1686334892788455,0.3306139789734922,0.5739979703689381,0.1906457463903475,0.559603386809269,0.11940298507462688,0.5597014925373134,0.5597014925373134,"{0: 0.5909445310759635, 1: 0.5909445310759636}","{0: 0.5909445310759635, 1: 0.5909445310759636}",0.5909445310759636,"[[73 61]
 [57 77]]","[1. 0. 0. 0. 0. 1. 0. 1. 1. 0. 0. 0. 1. 0. 0. 0. 1. 0. 0. 1. 0. 1. 0. 0.
 0. 0. 1. 1. 1. 1. 1. 0. 0. 0. 1. 0. 0. 0. 1. 0. 0. 0. 1. 0. 0. 0. 1. 1.
 0. 0. 1. 0. 0. 1. 1. 1. 1. 1. 0. 1. 1. 0. 1. 0. 0. 0. 1. 1. 1. 1. 0. 0.
 1. 1. 0. 1. 1. 0. 0. 0. 1. 1. 1. 0. 0. 1. 0. 1. 1. 1. 1. 1. 0. 1. 1. 1.
 0. 0. 1. 1. 0. 1. 0. 0. 0. 0. 0. 1. 0. 1. 0. 0. 0. 1. 1. 0. 1. 0. 0. 0.
 0. 1. 1. 1. 1. 1. 1. 1. 1. 0. 0. 1. 1. 0. 1. 1. 0. 1. 0. 1. 0. 0. 0. 0.
 0. 0. 0. 0. 1. 1. 1. 0. 1. 1. 0. 1. 1. 0. 1. 0. 1. 1. 0. 0. 1. 1. 0. 1.
 1. 1. 0. 1. 1. 0. 0. 1. 1. 0. 1. 0. 0. 0. 1. 1. 0. 0. 1. 1. 0. 0. 1. 1.
 1. 1. 1. 1. 1. 1. 0. 1. 0. 0. 1. 1. 0. 0. 0. 0. 1. 1. 0. 1. 1. 1. 0. 0.
 1. 1. 0. 1. 0. 0. 0. 0. 1. 1. 1. 0. 1. 0. 1. 1. 1. 1. 1. 1. 0. 1. 0. 0.
 1. 1. 0. 0. 1. 1. 1. 1. 0. 1. 1. 0. 1. 0. 0. 1. 0. 0. 0. 1. 0. 0. 1. 1.
 1. 0. 1. 0.]","[0. 1. 0. 0. 0. 1. 1. 1. 0. 0. 0. 0. 0. 1. 0. 0. 1. 1. 0. 0. 0. 0. 0. 1.
 0. 0. 1. 0. 1. 0. 0. 1. 0. 1. 1. 0. 0. 0. 1. 0. 0. 0. 1. 1. 1. 0. 1. 0.
 1. 0. 1. 1. 0. 1. 1. 1. 1. 0. 1. 0. 0. 1. 1. 1. 0. 0. 0. 1. 1. 0. 1. 1.
 0. 0. 1. 0. 0. 1. 0. 1. 0. 1. 1. 1. 0. 1. 0. 1. 1. 1. 1. 1. 1. 1. 1. 0.
 0. 0. 1. 1. 1. 0. 0. 1. 1. 1. 0. 0. 0. 1. 1. 1. 0. 0. 0. 0. 1. 1. 1. 0.
 1. 0. 0. 1. 1. 0. 0. 0. 0. 1. 0. 0. 1. 1. 0. 1. 1. 1. 0. 1. 1. 0. 1. 0.
 1. 1. 0. 0. 0. 1. 1. 0. 1. 1. 0. 1. 0. 0. 0. 1. 1. 1. 0. 1. 0. 1. 1. 0.
 1. 0. 0. 1. 1. 0. 0. 1. 0. 1. 1. 0. 0. 1. 0. 0. 1. 1. 0. 1. 1. 0. 0. 0.
 0. 1. 1. 0. 0. 1. 0. 0. 1. 0. 1. 1. 1. 0. 0. 0. 1. 1. 0. 0. 0. 0. 1. 0.
 0. 1. 0. 1. 1. 1. 1. 0. 0. 0. 0. 1. 1. 1. 1. 0. 1. 1. 1. 1. 0. 1. 0. 0.
 1. 0. 0. 1. 1. 1. 1. 1. 0. 0. 1. 1. 1. 0. 0. 1. 0. 1. 0. 0. 1. 0. 1. 0.
 1. 0. 0. 0.]"
999,randomforest,"{'criterion': 'gini', 'max_features': 'sqrt', 'n_estimators': 527}",0.588349204822165,0.1881312967749522,0.16856500147225575,0.3385472127985551,0.5813344399029883,0.19284330502092184,0.5667781493868451,0.13432835820895528,0.5671641791044776,0.5671641791044776,"{0: 0.5851247493873913, 1: 0.5851247493873915}","{0: 0.5851247493873913, 1: 0.5851247493873915}",0.5851247493873915,"[[72 62]
 [54 80]]","[1. 0. 0. 0. 0. 1. 0. 1. 1. 0. 0. 0. 1. 0. 0. 0. 1. 0. 0. 0. 0. 1. 0. 0.
 0. 0. 1. 1. 1. 1. 1. 0. 0. 0. 1. 0. 1. 0. 1. 0. 1. 0. 1. 0. 0. 0. 1. 1.
 0. 0. 1. 0. 1. 1. 1. 1. 1. 1. 0. 1. 1. 0. 1. 0. 0. 0. 1. 1. 1. 1. 0. 0.
 1. 1. 0. 1. 1. 0. 0. 0. 1. 1. 1. 0. 0. 1. 0. 1. 1. 1. 1. 1. 0. 1. 1. 1.
 0. 0. 1. 1. 0. 1. 0. 1. 0. 0. 0. 1. 0. 1. 0. 0. 0. 1. 1. 0. 1. 0. 0. 0.
 0. 1. 1. 1. 1. 1. 1. 1. 1. 0. 0. 1. 1. 0. 1. 1. 0. 1. 0. 1. 1. 0. 0. 0.
 1. 0. 0. 0. 1. 1. 1. 0. 1. 1. 0. 1. 1. 0. 1. 0. 1. 1. 0. 0. 1. 1. 0. 1.
 1. 1. 0. 1. 1. 0. 0. 1. 1. 0. 1. 0. 0. 0. 1. 1. 0. 0. 1. 1. 0. 0. 1. 1.
 1. 1. 1. 1. 1. 1. 0. 0. 0. 0. 1. 1. 0. 0. 0. 0. 1. 1. 0. 1. 1. 1. 0. 0.
 1. 1. 0. 1. 0. 0. 0. 0. 1. 1. 1. 0. 1. 0. 1. 1. 1. 1. 1. 1. 0. 1. 0. 0.
 1. 1. 0. 0. 1. 1. 1. 1. 0. 1. 1. 0. 1. 0. 0. 1. 0. 0. 0. 1. 0. 0. 1. 1.
 1. 0. 1. 0.]","[0. 1. 0. 0. 0. 1. 1. 1. 0. 0. 0. 0. 0. 1. 0. 0. 1. 1. 0. 0. 0. 0. 0. 1.
 0. 0. 1. 0. 1. 0. 0. 1. 0. 1. 1. 0. 0. 0. 1. 0. 0. 0. 1. 1. 1. 0. 1. 0.
 1. 0. 1. 1. 0. 1. 1. 1. 1. 0. 1. 0. 0. 1. 1. 1. 0. 0. 0. 1. 1. 0. 1. 1.
 0. 0. 1. 0. 0. 1. 0. 1. 0. 1. 1. 1. 0. 1. 0. 1. 1. 1. 1. 1. 1. 1. 1. 0.
 0. 0. 1. 1. 1. 0. 0. 1. 1. 1. 0. 0. 0. 1. 1. 1. 0. 0. 0. 0. 1. 1. 1. 0.
 1. 0. 0. 1. 1. 0. 0. 0. 0. 1. 0. 0. 1. 1. 0. 1. 1. 1. 0. 1. 1. 0. 1. 0.
 1. 1. 0. 0. 0. 1. 1. 0. 1. 1. 0. 1. 0. 0. 0. 1. 1. 1. 0. 1. 0. 1. 1. 0.
 1. 0. 0. 1. 1. 0. 0. 1. 0. 1. 1. 0. 0. 1. 0. 0. 1. 1. 0. 1. 1. 0. 0. 0.
 0. 1. 1. 0. 0. 1. 0. 0. 1. 0. 1. 1. 1. 0. 0. 0. 1. 1. 0. 0. 0. 0. 1. 0.
 0. 1. 0. 1. 1. 1. 1. 0. 0. 0. 0. 1. 1. 1. 1. 0. 1. 1. 1. 1. 0. 1. 0. 0.
 1. 0. 0. 1. 1. 1. 1. 1. 0. 0. 1. 1. 1. 0. 0. 1. 0. 1. 0. 0. 1. 0. 1. 0.
 1. 0. 0. 0.]"
260,randomforest,"{'criterion': 'gini', 'max_features': 'log2', 'n_estimators': 139}",0.5793979761355712,0.1874893929793866,0.16847578471371358,0.3395193908341556,0.5722486220470092,0.19456825580453818,0.56328082563824,0.12686567164179108,0.5634328358208955,0.5634328358208955,"{0: 0.5911116061483627, 1: 0.5911116061483627}","{0: 0.5911116061483627, 1: 0.5911116061483627}",0.5911116061483627,"[[73 61]
 [56 78]]","[1. 0. 0. 0. 0. 1. 0. 1. 1. 0. 0. 0. 1. 0. 0. 0. 1. 0. 0. 0. 0. 1. 0. 0.
 0. 0. 1. 1. 1. 1. 1. 0. 0. 0. 1. 0. 1. 0. 1. 0. 0. 0. 1. 0. 0. 1. 1. 0.
 0. 0. 1. 0. 0. 1. 1. 0. 1. 1. 0. 1. 1. 0. 1. 0. 0. 0. 1. 1. 1. 1. 0. 0.
 0. 1. 0. 1. 1. 0. 0. 0. 1. 1. 1. 0. 0. 1. 0. 1. 1. 1. 1. 1. 0. 1. 1. 1.
 0. 0. 1. 1. 0. 1. 1. 0. 0. 0. 0. 0. 0. 1. 0. 0. 0. 1. 1. 0. 1. 0. 0. 0.
 0. 1. 1. 1. 1. 1. 1. 1. 1. 0. 0. 1. 1. 0. 1. 1. 0. 1. 0. 1. 1. 0. 1. 0.
 0. 0. 0. 0. 1. 1. 1. 0. 1. 1. 0. 1. 1. 0. 1. 0. 1. 1. 0. 0. 1. 1. 0. 1.
 1. 1. 1. 1. 1. 0. 0. 1. 1. 0. 1. 1. 0. 1. 1. 1. 0. 0. 1. 1. 0. 0. 1. 1.
 1. 1. 1. 1. 1. 1. 0. 0. 0. 0. 1. 1. 0. 0. 0. 1. 1. 1. 0. 1. 1. 0. 0. 0.
 1. 1. 1. 1. 0. 0. 0. 0. 1. 1. 1. 0. 1. 0. 0. 1. 1. 1. 1. 1. 0. 1. 0. 0.
 1. 1. 0. 0. 1. 1. 1. 1. 0. 0. 1. 0. 1. 0. 0. 1. 0. 0. 0. 1. 0. 0. 1. 1.
 1. 0. 1. 0.]","[0. 1. 0. 0. 0. 1. 1. 1. 0. 0. 0. 0. 0. 1. 0. 0. 1. 1. 0. 0. 0. 0. 0. 1.
 0. 0. 1. 0. 1. 0. 0. 1. 0. 1. 1. 0. 0. 0. 1. 0. 0. 0. 1. 1. 1. 0. 1. 0.
 1. 0. 1. 1. 0. 1. 1. 1. 1. 0. 1. 0. 0. 1. 1. 1. 0. 0. 0. 1. 1. 0. 1. 1.
 0. 0. 1. 0. 0. 1. 0. 1. 0. 1. 1. 1. 0. 1. 0. 1. 1. 1. 1. 1. 1. 1. 1. 0.
 0. 0. 1. 1. 1. 0. 0. 1. 1. 1. 0. 0. 0. 1. 1. 1. 0. 0. 0. 0. 1. 1. 1. 0.
 1. 0. 0. 1. 1. 0. 0. 0. 0. 1. 0. 0. 1. 1. 0. 1. 1. 1. 0. 1. 1. 0. 1. 0.
 1. 1. 0. 0. 0. 1. 1. 0. 1. 1. 0. 1. 0. 0. 0. 1. 1. 1. 0. 1. 0. 1. 1. 0.
 1. 0. 0. 1. 1. 0. 0. 1. 0. 1. 1. 0. 0. 1. 0. 0. 1. 1. 0. 1. 1. 0. 0. 0.
 0. 1. 1. 0. 0. 1. 0. 0. 1. 0. 1. 1. 1. 0. 0. 0. 1. 1. 0. 0. 0. 0. 1. 0.
 0. 1. 0. 1. 1. 1. 1. 0. 0. 0. 0. 1. 1. 1. 1. 0. 1. 1. 1. 1. 0. 1. 0. 0.
 1. 0. 0. 1. 1. 1. 1. 1. 0. 0. 1. 1. 1. 0. 0. 1. 0. 1. 0. 0. 1. 0. 1. 0.
 1. 0. 0. 0.]"
867,randomforest,"{'criterion': 'gini', 'max_features': 'sqrt', 'n_estimators': 261}",0.5821867508062954,0.17944306350777928,0.16810464505150713,0.3243844559072866,0.5745989319073996,0.1870093600629057,0.5633781243472812,0.12686567164179108,0.5634328358208955,0.5634328358208955,"{0: 0.5914179104477612, 1: 0.5914179104477612}","{0: 0.5914179104477612, 1: 0.5914179104477612}",0.5914179104477612,"[[74 60]
 [57 77]]","[1. 0. 0. 0. 0. 1. 0. 1. 1. 0. 0. 0. 1. 0. 0. 0. 1. 0. 0. 0. 0. 1. 0. 0.
 1. 0. 1. 1. 1. 1. 1. 0. 0. 0. 1. 0. 0. 0. 1. 0. 0. 0. 1. 0. 0. 0. 1. 1.
 0. 0. 1. 0. 0. 1. 1. 1. 1. 1. 0. 1. 1. 0. 1. 0. 0. 0. 1. 1. 1. 1. 0. 0.
 1. 1. 0. 1. 1. 0. 0. 0. 1. 1. 1. 0. 0. 1. 0. 1. 1. 1. 1. 1. 0. 1. 1. 1.
 0. 0. 1. 1. 0. 1. 0. 0. 0. 0. 0. 0. 0. 1. 0. 0. 0. 1. 1. 0. 1. 0. 0. 0.
 0. 1. 1. 1. 1. 1. 1. 1. 1. 0. 0. 1. 1. 0. 1. 1. 0. 1. 0. 1. 0. 0. 0. 0.
 0. 0. 0. 0. 1. 1. 1. 0. 1. 1. 0. 1. 1. 0. 1. 0. 1. 1. 0. 0. 1. 1. 0. 1.
 1. 1. 0. 1. 1. 1. 0. 1. 1. 0. 1. 0. 0. 0. 1. 1. 0. 0. 1. 1. 0. 0. 1. 1.
 1. 1. 1. 0. 1. 1. 0. 0. 0. 0. 1. 1. 0. 1. 0. 0. 1. 1. 0. 1. 1. 1. 0. 0.
 1. 1. 0. 1. 0. 0. 0. 0. 1. 1. 1. 0. 1. 0. 1. 1. 1. 1. 1. 1. 0. 1. 0. 0.
 1. 1. 0. 0. 1. 1. 0. 1. 0. 1. 1. 0. 1. 0. 0. 1. 0. 1. 0. 1. 0. 0. 1. 1.
 1. 0. 1. 0.]","[0. 1. 0. 0. 0. 1. 1. 1. 0. 0. 0. 0. 0. 1. 0. 0. 1. 1. 0. 0. 0. 0. 0. 1.
 0. 0. 1. 0. 1. 0. 0. 1. 0. 1. 1. 0. 0. 0. 1. 0. 0. 0. 1. 1. 1. 0. 1. 0.
 1. 0. 1. 1. 0. 1. 1. 1. 1. 0. 1. 0. 0. 1. 1. 1. 0. 0. 0. 1. 1. 0. 1. 1.
 0. 0. 1. 0. 0. 1. 0. 1. 0. 1. 1. 1. 0. 1. 0. 1. 1. 1. 1. 1. 1. 1. 1. 0.
 0. 0. 1. 1. 1. 0. 0. 1. 1. 1. 0. 0. 0. 1. 1. 1. 0. 0. 0. 0. 1. 1. 1. 0.
 1. 0. 0. 1. 1. 0. 0. 0. 0. 1. 0. 0. 1. 1. 0. 1. 1. 1. 0. 1. 1. 0. 1. 0.
 1. 1. 0. 0. 0. 1. 1. 0. 1. 1. 0. 1. 0. 0. 0. 1. 1. 1. 0. 1. 0. 1. 1. 0.
 1. 0. 0. 1. 1. 0. 0. 1. 0. 1. 1. 0. 0. 1. 0. 0. 1. 1. 0. 1. 1. 0. 0. 0.
 0. 1. 1. 0. 0. 1. 0. 0. 1. 0. 1. 1. 1. 0. 0. 0. 1. 1. 0. 0. 0. 0. 1. 0.
 0. 1. 0. 1. 1. 1. 1. 0. 0. 0. 0. 1. 1. 1. 1. 0. 1. 1. 1. 1. 0. 1. 0. 0.
 1. 0. 0. 1. 1. 1. 1. 1. 0. 0. 1. 1. 1. 0. 0. 1. 0. 1. 0. 0. 1. 0. 1. 0.
 1. 0. 0. 0.]"
123,randomforest,"{'criterion': 'gini', 'max_features': 'log2', 'n_estimators': 567}",0.5846473409302843,0.20194315752260059,0.16802679341880675,0.37034471500560595,0.5772965814800491,0.20953332947512884,0.5626961215011924,0.12686567164179108,0.5634328358208955,0.5634328358208955,"{0: 0.585848741367788, 1: 0.585848741367788}","{0: 0.585848741367788, 1: 0.585848741367788}",0.585848741367788,"[[70 64]
 [53 81]]","[1. 0. 0. 0. 0. 1. 0. 1. 1. 0. 0. 0. 1. 0. 0. 0. 1. 0. 0. 1. 0. 1. 0. 0.
 0. 0. 1. 1. 1. 1. 1. 0. 0. 0. 1. 0. 1. 0. 1. 0. 0. 0. 1. 0. 0. 0. 1. 1.
 0. 0. 1. 0. 0. 1. 1. 1. 1. 1. 0. 1. 1. 0. 1. 0. 0. 0. 1. 1. 1. 1. 0. 0.
 1. 1. 0. 1. 1. 0. 0. 0. 1. 1. 1. 0. 0. 1. 1. 1. 1. 1. 1. 1. 0. 1. 1. 1.
 0. 0. 1. 1. 0. 1. 0. 0. 0. 0. 0. 1. 0. 1. 0. 0. 0. 1. 1. 0. 1. 0. 0. 0.
 0. 1. 1. 1. 1. 1. 1. 1. 1. 0. 0. 1. 1. 0. 1. 1. 0. 1. 0. 1. 1. 0. 1. 0.
 1. 0. 0. 0. 1. 1. 1. 0. 1. 0. 0. 1. 1. 0. 1. 0. 1. 1. 0. 0. 1. 1. 0. 1.
 1. 1. 0. 1. 1. 1. 0. 1. 1. 0. 1. 0. 0. 1. 1. 1. 0. 0. 1. 1. 0. 0. 1. 1.
 1. 1. 1. 1. 1. 1. 0. 0. 0. 0. 1. 1. 0. 1. 0. 0. 1. 1. 0. 1. 1. 1. 0. 0.
 1. 1. 0. 1. 0. 0. 0. 0. 1. 1. 1. 0. 1. 0. 1. 1. 1. 1. 1. 1. 0. 1. 0. 0.
 1. 1. 0. 0. 1. 1. 1. 1. 0. 1. 1. 0. 1. 0. 0. 1. 0. 1. 0. 1. 0. 0. 1. 1.
 1. 0. 1. 0.]","[0. 1. 0. 0. 0. 1. 1. 1. 0. 0. 0. 0. 0. 1. 0. 0. 1. 1. 0. 0. 0. 0. 0. 1.
 0. 0. 1. 0. 1. 0. 0. 1. 0. 1. 1. 0. 0. 0. 1. 0. 0. 0. 1. 1. 1. 0. 1. 0.
 1. 0. 1. 1. 0. 1. 1. 1. 1. 0. 1. 0. 0. 1. 1. 1. 0. 0. 0. 1. 1. 0. 1. 1.
 0. 0. 1. 0. 0. 1. 0. 1. 0. 1. 1. 1. 0. 1. 0. 1. 1. 1. 1. 1. 1. 1. 1. 0.
 0. 0. 1. 1. 1. 0. 0. 1. 1. 1. 0. 0. 0. 1. 1. 1. 0. 0. 0. 0. 1. 1. 1. 0.
 1. 0. 0. 1. 1. 0. 0. 0. 0. 1. 0. 0. 1. 1. 0. 1. 1. 1. 0. 1. 1. 0. 1. 0.
 1. 1. 0. 0. 0. 1. 1. 0. 1. 1. 0. 1. 0. 0. 0. 1. 1. 1. 0. 1. 0. 1. 1. 0.
 1. 0. 0. 1. 1. 0. 0. 1. 0. 1. 1. 0. 0. 1. 0. 0. 1. 1. 0. 1. 1. 0. 0. 0.
 0. 1. 1. 0. 0. 1. 0. 0. 1. 0. 1. 1. 1. 0. 0. 0. 1. 1. 0. 0. 0. 0. 1. 0.
 0. 1. 0. 1. 1. 1. 1. 0. 0. 0. 0. 1. 1. 1. 1. 0. 1. 1. 1. 1. 0. 1. 0. 0.
 1. 0. 0. 1. 1. 1. 1. 1. 0. 0. 1. 1. 1. 0. 0. 1. 0. 1. 0. 0. 1. 0. 1. 0.
 1. 0. 0. 0.]"
32,randomforest,"{'criterion': 'entropy', 'max_features': 'sqrt', 'n_estimators': 249}",0.5847647064312459,0.19386724468491387,0.16789124492432916,0.3534463751528954,0.5779293958729442,0.19699422552068316,0.5631347962382445,0.12686567164179108,0.5634328358208955,0.5634328358208955,"{0: 0.5793049676988195, 1: 0.5793049676988192}","{0: 0.5793049676988195, 1: 0.5793049676988192}",0.5793049676988192,"[[72 62]
 [55 79]]","[1. 0. 0. 0. 0. 1. 0. 1. 1. 0. 0. 0. 1. 0. 0. 0. 1. 0. 0. 0. 0. 1. 0. 0.
 0. 0. 1. 1. 1. 1. 1. 0. 0. 0. 1. 0. 0. 0. 1. 0. 1. 0. 1. 0. 0. 0. 1. 0.
 0. 0. 1. 0. 1. 1. 1. 1. 1. 1. 0. 1. 0. 0. 1. 0. 0. 0. 1. 1. 1. 1. 0. 0.
 0. 1. 0. 1. 1. 0. 0. 0. 1. 1. 1. 0. 0. 1. 1. 1. 1. 1. 1. 1. 0. 1. 1. 1.
 0. 0. 1. 1. 0. 1. 1. 0. 0. 0. 0. 1. 0. 1. 0. 0. 0. 1. 1. 0. 1. 0. 0. 0.
 0. 1. 1. 1. 1. 1. 1. 1. 1. 0. 0. 1. 1. 0. 1. 0. 0. 1. 0. 1. 1. 0. 0. 0.
 1. 0. 0. 0. 1. 1. 1. 0. 1. 1. 0. 1. 1. 0. 1. 0. 1. 1. 0. 0. 1. 1. 0. 1.
 1. 1. 0. 1. 1. 1. 0. 1. 1. 0. 1. 0. 0. 1. 1. 1. 0. 0. 1. 1. 0. 0. 1. 1.
 1. 1. 1. 1. 1. 1. 0. 0. 0. 0. 1. 1. 0. 1. 0. 0. 1. 1. 0. 1. 1. 1. 0. 0.
 1. 1. 0. 1. 0. 0. 0. 0. 1. 1. 1. 0. 1. 0. 1. 1. 1. 1. 1. 1. 0. 1. 0. 0.
 1. 1. 0. 0. 1. 1. 1. 1. 0. 1. 1. 0. 1. 0. 0. 1. 0. 0. 0. 1. 0. 0. 1. 1.
 1. 0. 1. 0.]","[0. 1. 0. 0. 0. 1. 1. 1. 0. 0. 0. 0. 0. 1. 0. 0. 1. 1. 0. 0. 0. 0. 0. 1.
 0. 0. 1. 0. 1. 0. 0. 1. 0. 1. 1. 0. 0. 0. 1. 0. 0. 0. 1. 1. 1. 0. 1. 0.
 1. 0. 1. 1. 0. 1. 1. 1. 1. 0. 1. 0. 0. 1. 1. 1. 0. 0. 0. 1. 1. 0. 1. 1.
 0. 0. 1. 0. 0. 1. 0. 1. 0. 1. 1. 1. 0. 1. 0. 1. 1. 1. 1. 1. 1. 1. 1. 0.
 0. 0. 1. 1. 1. 0. 0. 1. 1. 1. 0. 0. 0. 1. 1. 1. 0. 0. 0. 0. 1. 1. 1. 0.
 1. 0. 0. 1. 1. 0. 0. 0. 0. 1. 0. 0. 1. 1. 0. 1. 1. 1. 0. 1. 1. 0. 1. 0.
 1. 1. 0. 0. 0. 1. 1. 0. 1. 1. 0. 1. 0. 0. 0. 1. 1. 1. 0. 1. 0. 1. 1. 0.
 1. 0. 0. 1. 1. 0. 0. 1. 0. 1. 1. 0. 0. 1. 0. 0. 1. 1. 0. 1. 1. 0. 0. 0.
 0. 1. 1. 0. 0. 1. 0. 0. 1. 0. 1. 1. 1. 0. 0. 0. 1. 1. 0. 0. 0. 0. 1. 0.
 0. 1. 0. 1. 1. 1. 1. 0. 0. 0. 0. 1. 1. 1. 1. 0. 1. 1. 1. 1. 0. 1. 0. 0.
 1. 0. 0. 1. 1. 1. 1. 1. 0. 0. 1. 1. 1. 0. 0. 1. 0. 1. 0. 0. 1. 0. 1. 0.
 1. 0. 0. 0.]"
763,randomforest,"{'criterion': 'gini', 'max_features': 'sqrt', 'n_estimators': 441}",0.5878757927245216,0.1979251623608078,0.16782374604424447,0.35299230429431844,0.581389766520815,0.20255236185417555,0.5671400724032303,0.13432835820895528,0.5671641791044776,0.5671641791044776,"{0: 0.5859044330585876, 1: 0.5859044330585876}","{0: 0.5859044330585876, 1: 0.5859044330585876}",0.5859044330585876,"[[75 59]
 [57 77]]","[1. 0. 0. 0. 0. 1. 0. 1. 1. 0. 0. 0. 1. 0. 0. 0. 1. 0. 0. 0. 0. 1. 0. 0.
 0. 0. 1. 1. 1. 1. 1. 0. 0. 0. 1. 0. 0. 0. 1. 0. 1. 0. 1. 1. 0. 0. 1. 0.
 0. 0. 1. 0. 1. 1. 1. 1. 1. 1. 0. 1. 1. 0. 1. 1. 0. 0. 1. 1. 1. 1. 0. 0.
 1. 1. 0. 1. 1. 0. 0. 0. 0. 1. 1. 0. 0. 1. 0. 1. 1. 1. 1. 1. 0. 1. 1. 1.
 0. 0. 1. 1. 0. 1. 0. 0. 0. 0. 0. 1. 0. 1. 0. 0. 0. 1. 1. 0. 1. 0. 0. 0.
 0. 1. 1. 1. 1. 1. 1. 1. 1. 0. 0. 1. 1. 0. 1. 1. 0. 1. 0. 1. 1. 0. 0. 0.
 0. 0. 0. 0. 1. 1. 1. 0. 1. 0. 0. 1. 1. 0. 1. 0. 1. 1. 0. 0. 1. 1. 0. 1.
 1. 1. 0. 1. 1. 0. 0. 1. 1. 0. 1. 0. 0. 0. 1. 1. 0. 0. 1. 1. 0. 0. 1. 1.
 1. 1. 0. 0. 1. 1. 0. 0. 0. 0. 1. 1. 0. 1. 0. 0. 1. 1. 0. 1. 1. 1. 0. 0.
 1. 1. 0. 0. 0. 0. 0. 0. 1. 1. 1. 0. 0. 0. 1. 1. 1. 1. 1. 1. 0. 1. 0. 0.
 1. 1. 0. 0. 1. 1. 1. 1. 0. 1. 1. 0. 1. 0. 0. 1. 0. 1. 0. 1. 0. 0. 1. 1.
 1. 0. 1. 0.]","[0. 1. 0. 0. 0. 1. 1. 1. 0. 0. 0. 0. 0. 1. 0. 0. 1. 1. 0. 0. 0. 0. 0. 1.
 0. 0. 1. 0. 1. 0. 0. 1. 0. 1. 1. 0. 0. 0. 1. 0. 0. 0. 1. 1. 1. 0. 1. 0.
 1. 0. 1. 1. 0. 1. 1. 1. 1. 0. 1. 0. 0. 1. 1. 1. 0. 0. 0. 1. 1. 0. 1. 1.
 0. 0. 1. 0. 0. 1. 0. 1. 0. 1. 1. 1. 0. 1. 0. 1. 1. 1. 1. 1. 1. 1. 1. 0.
 0. 0. 1. 1. 1. 0. 0. 1. 1. 1. 0. 0. 0. 1. 1. 1. 0. 0. 0. 0. 1. 1. 1. 0.
 1. 0. 0. 1. 1. 0. 0. 0. 0. 1. 0. 0. 1. 1. 0. 1. 1. 1. 0. 1. 1. 0. 1. 0.
 1. 1. 0. 0. 0. 1. 1. 0. 1. 1. 0. 1. 0. 0. 0. 1. 1. 1. 0. 1. 0. 1. 1. 0.
 1. 0. 0. 1. 1. 0. 0. 1. 0. 1. 1. 0. 0. 1. 0. 0. 1. 1. 0. 1. 1. 0. 0. 0.
 0. 1. 1. 0. 0. 1. 0. 0. 1. 0. 1. 1. 1. 0. 0. 0. 1. 1. 0. 0. 0. 0. 1. 0.
 0. 1. 0. 1. 1. 1. 1. 0. 0. 0. 0. 1. 1. 1. 1. 0. 1. 1. 1. 1. 0. 1. 0. 0.
 1. 0. 0. 1. 1. 1. 1. 1. 0. 0. 1. 1. 1. 0. 0. 1. 0. 1. 0. 0. 1. 0. 1. 0.
 1. 0. 0. 0.]"
153,randomforest,"{'criterion': 'gini', 'max_features': 'sqrt', 'n_estimators': 423}",0.5869548993244439,0.19481794971130856,0.16779861868615872,0.35285272343058594,0.5794916086750764,0.20216500430015133,0.5669471220816849,0.13432835820895528,0.5671641791044776,0.5671641791044777,"{0: 0.5934228113165516, 1: 0.5934228113165516}","{0: 0.5934228113165516, 1: 0.5934228113165516}",0.5934228113165516,"[[73 61]
 [55 79]]","[1. 0. 0. 0. 0. 1. 0. 1. 1. 0. 0. 0. 1. 0. 0. 0. 1. 0. 0. 0. 0. 1. 0. 0.
 0. 0. 1. 1. 1. 1. 1. 0. 0. 0. 1. 0. 1. 0. 1. 0. 1. 0. 1. 0. 0. 0. 1. 1.
 0. 0. 1. 0. 1. 1. 1. 1. 1. 1. 0. 1. 1. 0. 1. 1. 0. 0. 1. 1. 1. 1. 0. 0.
 1. 1. 0. 1. 1. 0. 0. 0. 1. 1. 1. 0. 0. 1. 1. 1. 1. 1. 1. 1. 0. 1. 1. 1.
 0. 0. 1. 1. 0. 1. 1. 0. 0. 0. 0. 0. 0. 1. 0. 0. 0. 1. 1. 0. 1. 0. 0. 0.
 0. 1. 1. 1. 1. 1. 1. 1. 0. 0. 0. 1. 1. 0. 1. 1. 0. 1. 0. 1. 1. 0. 0. 0.
 0. 0. 0. 0. 1. 1. 1. 0. 1. 1. 0. 1. 1. 0. 1. 0. 1. 1. 0. 0. 1. 1. 0. 1.
 1. 1. 0. 1. 1. 0. 0. 1. 1. 0. 1. 0. 0. 0. 1. 1. 0. 0. 1. 1. 0. 0. 1. 1.
 0. 1. 1. 1. 1. 1. 0. 0. 0. 0. 1. 1. 0. 0. 0. 0. 1. 1. 0. 1. 1. 1. 0. 0.
 1. 1. 0. 1. 0. 0. 0. 0. 1. 1. 1. 0. 0. 0. 1. 1. 1. 1. 1. 1. 0. 1. 0. 0.
 1. 1. 0. 0. 1. 1. 1. 1. 0. 1. 1. 0. 1. 0. 0. 1. 0. 1. 0. 1. 0. 0. 1. 1.
 1. 0. 1. 0.]","[0. 1. 0. 0. 0. 1. 1. 1. 0. 0. 0. 0. 0. 1. 0. 0. 1. 1. 0. 0. 0. 0. 0. 1.
 0. 0. 1. 0. 1. 0. 0. 1. 0. 1. 1. 0. 0. 0. 1. 0. 0. 0. 1. 1. 1. 0. 1. 0.
 1. 0. 1. 1. 0. 1. 1. 1. 1. 0. 1. 0. 0. 1. 1. 1. 0. 0. 0. 1. 1. 0. 1. 1.
 0. 0. 1. 0. 0. 1. 0. 1. 0. 1. 1. 1. 0. 1. 0. 1. 1. 1. 1. 1. 1. 1. 1. 0.
 0. 0. 1. 1. 1. 0. 0. 1. 1. 1. 0. 0. 0. 1. 1. 1. 0. 0. 0. 0. 1. 1. 1. 0.
 1. 0. 0. 1. 1. 0. 0. 0. 0. 1. 0. 0. 1. 1. 0. 1. 1. 1. 0. 1. 1. 0. 1. 0.
 1. 1. 0. 0. 0. 1. 1. 0. 1. 1. 0. 1. 0. 0. 0. 1. 1. 1. 0. 1. 0. 1. 1. 0.
 1. 0. 0. 1. 1. 0. 0. 1. 0. 1. 1. 0. 0. 1. 0. 0. 1. 1. 0. 1. 1. 0. 0. 0.
 0. 1. 1. 0. 0. 1. 0. 0. 1. 0. 1. 1. 1. 0. 0. 0. 1. 1. 0. 0. 0. 0. 1. 0.
 0. 1. 0. 1. 1. 1. 1. 0. 0. 0. 0. 1. 1. 1. 1. 0. 1. 1. 1. 1. 0. 1. 0. 0.
 1. 0. 0. 1. 1. 1. 1. 1. 0. 0. 1. 1. 1. 0. 0. 1. 0. 1. 0. 0. 1. 0. 1. 0.
 1. 0. 0. 0.]"
116,randomforest,"{'criterion': 'entropy', 'max_features': 'sqrt', 'n_estimators': 141}",0.5783479761243044,0.19240567245160747,0.16763334378571207,0.3481676790359292,0.5704298389782261,0.19751503813730217,0.555468826226949,0.11194029850746268,0.5559701492537313,0.5559701492537313,"{0: 0.579778347070617, 1: 0.5797783470706172}","{0: 0.579778347070617, 1: 0.5797783470706172}",0.5797783470706172,"[[70 64]
 [55 79]]","[1. 0. 0. 0. 0. 1. 0. 1. 1. 0. 0. 0. 1. 0. 0. 0. 1. 0. 0. 0. 0. 1. 0. 0.
 1. 0. 1. 1. 1. 1. 1. 0. 0. 0. 1. 1. 0. 0. 0. 0. 0. 0. 1. 0. 0. 0. 1. 1.
 0. 0. 1. 0. 0. 1. 1. 1. 1. 1. 0. 1. 1. 1. 1. 0. 0. 0. 1. 1. 1. 1. 0. 0.
 1. 1. 0. 1. 1. 0. 1. 0. 1. 1. 1. 1. 0. 1. 0. 1. 1. 1. 1. 1. 0. 1. 1. 1.
 0. 0. 1. 1. 1. 1. 1. 0. 0. 0. 0. 1. 0. 1. 0. 0. 0. 1. 1. 0. 1. 0. 0. 0.
 0. 1. 1. 1. 1. 1. 1. 1. 1. 0. 0. 1. 1. 0. 1. 1. 0. 1. 0. 1. 1. 0. 1. 0.
 0. 0. 0. 0. 1. 1. 1. 0. 1. 1. 0. 1. 1. 0. 1. 0. 1. 1. 0. 0. 1. 0. 0. 1.
 1. 1. 0. 1. 1. 0. 1. 1. 1. 0. 1. 0. 0. 1. 1. 1. 0. 0. 0. 1. 0. 0. 0. 1.
 1. 1. 1. 1. 0. 1. 0. 1. 0. 0. 1. 1. 0. 1. 0. 0. 1. 1. 0. 1. 1. 1. 0. 0.
 1. 1. 0. 0. 0. 0. 0. 0. 1. 1. 1. 0. 0. 0. 0. 1. 1. 1. 1. 1. 0. 1. 0. 0.
 1. 1. 0. 0. 1. 1. 1. 1. 0. 1. 1. 0. 1. 0. 1. 1. 0. 1. 0. 1. 0. 0. 1. 1.
 1. 0. 1. 0.]","[0. 1. 0. 0. 0. 1. 1. 1. 0. 0. 0. 0. 0. 1. 0. 0. 1. 1. 0. 0. 0. 0. 0. 1.
 0. 0. 1. 0. 1. 0. 0. 1. 0. 1. 1. 0. 0. 0. 1. 0. 0. 0. 1. 1. 1. 0. 1. 0.
 1. 0. 1. 1. 0. 1. 1. 1. 1. 0. 1. 0. 0. 1. 1. 1. 0. 0. 0. 1. 1. 0. 1. 1.
 0. 0. 1. 0. 0. 1. 0. 1. 0. 1. 1. 1. 0. 1. 0. 1. 1. 1. 1. 1. 1. 1. 1. 0.
 0. 0. 1. 1. 1. 0. 0. 1. 1. 1. 0. 0. 0. 1. 1. 1. 0. 0. 0. 0. 1. 1. 1. 0.
 1. 0. 0. 1. 1. 0. 0. 0. 0. 1. 0. 0. 1. 1. 0. 1. 1. 1. 0. 1. 1. 0. 1. 0.
 1. 1. 0. 0. 0. 1. 1. 0. 1. 1. 0. 1. 0. 0. 0. 1. 1. 1. 0. 1. 0. 1. 1. 0.
 1. 0. 0. 1. 1. 0. 0. 1. 0. 1. 1. 0. 0. 1. 0. 0. 1. 1. 0. 1. 1. 0. 0. 0.
 0. 1. 1. 0. 0. 1. 0. 0. 1. 0. 1. 1. 1. 0. 0. 0. 1. 1. 0. 0. 0. 0. 1. 0.
 0. 1. 0. 1. 1. 1. 1. 0. 0. 0. 0. 1. 1. 1. 1. 0. 1. 1. 1. 1. 0. 1. 0. 0.
 1. 0. 0. 1. 1. 1. 1. 1. 0. 0. 1. 1. 1. 0. 0. 1. 0. 1. 0. 0. 1. 0. 1. 0.
 1. 0. 0. 0.]"
645,randomforest,"{'criterion': 'gini', 'max_features': 'log2', 'n_estimators': 141}",0.5730323093466806,0.20781380750196088,0.1675669769941759,0.3796413039454077,0.5661082290618581,0.2122963374271576,0.5522138680033416,0.10447761194029848,0.5522388059701493,0.5522388059701493,"{0: 0.590610380931165, 1: 0.590610380931165}","{0: 0.590610380931165, 1: 0.590610380931165}",0.590610380931165,"[[73 61]
 [59 75]]","[1. 0. 0. 0. 0. 1. 0. 1. 1. 0. 1. 0. 1. 0. 0. 0. 0. 0. 0. 0. 0. 1. 0. 0.
 0. 0. 1. 1. 1. 1. 1. 0. 0. 0. 1. 0. 1. 0. 1. 0. 0. 0. 1. 0. 0. 1. 1. 1.
 0. 0. 1. 0. 1. 1. 1. 1. 1. 1. 0. 1. 0. 0. 1. 0. 0. 0. 1. 1. 1. 1. 0. 0.
 1. 1. 0. 1. 1. 0. 0. 0. 0. 1. 1. 0. 0. 1. 0. 1. 1. 1. 1. 1. 0. 1. 1. 1.
 0. 0. 1. 1. 0. 1. 1. 0. 0. 0. 0. 1. 0. 1. 0. 0. 0. 1. 1. 0. 1. 0. 0. 0.
 0. 1. 1. 1. 1. 1. 1. 1. 1. 0. 0. 1. 1. 0. 1. 1. 0. 0. 0. 1. 1. 0. 1. 0.
 0. 0. 0. 0. 1. 1. 1. 0. 1. 0. 0. 1. 1. 0. 1. 0. 1. 1. 0. 0. 1. 1. 0. 1.
 1. 1. 0. 1. 1. 0. 0. 1. 1. 0. 1. 0. 0. 1. 1. 1. 0. 0. 1. 1. 0. 0. 1. 1.
 1. 1. 1. 1. 0. 1. 0. 0. 0. 0. 1. 1. 0. 0. 0. 0. 1. 1. 0. 1. 1. 1. 0. 0.
 1. 1. 0. 0. 0. 0. 0. 0. 1. 1. 1. 0. 1. 0. 1. 1. 1. 1. 1. 1. 0. 1. 0. 0.
 1. 1. 0. 0. 1. 1. 0. 1. 0. 1. 1. 0. 1. 0. 0. 1. 0. 0. 0. 1. 0. 0. 1. 1.
 1. 0. 1. 0.]","[0. 1. 0. 0. 0. 1. 1. 1. 0. 0. 0. 0. 0. 1. 0. 0. 1. 1. 0. 0. 0. 0. 0. 1.
 0. 0. 1. 0. 1. 0. 0. 1. 0. 1. 1. 0. 0. 0. 1. 0. 0. 0. 1. 1. 1. 0. 1. 0.
 1. 0. 1. 1. 0. 1. 1. 1. 1. 0. 1. 0. 0. 1. 1. 1. 0. 0. 0. 1. 1. 0. 1. 1.
 0. 0. 1. 0. 0. 1. 0. 1. 0. 1. 1. 1. 0. 1. 0. 1. 1. 1. 1. 1. 1. 1. 1. 0.
 0. 0. 1. 1. 1. 0. 0. 1. 1. 1. 0. 0. 0. 1. 1. 1. 0. 0. 0. 0. 1. 1. 1. 0.
 1. 0. 0. 1. 1. 0. 0. 0. 0. 1. 0. 0. 1. 1. 0. 1. 1. 1. 0. 1. 1. 0. 1. 0.
 1. 1. 0. 0. 0. 1. 1. 0. 1. 1. 0. 1. 0. 0. 0. 1. 1. 1. 0. 1. 0. 1. 1. 0.
 1. 0. 0. 1. 1. 0. 0. 1. 0. 1. 1. 0. 0. 1. 0. 0. 1. 1. 0. 1. 1. 0. 0. 0.
 0. 1. 1. 0. 0. 1. 0. 0. 1. 0. 1. 1. 1. 0. 0. 0. 1. 1. 0. 0. 0. 0. 1. 0.
 0. 1. 0. 1. 1. 1. 1. 0. 0. 0. 0. 1. 1. 1. 1. 0. 1. 1. 1. 1. 0. 1. 0. 0.
 1. 0. 0. 1. 1. 1. 1. 1. 0. 0. 1. 1. 1. 0. 0. 1. 0. 1. 0. 0. 1. 0. 1. 0.
 1. 0. 0. 0.]"
816,randomforest,"{'criterion': 'gini', 'max_features': 'sqrt', 'n_estimators': 237}",0.5870223744773125,0.18343728715522475,0.16753155286945062,0.34531099369823615,0.5791535767846251,0.19064899890747083,0.5594806931520588,0.11940298507462688,0.5597014925373134,0.5597014925373134,"{0: 0.5926988193361551, 1: 0.592698819336155}","{0: 0.5926988193361551, 1: 0.592698819336155}",0.592698819336155,"[[72 62]
 [56 78]]","[1. 0. 0. 0. 0. 1. 0. 1. 1. 0. 0. 0. 1. 0. 0. 0. 1. 0. 0. 0. 0. 1. 0. 0.
 1. 0. 1. 1. 1. 1. 1. 0. 0. 0. 1. 1. 1. 0. 1. 0. 0. 0. 1. 1. 0. 1. 1. 1.
 0. 0. 1. 0. 0. 1. 1. 1. 1. 1. 0. 1. 0. 0. 1. 0. 0. 0. 1. 1. 1. 1. 0. 0.
 0. 1. 0. 1. 1. 0. 0. 0. 1. 1. 1. 0. 0. 1. 1. 1. 1. 1. 1. 1. 0. 1. 1. 1.
 0. 0. 1. 1. 1. 1. 1. 0. 0. 0. 0. 0. 0. 1. 0. 0. 1. 1. 1. 0. 1. 0. 0. 0.
 0. 1. 1. 1. 1. 1. 1. 1. 1. 0. 0. 1. 1. 0. 1. 1. 0. 1. 0. 1. 1. 0. 0. 0.
 1. 0. 0. 0. 1. 1. 1. 0. 1. 0. 0. 1. 1. 0. 1. 0. 1. 1. 0. 0. 1. 1. 0. 1.
 1. 1. 0. 1. 1. 0. 0. 1. 1. 0. 1. 0. 0. 0. 1. 1. 0. 0. 1. 0. 0. 0. 1. 1.
 0. 1. 1. 0. 1. 1. 0. 1. 0. 0. 1. 1. 0. 0. 0. 0. 1. 1. 0. 1. 1. 1. 0. 0.
 1. 1. 0. 1. 0. 0. 0. 0. 1. 1. 1. 0. 1. 0. 0. 1. 1. 1. 1. 1. 0. 1. 0. 0.
 1. 1. 0. 0. 1. 1. 0. 1. 0. 1. 1. 0. 1. 0. 0. 1. 0. 1. 0. 1. 0. 0. 1. 1.
 1. 0. 1. 0.]","[0. 1. 0. 0. 0. 1. 1. 1. 0. 0. 0. 0. 0. 1. 0. 0. 1. 1. 0. 0. 0. 0. 0. 1.
 0. 0. 1. 0. 1. 0. 0. 1. 0. 1. 1. 0. 0. 0. 1. 0. 0. 0. 1. 1. 1. 0. 1. 0.
 1. 0. 1. 1. 0. 1. 1. 1. 1. 0. 1. 0. 0. 1. 1. 1. 0. 0. 0. 1. 1. 0. 1. 1.
 0. 0. 1. 0. 0. 1. 0. 1. 0. 1. 1. 1. 0. 1. 0. 1. 1. 1. 1. 1. 1. 1. 1. 0.
 0. 0. 1. 1. 1. 0. 0. 1. 1. 1. 0. 0. 0. 1. 1. 1. 0. 0. 0. 0. 1. 1. 1. 0.
 1. 0. 0. 1. 1. 0. 0. 0. 0. 1. 0. 0. 1. 1. 0. 1. 1. 1. 0. 1. 1. 0. 1. 0.
 1. 1. 0. 0. 0. 1. 1. 0. 1. 1. 0. 1. 0. 0. 0. 1. 1. 1. 0. 1. 0. 1. 1. 0.
 1. 0. 0. 1. 1. 0. 0. 1. 0. 1. 1. 0. 0. 1. 0. 0. 1. 1. 0. 1. 1. 0. 0. 0.
 0. 1. 1. 0. 0. 1. 0. 0. 1. 0. 1. 1. 1. 0. 0. 0. 1. 1. 0. 0. 0. 0. 1. 0.
 0. 1. 0. 1. 1. 1. 1. 0. 0. 0. 0. 1. 1. 1. 1. 0. 1. 1. 1. 1. 0. 1. 0. 0.
 1. 0. 0. 1. 1. 1. 1. 1. 0. 0. 1. 1. 1. 0. 0. 1. 0. 1. 0. 0. 1. 0. 1. 0.
 1. 0. 0. 0.]"
432,randomforest,"{'criterion': 'entropy', 'max_features': 'log2', 'n_estimators': 257}",0.6018217660407467,0.18383090602380792,0.1674790791007553,0.310820156370142,0.5968617404101275,0.17599989864864224,0.57821139570189,0.15671641791044777,0.5783582089552238,0.5783582089552238,"{0: 0.5979895299621297, 1: 0.5979895299621297}","{0: 0.5979895299621297, 1: 0.5979895299621297}",0.5979895299621297,"[[75 59]
 [54 80]]","[1. 0. 0. 0. 0. 1. 0. 1. 1. 0. 0. 0. 1. 0. 0. 0. 1. 0. 0. 0. 0. 1. 0. 0.
 0. 0. 1. 1. 1. 1. 1. 0. 0. 0. 1. 0. 0. 0. 1. 0. 1. 0. 1. 1. 0. 0. 1. 0.
 0. 0. 1. 0. 0. 1. 1. 1. 1. 1. 0. 1. 1. 0. 1. 0. 0. 0. 1. 1. 1. 1. 0. 0.
 0. 1. 0. 1. 1. 0. 1. 0. 1. 1. 1. 0. 0. 1. 0. 1. 1. 1. 1. 1. 0. 1. 1. 1.
 0. 0. 1. 1. 0. 1. 1. 0. 1. 0. 0. 1. 0. 1. 0. 0. 0. 1. 1. 0. 1. 0. 0. 0.
 0. 1. 1. 1. 1. 1. 1. 1. 1. 0. 0. 1. 1. 0. 1. 1. 0. 1. 0. 1. 1. 0. 0. 0.
 0. 0. 0. 0. 1. 1. 1. 0. 1. 1. 0. 1. 1. 0. 1. 0. 1. 1. 0. 0. 1. 1. 0. 1.
 1. 1. 0. 1. 1. 1. 0. 1. 1. 0. 1. 0. 0. 1. 1. 1. 0. 0. 1. 1. 0. 0. 1. 1.
 0. 1. 0. 0. 1. 1. 0. 0. 0. 0. 1. 1. 0. 0. 0. 0. 1. 1. 0. 1. 1. 1. 0. 0.
 1. 1. 0. 1. 0. 0. 0. 0. 1. 1. 1. 0. 1. 0. 1. 1. 1. 1. 1. 1. 0. 1. 0. 0.
 1. 1. 0. 0. 1. 1. 0. 1. 0. 1. 1. 0. 1. 0. 0. 1. 0. 1. 0. 1. 0. 0. 1. 1.
 1. 0. 1. 0.]","[0. 1. 0. 0. 0. 1. 1. 1. 0. 0. 0. 0. 0. 1. 0. 0. 1. 1. 0. 0. 0. 0. 0. 1.
 0. 0. 1. 0. 1. 0. 0. 1. 0. 1. 1. 0. 0. 0. 1. 0. 0. 0. 1. 1. 1. 0. 1. 0.
 1. 0. 1. 1. 0. 1. 1. 1. 1. 0. 1. 0. 0. 1. 1. 1. 0. 0. 0. 1. 1. 0. 1. 1.
 0. 0. 1. 0. 0. 1. 0. 1. 0. 1. 1. 1. 0. 1. 0. 1. 1. 1. 1. 1. 1. 1. 1. 0.
 0. 0. 1. 1. 1. 0. 0. 1. 1. 1. 0. 0. 0. 1. 1. 1. 0. 0. 0. 0. 1. 1. 1. 0.
 1. 0. 0. 1. 1. 0. 0. 0. 0. 1. 0. 0. 1. 1. 0. 1. 1. 1. 0. 1. 1. 0. 1. 0.
 1. 1. 0. 0. 0. 1. 1. 0. 1. 1. 0. 1. 0. 0. 0. 1. 1. 1. 0. 1. 0. 1. 1. 0.
 1. 0. 0. 1. 1. 0. 0. 1. 0. 1. 1. 0. 0. 1. 0. 0. 1. 1. 0. 1. 1. 0. 0. 0.
 0. 1. 1. 0. 0. 1. 0. 0. 1. 0. 1. 1. 1. 0. 0. 0. 1. 1. 0. 0. 0. 0. 1. 0.
 0. 1. 0. 1. 1. 1. 1. 0. 0. 0. 0. 1. 1. 1. 1. 0. 1. 1. 1. 1. 0. 1. 0. 0.
 1. 0. 0. 1. 1. 1. 1. 1. 0. 0. 1. 1. 1. 0. 0. 1. 0. 1. 0. 0. 1. 0. 1. 0.
 1. 0. 0. 0.]"
194,randomforest,"{'criterion': 'gini', 'max_features': None, 'n_estimators': 177}",0.5564689714924271,0.22975256974200067,0.16744592098864472,0.38290827756259904,0.5564686787973078,0.23158987006834864,0.5520142642224327,0.10447761194029848,0.5522388059701493,0.5522388059701493,"{0: 0.5794998886166185, 1: 0.5794998886166184}","{0: 0.5794998886166185, 1: 0.5794998886166184}",0.5794998886166184,"[[71 63]
 [57 77]]","[1. 0. 0. 0. 0. 1. 0. 1. 1. 0. 0. 0. 1. 0. 0. 0. 0. 0. 0. 0. 0. 1. 0. 0.
 0. 0. 1. 1. 1. 1. 1. 0. 0. 0. 1. 1. 0. 0. 1. 0. 1. 0. 1. 1. 0. 0. 1. 0.
 0. 0. 1. 0. 1. 1. 1. 1. 1. 1. 0. 1. 0. 0. 1. 0. 0. 0. 1. 1. 1. 1. 0. 0.
 1. 1. 0. 1. 1. 0. 0. 0. 1. 1. 1. 0. 0. 1. 1. 1. 1. 1. 1. 1. 0. 1. 1. 1.
 0. 0. 1. 1. 0. 1. 1. 0. 0. 0. 0. 0. 0. 1. 0. 0. 1. 1. 1. 0. 1. 0. 0. 0.
 0. 1. 1. 1. 1. 1. 1. 1. 1. 0. 0. 0. 1. 0. 1. 1. 0. 1. 0. 0. 0. 0. 1. 0.
 0. 0. 0. 1. 1. 1. 1. 0. 1. 0. 0. 1. 1. 0. 1. 0. 1. 1. 0. 0. 1. 1. 0. 1.
 1. 1. 1. 1. 1. 0. 0. 1. 1. 0. 1. 0. 0. 1. 1. 1. 0. 0. 1. 1. 0. 0. 1. 1.
 1. 1. 0. 1. 0. 1. 0. 1. 0. 0. 1. 1. 0. 0. 0. 0. 1. 1. 0. 1. 1. 1. 0. 0.
 1. 1. 0. 1. 0. 0. 0. 0. 1. 1. 1. 0. 1. 0. 1. 1. 1. 1. 1. 1. 0. 1. 0. 0.
 1. 1. 0. 0. 1. 1. 1. 1. 0. 1. 1. 0. 1. 0. 0. 1. 0. 1. 0. 1. 0. 0. 1. 1.
 1. 0. 1. 0.]","[0. 1. 0. 0. 0. 1. 1. 1. 0. 0. 0. 0. 0. 1. 0. 0. 1. 1. 0. 0. 0. 0. 0. 1.
 0. 0. 1. 0. 1. 0. 0. 1. 0. 1. 1. 0. 0. 0. 1. 0. 0. 0. 1. 1. 1. 0. 1. 0.
 1. 0. 1. 1. 0. 1. 1. 1. 1. 0. 1. 0. 0. 1. 1. 1. 0. 0. 0. 1. 1. 0. 1. 1.
 0. 0. 1. 0. 0. 1. 0. 1. 0. 1. 1. 1. 0. 1. 0. 1. 1. 1. 1. 1. 1. 1. 1. 0.
 0. 0. 1. 1. 1. 0. 0. 1. 1. 1. 0. 0. 0. 1. 1. 1. 0. 0. 0. 0. 1. 1. 1. 0.
 1. 0. 0. 1. 1. 0. 0. 0. 0. 1. 0. 0. 1. 1. 0. 1. 1. 1. 0. 1. 1. 0. 1. 0.
 1. 1. 0. 0. 0. 1. 1. 0. 1. 1. 0. 1. 0. 0. 0. 1. 1. 1. 0. 1. 0. 1. 1. 0.
 1. 0. 0. 1. 1. 0. 0. 1. 0. 1. 1. 0. 0. 1. 0. 0. 1. 1. 0. 1. 1. 0. 0. 0.
 0. 1. 1. 0. 0. 1. 0. 0. 1. 0. 1. 1. 1. 0. 0. 0. 1. 1. 0. 0. 0. 0. 1. 0.
 0. 1. 0. 1. 1. 1. 1. 0. 0. 0. 0. 1. 1. 1. 1. 0. 1. 1. 1. 1. 0. 1. 0. 0.
 1. 0. 0. 1. 1. 1. 1. 1. 0. 0. 1. 1. 1. 0. 0. 1. 0. 1. 0. 0. 1. 0. 1. 0.
 1. 0. 0. 0.]"
570,randomforest,"{'criterion': 'entropy', 'max_features': 'sqrt', 'n_estimators': 327}",0.5760111364277172,0.20739922092262214,0.16717537813757435,0.37830891988484666,0.5692169874629552,0.21224279007203894,0.5518394648829431,0.10447761194029848,0.5522388059701493,0.5522388059701493,"{0: 0.5881042548451771, 1: 0.5881042548451771}","{0: 0.5881042548451771, 1: 0.5881042548451771}",0.5881042548451771,"[[70 64]
 [56 78]]","[1. 0. 0. 0. 0. 1. 0. 1. 1. 0. 0. 0. 1. 0. 0. 0. 1. 0. 0. 0. 0. 1. 0. 0.
 1. 0. 1. 1. 1. 1. 1. 0. 0. 0. 1. 1. 0. 0. 1. 0. 1. 0. 1. 0. 0. 0. 1. 1.
 0. 0. 1. 0. 1. 1. 1. 1. 1. 1. 0. 1. 0. 0. 1. 0. 0. 0. 1. 1. 1. 1. 0. 0.
 1. 1. 0. 1. 1. 0. 0. 0. 1. 1. 1. 1. 0. 1. 1. 1. 1. 1. 1. 1. 0. 1. 1. 1.
 0. 0. 1. 1. 0. 1. 0. 1. 0. 0. 0. 1. 0. 1. 0. 0. 0. 1. 1. 0. 1. 0. 0. 0.
 0. 1. 1. 1. 1. 1. 1. 1. 1. 0. 0. 1. 1. 0. 1. 1. 0. 1. 0. 1. 1. 0. 0. 0.
 0. 0. 0. 0. 1. 1. 1. 0. 1. 0. 0. 1. 1. 0. 1. 0. 1. 1. 0. 0. 1. 1. 0. 1.
 1. 1. 0. 1. 1. 1. 0. 1. 1. 0. 1. 1. 0. 1. 1. 1. 0. 0. 1. 1. 0. 0. 1. 1.
 1. 1. 1. 0. 1. 1. 0. 1. 0. 0. 1. 1. 0. 0. 0. 0. 1. 1. 0. 1. 1. 0. 0. 0.
 1. 1. 0. 1. 0. 0. 0. 0. 1. 1. 1. 0. 0. 0. 0. 1. 1. 1. 1. 1. 0. 1. 0. 0.
 1. 1. 0. 0. 1. 1. 1. 1. 0. 1. 1. 0. 1. 0. 0. 1. 0. 0. 0. 1. 0. 0. 1. 1.
 1. 0. 1. 0.]","[0. 1. 0. 0. 0. 1. 1. 1. 0. 0. 0. 0. 0. 1. 0. 0. 1. 1. 0. 0. 0. 0. 0. 1.
 0. 0. 1. 0. 1. 0. 0. 1. 0. 1. 1. 0. 0. 0. 1. 0. 0. 0. 1. 1. 1. 0. 1. 0.
 1. 0. 1. 1. 0. 1. 1. 1. 1. 0. 1. 0. 0. 1. 1. 1. 0. 0. 0. 1. 1. 0. 1. 1.
 0. 0. 1. 0. 0. 1. 0. 1. 0. 1. 1. 1. 0. 1. 0. 1. 1. 1. 1. 1. 1. 1. 1. 0.
 0. 0. 1. 1. 1. 0. 0. 1. 1. 1. 0. 0. 0. 1. 1. 1. 0. 0. 0. 0. 1. 1. 1. 0.
 1. 0. 0. 1. 1. 0. 0. 0. 0. 1. 0. 0. 1. 1. 0. 1. 1. 1. 0. 1. 1. 0. 1. 0.
 1. 1. 0. 0. 0. 1. 1. 0. 1. 1. 0. 1. 0. 0. 0. 1. 1. 1. 0. 1. 0. 1. 1. 0.
 1. 0. 0. 1. 1. 0. 0. 1. 0. 1. 1. 0. 0. 1. 0. 0. 1. 1. 0. 1. 1. 0. 0. 0.
 0. 1. 1. 0. 0. 1. 0. 0. 1. 0. 1. 1. 1. 0. 0. 0. 1. 1. 0. 0. 0. 0. 1. 0.
 0. 1. 0. 1. 1. 1. 1. 0. 0. 0. 0. 1. 1. 1. 1. 0. 1. 1. 1. 1. 0. 1. 0. 0.
 1. 0. 0. 1. 1. 1. 1. 1. 0. 0. 1. 1. 1. 0. 0. 1. 0. 1. 0. 0. 1. 0. 1. 0.
 1. 0. 0. 0.]"
148,randomforest,"{'criterion': 'gini', 'max_features': 'sqrt', 'n_estimators': 357}",0.587558553480043,0.18879922546127148,0.16696049870368046,0.3470313617311405,0.5803904764590249,0.19295517927477063,0.5631347962382445,0.12686567164179108,0.5634328358208955,0.5634328358208955,"{0: 0.5878257963911785, 1: 0.5878257963911785}","{0: 0.5878257963911785, 1: 0.5878257963911785}",0.5878257963911785,"[[72 62]
 [55 79]]","[1. 0. 0. 0. 0. 1. 0. 1. 1. 0. 0. 0. 1. 0. 0. 0. 1. 0. 0. 0. 0. 1. 0. 0.
 0. 0. 1. 1. 1. 1. 1. 0. 0. 0. 1. 1. 0. 0. 1. 0. 0. 0. 1. 1. 0. 0. 1. 1.
 0. 0. 1. 0. 1. 1. 1. 1. 1. 1. 0. 1. 1. 0. 1. 0. 0. 0. 1. 1. 1. 1. 0. 0.
 0. 1. 0. 1. 1. 0. 0. 0. 1. 1. 1. 0. 0. 1. 0. 1. 1. 1. 1. 1. 0. 1. 1. 1.
 0. 0. 1. 1. 0. 1. 1. 1. 0. 0. 0. 1. 0. 1. 0. 0. 0. 1. 1. 0. 1. 0. 0. 0.
 0. 1. 1. 1. 1. 1. 1. 1. 1. 0. 0. 1. 1. 0. 1. 1. 0. 1. 0. 1. 1. 0. 0. 0.
 0. 0. 0. 0. 1. 1. 1. 0. 1. 0. 0. 1. 1. 0. 1. 0. 1. 1. 0. 0. 1. 1. 0. 1.
 1. 1. 0. 1. 1. 0. 0. 1. 1. 0. 1. 0. 0. 1. 1. 1. 0. 0. 1. 1. 0. 0. 1. 1.
 1. 1. 1. 0. 1. 1. 0. 1. 0. 0. 1. 1. 0. 1. 0. 0. 1. 1. 0. 1. 1. 1. 0. 0.
 1. 1. 0. 0. 0. 0. 0. 0. 1. 1. 1. 0. 1. 0. 1. 1. 1. 1. 1. 1. 0. 1. 0. 0.
 1. 1. 0. 0. 1. 1. 1. 1. 0. 1. 1. 0. 1. 0. 0. 1. 0. 0. 0. 1. 0. 0. 1. 1.
 1. 0. 1. 0.]","[0. 1. 0. 0. 0. 1. 1. 1. 0. 0. 0. 0. 0. 1. 0. 0. 1. 1. 0. 0. 0. 0. 0. 1.
 0. 0. 1. 0. 1. 0. 0. 1. 0. 1. 1. 0. 0. 0. 1. 0. 0. 0. 1. 1. 1. 0. 1. 0.
 1. 0. 1. 1. 0. 1. 1. 1. 1. 0. 1. 0. 0. 1. 1. 1. 0. 0. 0. 1. 1. 0. 1. 1.
 0. 0. 1. 0. 0. 1. 0. 1. 0. 1. 1. 1. 0. 1. 0. 1. 1. 1. 1. 1. 1. 1. 1. 0.
 0. 0. 1. 1. 1. 0. 0. 1. 1. 1. 0. 0. 0. 1. 1. 1. 0. 0. 0. 0. 1. 1. 1. 0.
 1. 0. 0. 1. 1. 0. 0. 0. 0. 1. 0. 0. 1. 1. 0. 1. 1. 1. 0. 1. 1. 0. 1. 0.
 1. 1. 0. 0. 0. 1. 1. 0. 1. 1. 0. 1. 0. 0. 0. 1. 1. 1. 0. 1. 0. 1. 1. 0.
 1. 0. 0. 1. 1. 0. 0. 1. 0. 1. 1. 0. 0. 1. 0. 0. 1. 1. 0. 1. 1. 0. 0. 0.
 0. 1. 1. 0. 0. 1. 0. 0. 1. 0. 1. 1. 1. 0. 0. 0. 1. 1. 0. 0. 0. 0. 1. 0.
 0. 1. 0. 1. 1. 1. 1. 0. 0. 0. 0. 1. 1. 1. 1. 0. 1. 1. 1. 1. 0. 1. 0. 0.
 1. 0. 0. 1. 1. 1. 1. 1. 0. 0. 1. 1. 1. 0. 0. 1. 0. 1. 0. 0. 1. 0. 1. 0.
 1. 0. 0. 0.]"
692,randomforest,"{'criterion': 'entropy', 'max_features': None, 'n_estimators': 327}",0.5830803938293924,0.21199263435523244,0.16694696151165692,0.36663821604962293,0.5770124905709583,0.210237119929728,0.5483502555745902,0.09701492537313428,0.5485074626865671,0.5485074626865671,"{0: 0.5732624192470483, 1: 0.5732624192470483}","{0: 0.5732624192470483, 1: 0.5732624192470483}",0.5732624192470483,"[[71 63]
 [58 76]]","[1. 0. 0. 0. 0. 1. 0. 1. 1. 0. 0. 0. 1. 0. 0. 0. 0. 0. 0. 0. 0. 1. 0. 0.
 0. 0. 1. 1. 1. 1. 1. 0. 0. 0. 1. 0. 0. 0. 1. 0. 0. 0. 1. 0. 0. 0. 1. 0.
 0. 0. 1. 0. 0. 1. 1. 1. 1. 1. 0. 1. 0. 0. 1. 1. 0. 0. 1. 1. 1. 1. 0. 0.
 1. 1. 0. 1. 1. 0. 1. 0. 1. 1. 1. 0. 0. 1. 0. 1. 1. 1. 1. 1. 0. 1. 1. 1.
 0. 0. 1. 1. 0. 1. 1. 0. 1. 0. 0. 1. 0. 1. 0. 0. 0. 1. 1. 0. 1. 0. 0. 0.
 0. 1. 1. 1. 1. 1. 1. 1. 1. 0. 0. 1. 1. 0. 1. 1. 0. 1. 0. 1. 1. 0. 0. 0.
 0. 0. 0. 0. 1. 1. 1. 0. 1. 1. 0. 1. 1. 0. 1. 0. 1. 1. 0. 0. 1. 1. 0. 1.
 1. 1. 0. 1. 1. 1. 1. 1. 1. 0. 1. 0. 0. 0. 1. 1. 0. 0. 1. 1. 0. 0. 1. 1.
 1. 1. 0. 1. 1. 1. 0. 1. 0. 0. 1. 1. 0. 1. 0. 0. 1. 1. 0. 1. 1. 1. 0. 0.
 1. 1. 0. 1. 0. 0. 0. 0. 1. 1. 1. 0. 0. 0. 0. 1. 1. 1. 1. 1. 0. 1. 0. 0.
 1. 1. 0. 0. 1. 1. 0. 1. 0. 1. 1. 0. 1. 0. 0. 1. 0. 1. 0. 1. 0. 0. 1. 1.
 1. 0. 1. 0.]","[0. 1. 0. 0. 0. 1. 1. 1. 0. 0. 0. 0. 0. 1. 0. 0. 1. 1. 0. 0. 0. 0. 0. 1.
 0. 0. 1. 0. 1. 0. 0. 1. 0. 1. 1. 0. 0. 0. 1. 0. 0. 0. 1. 1. 1. 0. 1. 0.
 1. 0. 1. 1. 0. 1. 1. 1. 1. 0. 1. 0. 0. 1. 1. 1. 0. 0. 0. 1. 1. 0. 1. 1.
 0. 0. 1. 0. 0. 1. 0. 1. 0. 1. 1. 1. 0. 1. 0. 1. 1. 1. 1. 1. 1. 1. 1. 0.
 0. 0. 1. 1. 1. 0. 0. 1. 1. 1. 0. 0. 0. 1. 1. 1. 0. 0. 0. 0. 1. 1. 1. 0.
 1. 0. 0. 1. 1. 0. 0. 0. 0. 1. 0. 0. 1. 1. 0. 1. 1. 1. 0. 1. 1. 0. 1. 0.
 1. 1. 0. 0. 0. 1. 1. 0. 1. 1. 0. 1. 0. 0. 0. 1. 1. 1. 0. 1. 0. 1. 1. 0.
 1. 0. 0. 1. 1. 0. 0. 1. 0. 1. 1. 0. 0. 1. 0. 0. 1. 1. 0. 1. 1. 0. 0. 0.
 0. 1. 1. 0. 0. 1. 0. 0. 1. 0. 1. 1. 1. 0. 0. 0. 1. 1. 0. 0. 0. 0. 1. 0.
 0. 1. 0. 1. 1. 1. 1. 0. 0. 0. 0. 1. 1. 1. 1. 0. 1. 1. 1. 1. 0. 1. 0. 0.
 1. 0. 0. 1. 1. 1. 1. 1. 0. 0. 1. 1. 1. 0. 0. 1. 0. 1. 0. 0. 1. 0. 1. 0.
 1. 0. 0. 0.]"
869,randomforest,"{'criterion': 'gini', 'max_features': 'sqrt', 'n_estimators': 257}",0.5860758829247918,0.18945535621974582,0.1668708799959767,0.3609302794334109,0.5769991358701035,0.1979966540516287,0.5634267574453866,0.12686567164179108,0.5634328358208955,0.5634328358208955,"{0: 0.5861828915125864, 1: 0.5861828915125864}","{0: 0.5861828915125864, 1: 0.5861828915125864}",0.5861828915125864,"[[76 58]
 [59 75]]","[1. 0. 0. 0. 0. 1. 0. 1. 1. 0. 0. 0. 1. 0. 0. 0. 0. 0. 0. 0. 0. 1. 0. 0.
 0. 0. 1. 1. 1. 1. 1. 0. 0. 0. 1. 0. 1. 0. 1. 0. 0. 0. 1. 1. 0. 0. 1. 0.
 0. 0. 1. 0. 0. 1. 1. 1. 1. 1. 0. 1. 0. 0. 1. 0. 0. 0. 1. 1. 1. 1. 0. 0.
 1. 1. 0. 1. 1. 0. 0. 0. 1. 1. 1. 0. 0. 1. 1. 1. 1. 1. 1. 1. 0. 1. 1. 1.
 0. 0. 1. 1. 0. 1. 1. 0. 0. 0. 0. 1. 0. 1. 0. 0. 0. 1. 1. 0. 1. 0. 0. 0.
 0. 1. 1. 1. 1. 1. 1. 1. 1. 0. 0. 1. 1. 0. 1. 0. 0. 1. 0. 1. 1. 0. 0. 0.
 1. 0. 0. 0. 0. 1. 1. 0. 0. 0. 0. 1. 1. 0. 1. 0. 1. 1. 0. 0. 1. 1. 0. 1.
 1. 1. 0. 1. 1. 1. 0. 1. 1. 0. 1. 0. 0. 0. 1. 1. 0. 0. 1. 1. 0. 0. 1. 1.
 0. 1. 0. 0. 1. 1. 0. 0. 0. 0. 1. 1. 0. 0. 0. 0. 1. 1. 0. 1. 1. 1. 0. 0.
 1. 1. 0. 1. 0. 0. 0. 0. 1. 1. 1. 0. 1. 0. 1. 1. 1. 1. 1. 1. 0. 1. 0. 0.
 1. 1. 0. 0. 1. 1. 0. 1. 0. 1. 1. 0. 1. 0. 0. 1. 0. 1. 0. 1. 0. 0. 1. 1.
 1. 0. 1. 0.]","[0. 1. 0. 0. 0. 1. 1. 1. 0. 0. 0. 0. 0. 1. 0. 0. 1. 1. 0. 0. 0. 0. 0. 1.
 0. 0. 1. 0. 1. 0. 0. 1. 0. 1. 1. 0. 0. 0. 1. 0. 0. 0. 1. 1. 1. 0. 1. 0.
 1. 0. 1. 1. 0. 1. 1. 1. 1. 0. 1. 0. 0. 1. 1. 1. 0. 0. 0. 1. 1. 0. 1. 1.
 0. 0. 1. 0. 0. 1. 0. 1. 0. 1. 1. 1. 0. 1. 0. 1. 1. 1. 1. 1. 1. 1. 1. 0.
 0. 0. 1. 1. 1. 0. 0. 1. 1. 1. 0. 0. 0. 1. 1. 1. 0. 0. 0. 0. 1. 1. 1. 0.
 1. 0. 0. 1. 1. 0. 0. 0. 0. 1. 0. 0. 1. 1. 0. 1. 1. 1. 0. 1. 1. 0. 1. 0.
 1. 1. 0. 0. 0. 1. 1. 0. 1. 1. 0. 1. 0. 0. 0. 1. 1. 1. 0. 1. 0. 1. 1. 0.
 1. 0. 0. 1. 1. 0. 0. 1. 0. 1. 1. 0. 0. 1. 0. 0. 1. 1. 0. 1. 1. 0. 0. 0.
 0. 1. 1. 0. 0. 1. 0. 0. 1. 0. 1. 1. 1. 0. 0. 0. 1. 1. 0. 0. 0. 0. 1. 0.
 0. 1. 0. 1. 1. 1. 1. 0. 0. 0. 0. 1. 1. 1. 1. 0. 1. 1. 1. 1. 0. 1. 0. 0.
 1. 0. 0. 1. 1. 1. 1. 1. 0. 0. 1. 1. 1. 0. 0. 1. 0. 1. 0. 0. 1. 0. 1. 0.
 1. 0. 0. 0.]"
355,randomforest,"{'criterion': 'gini', 'max_features': 'log2', 'n_estimators': 499}",0.5821207110936713,0.19525877233075456,0.16683507221241622,0.34662142237558924,0.5755433559869044,0.19884869338066302,0.559603386809269,0.11940298507462688,0.5597014925373134,0.5597014925373134,"{0: 0.5879650256181778, 1: 0.5879650256181779}","{0: 0.5879650256181778, 1: 0.5879650256181779}",0.5879650256181779,"[[73 61]
 [57 77]]","[1. 0. 0. 0. 0. 1. 0. 1. 1. 0. 0. 0. 1. 0. 0. 0. 1. 0. 0. 0. 0. 1. 0. 0.
 0. 0. 1. 1. 1. 1. 1. 0. 0. 0. 1. 0. 1. 0. 1. 0. 0. 0. 1. 0. 0. 0. 1. 1.
 0. 0. 1. 0. 1. 1. 1. 1. 1. 1. 0. 1. 1. 0. 1. 1. 0. 0. 1. 1. 1. 1. 0. 0.
 1. 1. 0. 1. 1. 0. 0. 0. 1. 1. 1. 0. 0. 1. 0. 1. 1. 1. 1. 1. 0. 1. 1. 1.
 0. 0. 1. 1. 0. 1. 1. 0. 0. 0. 0. 1. 0. 1. 0. 0. 0. 1. 1. 0. 1. 0. 0. 0.
 0. 1. 1. 1. 1. 1. 1. 1. 1. 0. 0. 1. 1. 0. 1. 1. 0. 1. 0. 1. 1. 0. 0. 0.
 0. 0. 0. 0. 1. 1. 1. 0. 1. 1. 0. 1. 1. 0. 1. 0. 1. 1. 0. 0. 1. 0. 0. 1.
 1. 1. 0. 1. 1. 0. 0. 1. 1. 0. 1. 0. 0. 0. 1. 1. 0. 0. 1. 1. 0. 0. 1. 1.
 1. 1. 1. 0. 1. 1. 0. 0. 0. 0. 1. 1. 0. 0. 0. 0. 1. 1. 0. 1. 1. 1. 0. 0.
 1. 1. 0. 1. 0. 0. 0. 0. 1. 1. 1. 0. 0. 0. 1. 1. 1. 1. 1. 1. 0. 1. 0. 0.
 1. 1. 0. 0. 1. 1. 1. 1. 0. 1. 1. 0. 1. 0. 0. 1. 0. 0. 0. 1. 0. 0. 1. 1.
 1. 0. 1. 0.]","[0. 1. 0. 0. 0. 1. 1. 1. 0. 0. 0. 0. 0. 1. 0. 0. 1. 1. 0. 0. 0. 0. 0. 1.
 0. 0. 1. 0. 1. 0. 0. 1. 0. 1. 1. 0. 0. 0. 1. 0. 0. 0. 1. 1. 1. 0. 1. 0.
 1. 0. 1. 1. 0. 1. 1. 1. 1. 0. 1. 0. 0. 1. 1. 1. 0. 0. 0. 1. 1. 0. 1. 1.
 0. 0. 1. 0. 0. 1. 0. 1. 0. 1. 1. 1. 0. 1. 0. 1. 1. 1. 1. 1. 1. 1. 1. 0.
 0. 0. 1. 1. 1. 0. 0. 1. 1. 1. 0. 0. 0. 1. 1. 1. 0. 0. 0. 0. 1. 1. 1. 0.
 1. 0. 0. 1. 1. 0. 0. 0. 0. 1. 0. 0. 1. 1. 0. 1. 1. 1. 0. 1. 1. 0. 1. 0.
 1. 1. 0. 0. 0. 1. 1. 0. 1. 1. 0. 1. 0. 0. 0. 1. 1. 1. 0. 1. 0. 1. 1. 0.
 1. 0. 0. 1. 1. 0. 0. 1. 0. 1. 1. 0. 0. 1. 0. 0. 1. 1. 0. 1. 1. 0. 0. 0.
 0. 1. 1. 0. 0. 1. 0. 0. 1. 0. 1. 1. 1. 0. 0. 0. 1. 1. 0. 0. 0. 0. 1. 0.
 0. 1. 0. 1. 1. 1. 1. 0. 0. 0. 0. 1. 1. 1. 1. 0. 1. 1. 1. 1. 0. 1. 0. 0.
 1. 0. 0. 1. 1. 1. 1. 1. 0. 0. 1. 1. 1. 0. 0. 1. 0. 1. 0. 0. 1. 0. 1. 0.
 1. 0. 0. 0.]"
414,randomforest,"{'criterion': 'gini', 'max_features': 'sqrt', 'n_estimators': 369}",0.5818297337009123,0.18914850794985819,0.16681649677846302,0.34282726667392416,0.5767386324846001,0.19549800605056056,0.5669471220816849,0.13432835820895528,0.5671641791044776,0.5671641791044777,"{0: 0.5877979505457785, 1: 0.5877979505457785}","{0: 0.5877979505457785, 1: 0.5877979505457785}",0.5877979505457785,"[[73 61]
 [55 79]]","[1. 0. 0. 0. 0. 1. 0. 1. 1. 0. 0. 0. 1. 0. 0. 0. 1. 0. 0. 0. 0. 1. 0. 0.
 0. 0. 1. 1. 1. 1. 1. 0. 0. 0. 1. 0. 0. 0. 1. 0. 0. 0. 1. 0. 0. 0. 1. 1.
 0. 0. 1. 0. 1. 1. 1. 1. 1. 1. 0. 1. 1. 0. 1. 0. 0. 0. 1. 1. 1. 1. 0. 0.
 1. 1. 0. 1. 1. 0. 0. 0. 0. 1. 1. 0. 0. 1. 1. 1. 1. 1. 1. 1. 0. 1. 1. 1.
 0. 0. 1. 1. 0. 1. 1. 0. 0. 0. 0. 1. 0. 1. 0. 0. 0. 1. 1. 1. 1. 0. 0. 0.
 0. 1. 1. 1. 1. 1. 1. 1. 1. 0. 0. 1. 1. 0. 1. 1. 0. 1. 0. 1. 1. 0. 0. 0.
 0. 0. 0. 0. 1. 1. 1. 0. 1. 1. 0. 1. 1. 0. 1. 0. 1. 1. 0. 0. 1. 1. 0. 1.
 1. 1. 0. 1. 1. 0. 0. 1. 1. 0. 1. 0. 0. 1. 1. 1. 0. 0. 1. 1. 0. 0. 1. 1.
 0. 1. 1. 1. 1. 1. 0. 0. 0. 0. 1. 1. 0. 0. 0. 0. 1. 1. 0. 1. 1. 1. 0. 0.
 1. 1. 0. 1. 0. 0. 0. 0. 1. 1. 1. 0. 1. 0. 0. 1. 1. 1. 1. 1. 0. 1. 0. 0.
 1. 1. 0. 0. 1. 1. 1. 1. 0. 1. 1. 0. 1. 0. 0. 1. 0. 1. 0. 1. 0. 0. 1. 1.
 1. 0. 1. 0.]","[0. 1. 0. 0. 0. 1. 1. 1. 0. 0. 0. 0. 0. 1. 0. 0. 1. 1. 0. 0. 0. 0. 0. 1.
 0. 0. 1. 0. 1. 0. 0. 1. 0. 1. 1. 0. 0. 0. 1. 0. 0. 0. 1. 1. 1. 0. 1. 0.
 1. 0. 1. 1. 0. 1. 1. 1. 1. 0. 1. 0. 0. 1. 1. 1. 0. 0. 0. 1. 1. 0. 1. 1.
 0. 0. 1. 0. 0. 1. 0. 1. 0. 1. 1. 1. 0. 1. 0. 1. 1. 1. 1. 1. 1. 1. 1. 0.
 0. 0. 1. 1. 1. 0. 0. 1. 1. 1. 0. 0. 0. 1. 1. 1. 0. 0. 0. 0. 1. 1. 1. 0.
 1. 0. 0. 1. 1. 0. 0. 0. 0. 1. 0. 0. 1. 1. 0. 1. 1. 1. 0. 1. 1. 0. 1. 0.
 1. 1. 0. 0. 0. 1. 1. 0. 1. 1. 0. 1. 0. 0. 0. 1. 1. 1. 0. 1. 0. 1. 1. 0.
 1. 0. 0. 1. 1. 0. 0. 1. 0. 1. 1. 0. 0. 1. 0. 0. 1. 1. 0. 1. 1. 0. 0. 0.
 0. 1. 1. 0. 0. 1. 0. 0. 1. 0. 1. 1. 1. 0. 0. 0. 1. 1. 0. 0. 0. 0. 1. 0.
 0. 1. 0. 1. 1. 1. 1. 0. 0. 0. 0. 1. 1. 1. 1. 0. 1. 1. 1. 1. 0. 1. 0. 0.
 1. 0. 0. 1. 1. 1. 1. 1. 0. 0. 1. 1. 1. 0. 0. 1. 0. 1. 0. 0. 1. 0. 1. 0.
 1. 0. 0. 0.]"
319,randomforest,"{'criterion': 'gini', 'max_features': 'sqrt', 'n_estimators': 439}",0.5820184474803782,0.1955265427470752,0.16637330290873517,0.3481734798995532,0.5746753004313488,0.20030804593667081,0.5558155406064151,0.11194029850746268,0.5559701492537313,0.5559701492537313,"{0: 0.5894687012697706, 1: 0.5894687012697706}","{0: 0.5894687012697706, 1: 0.5894687012697706}",0.5894687012697706,"[[72 62]
 [57 77]]","[1. 0. 0. 0. 0. 1. 0. 1. 1. 0. 0. 0. 1. 0. 0. 0. 1. 0. 0. 0. 0. 1. 0. 0.
 0. 0. 1. 1. 1. 1. 1. 0. 0. 0. 1. 0. 0. 0. 1. 0. 0. 0. 1. 0. 0. 0. 1. 1.
 0. 0. 1. 0. 1. 1. 1. 1. 1. 1. 0. 1. 1. 0. 1. 1. 0. 0. 1. 1. 1. 1. 0. 0.
 1. 1. 0. 1. 1. 0. 0. 0. 1. 1. 1. 0. 0. 1. 0. 1. 1. 1. 1. 1. 0. 1. 1. 1.
 0. 0. 1. 1. 0. 1. 1. 0. 0. 0. 0. 1. 0. 1. 0. 0. 0. 1. 1. 0. 1. 0. 0. 0.
 0. 1. 1. 1. 1. 1. 1. 1. 1. 0. 0. 1. 1. 0. 1. 1. 0. 1. 0. 1. 1. 0. 0. 0.
 0. 0. 0. 0. 1. 1. 1. 0. 1. 0. 0. 1. 1. 0. 1. 0. 1. 1. 0. 0. 1. 1. 0. 1.
 1. 1. 0. 1. 1. 0. 0. 1. 1. 0. 1. 0. 0. 0. 1. 1. 0. 0. 1. 1. 0. 0. 1. 1.
 1. 1. 1. 1. 1. 1. 0. 0. 0. 0. 1. 1. 0. 0. 0. 1. 1. 1. 0. 1. 1. 1. 0. 0.
 1. 1. 0. 1. 0. 0. 0. 0. 1. 1. 1. 0. 0. 0. 1. 1. 1. 1. 1. 1. 0. 1. 0. 0.
 1. 1. 0. 0. 1. 1. 0. 1. 0. 1. 1. 0. 1. 0. 0. 1. 0. 1. 0. 1. 0. 0. 1. 1.
 1. 0. 1. 0.]","[0. 1. 0. 0. 0. 1. 1. 1. 0. 0. 0. 0. 0. 1. 0. 0. 1. 1. 0. 0. 0. 0. 0. 1.
 0. 0. 1. 0. 1. 0. 0. 1. 0. 1. 1. 0. 0. 0. 1. 0. 0. 0. 1. 1. 1. 0. 1. 0.
 1. 0. 1. 1. 0. 1. 1. 1. 1. 0. 1. 0. 0. 1. 1. 1. 0. 0. 0. 1. 1. 0. 1. 1.
 0. 0. 1. 0. 0. 1. 0. 1. 0. 1. 1. 1. 0. 1. 0. 1. 1. 1. 1. 1. 1. 1. 1. 0.
 0. 0. 1. 1. 1. 0. 0. 1. 1. 1. 0. 0. 0. 1. 1. 1. 0. 0. 0. 0. 1. 1. 1. 0.
 1. 0. 0. 1. 1. 0. 0. 0. 0. 1. 0. 0. 1. 1. 0. 1. 1. 1. 0. 1. 1. 0. 1. 0.
 1. 1. 0. 0. 0. 1. 1. 0. 1. 1. 0. 1. 0. 0. 0. 1. 1. 1. 0. 1. 0. 1. 1. 0.
 1. 0. 0. 1. 1. 0. 0. 1. 0. 1. 1. 0. 0. 1. 0. 0. 1. 1. 0. 1. 1. 0. 0. 0.
 0. 1. 1. 0. 0. 1. 0. 0. 1. 0. 1. 1. 1. 0. 0. 0. 1. 1. 0. 0. 0. 0. 1. 0.
 0. 1. 0. 1. 1. 1. 1. 0. 0. 0. 0. 1. 1. 1. 1. 0. 1. 1. 1. 1. 0. 1. 0. 0.
 1. 0. 0. 1. 1. 1. 1. 1. 0. 0. 1. 1. 1. 0. 0. 1. 0. 1. 0. 0. 1. 0. 1. 0.
 1. 0. 0. 0.]"
850,randomforest,"{'criterion': 'entropy', 'max_features': 'sqrt', 'n_estimators': 587}",0.5782670612759032,0.19803920371275865,0.16628280618134036,0.35168002331921966,0.5716791086750764,0.20322391101138731,0.555468826226949,0.11194029850746268,0.5559701492537313,0.5559701492537313,"{0: 0.5937012697705503, 1: 0.5937012697705502}","{0: 0.5937012697705503, 1: 0.5937012697705502}",0.5937012697705502,"[[70 64]
 [55 79]]","[1. 0. 0. 0. 0. 1. 0. 1. 1. 0. 0. 0. 1. 0. 0. 0. 1. 0. 0. 0. 0. 1. 0. 0.
 1. 0. 1. 1. 1. 1. 1. 0. 0. 0. 1. 0. 0. 0. 1. 0. 0. 0. 1. 0. 0. 0. 1. 0.
 0. 0. 1. 0. 1. 1. 1. 1. 1. 1. 0. 1. 1. 0. 1. 0. 0. 0. 1. 1. 1. 1. 0. 0.
 0. 1. 0. 1. 1. 0. 0. 0. 1. 1. 1. 0. 0. 1. 0. 1. 1. 1. 1. 1. 0. 1. 1. 1.
 0. 0. 1. 1. 0. 1. 1. 0. 0. 0. 0. 1. 0. 1. 0. 0. 0. 1. 1. 0. 1. 0. 0. 0.
 0. 1. 1. 1. 1. 1. 1. 1. 1. 0. 0. 1. 1. 0. 1. 1. 0. 1. 0. 1. 1. 0. 1. 0.
 0. 0. 0. 0. 1. 1. 1. 0. 1. 1. 0. 1. 1. 0. 1. 0. 1. 1. 0. 0. 1. 1. 0. 1.
 1. 1. 1. 1. 1. 1. 0. 1. 1. 0. 1. 0. 0. 0. 1. 1. 0. 0. 1. 1. 0. 0. 1. 1.
 1. 1. 1. 1. 1. 1. 0. 1. 0. 0. 1. 1. 0. 0. 0. 1. 1. 1. 0. 1. 1. 1. 0. 0.
 1. 1. 0. 1. 0. 0. 0. 0. 1. 1. 1. 0. 1. 0. 0. 1. 1. 1. 1. 1. 0. 1. 0. 0.
 1. 1. 0. 0. 1. 1. 1. 1. 0. 1. 1. 0. 1. 0. 0. 1. 0. 1. 0. 1. 0. 0. 1. 1.
 1. 0. 1. 0.]","[0. 1. 0. 0. 0. 1. 1. 1. 0. 0. 0. 0. 0. 1. 0. 0. 1. 1. 0. 0. 0. 0. 0. 1.
 0. 0. 1. 0. 1. 0. 0. 1. 0. 1. 1. 0. 0. 0. 1. 0. 0. 0. 1. 1. 1. 0. 1. 0.
 1. 0. 1. 1. 0. 1. 1. 1. 1. 0. 1. 0. 0. 1. 1. 1. 0. 0. 0. 1. 1. 0. 1. 1.
 0. 0. 1. 0. 0. 1. 0. 1. 0. 1. 1. 1. 0. 1. 0. 1. 1. 1. 1. 1. 1. 1. 1. 0.
 0. 0. 1. 1. 1. 0. 0. 1. 1. 1. 0. 0. 0. 1. 1. 1. 0. 0. 0. 0. 1. 1. 1. 0.
 1. 0. 0. 1. 1. 0. 0. 0. 0. 1. 0. 0. 1. 1. 0. 1. 1. 1. 0. 1. 1. 0. 1. 0.
 1. 1. 0. 0. 0. 1. 1. 0. 1. 1. 0. 1. 0. 0. 0. 1. 1. 1. 0. 1. 0. 1. 1. 0.
 1. 0. 0. 1. 1. 0. 0. 1. 0. 1. 1. 0. 0. 1. 0. 0. 1. 1. 0. 1. 1. 0. 0. 0.
 0. 1. 1. 0. 0. 1. 0. 0. 1. 0. 1. 1. 1. 0. 0. 0. 1. 1. 0. 0. 0. 0. 1. 0.
 0. 1. 0. 1. 1. 1. 1. 0. 0. 0. 0. 1. 1. 1. 1. 0. 1. 1. 1. 1. 0. 1. 0. 0.
 1. 0. 0. 1. 1. 1. 1. 1. 0. 0. 1. 1. 1. 0. 0. 1. 0. 1. 0. 0. 1. 0. 1. 0.
 1. 0. 0. 0.]"
472,randomforest,"{'criterion': 'gini', 'max_features': 'sqrt', 'n_estimators': 217}",0.5883210433172219,0.17680167983861447,0.16624087619598804,0.3134018690027196,0.5825850430185108,0.18205574804390662,0.5667781493868451,0.13432835820895528,0.5671641791044776,0.5671641791044776,"{0: 0.6021942526175095, 1: 0.6021942526175095}","{0: 0.6021942526175095, 1: 0.6021942526175095}",0.6021942526175095,"[[72 62]
 [54 80]]","[1. 0. 0. 0. 0. 1. 0. 1. 1. 0. 0. 0. 1. 0. 0. 0. 1. 0. 0. 1. 0. 1. 0. 0.
 0. 0. 1. 1. 1. 1. 1. 0. 0. 0. 1. 1. 1. 0. 1. 0. 1. 1. 1. 1. 0. 0. 1. 0.
 0. 0. 1. 0. 1. 1. 1. 1. 1. 1. 0. 1. 1. 0. 1. 0. 0. 0. 1. 1. 1. 1. 0. 0.
 1. 1. 0. 1. 1. 0. 0. 0. 1. 1. 1. 0. 0. 1. 0. 1. 1. 1. 1. 1. 0. 1. 1. 1.
 0. 0. 0. 1. 0. 1. 0. 1. 0. 0. 0. 1. 0. 1. 0. 0. 0. 1. 1. 0. 1. 0. 0. 0.
 0. 1. 1. 1. 1. 1. 1. 1. 1. 0. 0. 1. 1. 0. 1. 1. 0. 1. 0. 1. 0. 0. 1. 0.
 1. 0. 0. 0. 1. 1. 1. 0. 1. 1. 0. 1. 1. 0. 1. 0. 1. 1. 0. 0. 1. 1. 0. 1.
 1. 1. 0. 1. 1. 1. 0. 1. 1. 0. 1. 0. 0. 1. 1. 1. 0. 0. 1. 1. 0. 0. 1. 1.
 1. 1. 1. 0. 0. 1. 0. 0. 0. 0. 1. 1. 0. 0. 0. 0. 1. 1. 0. 1. 1. 1. 0. 0.
 0. 1. 0. 1. 0. 0. 0. 0. 1. 1. 1. 0. 0. 0. 1. 1. 1. 1. 1. 1. 0. 1. 0. 0.
 1. 1. 0. 0. 1. 1. 1. 1. 0. 1. 1. 0. 1. 0. 0. 1. 0. 0. 0. 1. 0. 0. 1. 1.
 1. 0. 1. 0.]","[0. 1. 0. 0. 0. 1. 1. 1. 0. 0. 0. 0. 0. 1. 0. 0. 1. 1. 0. 0. 0. 0. 0. 1.
 0. 0. 1. 0. 1. 0. 0. 1. 0. 1. 1. 0. 0. 0. 1. 0. 0. 0. 1. 1. 1. 0. 1. 0.
 1. 0. 1. 1. 0. 1. 1. 1. 1. 0. 1. 0. 0. 1. 1. 1. 0. 0. 0. 1. 1. 0. 1. 1.
 0. 0. 1. 0. 0. 1. 0. 1. 0. 1. 1. 1. 0. 1. 0. 1. 1. 1. 1. 1. 1. 1. 1. 0.
 0. 0. 1. 1. 1. 0. 0. 1. 1. 1. 0. 0. 0. 1. 1. 1. 0. 0. 0. 0. 1. 1. 1. 0.
 1. 0. 0. 1. 1. 0. 0. 0. 0. 1. 0. 0. 1. 1. 0. 1. 1. 1. 0. 1. 1. 0. 1. 0.
 1. 1. 0. 0. 0. 1. 1. 0. 1. 1. 0. 1. 0. 0. 0. 1. 1. 1. 0. 1. 0. 1. 1. 0.
 1. 0. 0. 1. 1. 0. 0. 1. 0. 1. 1. 0. 0. 1. 0. 0. 1. 1. 0. 1. 1. 0. 0. 0.
 0. 1. 1. 0. 0. 1. 0. 0. 1. 0. 1. 1. 1. 0. 0. 0. 1. 1. 0. 0. 0. 0. 1. 0.
 0. 1. 0. 1. 1. 1. 1. 0. 0. 0. 0. 1. 1. 1. 1. 0. 1. 1. 1. 1. 0. 1. 0. 0.
 1. 0. 0. 1. 1. 1. 1. 1. 0. 0. 1. 1. 1. 0. 0. 1. 0. 1. 0. 0. 1. 0. 1. 0.
 1. 0. 0. 0.]"
187,randomforest,"{'criterion': 'gini', 'max_features': 'sqrt', 'n_estimators': 513}",0.5845586496651224,0.18413073505576597,0.16617754252815464,0.32989647170174236,0.5766063573523251,0.1911299960899747,0.5670677361853831,0.13432835820895528,0.5671641791044776,0.5671641791044777,"{0: 0.584177990643796, 1: 0.5841779906437959}","{0: 0.584177990643796, 1: 0.5841779906437959}",0.5841779906437959,"[[74 60]
 [56 78]]","[1. 0. 0. 0. 0. 1. 0. 1. 1. 0. 0. 0. 1. 0. 0. 0. 0. 0. 0. 0. 0. 1. 0. 0.
 0. 0. 1. 1. 1. 1. 1. 0. 0. 0. 1. 0. 1. 0. 1. 0. 1. 0. 1. 0. 0. 0. 1. 1.
 0. 0. 1. 0. 0. 1. 1. 1. 1. 1. 0. 1. 1. 0. 1. 1. 0. 0. 1. 1. 1. 1. 0. 0.
 0. 1. 0. 1. 1. 0. 0. 0. 1. 1. 1. 0. 0. 1. 0. 1. 1. 1. 1. 1. 0. 1. 1. 1.
 0. 0. 1. 1. 0. 1. 1. 1. 0. 0. 0. 1. 0. 1. 0. 0. 0. 1. 1. 0. 1. 0. 0. 0.
 0. 1. 1. 1. 1. 1. 1. 1. 1. 0. 0. 1. 1. 0. 1. 1. 0. 1. 0. 1. 1. 0. 0. 0.
 0. 0. 0. 0. 1. 1. 1. 0. 1. 1. 0. 1. 1. 0. 1. 0. 1. 1. 0. 0. 1. 1. 0. 1.
 1. 1. 0. 1. 1. 0. 0. 1. 1. 0. 1. 0. 0. 1. 1. 1. 0. 0. 1. 1. 0. 0. 1. 1.
 1. 1. 1. 0. 1. 1. 0. 0. 0. 0. 1. 1. 0. 0. 0. 0. 1. 1. 0. 1. 1. 1. 0. 0.
 1. 1. 0. 0. 0. 0. 0. 0. 1. 1. 1. 0. 0. 0. 1. 1. 1. 1. 1. 1. 0. 1. 0. 0.
 1. 1. 0. 0. 1. 1. 1. 1. 0. 1. 1. 0. 1. 0. 0. 1. 0. 0. 0. 1. 0. 0. 1. 1.
 1. 0. 1. 0.]","[0. 1. 0. 0. 0. 1. 1. 1. 0. 0. 0. 0. 0. 1. 0. 0. 1. 1. 0. 0. 0. 0. 0. 1.
 0. 0. 1. 0. 1. 0. 0. 1. 0. 1. 1. 0. 0. 0. 1. 0. 0. 0. 1. 1. 1. 0. 1. 0.
 1. 0. 1. 1. 0. 1. 1. 1. 1. 0. 1. 0. 0. 1. 1. 1. 0. 0. 0. 1. 1. 0. 1. 1.
 0. 0. 1. 0. 0. 1. 0. 1. 0. 1. 1. 1. 0. 1. 0. 1. 1. 1. 1. 1. 1. 1. 1. 0.
 0. 0. 1. 1. 1. 0. 0. 1. 1. 1. 0. 0. 0. 1. 1. 1. 0. 0. 0. 0. 1. 1. 1. 0.
 1. 0. 0. 1. 1. 0. 0. 0. 0. 1. 0. 0. 1. 1. 0. 1. 1. 1. 0. 1. 1. 0. 1. 0.
 1. 1. 0. 0. 0. 1. 1. 0. 1. 1. 0. 1. 0. 0. 0. 1. 1. 1. 0. 1. 0. 1. 1. 0.
 1. 0. 0. 1. 1. 0. 0. 1. 0. 1. 1. 0. 0. 1. 0. 0. 1. 1. 0. 1. 1. 0. 0. 0.
 0. 1. 1. 0. 0. 1. 0. 0. 1. 0. 1. 1. 1. 0. 0. 0. 1. 1. 0. 0. 0. 0. 1. 0.
 0. 1. 0. 1. 1. 1. 1. 0. 0. 0. 0. 1. 1. 1. 1. 0. 1. 1. 1. 1. 0. 1. 0. 0.
 1. 0. 0. 1. 1. 1. 1. 1. 0. 0. 1. 1. 1. 0. 0. 1. 0. 1. 0. 0. 1. 0. 1. 0.
 1. 0. 0. 0.]"
610,randomforest,"{'criterion': 'gini', 'max_features': 'sqrt', 'n_estimators': 431}",0.5819745311087816,0.19735944310607692,0.16579486249357275,0.34908666136770067,0.5754184249143927,0.20117368124245671,0.5594806931520588,0.11940298507462688,0.5597014925373134,0.5597014925373134,"{0: 0.5921697482735576, 1: 0.5921697482735575}","{0: 0.5921697482735576, 1: 0.5921697482735575}",0.5921697482735575,"[[72 62]
 [56 78]]","[1. 0. 0. 0. 0. 1. 0. 1. 1. 0. 0. 0. 1. 0. 0. 0. 1. 0. 0. 0. 0. 1. 0. 0.
 0. 0. 1. 1. 1. 1. 1. 0. 0. 0. 1. 0. 1. 0. 1. 0. 0. 0. 1. 1. 0. 0. 1. 1.
 0. 0. 1. 0. 0. 1. 1. 1. 1. 1. 0. 1. 1. 0. 1. 1. 0. 0. 1. 1. 1. 1. 0. 0.
 1. 1. 0. 1. 1. 0. 0. 0. 1. 1. 1. 0. 0. 1. 0. 1. 1. 1. 1. 1. 0. 1. 1. 1.
 0. 0. 1. 1. 0. 1. 1. 0. 0. 0. 0. 1. 0. 1. 0. 0. 0. 1. 1. 0. 1. 0. 0. 0.
 0. 1. 1. 1. 1. 1. 1. 1. 1. 0. 0. 1. 1. 0. 1. 1. 0. 1. 0. 1. 1. 0. 0. 0.
 0. 0. 0. 0. 1. 1. 1. 0. 1. 1. 0. 1. 1. 0. 1. 0. 1. 1. 0. 0. 1. 1. 0. 1.
 1. 1. 0. 1. 1. 0. 0. 1. 1. 0. 1. 0. 0. 1. 1. 1. 0. 0. 1. 1. 0. 0. 1. 1.
 1. 1. 1. 1. 1. 1. 0. 1. 0. 0. 1. 1. 0. 0. 0. 0. 1. 1. 0. 1. 1. 1. 0. 0.
 1. 1. 0. 1. 0. 0. 0. 0. 1. 1. 1. 0. 0. 0. 0. 1. 1. 1. 1. 1. 0. 1. 0. 0.
 1. 1. 0. 0. 1. 1. 0. 1. 0. 1. 1. 0. 1. 0. 0. 1. 0. 0. 0. 1. 0. 0. 1. 1.
 1. 0. 1. 0.]","[0. 1. 0. 0. 0. 1. 1. 1. 0. 0. 0. 0. 0. 1. 0. 0. 1. 1. 0. 0. 0. 0. 0. 1.
 0. 0. 1. 0. 1. 0. 0. 1. 0. 1. 1. 0. 0. 0. 1. 0. 0. 0. 1. 1. 1. 0. 1. 0.
 1. 0. 1. 1. 0. 1. 1. 1. 1. 0. 1. 0. 0. 1. 1. 1. 0. 0. 0. 1. 1. 0. 1. 1.
 0. 0. 1. 0. 0. 1. 0. 1. 0. 1. 1. 1. 0. 1. 0. 1. 1. 1. 1. 1. 1. 1. 1. 0.
 0. 0. 1. 1. 1. 0. 0. 1. 1. 1. 0. 0. 0. 1. 1. 1. 0. 0. 0. 0. 1. 1. 1. 0.
 1. 0. 0. 1. 1. 0. 0. 0. 0. 1. 0. 0. 1. 1. 0. 1. 1. 1. 0. 1. 1. 0. 1. 0.
 1. 1. 0. 0. 0. 1. 1. 0. 1. 1. 0. 1. 0. 0. 0. 1. 1. 1. 0. 1. 0. 1. 1. 0.
 1. 0. 0. 1. 1. 0. 0. 1. 0. 1. 1. 0. 0. 1. 0. 0. 1. 1. 0. 1. 1. 0. 0. 0.
 0. 1. 1. 0. 0. 1. 0. 0. 1. 0. 1. 1. 1. 0. 0. 0. 1. 1. 0. 0. 0. 0. 1. 0.
 0. 1. 0. 1. 1. 1. 1. 0. 0. 0. 0. 1. 1. 1. 1. 0. 1. 1. 1. 1. 0. 1. 0. 0.
 1. 0. 0. 1. 1. 1. 1. 1. 0. 0. 1. 1. 1. 0. 0. 1. 0. 1. 0. 0. 1. 0. 1. 0.
 1. 0. 0. 0.]"
318,randomforest,"{'criterion': 'gini', 'max_features': 'log2', 'n_estimators': 537}",0.5771655899620795,0.20886162745999307,0.16573126066009994,0.38180689207546914,0.5692933559869043,0.21601229151789264,0.5516145223356198,0.10447761194029848,0.5522388059701493,0.5522388059701493,"{0: 0.5809757184228114, 1: 0.5809757184228113}","{0: 0.5809757184228114, 1: 0.5809757184228113}",0.5809757184228113,"[[69 65]
 [55 79]]","[1. 0. 0. 0. 0. 1. 0. 1. 1. 0. 0. 0. 1. 0. 0. 0. 0. 0. 0. 0. 0. 1. 0. 0.
 0. 0. 1. 1. 1. 1. 1. 0. 0. 0. 1. 0. 1. 0. 1. 0. 1. 0. 1. 0. 0. 0. 1. 1.
 0. 0. 1. 0. 1. 1. 1. 1. 1. 1. 0. 1. 0. 0. 1. 1. 0. 0. 1. 1. 1. 1. 0. 0.
 1. 1. 0. 1. 1. 0. 0. 0. 1. 1. 1. 0. 0. 1. 1. 1. 1. 1. 1. 1. 0. 1. 1. 1.
 0. 0. 1. 1. 0. 1. 1. 0. 0. 0. 0. 1. 0. 1. 0. 0. 0. 1. 1. 0. 1. 0. 0. 0.
 0. 1. 1. 1. 1. 1. 1. 1. 1. 0. 0. 1. 1. 0. 1. 1. 0. 1. 0. 1. 1. 0. 1. 0.
 0. 0. 0. 0. 1. 1. 1. 0. 1. 1. 0. 1. 1. 0. 1. 0. 1. 1. 0. 0. 1. 1. 0. 1.
 1. 1. 0. 1. 1. 1. 0. 1. 1. 0. 1. 0. 0. 0. 1. 1. 0. 0. 1. 1. 0. 0. 1. 1.
 1. 1. 1. 1. 1. 1. 0. 1. 0. 0. 1. 1. 0. 0. 0. 0. 1. 1. 0. 1. 1. 1. 0. 0.
 1. 1. 0. 1. 0. 1. 0. 0. 1. 1. 1. 0. 0. 0. 1. 1. 1. 1. 1. 1. 0. 1. 0. 0.
 1. 1. 0. 0. 1. 1. 0. 1. 0. 1. 1. 0. 1. 0. 0. 1. 0. 1. 0. 1. 0. 0. 1. 1.
 1. 0. 1. 0.]","[0. 1. 0. 0. 0. 1. 1. 1. 0. 0. 0. 0. 0. 1. 0. 0. 1. 1. 0. 0. 0. 0. 0. 1.
 0. 0. 1. 0. 1. 0. 0. 1. 0. 1. 1. 0. 0. 0. 1. 0. 0. 0. 1. 1. 1. 0. 1. 0.
 1. 0. 1. 1. 0. 1. 1. 1. 1. 0. 1. 0. 0. 1. 1. 1. 0. 0. 0. 1. 1. 0. 1. 1.
 0. 0. 1. 0. 0. 1. 0. 1. 0. 1. 1. 1. 0. 1. 0. 1. 1. 1. 1. 1. 1. 1. 1. 0.
 0. 0. 1. 1. 1. 0. 0. 1. 1. 1. 0. 0. 0. 1. 1. 1. 0. 0. 0. 0. 1. 1. 1. 0.
 1. 0. 0. 1. 1. 0. 0. 0. 0. 1. 0. 0. 1. 1. 0. 1. 1. 1. 0. 1. 1. 0. 1. 0.
 1. 1. 0. 0. 0. 1. 1. 0. 1. 1. 0. 1. 0. 0. 0. 1. 1. 1. 0. 1. 0. 1. 1. 0.
 1. 0. 0. 1. 1. 0. 0. 1. 0. 1. 1. 0. 0. 1. 0. 0. 1. 1. 0. 1. 1. 0. 0. 0.
 0. 1. 1. 0. 0. 1. 0. 0. 1. 0. 1. 1. 1. 0. 0. 0. 1. 1. 0. 0. 0. 0. 1. 0.
 0. 1. 0. 1. 1. 1. 1. 0. 0. 0. 0. 1. 1. 1. 1. 0. 1. 1. 1. 1. 0. 1. 0. 0.
 1. 0. 0. 1. 1. 1. 1. 1. 0. 0. 1. 1. 1. 0. 0. 1. 0. 1. 0. 0. 1. 0. 1. 0.
 1. 0. 0. 0.]"
901,randomforest,"{'criterion': 'gini', 'max_features': 'sqrt', 'n_estimators': 245}",0.5808418481370068,0.2010513629553609,0.16567862407307346,0.3656407710323014,0.5729563037022715,0.2048105792090029,0.559603386809269,0.11940298507462688,0.5597014925373134,0.5597014925373134,"{0: 0.5903597683225663, 1: 0.5903597683225663}","{0: 0.5903597683225663, 1: 0.5903597683225663}",0.5903597683225663,"[[73 61]
 [57 77]]","[1. 0. 0. 0. 0. 1. 0. 1. 1. 0. 0. 0. 1. 0. 0. 0. 1. 0. 0. 1. 0. 1. 0. 0.
 0. 0. 1. 1. 1. 1. 1. 0. 0. 0. 1. 0. 1. 0. 1. 0. 0. 0. 1. 0. 0. 0. 1. 0.
 0. 0. 1. 0. 1. 1. 1. 1. 1. 1. 0. 1. 0. 0. 1. 0. 0. 0. 1. 1. 1. 1. 0. 0.
 1. 1. 0. 1. 1. 0. 0. 0. 1. 1. 1. 0. 0. 1. 0. 1. 1. 1. 1. 1. 0. 1. 1. 1.
 0. 0. 1. 1. 0. 1. 0. 0. 0. 0. 0. 1. 0. 1. 0. 0. 0. 1. 1. 0. 1. 0. 0. 0.
 0. 1. 1. 1. 1. 1. 1. 1. 1. 0. 0. 1. 1. 0. 1. 1. 0. 1. 0. 1. 1. 0. 0. 0.
 0. 0. 0. 0. 1. 1. 1. 0. 1. 1. 0. 1. 1. 0. 1. 0. 1. 1. 0. 0. 1. 1. 0. 1.
 1. 1. 0. 1. 1. 1. 0. 1. 1. 0. 1. 0. 0. 1. 1. 1. 0. 0. 1. 1. 0. 0. 1. 1.
 0. 1. 0. 0. 1. 1. 0. 0. 0. 0. 1. 1. 0. 1. 0. 1. 1. 1. 0. 1. 1. 1. 0. 0.
 1. 1. 0. 1. 0. 0. 0. 0. 1. 1. 1. 0. 0. 0. 1. 1. 1. 1. 1. 1. 0. 1. 0. 0.
 1. 1. 0. 0. 1. 1. 1. 1. 0. 1. 1. 0. 1. 0. 0. 1. 0. 0. 0. 1. 0. 0. 1. 1.
 1. 0. 1. 0.]","[0. 1. 0. 0. 0. 1. 1. 1. 0. 0. 0. 0. 0. 1. 0. 0. 1. 1. 0. 0. 0. 0. 0. 1.
 0. 0. 1. 0. 1. 0. 0. 1. 0. 1. 1. 0. 0. 0. 1. 0. 0. 0. 1. 1. 1. 0. 1. 0.
 1. 0. 1. 1. 0. 1. 1. 1. 1. 0. 1. 0. 0. 1. 1. 1. 0. 0. 0. 1. 1. 0. 1. 1.
 0. 0. 1. 0. 0. 1. 0. 1. 0. 1. 1. 1. 0. 1. 0. 1. 1. 1. 1. 1. 1. 1. 1. 0.
 0. 0. 1. 1. 1. 0. 0. 1. 1. 1. 0. 0. 0. 1. 1. 1. 0. 0. 0. 0. 1. 1. 1. 0.
 1. 0. 0. 1. 1. 0. 0. 0. 0. 1. 0. 0. 1. 1. 0. 1. 1. 1. 0. 1. 1. 0. 1. 0.
 1. 1. 0. 0. 0. 1. 1. 0. 1. 1. 0. 1. 0. 0. 0. 1. 1. 1. 0. 1. 0. 1. 1. 0.
 1. 0. 0. 1. 1. 0. 0. 1. 0. 1. 1. 0. 0. 1. 0. 0. 1. 1. 0. 1. 1. 0. 0. 0.
 0. 1. 1. 0. 0. 1. 0. 0. 1. 0. 1. 1. 1. 0. 0. 0. 1. 1. 0. 0. 0. 0. 1. 0.
 0. 1. 0. 1. 1. 1. 1. 0. 0. 0. 0. 1. 1. 1. 1. 0. 1. 1. 1. 1. 0. 1. 0. 0.
 1. 0. 0. 1. 1. 1. 1. 1. 0. 0. 1. 1. 1. 0. 0. 1. 0. 1. 0. 0. 1. 0. 1. 0.
 1. 0. 0. 0.]"
306,randomforest,"{'criterion': 'gini', 'max_features': 'sqrt', 'n_estimators': 401}",0.5859791851054433,0.20032799471854723,0.16539302676493714,0.38687881366636084,0.575417384288352,0.20908238930588233,0.5631347962382445,0.12686567164179108,0.5634328358208955,0.5634328358208955,"{0: 0.5784695923368234, 1: 0.5784695923368233}","{0: 0.5784695923368234, 1: 0.5784695923368233}",0.5784695923368233,"[[72 62]
 [55 79]]","[1. 0. 0. 0. 0. 1. 0. 1. 1. 0. 0. 0. 1. 0. 0. 0. 1. 0. 0. 0. 0. 1. 0. 0.
 0. 0. 1. 1. 1. 1. 1. 0. 0. 0. 1. 0. 1. 0. 1. 0. 1. 0. 1. 0. 0. 0. 1. 1.
 0. 0. 1. 0. 0. 1. 1. 1. 1. 1. 0. 1. 0. 0. 1. 0. 0. 0. 1. 1. 1. 1. 0. 0.
 1. 1. 0. 1. 1. 0. 0. 0. 1. 1. 1. 0. 0. 1. 1. 1. 1. 1. 1. 1. 0. 1. 1. 1.
 0. 0. 1. 1. 0. 1. 0. 1. 0. 0. 0. 1. 0. 1. 0. 0. 0. 1. 1. 0. 1. 0. 0. 0.
 0. 1. 1. 1. 1. 1. 1. 1. 0. 0. 0. 1. 1. 0. 1. 1. 0. 1. 0. 1. 1. 0. 0. 0.
 0. 0. 0. 0. 1. 1. 1. 0. 1. 0. 0. 1. 1. 0. 1. 0. 1. 1. 0. 0. 1. 1. 0. 1.
 1. 1. 0. 1. 1. 0. 0. 1. 1. 0. 1. 1. 0. 1. 1. 1. 0. 0. 1. 1. 0. 0. 1. 1.
 1. 1. 1. 1. 1. 1. 0. 1. 0. 0. 1. 1. 0. 0. 0. 0. 1. 1. 0. 1. 1. 1. 0. 0.
 1. 1. 0. 0. 0. 0. 0. 0. 1. 1. 1. 0. 1. 0. 1. 1. 1. 1. 1. 1. 0. 1. 0. 0.
 1. 1. 0. 0. 1. 1. 1. 1. 0. 1. 1. 0. 1. 0. 1. 1. 0. 1. 0. 1. 0. 0. 1. 0.
 1. 0. 1. 0.]","[0. 1. 0. 0. 0. 1. 1. 1. 0. 0. 0. 0. 0. 1. 0. 0. 1. 1. 0. 0. 0. 0. 0. 1.
 0. 0. 1. 0. 1. 0. 0. 1. 0. 1. 1. 0. 0. 0. 1. 0. 0. 0. 1. 1. 1. 0. 1. 0.
 1. 0. 1. 1. 0. 1. 1. 1. 1. 0. 1. 0. 0. 1. 1. 1. 0. 0. 0. 1. 1. 0. 1. 1.
 0. 0. 1. 0. 0. 1. 0. 1. 0. 1. 1. 1. 0. 1. 0. 1. 1. 1. 1. 1. 1. 1. 1. 0.
 0. 0. 1. 1. 1. 0. 0. 1. 1. 1. 0. 0. 0. 1. 1. 1. 0. 0. 0. 0. 1. 1. 1. 0.
 1. 0. 0. 1. 1. 0. 0. 0. 0. 1. 0. 0. 1. 1. 0. 1. 1. 1. 0. 1. 1. 0. 1. 0.
 1. 1. 0. 0. 0. 1. 1. 0. 1. 1. 0. 1. 0. 0. 0. 1. 1. 1. 0. 1. 0. 1. 1. 0.
 1. 0. 0. 1. 1. 0. 0. 1. 0. 1. 1. 0. 0. 1. 0. 0. 1. 1. 0. 1. 1. 0. 0. 0.
 0. 1. 1. 0. 0. 1. 0. 0. 1. 0. 1. 1. 1. 0. 0. 0. 1. 1. 0. 0. 0. 0. 1. 0.
 0. 1. 0. 1. 1. 1. 1. 0. 0. 0. 0. 1. 1. 1. 1. 0. 1. 1. 1. 1. 0. 1. 0. 0.
 1. 0. 0. 1. 1. 1. 1. 1. 0. 0. 1. 1. 1. 0. 0. 1. 0. 1. 0. 0. 1. 0. 1. 0.
 1. 0. 0. 0.]"
410,randomforest,"{'criterion': 'gini', 'max_features': 'sqrt', 'n_estimators': 309}",0.5833537841935085,0.19441726749248053,0.16538366846554667,0.3309098146295798,0.5782267277226955,0.19724557604298637,0.5626961215011924,0.12686567164179108,0.5634328358208955,0.5634328358208955,"{0: 0.5815326353308087, 1: 0.5815326353308087}","{0: 0.5815326353308087, 1: 0.5815326353308087}",0.5815326353308087,"[[70 64]
 [53 81]]","[1. 0. 0. 0. 0. 1. 0. 1. 1. 0. 0. 0. 1. 0. 0. 0. 1. 0. 0. 0. 0. 1. 0. 0.
 0. 0. 1. 1. 1. 1. 1. 0. 0. 0. 1. 0. 1. 0. 1. 0. 0. 0. 1. 1. 0. 1. 1. 1.
 0. 0. 1. 0. 0. 1. 1. 1. 1. 1. 0. 1. 1. 0. 1. 1. 0. 0. 1. 1. 1. 1. 0. 0.
 1. 1. 0. 1. 1. 0. 1. 0. 1. 1. 1. 0. 0. 1. 1. 1. 1. 1. 1. 1. 0. 1. 1. 1.
 0. 0. 1. 1. 0. 1. 0. 0. 0. 0. 0. 1. 0. 1. 0. 0. 0. 1. 1. 0. 1. 0. 0. 0.
 0. 1. 1. 1. 1. 1. 1. 1. 1. 0. 0. 1. 1. 0. 1. 1. 0. 1. 0. 1. 1. 0. 0. 0.
 1. 0. 0. 0. 1. 1. 1. 0. 1. 1. 0. 1. 1. 0. 1. 0. 1. 1. 0. 0. 1. 1. 0. 1.
 1. 1. 0. 1. 1. 1. 0. 1. 1. 0. 1. 0. 0. 0. 1. 1. 0. 0. 1. 1. 0. 0. 1. 1.
 1. 1. 1. 1. 1. 1. 0. 1. 1. 0. 1. 1. 0. 0. 0. 0. 1. 1. 0. 1. 1. 0. 0. 0.
 1. 1. 0. 0. 0. 0. 0. 0. 1. 1. 1. 0. 1. 0. 1. 1. 1. 1. 1. 1. 0. 1. 0. 0.
 1. 1. 0. 0. 1. 1. 0. 1. 0. 1. 1. 0. 1. 0. 0. 1. 0. 1. 0. 1. 0. 0. 1. 1.
 1. 0. 1. 0.]","[0. 1. 0. 0. 0. 1. 1. 1. 0. 0. 0. 0. 0. 1. 0. 0. 1. 1. 0. 0. 0. 0. 0. 1.
 0. 0. 1. 0. 1. 0. 0. 1. 0. 1. 1. 0. 0. 0. 1. 0. 0. 0. 1. 1. 1. 0. 1. 0.
 1. 0. 1. 1. 0. 1. 1. 1. 1. 0. 1. 0. 0. 1. 1. 1. 0. 0. 0. 1. 1. 0. 1. 1.
 0. 0. 1. 0. 0. 1. 0. 1. 0. 1. 1. 1. 0. 1. 0. 1. 1. 1. 1. 1. 1. 1. 1. 0.
 0. 0. 1. 1. 1. 0. 0. 1. 1. 1. 0. 0. 0. 1. 1. 1. 0. 0. 0. 0. 1. 1. 1. 0.
 1. 0. 0. 1. 1. 0. 0. 0. 0. 1. 0. 0. 1. 1. 0. 1. 1. 1. 0. 1. 1. 0. 1. 0.
 1. 1. 0. 0. 0. 1. 1. 0. 1. 1. 0. 1. 0. 0. 0. 1. 1. 1. 0. 1. 0. 1. 1. 0.
 1. 0. 0. 1. 1. 0. 0. 1. 0. 1. 1. 0. 0. 1. 0. 0. 1. 1. 0. 1. 1. 0. 0. 0.
 0. 1. 1. 0. 0. 1. 0. 0. 1. 0. 1. 1. 1. 0. 0. 0. 1. 1. 0. 0. 0. 0. 1. 0.
 0. 1. 0. 1. 1. 1. 1. 0. 0. 0. 0. 1. 1. 1. 1. 0. 1. 1. 1. 1. 0. 1. 0. 0.
 1. 0. 0. 1. 1. 1. 1. 1. 0. 0. 1. 1. 1. 0. 0. 1. 0. 1. 0. 0. 1. 0. 1. 0.
 1. 0. 0. 0.]"
419,randomforest,"{'criterion': 'entropy', 'max_features': 'sqrt', 'n_estimators': 411}",0.5795839034802261,0.18500196311501338,0.1650655285475332,0.32860144832217175,0.5709703863937734,0.1890513050873146,0.56328082563824,0.12686567164179108,0.5634328358208955,0.5634328358208955,"{0: 0.5857373579861884, 1: 0.5857373579861884}","{0: 0.5857373579861884, 1: 0.5857373579861884}",0.5857373579861884,"[[73 61]
 [56 78]]","[1. 0. 0. 0. 0. 1. 0. 1. 1. 0. 0. 0. 1. 0. 0. 0. 1. 0. 0. 0. 0. 1. 0. 0.
 0. 0. 1. 1. 1. 1. 1. 0. 0. 0. 1. 0. 0. 0. 1. 0. 1. 1. 1. 0. 0. 0. 1. 0.
 0. 0. 1. 0. 1. 1. 1. 1. 1. 1. 0. 1. 0. 0. 1. 0. 0. 0. 1. 1. 1. 1. 0. 0.
 1. 1. 0. 1. 1. 0. 0. 0. 1. 1. 1. 0. 0. 1. 0. 1. 1. 1. 1. 1. 0. 1. 1. 1.
 0. 0. 1. 1. 0. 1. 1. 0. 0. 0. 0. 1. 0. 1. 0. 0. 0. 1. 1. 0. 1. 0. 0. 0.
 0. 1. 1. 1. 1. 1. 1. 1. 1. 0. 0. 1. 1. 0. 1. 1. 0. 1. 0. 1. 1. 0. 0. 0.
 0. 0. 0. 0. 1. 1. 1. 0. 1. 1. 0. 1. 1. 0. 1. 0. 1. 1. 0. 0. 1. 1. 0. 1.
 1. 1. 0. 1. 1. 1. 0. 1. 1. 0. 1. 0. 0. 1. 1. 1. 0. 0. 1. 1. 0. 0. 1. 1.
 0. 1. 1. 0. 1. 1. 0. 1. 0. 0. 1. 1. 0. 0. 0. 0. 1. 1. 0. 1. 1. 1. 0. 0.
 1. 1. 0. 0. 0. 0. 0. 0. 1. 1. 1. 0. 1. 0. 1. 1. 1. 1. 1. 1. 0. 1. 0. 0.
 1. 1. 0. 0. 1. 1. 0. 1. 0. 1. 1. 0. 1. 0. 0. 1. 0. 1. 0. 1. 0. 0. 1. 1.
 1. 0. 1. 0.]","[0. 1. 0. 0. 0. 1. 1. 1. 0. 0. 0. 0. 0. 1. 0. 0. 1. 1. 0. 0. 0. 0. 0. 1.
 0. 0. 1. 0. 1. 0. 0. 1. 0. 1. 1. 0. 0. 0. 1. 0. 0. 0. 1. 1. 1. 0. 1. 0.
 1. 0. 1. 1. 0. 1. 1. 1. 1. 0. 1. 0. 0. 1. 1. 1. 0. 0. 0. 1. 1. 0. 1. 1.
 0. 0. 1. 0. 0. 1. 0. 1. 0. 1. 1. 1. 0. 1. 0. 1. 1. 1. 1. 1. 1. 1. 1. 0.
 0. 0. 1. 1. 1. 0. 0. 1. 1. 1. 0. 0. 0. 1. 1. 1. 0. 0. 0. 0. 1. 1. 1. 0.
 1. 0. 0. 1. 1. 0. 0. 0. 0. 1. 0. 0. 1. 1. 0. 1. 1. 1. 0. 1. 1. 0. 1. 0.
 1. 1. 0. 0. 0. 1. 1. 0. 1. 1. 0. 1. 0. 0. 0. 1. 1. 1. 0. 1. 0. 1. 1. 0.
 1. 0. 0. 1. 1. 0. 0. 1. 0. 1. 1. 0. 0. 1. 0. 0. 1. 1. 0. 1. 1. 0. 0. 0.
 0. 1. 1. 0. 0. 1. 0. 0. 1. 0. 1. 1. 1. 0. 0. 0. 1. 1. 0. 0. 0. 0. 1. 0.
 0. 1. 0. 1. 1. 1. 1. 0. 0. 0. 0. 1. 1. 1. 1. 0. 1. 1. 1. 1. 0. 1. 0. 0.
 1. 0. 0. 1. 1. 1. 1. 1. 0. 0. 1. 1. 1. 0. 0. 1. 0. 1. 0. 0. 1. 0. 1. 0.
 1. 0. 0. 0.]"
174,randomforest,"{'criterion': 'entropy', 'max_features': None, 'n_estimators': 483}",0.5865960081365679,0.20074427767398334,0.16502925821225303,0.3657198505726484,0.5790176650559715,0.2039605150500547,0.5704110505554549,0.14179104477611937,0.5708955223880597,0.5708955223880596,"{0: 0.5871296502561818, 1: 0.5871296502561818}","{0: 0.5871296502561818, 1: 0.5871296502561818}",0.5871296502561818,"[[72 62]
 [53 81]]","[1. 0. 0. 0. 0. 1. 0. 1. 1. 0. 0. 0. 1. 0. 0. 0. 1. 0. 0. 0. 0. 1. 0. 0.
 0. 0. 1. 1. 1. 1. 1. 0. 0. 0. 1. 1. 0. 0. 1. 0. 1. 0. 1. 1. 0. 0. 1. 0.
 0. 0. 1. 0. 0. 1. 1. 1. 1. 1. 0. 1. 0. 0. 1. 0. 0. 0. 1. 1. 1. 1. 0. 0.
 1. 1. 0. 1. 1. 0. 1. 0. 0. 1. 1. 0. 0. 1. 1. 1. 1. 1. 1. 1. 0. 1. 1. 1.
 0. 0. 1. 1. 0. 1. 1. 0. 0. 0. 0. 1. 0. 1. 0. 0. 0. 1. 1. 0. 1. 0. 0. 0.
 0. 1. 1. 1. 1. 1. 1. 1. 1. 0. 0. 1. 1. 0. 1. 1. 0. 1. 0. 1. 1. 0. 0. 0.
 1. 0. 0. 0. 1. 1. 1. 0. 1. 1. 0. 1. 1. 0. 1. 0. 1. 1. 0. 0. 1. 1. 0. 1.
 1. 1. 0. 1. 1. 1. 0. 1. 1. 0. 1. 0. 0. 1. 1. 1. 0. 0. 1. 1. 0. 0. 1. 1.
 0. 1. 1. 0. 1. 1. 0. 1. 0. 0. 1. 1. 0. 0. 0. 0. 1. 1. 0. 1. 1. 1. 0. 0.
 1. 1. 0. 1. 0. 0. 0. 0. 1. 1. 1. 0. 0. 0. 1. 1. 1. 1. 1. 1. 0. 1. 0. 0.
 1. 1. 0. 0. 1. 1. 1. 1. 0. 1. 1. 0. 1. 0. 1. 1. 0. 1. 0. 1. 0. 0. 1. 1.
 1. 0. 1. 0.]","[0. 1. 0. 0. 0. 1. 1. 1. 0. 0. 0. 0. 0. 1. 0. 0. 1. 1. 0. 0. 0. 0. 0. 1.
 0. 0. 1. 0. 1. 0. 0. 1. 0. 1. 1. 0. 0. 0. 1. 0. 0. 0. 1. 1. 1. 0. 1. 0.
 1. 0. 1. 1. 0. 1. 1. 1. 1. 0. 1. 0. 0. 1. 1. 1. 0. 0. 0. 1. 1. 0. 1. 1.
 0. 0. 1. 0. 0. 1. 0. 1. 0. 1. 1. 1. 0. 1. 0. 1. 1. 1. 1. 1. 1. 1. 1. 0.
 0. 0. 1. 1. 1. 0. 0. 1. 1. 1. 0. 0. 0. 1. 1. 1. 0. 0. 0. 0. 1. 1. 1. 0.
 1. 0. 0. 1. 1. 0. 0. 0. 0. 1. 0. 0. 1. 1. 0. 1. 1. 1. 0. 1. 1. 0. 1. 0.
 1. 1. 0. 0. 0. 1. 1. 0. 1. 1. 0. 1. 0. 0. 0. 1. 1. 1. 0. 1. 0. 1. 1. 0.
 1. 0. 0. 1. 1. 0. 0. 1. 0. 1. 1. 0. 0. 1. 0. 0. 1. 1. 0. 1. 1. 0. 0. 0.
 0. 1. 1. 0. 0. 1. 0. 0. 1. 0. 1. 1. 1. 0. 0. 0. 1. 1. 0. 0. 0. 0. 1. 0.
 0. 1. 0. 1. 1. 1. 1. 0. 0. 0. 0. 1. 1. 1. 1. 0. 1. 1. 1. 1. 0. 1. 0. 0.
 1. 0. 0. 1. 1. 1. 1. 1. 0. 0. 1. 1. 1. 0. 0. 1. 0. 1. 0. 0. 1. 0. 1. 0.
 1. 0. 0. 0.]"
90,randomforest,"{'criterion': 'entropy', 'max_features': 'sqrt', 'n_estimators': 387}",0.5864035760639653,0.1873222915654766,0.16497165468111258,0.34039753064860745,0.5783472687706558,0.1953666307255688,0.5626961215011924,0.12686567164179108,0.5634328358208955,0.5634328358208955,"{0: 0.5919748273557586, 1: 0.5919748273557586}","{0: 0.5919748273557586, 1: 0.5919748273557586}",0.5919748273557586,"[[70 64]
 [53 81]]","[1. 0. 0. 0. 0. 1. 0. 1. 1. 0. 0. 0. 1. 0. 0. 0. 1. 0. 0. 1. 0. 1. 0. 0.
 0. 0. 1. 1. 1. 1. 1. 0. 0. 0. 1. 1. 0. 0. 1. 0. 0. 0. 1. 0. 0. 1. 1. 0.
 0. 0. 1. 0. 0. 1. 1. 1. 1. 1. 0. 1. 1. 0. 1. 0. 0. 0. 1. 1. 1. 1. 0. 0.
 0. 1. 0. 1. 1. 0. 0. 0. 1. 1. 1. 0. 0. 1. 0. 1. 1. 1. 1. 1. 0. 1. 1. 1.
 0. 0. 1. 1. 0. 1. 1. 1. 0. 0. 0. 1. 0. 1. 0. 0. 0. 1. 1. 0. 1. 0. 0. 0.
 0. 1. 1. 1. 1. 1. 1. 1. 1. 0. 0. 1. 1. 0. 1. 1. 0. 1. 0. 1. 1. 0. 1. 0.
 0. 0. 0. 0. 1. 1. 1. 0. 1. 0. 0. 1. 1. 0. 1. 0. 1. 1. 0. 0. 1. 1. 0. 1.
 1. 1. 0. 1. 1. 1. 0. 1. 1. 0. 1. 1. 0. 1. 1. 1. 0. 0. 1. 1. 0. 0. 1. 1.
 1. 1. 1. 1. 1. 1. 0. 1. 0. 0. 1. 1. 0. 0. 0. 0. 1. 1. 0. 1. 1. 1. 0. 0.
 1. 1. 0. 1. 0. 0. 0. 0. 1. 1. 1. 0. 1. 0. 1. 1. 1. 1. 1. 1. 0. 1. 0. 0.
 1. 1. 0. 0. 1. 1. 1. 1. 0. 1. 1. 0. 1. 0. 0. 1. 0. 1. 0. 1. 0. 0. 1. 1.
 1. 0. 1. 0.]","[0. 1. 0. 0. 0. 1. 1. 1. 0. 0. 0. 0. 0. 1. 0. 0. 1. 1. 0. 0. 0. 0. 0. 1.
 0. 0. 1. 0. 1. 0. 0. 1. 0. 1. 1. 0. 0. 0. 1. 0. 0. 0. 1. 1. 1. 0. 1. 0.
 1. 0. 1. 1. 0. 1. 1. 1. 1. 0. 1. 0. 0. 1. 1. 1. 0. 0. 0. 1. 1. 0. 1. 1.
 0. 0. 1. 0. 0. 1. 0. 1. 0. 1. 1. 1. 0. 1. 0. 1. 1. 1. 1. 1. 1. 1. 1. 0.
 0. 0. 1. 1. 1. 0. 0. 1. 1. 1. 0. 0. 0. 1. 1. 1. 0. 0. 0. 0. 1. 1. 1. 0.
 1. 0. 0. 1. 1. 0. 0. 0. 0. 1. 0. 0. 1. 1. 0. 1. 1. 1. 0. 1. 1. 0. 1. 0.
 1. 1. 0. 0. 0. 1. 1. 0. 1. 1. 0. 1. 0. 0. 0. 1. 1. 1. 0. 1. 0. 1. 1. 0.
 1. 0. 0. 1. 1. 0. 0. 1. 0. 1. 1. 0. 0. 1. 0. 0. 1. 1. 0. 1. 1. 0. 0. 0.
 0. 1. 1. 0. 0. 1. 0. 0. 1. 0. 1. 1. 1. 0. 0. 0. 1. 1. 0. 0. 0. 0. 1. 0.
 0. 1. 0. 1. 1. 1. 1. 0. 0. 0. 0. 1. 1. 1. 1. 0. 1. 1. 1. 1. 0. 1. 0. 0.
 1. 0. 0. 1. 1. 1. 1. 1. 0. 0. 1. 1. 1. 0. 0. 1. 0. 1. 0. 0. 1. 0. 1. 0.
 1. 0. 0. 0.]"
241,randomforest,"{'criterion': 'gini', 'max_features': 'log2', 'n_estimators': 433}",0.5844032298610098,0.18744532930166075,0.1648177317008682,0.3333247888465044,0.5806753207962886,0.19509442698976173,0.5665607049244326,0.13432835820895528,0.5671641791044776,0.5671641791044776,"{0: 0.5962909333927376, 1: 0.5962909333927378}","{0: 0.5962909333927376, 1: 0.5962909333927378}",0.5962909333927378,"[[71 63]
 [53 81]]","[1. 0. 0. 0. 0. 1. 0. 1. 1. 0. 0. 0. 1. 0. 0. 0. 1. 0. 0. 0. 0. 1. 0. 0.
 0. 0. 1. 1. 1. 1. 1. 0. 0. 0. 1. 0. 1. 0. 1. 0. 0. 0. 1. 0. 0. 0. 1. 1.
 0. 0. 1. 0. 0. 1. 1. 1. 1. 1. 0. 1. 1. 1. 1. 1. 0. 0. 1. 1. 1. 1. 0. 0.
 1. 1. 0. 1. 1. 0. 0. 0. 1. 1. 1. 0. 0. 1. 0. 1. 1. 1. 1. 1. 0. 1. 1. 1.
 0. 0. 1. 1. 0. 1. 1. 0. 0. 0. 0. 1. 0. 1. 0. 0. 0. 1. 1. 1. 1. 0. 0. 0.
 0. 1. 1. 1. 1. 1. 1. 1. 1. 0. 0. 1. 1. 0. 1. 1. 0. 1. 0. 1. 0. 0. 1. 0.
 0. 0. 0. 0. 1. 1. 1. 0. 1. 1. 0. 1. 1. 0. 1. 0. 1. 1. 0. 0. 1. 1. 0. 1.
 1. 1. 0. 1. 1. 0. 0. 1. 1. 0. 1. 0. 0. 1. 1. 1. 0. 0. 1. 1. 0. 0. 1. 1.
 1. 1. 1. 1. 1. 1. 0. 1. 0. 0. 1. 1. 0. 0. 0. 0. 1. 1. 0. 1. 1. 1. 0. 0.
 1. 1. 0. 1. 0. 0. 0. 0. 1. 1. 1. 0. 1. 0. 1. 1. 1. 1. 1. 1. 0. 1. 0. 0.
 1. 1. 0. 0. 1. 1. 0. 1. 0. 1. 1. 0. 1. 0. 0. 1. 0. 1. 0. 1. 0. 0. 1. 1.
 1. 0. 1. 0.]","[0. 1. 0. 0. 0. 1. 1. 1. 0. 0. 0. 0. 0. 1. 0. 0. 1. 1. 0. 0. 0. 0. 0. 1.
 0. 0. 1. 0. 1. 0. 0. 1. 0. 1. 1. 0. 0. 0. 1. 0. 0. 0. 1. 1. 1. 0. 1. 0.
 1. 0. 1. 1. 0. 1. 1. 1. 1. 0. 1. 0. 0. 1. 1. 1. 0. 0. 0. 1. 1. 0. 1. 1.
 0. 0. 1. 0. 0. 1. 0. 1. 0. 1. 1. 1. 0. 1. 0. 1. 1. 1. 1. 1. 1. 1. 1. 0.
 0. 0. 1. 1. 1. 0. 0. 1. 1. 1. 0. 0. 0. 1. 1. 1. 0. 0. 0. 0. 1. 1. 1. 0.
 1. 0. 0. 1. 1. 0. 0. 0. 0. 1. 0. 0. 1. 1. 0. 1. 1. 1. 0. 1. 1. 0. 1. 0.
 1. 1. 0. 0. 0. 1. 1. 0. 1. 1. 0. 1. 0. 0. 0. 1. 1. 1. 0. 1. 0. 1. 1. 0.
 1. 0. 0. 1. 1. 0. 0. 1. 0. 1. 1. 0. 0. 1. 0. 0. 1. 1. 0. 1. 1. 0. 0. 0.
 0. 1. 1. 0. 0. 1. 0. 0. 1. 0. 1. 1. 1. 0. 0. 0. 1. 1. 0. 0. 0. 0. 1. 0.
 0. 1. 0. 1. 1. 1. 1. 0. 0. 0. 0. 1. 1. 1. 1. 0. 1. 1. 1. 1. 0. 1. 0. 0.
 1. 0. 0. 1. 1. 1. 1. 1. 0. 0. 1. 1. 1. 0. 0. 1. 0. 1. 0. 0. 1. 0. 1. 0.
 1. 0. 0. 0.]"
257,randomforest,"{'criterion': 'gini', 'max_features': 'log2', 'n_estimators': 225}",0.5849935637938898,0.18178414048545785,0.1647931269831075,0.3303343685751258,0.5763300730034601,0.18611397490619794,0.5629399383912019,0.12686567164179108,0.5634328358208955,0.5634328358208955,"{0: 0.5832869235910002, 1: 0.5832869235910002}","{0: 0.5832869235910002, 1: 0.5832869235910002}",0.5832869235910002,"[[71 63]
 [54 80]]","[1. 0. 0. 0. 0. 1. 0. 1. 1. 0. 0. 1. 1. 0. 0. 0. 1. 0. 0. 0. 0. 1. 0. 0.
 0. 0. 1. 1. 1. 1. 1. 0. 0. 0. 1. 0. 1. 0. 1. 0. 0. 0. 1. 0. 0. 0. 1. 0.
 0. 0. 1. 0. 1. 1. 1. 1. 1. 1. 0. 1. 1. 1. 1. 0. 0. 0. 1. 1. 1. 1. 0. 0.
 0. 1. 0. 1. 1. 0. 1. 0. 1. 1. 1. 0. 0. 1. 0. 1. 1. 1. 1. 1. 0. 1. 1. 1.
 0. 0. 1. 1. 0. 1. 1. 0. 0. 0. 0. 1. 0. 1. 0. 0. 0. 1. 1. 0. 1. 0. 0. 0.
 0. 1. 1. 1. 1. 1. 1. 1. 1. 0. 0. 1. 1. 0. 1. 1. 0. 1. 0. 1. 1. 0. 0. 0.
 1. 0. 0. 0. 1. 1. 1. 0. 1. 1. 0. 1. 1. 0. 1. 0. 1. 1. 0. 0. 1. 1. 0. 1.
 1. 1. 0. 1. 1. 1. 0. 1. 1. 0. 1. 0. 0. 0. 1. 1. 0. 0. 1. 1. 0. 0. 1. 1.
 0. 1. 1. 1. 1. 1. 0. 1. 0. 0. 1. 1. 0. 0. 0. 0. 1. 1. 0. 1. 1. 1. 1. 0.
 1. 1. 0. 0. 0. 0. 0. 0. 1. 1. 1. 0. 1. 0. 1. 1. 1. 1. 1. 1. 0. 1. 0. 0.
 1. 1. 0. 0. 1. 1. 0. 1. 0. 1. 1. 0. 1. 0. 0. 1. 0. 1. 0. 1. 0. 0. 1. 1.
 1. 0. 1. 0.]","[0. 1. 0. 0. 0. 1. 1. 1. 0. 0. 0. 0. 0. 1. 0. 0. 1. 1. 0. 0. 0. 0. 0. 1.
 0. 0. 1. 0. 1. 0. 0. 1. 0. 1. 1. 0. 0. 0. 1. 0. 0. 0. 1. 1. 1. 0. 1. 0.
 1. 0. 1. 1. 0. 1. 1. 1. 1. 0. 1. 0. 0. 1. 1. 1. 0. 0. 0. 1. 1. 0. 1. 1.
 0. 0. 1. 0. 0. 1. 0. 1. 0. 1. 1. 1. 0. 1. 0. 1. 1. 1. 1. 1. 1. 1. 1. 0.
 0. 0. 1. 1. 1. 0. 0. 1. 1. 1. 0. 0. 0. 1. 1. 1. 0. 0. 0. 0. 1. 1. 1. 0.
 1. 0. 0. 1. 1. 0. 0. 0. 0. 1. 0. 0. 1. 1. 0. 1. 1. 1. 0. 1. 1. 0. 1. 0.
 1. 1. 0. 0. 0. 1. 1. 0. 1. 1. 0. 1. 0. 0. 0. 1. 1. 1. 0. 1. 0. 1. 1. 0.
 1. 0. 0. 1. 1. 0. 0. 1. 0. 1. 1. 0. 0. 1. 0. 0. 1. 1. 0. 1. 1. 0. 0. 0.
 0. 1. 1. 0. 0. 1. 0. 0. 1. 0. 1. 1. 1. 0. 0. 0. 1. 1. 0. 0. 0. 0. 1. 0.
 0. 1. 0. 1. 1. 1. 1. 0. 0. 0. 0. 1. 1. 1. 1. 0. 1. 1. 1. 1. 0. 1. 0. 0.
 1. 0. 0. 1. 1. 1. 1. 1. 0. 0. 1. 1. 1. 0. 0. 1. 0. 1. 0. 0. 1. 0. 1. 0.
 1. 0. 0. 0.]"
833,randomforest,"{'criterion': 'gini', 'max_features': 'sqrt', 'n_estimators': 579}",0.5854324286639013,0.191001620262451,0.16465530898542083,0.3311133741449513,0.5819484689444366,0.19283772579018987,0.5707461106700651,0.14179104477611937,0.5708955223880597,0.5708955223880597,"{0: 0.5879928714635777, 1: 0.5879928714635776}","{0: 0.5879928714635777, 1: 0.5879928714635776}",0.5879928714635776,"[[74 60]
 [55 79]]","[1. 0. 0. 0. 0. 1. 0. 1. 1. 0. 0. 0. 1. 0. 0. 0. 1. 0. 0. 0. 0. 1. 0. 0.
 0. 0. 1. 1. 1. 1. 1. 0. 0. 0. 1. 0. 0. 0. 1. 0. 1. 0. 1. 1. 0. 0. 1. 0.
 0. 0. 1. 0. 1. 1. 1. 1. 1. 1. 0. 1. 1. 0. 1. 1. 0. 0. 1. 1. 1. 1. 0. 0.
 1. 1. 0. 1. 1. 0. 0. 0. 1. 1. 1. 0. 0. 1. 0. 1. 1. 1. 1. 1. 0. 1. 1. 1.
 0. 0. 1. 1. 0. 1. 0. 0. 0. 0. 0. 1. 0. 1. 0. 0. 0. 1. 1. 0. 1. 0. 0. 0.
 0. 1. 1. 1. 1. 1. 1. 1. 1. 0. 0. 1. 1. 0. 1. 1. 0. 1. 0. 1. 1. 0. 0. 0.
 0. 0. 0. 0. 1. 1. 1. 0. 1. 1. 0. 1. 1. 0. 1. 0. 1. 1. 0. 0. 1. 1. 0. 1.
 1. 1. 1. 1. 1. 0. 0. 1. 1. 0. 1. 0. 0. 1. 1. 1. 0. 0. 1. 1. 0. 0. 1. 1.
 1. 1. 1. 0. 1. 1. 0. 0. 0. 0. 1. 1. 0. 0. 0. 0. 1. 1. 0. 1. 1. 1. 0. 0.
 1. 1. 0. 1. 0. 0. 0. 0. 1. 1. 1. 0. 0. 0. 1. 1. 1. 1. 1. 1. 0. 1. 0. 0.
 1. 1. 0. 0. 1. 1. 0. 1. 0. 1. 1. 0. 1. 0. 0. 1. 0. 0. 0. 1. 0. 0. 1. 1.
 1. 0. 1. 0.]","[0. 1. 0. 0. 0. 1. 1. 1. 0. 0. 0. 0. 0. 1. 0. 0. 1. 1. 0. 0. 0. 0. 0. 1.
 0. 0. 1. 0. 1. 0. 0. 1. 0. 1. 1. 0. 0. 0. 1. 0. 0. 0. 1. 1. 1. 0. 1. 0.
 1. 0. 1. 1. 0. 1. 1. 1. 1. 0. 1. 0. 0. 1. 1. 1. 0. 0. 0. 1. 1. 0. 1. 1.
 0. 0. 1. 0. 0. 1. 0. 1. 0. 1. 1. 1. 0. 1. 0. 1. 1. 1. 1. 1. 1. 1. 1. 0.
 0. 0. 1. 1. 1. 0. 0. 1. 1. 1. 0. 0. 0. 1. 1. 1. 0. 0. 0. 0. 1. 1. 1. 0.
 1. 0. 0. 1. 1. 0. 0. 0. 0. 1. 0. 0. 1. 1. 0. 1. 1. 1. 0. 1. 1. 0. 1. 0.
 1. 1. 0. 0. 0. 1. 1. 0. 1. 1. 0. 1. 0. 0. 0. 1. 1. 1. 0. 1. 0. 1. 1. 0.
 1. 0. 0. 1. 1. 0. 0. 1. 0. 1. 1. 0. 0. 1. 0. 0. 1. 1. 0. 1. 1. 0. 0. 0.
 0. 1. 1. 0. 0. 1. 0. 0. 1. 0. 1. 1. 1. 0. 0. 0. 1. 1. 0. 0. 0. 0. 1. 0.
 0. 1. 0. 1. 1. 1. 1. 0. 0. 0. 0. 1. 1. 1. 1. 0. 1. 1. 1. 1. 0. 1. 0. 0.
 1. 0. 0. 1. 1. 1. 1. 1. 0. 0. 1. 1. 1. 0. 0. 1. 0. 1. 0. 0. 1. 0. 1. 0.
 1. 0. 0. 0.]"
897,randomforest,"{'criterion': 'gini', 'max_features': 'sqrt', 'n_estimators': 573}",0.5900980048572554,0.18440111983614388,0.1645603611763409,0.3285580903851502,0.584761859257827,0.1862576288436614,0.5669471220816849,0.13432835820895528,0.5671641791044776,0.5671641791044777,"{0: 0.5824237023836044, 1: 0.5824237023836044}","{0: 0.5824237023836044, 1: 0.5824237023836044}",0.5824237023836044,"[[73 61]
 [55 79]]","[1. 0. 0. 0. 0. 1. 0. 1. 1. 0. 0. 0. 1. 0. 0. 0. 1. 0. 0. 1. 0. 1. 0. 0.
 0. 0. 1. 1. 1. 1. 1. 0. 0. 0. 1. 0. 0. 0. 1. 0. 1. 0. 1. 1. 0. 0. 1. 1.
 0. 0. 1. 0. 0. 1. 1. 1. 1. 1. 0. 1. 1. 0. 1. 0. 0. 0. 1. 1. 1. 1. 0. 0.
 1. 1. 0. 1. 1. 0. 0. 0. 1. 1. 1. 0. 0. 1. 1. 1. 1. 1. 1. 1. 0. 1. 1. 1.
 0. 0. 1. 1. 0. 1. 0. 0. 0. 0. 0. 1. 0. 1. 0. 0. 0. 1. 1. 0. 1. 0. 0. 0.
 0. 1. 1. 1. 1. 1. 1. 1. 1. 0. 0. 1. 1. 0. 1. 1. 0. 1. 0. 1. 1. 0. 0. 0.
 0. 0. 0. 0. 1. 1. 1. 0. 1. 1. 0. 1. 1. 0. 1. 0. 1. 1. 0. 0. 1. 1. 0. 1.
 1. 1. 0. 1. 1. 0. 0. 1. 1. 0. 1. 0. 0. 0. 1. 1. 0. 0. 1. 1. 0. 0. 0. 1.
 1. 1. 1. 1. 1. 1. 0. 0. 0. 0. 1. 1. 0. 0. 0. 0. 1. 1. 0. 1. 1. 1. 0. 0.
 1. 1. 0. 1. 0. 0. 0. 0. 1. 1. 1. 0. 1. 0. 1. 1. 1. 1. 1. 1. 0. 1. 0. 0.
 1. 1. 0. 0. 1. 1. 1. 1. 0. 1. 1. 0. 1. 0. 0. 1. 0. 0. 0. 1. 0. 0. 1. 1.
 1. 0. 1. 0.]","[0. 1. 0. 0. 0. 1. 1. 1. 0. 0. 0. 0. 0. 1. 0. 0. 1. 1. 0. 0. 0. 0. 0. 1.
 0. 0. 1. 0. 1. 0. 0. 1. 0. 1. 1. 0. 0. 0. 1. 0. 0. 0. 1. 1. 1. 0. 1. 0.
 1. 0. 1. 1. 0. 1. 1. 1. 1. 0. 1. 0. 0. 1. 1. 1. 0. 0. 0. 1. 1. 0. 1. 1.
 0. 0. 1. 0. 0. 1. 0. 1. 0. 1. 1. 1. 0. 1. 0. 1. 1. 1. 1. 1. 1. 1. 1. 0.
 0. 0. 1. 1. 1. 0. 0. 1. 1. 1. 0. 0. 0. 1. 1. 1. 0. 0. 0. 0. 1. 1. 1. 0.
 1. 0. 0. 1. 1. 0. 0. 0. 0. 1. 0. 0. 1. 1. 0. 1. 1. 1. 0. 1. 1. 0. 1. 0.
 1. 1. 0. 0. 0. 1. 1. 0. 1. 1. 0. 1. 0. 0. 0. 1. 1. 1. 0. 1. 0. 1. 1. 0.
 1. 0. 0. 1. 1. 0. 0. 1. 0. 1. 1. 0. 0. 1. 0. 0. 1. 1. 0. 1. 1. 0. 0. 0.
 0. 1. 1. 0. 0. 1. 0. 0. 1. 0. 1. 1. 1. 0. 0. 0. 1. 1. 0. 0. 0. 0. 1. 0.
 0. 1. 0. 1. 1. 1. 1. 0. 0. 0. 0. 1. 1. 1. 1. 0. 1. 1. 1. 1. 0. 1. 0. 0.
 1. 0. 0. 1. 1. 1. 1. 1. 0. 0. 1. 1. 1. 0. 0. 1. 0. 1. 0. 0. 1. 0. 1. 0.
 1. 0. 0. 0.]"
96,randomforest,"{'criterion': 'entropy', 'max_features': 'sqrt', 'n_estimators': 507}",0.5821630393446754,0.19964273543645086,0.16438432238106127,0.3687658034485216,0.5742336721671398,0.20623594087781183,0.5594806931520588,0.11940298507462688,0.5597014925373134,0.5597014925373134,"{0: 0.5771886834484294, 1: 0.5771886834484294}","{0: 0.5771886834484294, 1: 0.5771886834484294}",0.5771886834484294,"[[72 62]
 [56 78]]","[1. 0. 0. 0. 0. 1. 0. 1. 1. 0. 0. 0. 1. 0. 0. 0. 1. 0. 0. 0. 0. 1. 0. 0.
 0. 0. 1. 1. 1. 1. 1. 0. 0. 0. 1. 0. 0. 0. 1. 0. 0. 0. 1. 0. 0. 0. 1. 1.
 0. 0. 1. 0. 0. 1. 1. 1. 1. 1. 0. 1. 1. 0. 1. 0. 0. 0. 1. 1. 1. 1. 0. 0.
 1. 1. 0. 1. 1. 0. 1. 0. 1. 1. 1. 0. 0. 1. 1. 1. 1. 1. 1. 1. 0. 1. 1. 1.
 0. 0. 1. 1. 0. 1. 0. 0. 0. 0. 0. 1. 0. 1. 0. 0. 0. 1. 1. 0. 1. 0. 0. 0.
 0. 1. 1. 1. 1. 1. 1. 1. 1. 0. 0. 1. 1. 0. 1. 1. 0. 1. 0. 1. 1. 0. 1. 0.
 1. 0. 0. 0. 1. 1. 1. 0. 1. 0. 0. 1. 1. 0. 1. 0. 1. 1. 0. 0. 1. 1. 0. 1.
 1. 1. 0. 1. 1. 1. 0. 1. 1. 0. 1. 0. 0. 0. 1. 1. 0. 0. 1. 1. 0. 0. 1. 1.
 1. 1. 1. 0. 1. 1. 0. 1. 0. 0. 1. 1. 0. 0. 0. 0. 1. 1. 0. 1. 1. 1. 0. 0.
 1. 1. 0. 0. 0. 0. 0. 0. 1. 1. 1. 0. 1. 0. 1. 1. 1. 1. 1. 1. 0. 1. 0. 0.
 1. 1. 0. 0. 1. 1. 1. 1. 0. 1. 1. 0. 1. 0. 0. 1. 0. 0. 0. 1. 0. 0. 1. 1.
 1. 0. 1. 0.]","[0. 1. 0. 0. 0. 1. 1. 1. 0. 0. 0. 0. 0. 1. 0. 0. 1. 1. 0. 0. 0. 0. 0. 1.
 0. 0. 1. 0. 1. 0. 0. 1. 0. 1. 1. 0. 0. 0. 1. 0. 0. 0. 1. 1. 1. 0. 1. 0.
 1. 0. 1. 1. 0. 1. 1. 1. 1. 0. 1. 0. 0. 1. 1. 1. 0. 0. 0. 1. 1. 0. 1. 1.
 0. 0. 1. 0. 0. 1. 0. 1. 0. 1. 1. 1. 0. 1. 0. 1. 1. 1. 1. 1. 1. 1. 1. 0.
 0. 0. 1. 1. 1. 0. 0. 1. 1. 1. 0. 0. 0. 1. 1. 1. 0. 0. 0. 0. 1. 1. 1. 0.
 1. 0. 0. 1. 1. 0. 0. 0. 0. 1. 0. 0. 1. 1. 0. 1. 1. 1. 0. 1. 1. 0. 1. 0.
 1. 1. 0. 0. 0. 1. 1. 0. 1. 1. 0. 1. 0. 0. 0. 1. 1. 1. 0. 1. 0. 1. 1. 0.
 1. 0. 0. 1. 1. 0. 0. 1. 0. 1. 1. 0. 0. 1. 0. 0. 1. 1. 0. 1. 1. 0. 0. 0.
 0. 1. 1. 0. 0. 1. 0. 0. 1. 0. 1. 1. 1. 0. 0. 0. 1. 1. 0. 0. 0. 0. 1. 0.
 0. 1. 0. 1. 1. 1. 1. 0. 0. 0. 0. 1. 1. 1. 1. 0. 1. 1. 1. 1. 0. 1. 0. 0.
 1. 0. 0. 1. 1. 1. 1. 1. 0. 0. 1. 1. 1. 0. 0. 1. 0. 1. 0. 0. 1. 0. 1. 0.
 1. 0. 0. 0.]"
943,randomforest,"{'criterion': 'gini', 'max_features': 'sqrt', 'n_estimators': 305}",0.5829818495589105,0.1938554811821044,0.16417643089469006,0.34879814750874516,0.5746056959766638,0.19940200130957944,0.5667781493868451,0.13432835820895528,0.5671641791044776,0.5671641791044776,"{0: 0.5924760525729562, 1: 0.5924760525729561}","{0: 0.5924760525729562, 1: 0.5924760525729561}",0.5924760525729561,"[[72 62]
 [54 80]]","[1. 0. 0. 0. 0. 1. 0. 1. 1. 0. 0. 0. 1. 0. 0. 0. 1. 0. 0. 0. 0. 1. 0. 0.
 1. 0. 1. 1. 1. 1. 1. 0. 0. 0. 1. 0. 1. 0. 1. 0. 1. 0. 1. 0. 0. 0. 1. 0.
 0. 0. 1. 0. 1. 1. 1. 1. 1. 1. 0. 1. 1. 0. 1. 0. 0. 0. 1. 1. 1. 1. 0. 0.
 1. 1. 0. 1. 1. 0. 0. 0. 0. 1. 1. 0. 0. 1. 0. 1. 1. 1. 1. 1. 0. 1. 1. 1.
 0. 0. 1. 1. 0. 1. 1. 1. 0. 0. 0. 1. 0. 1. 0. 0. 0. 1. 1. 0. 1. 0. 0. 0.
 0. 1. 1. 1. 1. 1. 1. 1. 1. 0. 0. 1. 1. 0. 1. 1. 0. 1. 0. 1. 1. 0. 1. 0.
 0. 0. 0. 0. 1. 1. 1. 0. 1. 1. 0. 1. 1. 0. 1. 0. 1. 1. 0. 0. 1. 1. 0. 1.
 1. 1. 0. 1. 1. 0. 0. 1. 1. 0. 1. 0. 0. 1. 1. 1. 0. 0. 1. 1. 0. 0. 1. 1.
 1. 1. 1. 1. 1. 1. 0. 0. 0. 0. 1. 1. 0. 0. 0. 0. 1. 1. 0. 1. 1. 1. 0. 0.
 1. 1. 0. 0. 0. 0. 0. 0. 1. 1. 1. 0. 0. 0. 1. 1. 1. 1. 1. 1. 0. 1. 0. 0.
 1. 1. 0. 0. 1. 1. 1. 1. 0. 1. 1. 0. 1. 0. 0. 1. 0. 1. 0. 1. 0. 0. 1. 1.
 1. 0. 1. 0.]","[0. 1. 0. 0. 0. 1. 1. 1. 0. 0. 0. 0. 0. 1. 0. 0. 1. 1. 0. 0. 0. 0. 0. 1.
 0. 0. 1. 0. 1. 0. 0. 1. 0. 1. 1. 0. 0. 0. 1. 0. 0. 0. 1. 1. 1. 0. 1. 0.
 1. 0. 1. 1. 0. 1. 1. 1. 1. 0. 1. 0. 0. 1. 1. 1. 0. 0. 0. 1. 1. 0. 1. 1.
 0. 0. 1. 0. 0. 1. 0. 1. 0. 1. 1. 1. 0. 1. 0. 1. 1. 1. 1. 1. 1. 1. 1. 0.
 0. 0. 1. 1. 1. 0. 0. 1. 1. 1. 0. 0. 0. 1. 1. 1. 0. 0. 0. 0. 1. 1. 1. 0.
 1. 0. 0. 1. 1. 0. 0. 0. 0. 1. 0. 0. 1. 1. 0. 1. 1. 1. 0. 1. 1. 0. 1. 0.
 1. 1. 0. 0. 0. 1. 1. 0. 1. 1. 0. 1. 0. 0. 0. 1. 1. 1. 0. 1. 0. 1. 1. 0.
 1. 0. 0. 1. 1. 0. 0. 1. 0. 1. 1. 0. 0. 1. 0. 0. 1. 1. 0. 1. 1. 0. 0. 0.
 0. 1. 1. 0. 0. 1. 0. 0. 1. 0. 1. 1. 1. 0. 0. 0. 1. 1. 0. 0. 0. 0. 1. 0.
 0. 1. 0. 1. 1. 1. 1. 0. 0. 0. 0. 1. 1. 1. 1. 0. 1. 1. 1. 1. 0. 1. 0. 0.
 1. 0. 0. 1. 1. 1. 1. 1. 0. 0. 1. 1. 1. 0. 0. 1. 0. 1. 0. 0. 1. 0. 1. 0.
 1. 0. 0. 0.]"
216,randomforest,"{'criterion': 'gini', 'max_features': 'log2', 'n_estimators': 383}",0.587598924228699,0.19417616037895338,0.16414689383518186,0.34761426170693205,0.5810054286364771,0.1991230450517419,0.5665607049244326,0.13432835820895528,0.5671641791044776,0.5671641791044776,"{0: 0.5938961906883493, 1: 0.5938961906883493}","{0: 0.5938961906883493, 1: 0.5938961906883493}",0.5938961906883493,"[[71 63]
 [53 81]]","[1. 0. 0. 0. 0. 1. 0. 1. 1. 0. 0. 0. 1. 0. 0. 0. 1. 0. 0. 0. 0. 1. 0. 0.
 0. 0. 1. 1. 1. 1. 1. 0. 0. 0. 1. 1. 1. 0. 1. 0. 1. 0. 1. 1. 0. 0. 1. 1.
 0. 0. 1. 0. 0. 1. 1. 1. 1. 1. 0. 1. 1. 0. 1. 0. 0. 0. 1. 1. 1. 1. 0. 0.
 1. 1. 0. 1. 1. 0. 0. 0. 1. 1. 1. 0. 0. 1. 0. 1. 1. 1. 1. 1. 0. 1. 1. 1.
 0. 0. 1. 1. 0. 1. 1. 0. 0. 0. 0. 1. 0. 1. 0. 0. 0. 1. 1. 0. 1. 0. 0. 0.
 0. 1. 1. 1. 1. 1. 1. 1. 1. 0. 0. 0. 1. 0. 1. 1. 0. 1. 0. 1. 1. 0. 1. 0.
 1. 0. 0. 0. 1. 1. 1. 0. 1. 1. 0. 1. 1. 0. 1. 0. 1. 1. 0. 0. 1. 1. 0. 1.
 1. 1. 0. 1. 1. 1. 0. 1. 1. 0. 1. 0. 0. 1. 1. 1. 0. 0. 1. 1. 0. 0. 1. 1.
 1. 1. 0. 0. 1. 1. 0. 1. 0. 0. 1. 1. 0. 0. 0. 0. 1. 1. 0. 1. 1. 1. 0. 0.
 1. 1. 0. 1. 0. 0. 0. 0. 1. 1. 1. 0. 0. 0. 1. 1. 1. 1. 1. 1. 0. 1. 0. 0.
 1. 1. 0. 0. 1. 1. 1. 1. 0. 1. 1. 0. 1. 0. 0. 1. 0. 1. 0. 1. 0. 0. 1. 1.
 1. 0. 1. 0.]","[0. 1. 0. 0. 0. 1. 1. 1. 0. 0. 0. 0. 0. 1. 0. 0. 1. 1. 0. 0. 0. 0. 0. 1.
 0. 0. 1. 0. 1. 0. 0. 1. 0. 1. 1. 0. 0. 0. 1. 0. 0. 0. 1. 1. 1. 0. 1. 0.
 1. 0. 1. 1. 0. 1. 1. 1. 1. 0. 1. 0. 0. 1. 1. 1. 0. 0. 0. 1. 1. 0. 1. 1.
 0. 0. 1. 0. 0. 1. 0. 1. 0. 1. 1. 1. 0. 1. 0. 1. 1. 1. 1. 1. 1. 1. 1. 0.
 0. 0. 1. 1. 1. 0. 0. 1. 1. 1. 0. 0. 0. 1. 1. 1. 0. 0. 0. 0. 1. 1. 1. 0.
 1. 0. 0. 1. 1. 0. 0. 0. 0. 1. 0. 0. 1. 1. 0. 1. 1. 1. 0. 1. 1. 0. 1. 0.
 1. 1. 0. 0. 0. 1. 1. 0. 1. 1. 0. 1. 0. 0. 0. 1. 1. 1. 0. 1. 0. 1. 1. 0.
 1. 0. 0. 1. 1. 0. 0. 1. 0. 1. 1. 0. 0. 1. 0. 0. 1. 1. 0. 1. 1. 0. 0. 0.
 0. 1. 1. 0. 0. 1. 0. 0. 1. 0. 1. 1. 1. 0. 0. 0. 1. 1. 0. 0. 0. 0. 1. 0.
 0. 1. 0. 1. 1. 1. 1. 0. 0. 0. 0. 1. 1. 1. 1. 0. 1. 1. 1. 1. 0. 1. 0. 0.
 1. 0. 0. 1. 1. 1. 1. 1. 0. 0. 1. 1. 1. 0. 0. 1. 0. 1. 0. 0. 1. 0. 1. 0.
 1. 0. 0. 0.]"
255,randomforest,"{'criterion': 'gini', 'max_features': None, 'n_estimators': 161}",0.5997485972966112,0.19355090307341827,0.16411002411766365,0.34703567037316513,0.5942838784572655,0.1872734644203593,0.5704110505554549,0.14179104477611937,0.5708955223880597,0.5708955223880596,"{0: 0.5820338605480063, 1: 0.5820338605480063}","{0: 0.5820338605480063, 1: 0.5820338605480063}",0.5820338605480063,"[[72 62]
 [53 81]]","[1. 0. 0. 0. 0. 1. 0. 1. 1. 0. 0. 0. 1. 0. 0. 0. 0. 0. 0. 0. 0. 1. 0. 0.
 0. 0. 1. 1. 1. 1. 1. 0. 0. 0. 1. 1. 0. 0. 1. 0. 1. 0. 1. 1. 0. 1. 1. 0.
 0. 0. 1. 0. 0. 1. 1. 1. 1. 1. 0. 1. 1. 0. 1. 0. 0. 0. 1. 1. 1. 1. 0. 0.
 1. 1. 0. 1. 1. 0. 0. 0. 1. 1. 1. 0. 0. 1. 0. 1. 1. 1. 1. 1. 0. 1. 1. 1.
 0. 0. 1. 1. 0. 1. 1. 1. 1. 0. 0. 1. 0. 1. 0. 0. 0. 1. 1. 0. 1. 0. 0. 0.
 1. 1. 1. 1. 1. 1. 1. 1. 1. 0. 0. 1. 0. 0. 1. 1. 0. 1. 0. 1. 1. 0. 1. 0.
 0. 0. 0. 0. 1. 1. 1. 0. 1. 1. 0. 1. 1. 0. 1. 0. 1. 1. 0. 0. 1. 1. 0. 1.
 1. 1. 0. 1. 1. 1. 0. 1. 1. 0. 1. 0. 0. 0. 1. 1. 0. 0. 1. 1. 1. 0. 1. 1.
 0. 1. 0. 0. 1. 1. 0. 1. 0. 0. 1. 1. 0. 0. 0. 0. 1. 1. 0. 1. 1. 1. 0. 0.
 1. 1. 0. 1. 0. 0. 0. 0. 1. 1. 1. 0. 0. 0. 1. 1. 1. 1. 1. 1. 0. 1. 0. 0.
 1. 1. 0. 0. 1. 1. 1. 1. 0. 1. 1. 0. 1. 0. 0. 1. 0. 1. 0. 1. 0. 0. 1. 1.
 1. 0. 1. 0.]","[0. 1. 0. 0. 0. 1. 1. 1. 0. 0. 0. 0. 0. 1. 0. 0. 1. 1. 0. 0. 0. 0. 0. 1.
 0. 0. 1. 0. 1. 0. 0. 1. 0. 1. 1. 0. 0. 0. 1. 0. 0. 0. 1. 1. 1. 0. 1. 0.
 1. 0. 1. 1. 0. 1. 1. 1. 1. 0. 1. 0. 0. 1. 1. 1. 0. 0. 0. 1. 1. 0. 1. 1.
 0. 0. 1. 0. 0. 1. 0. 1. 0. 1. 1. 1. 0. 1. 0. 1. 1. 1. 1. 1. 1. 1. 1. 0.
 0. 0. 1. 1. 1. 0. 0. 1. 1. 1. 0. 0. 0. 1. 1. 1. 0. 0. 0. 0. 1. 1. 1. 0.
 1. 0. 0. 1. 1. 0. 0. 0. 0. 1. 0. 0. 1. 1. 0. 1. 1. 1. 0. 1. 1. 0. 1. 0.
 1. 1. 0. 0. 0. 1. 1. 0. 1. 1. 0. 1. 0. 0. 0. 1. 1. 1. 0. 1. 0. 1. 1. 0.
 1. 0. 0. 1. 1. 0. 0. 1. 0. 1. 1. 0. 0. 1. 0. 0. 1. 1. 0. 1. 1. 0. 0. 0.
 0. 1. 1. 0. 0. 1. 0. 0. 1. 0. 1. 1. 1. 0. 0. 0. 1. 1. 0. 0. 0. 0. 1. 0.
 0. 1. 0. 1. 1. 1. 1. 0. 0. 0. 0. 1. 1. 1. 1. 0. 1. 1. 1. 1. 0. 1. 0. 0.
 1. 0. 0. 1. 1. 1. 1. 1. 0. 0. 1. 1. 1. 0. 0. 1. 0. 1. 0. 0. 1. 0. 1. 0.
 1. 0. 0. 0.]"
927,randomforest,"{'criterion': 'gini', 'max_features': 'sqrt', 'n_estimators': 481}",0.5803503579568307,0.18685451757771757,0.1640211534279916,0.3367644699989127,0.5732539227498905,0.19083620178898794,0.56328082563824,0.12686567164179108,0.5634328358208955,0.5634328358208955,"{0: 0.5848741367787926, 1: 0.5848741367787926}","{0: 0.5848741367787926, 1: 0.5848741367787926}",0.5848741367787926,"[[73 61]
 [56 78]]","[1. 0. 0. 0. 0. 1. 0. 1. 1. 0. 0. 0. 1. 0. 0. 0. 1. 0. 0. 1. 0. 1. 0. 0.
 0. 0. 1. 1. 1. 1. 1. 0. 0. 0. 1. 0. 0. 0. 1. 0. 0. 0. 1. 0. 0. 0. 1. 0.
 0. 0. 1. 0. 1. 1. 1. 1. 1. 1. 0. 1. 1. 0. 1. 1. 0. 0. 1. 1. 1. 1. 0. 0.
 1. 1. 0. 1. 1. 0. 0. 0. 1. 1. 1. 0. 0. 1. 1. 1. 1. 1. 1. 1. 0. 1. 1. 1.
 0. 0. 1. 1. 0. 1. 0. 0. 0. 0. 0. 1. 0. 1. 0. 0. 0. 1. 1. 0. 1. 0. 0. 0.
 0. 1. 1. 1. 1. 1. 1. 1. 1. 0. 0. 1. 1. 0. 1. 1. 0. 1. 0. 1. 0. 0. 0. 0.
 1. 0. 0. 0. 1. 1. 1. 0. 1. 1. 0. 1. 1. 0. 1. 0. 1. 1. 0. 0. 1. 1. 0. 1.
 1. 1. 0. 1. 1. 1. 0. 1. 1. 0. 1. 0. 0. 1. 1. 1. 0. 0. 1. 1. 0. 0. 1. 1.
 1. 1. 1. 1. 0. 1. 0. 0. 0. 0. 1. 1. 0. 0. 0. 0. 1. 1. 0. 1. 1. 1. 0. 0.
 1. 1. 0. 0. 0. 0. 0. 0. 1. 1. 1. 0. 0. 0. 1. 1. 1. 1. 1. 1. 0. 1. 0. 0.
 1. 1. 0. 0. 1. 1. 1. 1. 0. 1. 1. 0. 1. 0. 0. 1. 0. 0. 0. 1. 0. 0. 1. 1.
 1. 0. 1. 0.]","[0. 1. 0. 0. 0. 1. 1. 1. 0. 0. 0. 0. 0. 1. 0. 0. 1. 1. 0. 0. 0. 0. 0. 1.
 0. 0. 1. 0. 1. 0. 0. 1. 0. 1. 1. 0. 0. 0. 1. 0. 0. 0. 1. 1. 1. 0. 1. 0.
 1. 0. 1. 1. 0. 1. 1. 1. 1. 0. 1. 0. 0. 1. 1. 1. 0. 0. 0. 1. 1. 0. 1. 1.
 0. 0. 1. 0. 0. 1. 0. 1. 0. 1. 1. 1. 0. 1. 0. 1. 1. 1. 1. 1. 1. 1. 1. 0.
 0. 0. 1. 1. 1. 0. 0. 1. 1. 1. 0. 0. 0. 1. 1. 1. 0. 0. 0. 0. 1. 1. 1. 0.
 1. 0. 0. 1. 1. 0. 0. 0. 0. 1. 0. 0. 1. 1. 0. 1. 1. 1. 0. 1. 1. 0. 1. 0.
 1. 1. 0. 0. 0. 1. 1. 0. 1. 1. 0. 1. 0. 0. 0. 1. 1. 1. 0. 1. 0. 1. 1. 0.
 1. 0. 0. 1. 1. 0. 0. 1. 0. 1. 1. 0. 0. 1. 0. 0. 1. 1. 0. 1. 1. 0. 0. 0.
 0. 1. 1. 0. 0. 1. 0. 0. 1. 0. 1. 1. 1. 0. 0. 0. 1. 1. 0. 0. 0. 0. 1. 0.
 0. 1. 0. 1. 1. 1. 1. 0. 0. 0. 0. 1. 1. 1. 1. 0. 1. 1. 1. 1. 0. 1. 0. 0.
 1. 0. 0. 1. 1. 1. 1. 1. 0. 0. 1. 1. 1. 0. 0. 1. 0. 1. 0. 0. 1. 0. 1. 0.
 1. 0. 0. 0.]"
751,randomforest,"{'criterion': 'entropy', 'max_features': 'sqrt', 'n_estimators': 187}",0.5780193029594779,0.18699724743552207,0.16394970909752174,0.34114644754972273,0.5688201620661298,0.19200501552561175,0.5559639669743676,0.11194029850746268,0.5559701492537313,0.5559701492537313,"{0: 0.5861550456671863, 1: 0.5861550456671865}","{0: 0.5861550456671863, 1: 0.5861550456671865}",0.5861550456671865,"[[75 59]
 [60 74]]","[1. 0. 0. 0. 0. 1. 0. 1. 1. 0. 0. 0. 1. 0. 0. 0. 1. 0. 0. 0. 0. 1. 0. 0.
 0. 0. 1. 1. 1. 1. 1. 0. 0. 0. 0. 0. 0. 0. 1. 0. 0. 0. 1. 0. 0. 0. 1. 0.
 0. 0. 1. 0. 0. 1. 1. 1. 1. 1. 0. 1. 1. 1. 1. 0. 0. 0. 1. 1. 1. 1. 0. 0.
 0. 1. 0. 1. 1. 0. 0. 0. 1. 1. 1. 0. 0. 1. 0. 1. 1. 1. 1. 1. 0. 1. 1. 1.
 0. 0. 1. 1. 0. 1. 1. 0. 0. 0. 0. 1. 0. 1. 0. 0. 0. 1. 1. 0. 1. 0. 0. 0.
 0. 1. 1. 1. 1. 1. 1. 1. 1. 0. 0. 1. 1. 0. 1. 0. 0. 1. 0. 1. 1. 0. 0. 0.
 1. 0. 0. 0. 1. 1. 1. 0. 1. 0. 0. 1. 1. 0. 1. 0. 1. 1. 0. 0. 1. 1. 0. 1.
 1. 1. 1. 1. 1. 1. 0. 1. 1. 0. 1. 0. 0. 0. 1. 1. 0. 0. 1. 1. 0. 0. 1. 1.
 1. 1. 1. 1. 1. 1. 0. 1. 0. 0. 1. 1. 0. 0. 0. 0. 1. 1. 0. 1. 1. 0. 0. 0.
 1. 1. 0. 0. 0. 0. 0. 0. 1. 1. 1. 0. 0. 0. 0. 1. 1. 1. 1. 1. 0. 1. 0. 0.
 1. 1. 0. 0. 1. 1. 0. 1. 0. 0. 1. 0. 1. 0. 0. 1. 0. 1. 0. 1. 0. 0. 1. 1.
 1. 0. 1. 0.]","[0. 1. 0. 0. 0. 1. 1. 1. 0. 0. 0. 0. 0. 1. 0. 0. 1. 1. 0. 0. 0. 0. 0. 1.
 0. 0. 1. 0. 1. 0. 0. 1. 0. 1. 1. 0. 0. 0. 1. 0. 0. 0. 1. 1. 1. 0. 1. 0.
 1. 0. 1. 1. 0. 1. 1. 1. 1. 0. 1. 0. 0. 1. 1. 1. 0. 0. 0. 1. 1. 0. 1. 1.
 0. 0. 1. 0. 0. 1. 0. 1. 0. 1. 1. 1. 0. 1. 0. 1. 1. 1. 1. 1. 1. 1. 1. 0.
 0. 0. 1. 1. 1. 0. 0. 1. 1. 1. 0. 0. 0. 1. 1. 1. 0. 0. 0. 0. 1. 1. 1. 0.
 1. 0. 0. 1. 1. 0. 0. 0. 0. 1. 0. 0. 1. 1. 0. 1. 1. 1. 0. 1. 1. 0. 1. 0.
 1. 1. 0. 0. 0. 1. 1. 0. 1. 1. 0. 1. 0. 0. 0. 1. 1. 1. 0. 1. 0. 1. 1. 0.
 1. 0. 0. 1. 1. 0. 0. 1. 0. 1. 1. 0. 0. 1. 0. 0. 1. 1. 0. 1. 1. 0. 0. 0.
 0. 1. 1. 0. 0. 1. 0. 0. 1. 0. 1. 1. 1. 0. 0. 0. 1. 1. 0. 0. 0. 0. 1. 0.
 0. 1. 0. 1. 1. 1. 1. 0. 0. 0. 0. 1. 1. 1. 1. 0. 1. 1. 1. 1. 0. 1. 0. 0.
 1. 0. 0. 1. 1. 1. 1. 1. 0. 0. 1. 1. 1. 0. 0. 1. 0. 1. 0. 0. 1. 0. 1. 0.
 1. 0. 0. 0.]"
373,randomforest,"{'criterion': 'gini', 'max_features': 'log2', 'n_estimators': 275}",0.5802162866299488,0.19633036903561743,0.16378871482739613,0.3588766129997238,0.5710771065105743,0.2022303997161567,0.5596769702032859,0.11940298507462688,0.5597014925373134,0.5597014925373134,"{0: 0.5808643350412118, 1: 0.5808643350412118}","{0: 0.5808643350412118, 1: 0.5808643350412118}",0.5808643350412118,"[[74 60]
 [58 76]]","[1. 0. 0. 0. 0. 1. 0. 1. 1. 0. 0. 0. 1. 0. 0. 0. 1. 0. 0. 0. 0. 1. 0. 0.
 0. 0. 1. 1. 1. 1. 1. 0. 0. 0. 1. 0. 1. 0. 1. 0. 1. 0. 1. 0. 0. 0. 1. 0.
 0. 0. 1. 0. 1. 1. 1. 1. 1. 1. 0. 1. 0. 0. 1. 0. 0. 0. 1. 1. 1. 1. 0. 0.
 1. 1. 0. 1. 1. 0. 0. 0. 1. 1. 1. 0. 0. 1. 0. 1. 1. 1. 1. 1. 0. 1. 1. 1.
 0. 0. 1. 1. 0. 1. 0. 0. 0. 0. 0. 1. 0. 1. 0. 0. 0. 1. 1. 0. 1. 0. 0. 0.
 0. 1. 1. 1. 1. 1. 1. 1. 1. 0. 0. 1. 1. 0. 1. 1. 0. 1. 0. 1. 1. 0. 0. 0.
 0. 0. 0. 0. 1. 1. 1. 0. 1. 0. 0. 1. 1. 0. 1. 0. 1. 1. 0. 0. 1. 1. 0. 1.
 1. 1. 0. 1. 1. 0. 0. 1. 1. 0. 1. 0. 0. 0. 1. 1. 0. 0. 1. 1. 0. 0. 1. 1.
 1. 1. 1. 1. 1. 1. 0. 0. 0. 0. 1. 1. 0. 0. 0. 0. 1. 1. 0. 1. 1. 1. 0. 0.
 1. 1. 0. 0. 0. 0. 0. 0. 1. 1. 1. 0. 1. 0. 1. 1. 1. 1. 1. 1. 0. 1. 0. 0.
 1. 1. 0. 0. 1. 1. 0. 1. 0. 1. 1. 0. 1. 0. 0. 1. 0. 1. 0. 1. 0. 0. 1. 1.
 1. 0. 1. 0.]","[0. 1. 0. 0. 0. 1. 1. 1. 0. 0. 0. 0. 0. 1. 0. 0. 1. 1. 0. 0. 0. 0. 0. 1.
 0. 0. 1. 0. 1. 0. 0. 1. 0. 1. 1. 0. 0. 0. 1. 0. 0. 0. 1. 1. 1. 0. 1. 0.
 1. 0. 1. 1. 0. 1. 1. 1. 1. 0. 1. 0. 0. 1. 1. 1. 0. 0. 0. 1. 1. 0. 1. 1.
 0. 0. 1. 0. 0. 1. 0. 1. 0. 1. 1. 1. 0. 1. 0. 1. 1. 1. 1. 1. 1. 1. 1. 0.
 0. 0. 1. 1. 1. 0. 0. 1. 1. 1. 0. 0. 0. 1. 1. 1. 0. 0. 0. 0. 1. 1. 1. 0.
 1. 0. 0. 1. 1. 0. 0. 0. 0. 1. 0. 0. 1. 1. 0. 1. 1. 1. 0. 1. 1. 0. 1. 0.
 1. 1. 0. 0. 0. 1. 1. 0. 1. 1. 0. 1. 0. 0. 0. 1. 1. 1. 0. 1. 0. 1. 1. 0.
 1. 0. 0. 1. 1. 0. 0. 1. 0. 1. 1. 0. 0. 1. 0. 0. 1. 1. 0. 1. 1. 0. 0. 0.
 0. 1. 1. 0. 0. 1. 0. 0. 1. 0. 1. 1. 1. 0. 0. 0. 1. 1. 0. 0. 0. 0. 1. 0.
 0. 1. 0. 1. 1. 1. 1. 0. 0. 0. 0. 1. 1. 1. 1. 0. 1. 1. 1. 1. 0. 1. 0. 0.
 1. 0. 0. 1. 1. 1. 1. 1. 0. 0. 1. 1. 1. 0. 0. 1. 0. 1. 0. 0. 1. 0. 1. 0.
 1. 0. 0. 0.]"
381,randomforest,"{'criterion': 'gini', 'max_features': 'sqrt', 'n_estimators': 581}",0.5854354451069347,0.19497604912954677,0.1637694013549744,0.3373212029358624,0.579710022653571,0.19826895987066398,0.5626961215011924,0.12686567164179108,0.5634328358208955,0.5634328358208955,"{0: 0.5826743149922031, 1: 0.5826743149922031}","{0: 0.5826743149922031, 1: 0.5826743149922031}",0.5826743149922031,"[[70 64]
 [53 81]]","[1. 0. 0. 0. 0. 1. 0. 1. 1. 0. 0. 0. 1. 0. 0. 0. 1. 0. 0. 0. 0. 1. 0. 0.
 0. 0. 1. 1. 1. 1. 1. 0. 0. 0. 1. 0. 1. 0. 1. 0. 1. 0. 1. 1. 0. 0. 1. 1.
 0. 0. 1. 0. 1. 1. 1. 1. 1. 1. 0. 1. 1. 0. 1. 1. 0. 0. 1. 1. 1. 1. 0. 0.
 1. 1. 0. 1. 1. 0. 0. 0. 1. 1. 1. 0. 0. 1. 0. 1. 1. 1. 1. 1. 0. 1. 1. 1.
 0. 0. 1. 1. 0. 1. 1. 0. 0. 0. 0. 1. 0. 1. 0. 0. 0. 1. 1. 0. 1. 0. 0. 0.
 0. 1. 1. 1. 1. 1. 1. 1. 1. 0. 0. 1. 1. 0. 1. 1. 0. 1. 0. 1. 1. 0. 0. 0.
 0. 0. 0. 0. 1. 1. 1. 0. 1. 1. 0. 1. 1. 0. 1. 0. 1. 1. 0. 0. 1. 1. 0. 1.
 1. 1. 0. 1. 1. 1. 0. 1. 1. 0. 1. 0. 0. 1. 1. 1. 0. 0. 1. 1. 0. 0. 1. 1.
 1. 1. 1. 0. 0. 1. 0. 1. 0. 0. 1. 1. 0. 1. 0. 0. 1. 1. 0. 1. 1. 1. 0. 0.
 1. 1. 0. 1. 0. 0. 0. 0. 1. 1. 1. 0. 0. 0. 1. 1. 1. 1. 1. 1. 0. 1. 0. 0.
 1. 1. 0. 0. 1. 1. 1. 1. 0. 1. 1. 0. 1. 0. 0. 1. 0. 1. 0. 1. 0. 0. 1. 1.
 1. 0. 1. 0.]","[0. 1. 0. 0. 0. 1. 1. 1. 0. 0. 0. 0. 0. 1. 0. 0. 1. 1. 0. 0. 0. 0. 0. 1.
 0. 0. 1. 0. 1. 0. 0. 1. 0. 1. 1. 0. 0. 0. 1. 0. 0. 0. 1. 1. 1. 0. 1. 0.
 1. 0. 1. 1. 0. 1. 1. 1. 1. 0. 1. 0. 0. 1. 1. 1. 0. 0. 0. 1. 1. 0. 1. 1.
 0. 0. 1. 0. 0. 1. 0. 1. 0. 1. 1. 1. 0. 1. 0. 1. 1. 1. 1. 1. 1. 1. 1. 0.
 0. 0. 1. 1. 1. 0. 0. 1. 1. 1. 0. 0. 0. 1. 1. 1. 0. 0. 0. 0. 1. 1. 1. 0.
 1. 0. 0. 1. 1. 0. 0. 0. 0. 1. 0. 0. 1. 1. 0. 1. 1. 1. 0. 1. 1. 0. 1. 0.
 1. 1. 0. 0. 0. 1. 1. 0. 1. 1. 0. 1. 0. 0. 0. 1. 1. 1. 0. 1. 0. 1. 1. 0.
 1. 0. 0. 1. 1. 0. 0. 1. 0. 1. 1. 0. 0. 1. 0. 0. 1. 1. 0. 1. 1. 0. 0. 0.
 0. 1. 1. 0. 0. 1. 0. 0. 1. 0. 1. 1. 1. 0. 0. 0. 1. 1. 0. 0. 0. 0. 1. 0.
 0. 1. 0. 1. 1. 1. 1. 0. 0. 0. 0. 1. 1. 1. 1. 0. 1. 1. 1. 1. 0. 1. 0. 0.
 1. 0. 0. 1. 1. 1. 1. 1. 0. 0. 1. 1. 1. 0. 0. 1. 0. 1. 0. 0. 1. 0. 1. 0.
 1. 0. 0. 0.]"
761,randomforest,"{'criterion': 'gini', 'max_features': 'sqrt', 'n_estimators': 351}",0.5897432021617663,0.2017588528396131,0.16376282962714986,0.35698276894713643,0.5853943864528541,0.19577823305652556,0.5631347962382445,0.12686567164179108,0.5634328358208955,0.5634328358208955,"{0: 0.5799732679884162, 1: 0.5799732679884162}","{0: 0.5799732679884162, 1: 0.5799732679884162}",0.5799732679884162,"[[72 62]
 [55 79]]","[1. 0. 0. 0. 0. 1. 0. 1. 1. 0. 0. 0. 1. 0. 0. 0. 1. 0. 0. 0. 0. 1. 0. 0.
 0. 0. 1. 1. 1. 1. 1. 0. 0. 0. 1. 1. 1. 0. 1. 0. 1. 0. 1. 0. 0. 0. 1. 0.
 0. 0. 1. 0. 1. 1. 1. 1. 1. 1. 0. 1. 0. 0. 1. 0. 0. 0. 1. 1. 1. 1. 0. 0.
 1. 1. 0. 1. 1. 0. 1. 0. 1. 1. 1. 0. 0. 1. 0. 1. 1. 1. 1. 1. 0. 1. 1. 1.
 0. 0. 1. 1. 0. 1. 0. 0. 1. 0. 0. 1. 0. 1. 0. 0. 0. 1. 1. 0. 1. 0. 0. 0.
 0. 1. 1. 1. 1. 1. 1. 1. 1. 0. 0. 1. 1. 0. 1. 1. 0. 1. 0. 1. 1. 0. 0. 0.
 0. 0. 0. 0. 1. 1. 1. 0. 1. 1. 0. 1. 1. 0. 1. 0. 1. 1. 0. 0. 1. 0. 0. 1.
 1. 1. 1. 1. 1. 0. 0. 1. 1. 0. 1. 0. 0. 0. 1. 1. 0. 0. 1. 1. 0. 0. 1. 1.
 1. 1. 1. 0. 1. 1. 0. 0. 0. 0. 1. 1. 0. 0. 0. 0. 1. 1. 0. 1. 1. 1. 1. 0.
 1. 1. 0. 1. 0. 0. 0. 0. 1. 1. 1. 0. 1. 0. 1. 1. 1. 1. 1. 1. 0. 1. 0. 0.
 1. 1. 0. 0. 1. 1. 1. 1. 0. 1. 1. 0. 1. 0. 0. 1. 0. 0. 0. 1. 0. 0. 1. 1.
 1. 0. 1. 0.]","[0. 1. 0. 0. 0. 1. 1. 1. 0. 0. 0. 0. 0. 1. 0. 0. 1. 1. 0. 0. 0. 0. 0. 1.
 0. 0. 1. 0. 1. 0. 0. 1. 0. 1. 1. 0. 0. 0. 1. 0. 0. 0. 1. 1. 1. 0. 1. 0.
 1. 0. 1. 1. 0. 1. 1. 1. 1. 0. 1. 0. 0. 1. 1. 1. 0. 0. 0. 1. 1. 0. 1. 1.
 0. 0. 1. 0. 0. 1. 0. 1. 0. 1. 1. 1. 0. 1. 0. 1. 1. 1. 1. 1. 1. 1. 1. 0.
 0. 0. 1. 1. 1. 0. 0. 1. 1. 1. 0. 0. 0. 1. 1. 1. 0. 0. 0. 0. 1. 1. 1. 0.
 1. 0. 0. 1. 1. 0. 0. 0. 0. 1. 0. 0. 1. 1. 0. 1. 1. 1. 0. 1. 1. 0. 1. 0.
 1. 1. 0. 0. 0. 1. 1. 0. 1. 1. 0. 1. 0. 0. 0. 1. 1. 1. 0. 1. 0. 1. 1. 0.
 1. 0. 0. 1. 1. 0. 0. 1. 0. 1. 1. 0. 0. 1. 0. 0. 1. 1. 0. 1. 1. 0. 0. 0.
 0. 1. 1. 0. 0. 1. 0. 0. 1. 0. 1. 1. 1. 0. 0. 0. 1. 1. 0. 0. 0. 0. 1. 0.
 0. 1. 0. 1. 1. 1. 1. 0. 0. 0. 0. 1. 1. 1. 1. 0. 1. 1. 1. 1. 0. 1. 0. 0.
 1. 0. 0. 1. 1. 1. 1. 1. 0. 0. 1. 1. 1. 0. 0. 1. 0. 1. 0. 0. 1. 0. 1. 0.
 1. 0. 0. 0.]"
131,randomforest,"{'criterion': 'gini', 'max_features': 'sqrt', 'n_estimators': 551}",0.5880534867874764,0.19851102522448572,0.16365835896894604,0.3550716022679745,0.581272522653571,0.2043936948383464,0.5626961215011924,0.12686567164179108,0.5634328358208955,0.5634328358208955,"{0: 0.5953998663399421, 1: 0.5953998663399421}","{0: 0.5953998663399421, 1: 0.5953998663399421}",0.5953998663399421,"[[70 64]
 [53 81]]","[1. 0. 0. 0. 0. 1. 0. 1. 1. 0. 0. 0. 1. 0. 0. 0. 1. 0. 0. 0. 0. 1. 0. 0.
 0. 0. 1. 1. 1. 1. 1. 0. 0. 0. 1. 0. 0. 0. 1. 0. 1. 0. 1. 1. 0. 0. 1. 1.
 0. 0. 1. 0. 1. 1. 1. 1. 1. 1. 0. 1. 1. 0. 1. 1. 0. 0. 1. 1. 1. 1. 0. 0.
 1. 1. 0. 1. 1. 0. 1. 0. 1. 1. 1. 0. 0. 1. 0. 1. 1. 1. 1. 1. 0. 1. 1. 1.
 0. 0. 1. 1. 0. 1. 0. 1. 0. 0. 0. 1. 0. 1. 0. 0. 0. 1. 1. 0. 1. 0. 0. 0.
 0. 1. 1. 1. 1. 1. 1. 1. 1. 0. 0. 1. 1. 0. 1. 1. 0. 1. 0. 1. 1. 0. 1. 0.
 0. 0. 0. 0. 1. 1. 1. 0. 1. 0. 0. 1. 1. 0. 1. 0. 1. 1. 0. 0. 1. 1. 0. 1.
 1. 1. 0. 1. 1. 1. 0. 1. 1. 0. 1. 0. 0. 0. 1. 1. 0. 0. 1. 1. 0. 0. 1. 1.
 1. 1. 1. 1. 1. 1. 0. 0. 0. 0. 1. 1. 0. 0. 0. 1. 1. 1. 0. 1. 1. 1. 0. 0.
 1. 1. 0. 1. 0. 0. 0. 0. 1. 1. 1. 0. 0. 0. 1. 1. 1. 1. 1. 1. 0. 1. 0. 0.
 1. 1. 0. 0. 1. 1. 1. 1. 0. 1. 1. 0. 1. 0. 0. 1. 0. 1. 0. 1. 0. 0. 1. 1.
 1. 0. 1. 0.]","[0. 1. 0. 0. 0. 1. 1. 1. 0. 0. 0. 0. 0. 1. 0. 0. 1. 1. 0. 0. 0. 0. 0. 1.
 0. 0. 1. 0. 1. 0. 0. 1. 0. 1. 1. 0. 0. 0. 1. 0. 0. 0. 1. 1. 1. 0. 1. 0.
 1. 0. 1. 1. 0. 1. 1. 1. 1. 0. 1. 0. 0. 1. 1. 1. 0. 0. 0. 1. 1. 0. 1. 1.
 0. 0. 1. 0. 0. 1. 0. 1. 0. 1. 1. 1. 0. 1. 0. 1. 1. 1. 1. 1. 1. 1. 1. 0.
 0. 0. 1. 1. 1. 0. 0. 1. 1. 1. 0. 0. 0. 1. 1. 1. 0. 0. 0. 0. 1. 1. 1. 0.
 1. 0. 0. 1. 1. 0. 0. 0. 0. 1. 0. 0. 1. 1. 0. 1. 1. 1. 0. 1. 1. 0. 1. 0.
 1. 1. 0. 0. 0. 1. 1. 0. 1. 1. 0. 1. 0. 0. 0. 1. 1. 1. 0. 1. 0. 1. 1. 0.
 1. 0. 0. 1. 1. 0. 0. 1. 0. 1. 1. 0. 0. 1. 0. 0. 1. 1. 0. 1. 1. 0. 0. 0.
 0. 1. 1. 0. 0. 1. 0. 0. 1. 0. 1. 1. 1. 0. 0. 0. 1. 1. 0. 0. 0. 0. 1. 0.
 0. 1. 0. 1. 1. 1. 1. 0. 0. 0. 0. 1. 1. 1. 1. 0. 1. 1. 1. 1. 0. 1. 0. 0.
 1. 0. 0. 1. 1. 1. 1. 1. 0. 0. 1. 1. 1. 0. 0. 1. 0. 1. 0. 0. 1. 0. 1. 0.
 1. 0. 0. 0.]"
772,randomforest,"{'criterion': 'gini', 'max_features': 'sqrt', 'n_estimators': 225}",0.5823563235097338,0.19239155312154393,0.16345481221531338,0.33357517506402556,0.5781069401029079,0.19562534367081122,0.56328082563824,0.12686567164179108,0.5634328358208955,0.5634328358208955,"{0: 0.5945644909779461, 1: 0.5945644909779463}","{0: 0.5945644909779461, 1: 0.5945644909779463}",0.5945644909779463,"[[73 61]
 [56 78]]","[1. 0. 0. 0. 0. 1. 0. 1. 1. 0. 0. 0. 1. 0. 0. 0. 1. 0. 0. 0. 0. 1. 0. 0.
 0. 0. 1. 1. 1. 1. 1. 0. 0. 0. 1. 0. 0. 0. 1. 0. 1. 0. 1. 1. 0. 0. 1. 1.
 0. 0. 1. 0. 0. 1. 1. 1. 1. 1. 0. 1. 1. 0. 1. 1. 0. 0. 1. 1. 1. 1. 0. 0.
 1. 1. 0. 1. 1. 0. 0. 0. 1. 1. 1. 0. 0. 1. 1. 1. 1. 1. 1. 1. 0. 1. 1. 1.
 0. 0. 0. 1. 0. 1. 1. 0. 0. 0. 0. 1. 0. 1. 0. 0. 0. 1. 1. 0. 1. 0. 0. 0.
 0. 1. 1. 1. 1. 1. 1. 1. 1. 0. 0. 1. 1. 0. 1. 1. 0. 1. 0. 1. 1. 0. 1. 0.
 0. 0. 0. 0. 1. 1. 1. 0. 0. 1. 0. 1. 1. 0. 1. 0. 1. 1. 0. 0. 1. 1. 0. 1.
 1. 1. 0. 1. 1. 0. 0. 1. 1. 0. 1. 0. 0. 0. 1. 1. 0. 0. 1. 0. 0. 0. 1. 1.
 0. 1. 1. 0. 1. 1. 0. 1. 0. 0. 1. 1. 0. 0. 0. 0. 1. 1. 0. 1. 1. 1. 1. 0.
 1. 1. 0. 0. 0. 0. 0. 0. 1. 1. 1. 0. 0. 0. 1. 1. 1. 1. 1. 1. 0. 1. 0. 0.
 1. 1. 0. 0. 1. 1. 1. 1. 0. 1. 1. 0. 1. 0. 0. 1. 0. 1. 0. 1. 0. 0. 1. 1.
 1. 0. 1. 0.]","[0. 1. 0. 0. 0. 1. 1. 1. 0. 0. 0. 0. 0. 1. 0. 0. 1. 1. 0. 0. 0. 0. 0. 1.
 0. 0. 1. 0. 1. 0. 0. 1. 0. 1. 1. 0. 0. 0. 1. 0. 0. 0. 1. 1. 1. 0. 1. 0.
 1. 0. 1. 1. 0. 1. 1. 1. 1. 0. 1. 0. 0. 1. 1. 1. 0. 0. 0. 1. 1. 0. 1. 1.
 0. 0. 1. 0. 0. 1. 0. 1. 0. 1. 1. 1. 0. 1. 0. 1. 1. 1. 1. 1. 1. 1. 1. 0.
 0. 0. 1. 1. 1. 0. 0. 1. 1. 1. 0. 0. 0. 1. 1. 1. 0. 0. 0. 0. 1. 1. 1. 0.
 1. 0. 0. 1. 1. 0. 0. 0. 0. 1. 0. 0. 1. 1. 0. 1. 1. 1. 0. 1. 1. 0. 1. 0.
 1. 1. 0. 0. 0. 1. 1. 0. 1. 1. 0. 1. 0. 0. 0. 1. 1. 1. 0. 1. 0. 1. 1. 0.
 1. 0. 0. 1. 1. 0. 0. 1. 0. 1. 1. 0. 0. 1. 0. 0. 1. 1. 0. 1. 1. 0. 0. 0.
 0. 1. 1. 0. 0. 1. 0. 0. 1. 0. 1. 1. 1. 0. 0. 0. 1. 1. 0. 0. 0. 0. 1. 0.
 0. 1. 0. 1. 1. 1. 1. 0. 0. 0. 0. 1. 1. 1. 1. 0. 1. 1. 1. 1. 0. 1. 0. 0.
 1. 0. 0. 1. 1. 1. 1. 1. 0. 0. 1. 1. 1. 0. 0. 1. 0. 1. 0. 0. 1. 0. 1. 0.
 1. 0. 0. 0.]"
340,randomforest,"{'criterion': 'entropy', 'max_features': 'log2', 'n_estimators': 353}",0.5933937864077562,0.21444819788877084,0.16341091250504533,0.3858432257353917,0.5870500821609692,0.2096675583610561,0.5629399383912019,0.12686567164179108,0.5634328358208955,0.5634328358208955,"{0: 0.584790599242593, 1: 0.584790599242593}","{0: 0.584790599242593, 1: 0.584790599242593}",0.584790599242593,"[[71 63]
 [54 80]]","[1. 0. 0. 0. 0. 1. 0. 1. 1. 0. 0. 0. 1. 0. 0. 0. 1. 0. 0. 0. 0. 1. 0. 0.
 0. 0. 1. 1. 1. 1. 1. 0. 0. 0. 1. 1. 1. 0. 1. 0. 1. 0. 1. 0. 0. 0. 1. 0.
 0. 0. 1. 0. 0. 1. 1. 1. 1. 1. 0. 1. 0. 0. 1. 0. 0. 0. 1. 1. 1. 1. 0. 0.
 1. 1. 0. 1. 1. 0. 0. 0. 1. 1. 1. 0. 0. 1. 0. 1. 1. 1. 1. 1. 0. 1. 1. 1.
 0. 0. 1. 1. 0. 1. 1. 0. 1. 0. 0. 1. 0. 1. 0. 0. 0. 1. 1. 0. 1. 0. 0. 0.
 0. 1. 1. 1. 1. 1. 1. 1. 0. 0. 0. 1. 1. 0. 1. 1. 0. 1. 0. 1. 1. 0. 0. 0.
 0. 0. 0. 0. 1. 1. 1. 0. 1. 1. 0. 1. 1. 0. 1. 0. 1. 1. 0. 0. 1. 1. 0. 1.
 1. 1. 1. 1. 1. 1. 0. 1. 1. 0. 1. 1. 0. 0. 1. 1. 0. 0. 1. 1. 0. 0. 1. 1.
 1. 1. 1. 0. 1. 1. 0. 1. 0. 0. 1. 1. 0. 0. 0. 0. 1. 1. 0. 1. 1. 1. 0. 0.
 1. 1. 0. 1. 0. 0. 0. 0. 1. 1. 1. 0. 1. 0. 1. 1. 1. 1. 1. 1. 0. 1. 0. 0.
 1. 1. 0. 0. 1. 1. 1. 1. 0. 1. 1. 0. 1. 0. 0. 1. 0. 1. 0. 1. 0. 0. 1. 1.
 1. 0. 1. 0.]","[0. 1. 0. 0. 0. 1. 1. 1. 0. 0. 0. 0. 0. 1. 0. 0. 1. 1. 0. 0. 0. 0. 0. 1.
 0. 0. 1. 0. 1. 0. 0. 1. 0. 1. 1. 0. 0. 0. 1. 0. 0. 0. 1. 1. 1. 0. 1. 0.
 1. 0. 1. 1. 0. 1. 1. 1. 1. 0. 1. 0. 0. 1. 1. 1. 0. 0. 0. 1. 1. 0. 1. 1.
 0. 0. 1. 0. 0. 1. 0. 1. 0. 1. 1. 1. 0. 1. 0. 1. 1. 1. 1. 1. 1. 1. 1. 0.
 0. 0. 1. 1. 1. 0. 0. 1. 1. 1. 0. 0. 0. 1. 1. 1. 0. 0. 0. 0. 1. 1. 1. 0.
 1. 0. 0. 1. 1. 0. 0. 0. 0. 1. 0. 0. 1. 1. 0. 1. 1. 1. 0. 1. 1. 0. 1. 0.
 1. 1. 0. 0. 0. 1. 1. 0. 1. 1. 0. 1. 0. 0. 0. 1. 1. 1. 0. 1. 0. 1. 1. 0.
 1. 0. 0. 1. 1. 0. 0. 1. 0. 1. 1. 0. 0. 1. 0. 0. 1. 1. 0. 1. 1. 0. 0. 0.
 0. 1. 1. 0. 0. 1. 0. 0. 1. 0. 1. 1. 1. 0. 0. 0. 1. 1. 0. 0. 0. 0. 1. 0.
 0. 1. 0. 1. 1. 1. 1. 0. 0. 0. 0. 1. 1. 1. 1. 0. 1. 1. 1. 1. 0. 1. 0. 0.
 1. 0. 0. 1. 1. 1. 1. 1. 0. 0. 1. 1. 1. 0. 0. 1. 0. 1. 0. 0. 1. 0. 1. 0.
 1. 0. 0. 0.]"
793,randomforest,"{'criterion': 'gini', 'max_features': 'sqrt', 'n_estimators': 193}",0.5882132201058664,0.18062878857123238,0.16336981618258653,0.3499191187120781,0.5805861756970628,0.18607494381687323,0.5742474916387961,0.14925373134328357,0.5746268656716418,0.5746268656716418,"{0: 0.5931721987079528, 1: 0.5931721987079528}","{0: 0.5931721987079528, 1: 0.5931721987079528}",0.5931721987079528,"[[73 61]
 [53 81]]","[1. 0. 0. 0. 0. 1. 0. 1. 1. 0. 0. 1. 1. 0. 0. 0. 1. 0. 0. 0. 0. 1. 0. 0.
 0. 0. 1. 1. 1. 1. 1. 0. 0. 0. 1. 0. 0. 0. 1. 0. 1. 0. 1. 1. 0. 1. 1. 0.
 0. 0. 1. 0. 0. 1. 1. 1. 1. 1. 0. 1. 0. 0. 1. 0. 0. 0. 1. 1. 1. 1. 0. 0.
 1. 1. 0. 1. 1. 0. 1. 0. 1. 1. 1. 0. 0. 1. 0. 1. 1. 1. 1. 1. 0. 1. 1. 1.
 0. 0. 1. 1. 0. 1. 1. 0. 0. 0. 0. 1. 0. 1. 0. 0. 0. 1. 1. 0. 1. 0. 0. 0.
 0. 1. 1. 1. 1. 1. 1. 1. 1. 0. 0. 1. 1. 0. 1. 1. 0. 1. 0. 1. 1. 0. 0. 0.
 1. 0. 0. 0. 1. 1. 1. 0. 1. 1. 0. 1. 1. 0. 1. 0. 1. 1. 0. 0. 1. 1. 0. 1.
 1. 0. 0. 1. 1. 0. 0. 1. 1. 0. 1. 0. 0. 0. 1. 1. 0. 0. 1. 1. 0. 0. 1. 1.
 1. 1. 1. 1. 1. 1. 0. 0. 0. 0. 1. 1. 0. 0. 0. 0. 1. 1. 0. 1. 1. 1. 1. 0.
 1. 1. 0. 0. 0. 0. 0. 0. 1. 1. 1. 0. 1. 0. 1. 1. 1. 1. 1. 1. 0. 1. 0. 0.
 1. 1. 0. 0. 1. 1. 1. 1. 0. 1. 1. 0. 1. 0. 0. 1. 0. 1. 0. 1. 0. 0. 1. 1.
 1. 0. 1. 0.]","[0. 1. 0. 0. 0. 1. 1. 1. 0. 0. 0. 0. 0. 1. 0. 0. 1. 1. 0. 0. 0. 0. 0. 1.
 0. 0. 1. 0. 1. 0. 0. 1. 0. 1. 1. 0. 0. 0. 1. 0. 0. 0. 1. 1. 1. 0. 1. 0.
 1. 0. 1. 1. 0. 1. 1. 1. 1. 0. 1. 0. 0. 1. 1. 1. 0. 0. 0. 1. 1. 0. 1. 1.
 0. 0. 1. 0. 0. 1. 0. 1. 0. 1. 1. 1. 0. 1. 0. 1. 1. 1. 1. 1. 1. 1. 1. 0.
 0. 0. 1. 1. 1. 0. 0. 1. 1. 1. 0. 0. 0. 1. 1. 1. 0. 0. 0. 0. 1. 1. 1. 0.
 1. 0. 0. 1. 1. 0. 0. 0. 0. 1. 0. 0. 1. 1. 0. 1. 1. 1. 0. 1. 1. 0. 1. 0.
 1. 1. 0. 0. 0. 1. 1. 0. 1. 1. 0. 1. 0. 0. 0. 1. 1. 1. 0. 1. 0. 1. 1. 0.
 1. 0. 0. 1. 1. 0. 0. 1. 0. 1. 1. 0. 0. 1. 0. 0. 1. 1. 0. 1. 1. 0. 0. 0.
 0. 1. 1. 0. 0. 1. 0. 0. 1. 0. 1. 1. 1. 0. 0. 0. 1. 1. 0. 0. 0. 0. 1. 0.
 0. 1. 0. 1. 1. 1. 1. 0. 0. 0. 0. 1. 1. 1. 1. 0. 1. 1. 1. 1. 0. 1. 0. 0.
 1. 0. 0. 1. 1. 1. 1. 1. 0. 0. 1. 1. 1. 0. 0. 1. 0. 1. 0. 0. 1. 0. 1. 0.
 1. 0. 0. 0.]"
484,randomforest,"{'criterion': 'gini', 'max_features': None, 'n_estimators': 437}",0.5823681119814895,0.18392208908457494,0.1632414322233268,0.3500970427235788,0.575578681324649,0.1931918697297996,0.5670677361853831,0.13432835820895528,0.5671641791044776,0.5671641791044777,"{0: 0.5866841167297839, 1: 0.5866841167297838}","{0: 0.5866841167297839, 1: 0.5866841167297838}",0.5866841167297838,"[[74 60]
 [56 78]]","[1. 0. 0. 0. 0. 1. 0. 1. 1. 0. 0. 0. 1. 0. 0. 0. 0. 0. 0. 0. 0. 1. 0. 0.
 0. 0. 1. 1. 1. 1. 1. 0. 0. 0. 1. 1. 0. 0. 1. 0. 1. 0. 1. 1. 0. 1. 1. 0.
 0. 0. 1. 0. 1. 1. 1. 1. 1. 1. 0. 1. 1. 0. 1. 0. 0. 0. 1. 1. 1. 1. 0. 0.
 1. 1. 0. 1. 1. 0. 0. 0. 1. 1. 1. 0. 0. 1. 0. 1. 1. 1. 1. 1. 0. 1. 1. 1.
 0. 0. 1. 1. 0. 1. 1. 0. 0. 0. 0. 1. 0. 1. 0. 0. 0. 1. 1. 0. 1. 0. 0. 0.
 0. 1. 1. 1. 1. 1. 1. 1. 1. 0. 0. 1. 1. 0. 1. 1. 0. 1. 0. 1. 0. 0. 1. 0.
 0. 0. 0. 0. 0. 1. 1. 0. 1. 1. 0. 1. 1. 0. 1. 0. 1. 1. 0. 0. 1. 1. 0. 1.
 1. 1. 0. 1. 1. 0. 0. 1. 1. 0. 1. 0. 0. 1. 1. 1. 0. 0. 1. 1. 0. 0. 1. 1.
 0. 1. 0. 0. 0. 1. 0. 1. 0. 0. 1. 1. 0. 0. 0. 0. 1. 1. 0. 1. 1. 1. 0. 0.
 1. 1. 0. 1. 0. 0. 0. 0. 1. 1. 1. 0. 0. 0. 1. 1. 1. 1. 1. 1. 0. 1. 0. 0.
 1. 1. 0. 0. 1. 1. 1. 1. 0. 1. 1. 0. 1. 0. 0. 1. 0. 1. 0. 1. 0. 0. 1. 1.
 1. 0. 1. 0.]","[0. 1. 0. 0. 0. 1. 1. 1. 0. 0. 0. 0. 0. 1. 0. 0. 1. 1. 0. 0. 0. 0. 0. 1.
 0. 0. 1. 0. 1. 0. 0. 1. 0. 1. 1. 0. 0. 0. 1. 0. 0. 0. 1. 1. 1. 0. 1. 0.
 1. 0. 1. 1. 0. 1. 1. 1. 1. 0. 1. 0. 0. 1. 1. 1. 0. 0. 0. 1. 1. 0. 1. 1.
 0. 0. 1. 0. 0. 1. 0. 1. 0. 1. 1. 1. 0. 1. 0. 1. 1. 1. 1. 1. 1. 1. 1. 0.
 0. 0. 1. 1. 1. 0. 0. 1. 1. 1. 0. 0. 0. 1. 1. 1. 0. 0. 0. 0. 1. 1. 1. 0.
 1. 0. 0. 1. 1. 0. 0. 0. 0. 1. 0. 0. 1. 1. 0. 1. 1. 1. 0. 1. 1. 0. 1. 0.
 1. 1. 0. 0. 0. 1. 1. 0. 1. 1. 0. 1. 0. 0. 0. 1. 1. 1. 0. 1. 0. 1. 1. 0.
 1. 0. 0. 1. 1. 0. 0. 1. 0. 1. 1. 0. 0. 1. 0. 0. 1. 1. 0. 1. 1. 0. 0. 0.
 0. 1. 1. 0. 0. 1. 0. 0. 1. 0. 1. 1. 1. 0. 0. 0. 1. 1. 0. 0. 0. 0. 1. 0.
 0. 1. 0. 1. 1. 1. 1. 0. 0. 0. 0. 1. 1. 1. 1. 0. 1. 1. 1. 1. 0. 1. 0. 0.
 1. 0. 0. 1. 1. 1. 1. 1. 0. 0. 1. 1. 1. 0. 0. 1. 0. 1. 0. 0. 1. 0. 1. 0.
 1. 0. 0. 0.]"
224,randomforest,"{'criterion': 'gini', 'max_features': 'log2', 'n_estimators': 351}",0.5789644855109751,0.18402679784566017,0.1631444201797086,0.3194159384116953,0.5718040397475881,0.18831397117383047,0.555468826226949,0.11194029850746268,0.5559701492537313,0.5559701492537313,"{0: 0.5891345511249722, 1: 0.5891345511249722}","{0: 0.5891345511249722, 1: 0.5891345511249722}",0.5891345511249722,"[[70 64]
 [55 79]]","[1. 0. 0. 0. 0. 1. 0. 1. 1. 0. 0. 0. 1. 0. 0. 0. 1. 0. 0. 1. 0. 1. 0. 0.
 0. 0. 1. 1. 1. 1. 1. 0. 0. 0. 1. 0. 1. 0. 1. 0. 0. 0. 1. 0. 0. 0. 1. 1.
 0. 0. 1. 0. 1. 1. 1. 1. 1. 1. 0. 1. 1. 1. 1. 0. 0. 0. 1. 1. 1. 1. 0. 0.
 1. 1. 0. 1. 1. 0. 1. 0. 1. 1. 1. 0. 0. 1. 0. 1. 1. 1. 1. 1. 0. 1. 1. 1.
 0. 0. 1. 1. 0. 1. 1. 0. 0. 0. 0. 1. 0. 1. 0. 0. 0. 1. 1. 0. 1. 0. 0. 0.
 0. 1. 1. 1. 1. 1. 1. 1. 1. 0. 0. 1. 1. 0. 1. 1. 0. 1. 0. 1. 1. 0. 0. 0.
 0. 0. 0. 0. 1. 1. 1. 0. 1. 1. 0. 1. 1. 0. 1. 0. 1. 1. 0. 0. 1. 1. 0. 1.
 1. 1. 0. 1. 1. 0. 0. 1. 1. 0. 1. 0. 0. 1. 1. 1. 0. 0. 1. 1. 0. 0. 1. 1.
 1. 1. 1. 0. 1. 1. 0. 1. 0. 0. 1. 1. 0. 0. 0. 0. 1. 1. 0. 1. 1. 1. 0. 0.
 1. 1. 0. 1. 0. 0. 0. 0. 1. 1. 1. 0. 0. 0. 1. 1. 1. 1. 1. 1. 0. 1. 0. 0.
 1. 1. 0. 0. 1. 1. 0. 1. 0. 1. 1. 0. 1. 0. 0. 1. 0. 1. 0. 1. 0. 0. 1. 1.
 1. 0. 1. 0.]","[0. 1. 0. 0. 0. 1. 1. 1. 0. 0. 0. 0. 0. 1. 0. 0. 1. 1. 0. 0. 0. 0. 0. 1.
 0. 0. 1. 0. 1. 0. 0. 1. 0. 1. 1. 0. 0. 0. 1. 0. 0. 0. 1. 1. 1. 0. 1. 0.
 1. 0. 1. 1. 0. 1. 1. 1. 1. 0. 1. 0. 0. 1. 1. 1. 0. 0. 0. 1. 1. 0. 1. 1.
 0. 0. 1. 0. 0. 1. 0. 1. 0. 1. 1. 1. 0. 1. 0. 1. 1. 1. 1. 1. 1. 1. 1. 0.
 0. 0. 1. 1. 1. 0. 0. 1. 1. 1. 0. 0. 0. 1. 1. 1. 0. 0. 0. 0. 1. 1. 1. 0.
 1. 0. 0. 1. 1. 0. 0. 0. 0. 1. 0. 0. 1. 1. 0. 1. 1. 1. 0. 1. 1. 0. 1. 0.
 1. 1. 0. 0. 0. 1. 1. 0. 1. 1. 0. 1. 0. 0. 0. 1. 1. 1. 0. 1. 0. 1. 1. 0.
 1. 0. 0. 1. 1. 0. 0. 1. 0. 1. 1. 0. 0. 1. 0. 0. 1. 1. 0. 1. 1. 0. 0. 0.
 0. 1. 1. 0. 0. 1. 0. 0. 1. 0. 1. 1. 1. 0. 0. 0. 1. 1. 0. 0. 0. 0. 1. 0.
 0. 1. 0. 1. 1. 1. 1. 0. 0. 0. 0. 1. 1. 1. 1. 0. 1. 1. 1. 1. 0. 1. 0. 0.
 1. 0. 0. 1. 1. 1. 1. 1. 0. 0. 1. 1. 1. 0. 0. 1. 0. 1. 0. 0. 1. 0. 1. 0.
 1. 0. 0. 0.]"
466,randomforest,"{'criterion': 'gini', 'max_features': 'sqrt', 'n_estimators': 447}",0.5792007878796305,0.19508596153062055,0.1628330839902268,0.35514772268464107,0.572164616670665,0.19984100256629028,0.5559145025412517,0.11194029850746268,0.5559701492537313,0.5559701492537313,"{0: 0.5932000445533527, 1: 0.5932000445533526}","{0: 0.5932000445533527, 1: 0.5932000445533526}",0.5932000445533526,"[[73 61]
 [58 76]]","[1. 0. 0. 0. 0. 1. 0. 1. 1. 0. 0. 0. 1. 0. 0. 0. 1. 0. 0. 0. 0. 1. 0. 0.
 0. 0. 1. 1. 1. 1. 1. 0. 0. 0. 1. 0. 0. 0. 1. 0. 1. 0. 1. 0. 0. 0. 1. 1.
 0. 0. 1. 0. 1. 1. 1. 1. 1. 1. 0. 1. 0. 0. 1. 0. 0. 0. 1. 1. 1. 1. 0. 0.
 1. 1. 0. 1. 1. 0. 0. 0. 1. 1. 1. 0. 0. 1. 0. 1. 1. 1. 1. 1. 0. 1. 1. 1.
 0. 0. 1. 1. 0. 1. 1. 0. 0. 0. 0. 1. 0. 1. 0. 0. 0. 1. 1. 0. 1. 0. 0. 0.
 0. 1. 1. 1. 1. 1. 1. 1. 1. 0. 0. 1. 1. 0. 1. 1. 0. 1. 0. 1. 1. 0. 0. 0.
 0. 0. 0. 0. 1. 1. 1. 0. 1. 0. 0. 1. 1. 0. 1. 0. 1. 1. 0. 0. 1. 1. 0. 1.
 1. 1. 0. 1. 1. 1. 0. 1. 1. 0. 1. 0. 0. 0. 1. 1. 0. 0. 1. 1. 0. 0. 1. 1.
 1. 1. 1. 1. 0. 1. 0. 0. 0. 0. 1. 1. 0. 0. 0. 0. 1. 1. 0. 1. 1. 1. 0. 0.
 1. 1. 0. 1. 0. 0. 0. 0. 1. 1. 1. 0. 1. 0. 1. 1. 1. 1. 1. 1. 0. 1. 0. 0.
 1. 1. 0. 0. 1. 1. 0. 1. 0. 1. 1. 0. 1. 0. 0. 1. 0. 0. 0. 1. 0. 0. 1. 1.
 1. 0. 1. 0.]","[0. 1. 0. 0. 0. 1. 1. 1. 0. 0. 0. 0. 0. 1. 0. 0. 1. 1. 0. 0. 0. 0. 0. 1.
 0. 0. 1. 0. 1. 0. 0. 1. 0. 1. 1. 0. 0. 0. 1. 0. 0. 0. 1. 1. 1. 0. 1. 0.
 1. 0. 1. 1. 0. 1. 1. 1. 1. 0. 1. 0. 0. 1. 1. 1. 0. 0. 0. 1. 1. 0. 1. 1.
 0. 0. 1. 0. 0. 1. 0. 1. 0. 1. 1. 1. 0. 1. 0. 1. 1. 1. 1. 1. 1. 1. 1. 0.
 0. 0. 1. 1. 1. 0. 0. 1. 1. 1. 0. 0. 0. 1. 1. 1. 0. 0. 0. 0. 1. 1. 1. 0.
 1. 0. 0. 1. 1. 0. 0. 0. 0. 1. 0. 0. 1. 1. 0. 1. 1. 1. 0. 1. 1. 0. 1. 0.
 1. 1. 0. 0. 0. 1. 1. 0. 1. 1. 0. 1. 0. 0. 0. 1. 1. 1. 0. 1. 0. 1. 1. 0.
 1. 0. 0. 1. 1. 0. 0. 1. 0. 1. 1. 0. 0. 1. 0. 0. 1. 1. 0. 1. 1. 0. 0. 0.
 0. 1. 1. 0. 0. 1. 0. 0. 1. 0. 1. 1. 1. 0. 0. 0. 1. 1. 0. 0. 0. 0. 1. 0.
 0. 1. 0. 1. 1. 1. 1. 0. 0. 0. 0. 1. 1. 1. 1. 0. 1. 1. 1. 1. 0. 1. 0. 0.
 1. 0. 0. 1. 1. 1. 1. 1. 0. 0. 1. 1. 1. 0. 0. 1. 0. 1. 0. 0. 1. 0. 1. 0.
 1. 0. 0. 0.]"
827,randomforest,"{'criterion': 'gini', 'max_features': 'sqrt', 'n_estimators': 283}",0.5943540557840579,0.19434155509391784,0.16275284222845432,0.344918641798047,0.5862929670389349,0.19011464134348616,0.5707461106700651,0.14179104477611937,0.5708955223880597,0.5708955223880597,"{0: 0.5861271998217865, 1: 0.5861271998217866}","{0: 0.5861271998217865, 1: 0.5861271998217866}",0.5861271998217866,"[[74 60]
 [55 79]]","[1. 0. 0. 0. 0. 1. 0. 1. 1. 0. 0. 0. 1. 0. 0. 0. 0. 0. 0. 0. 0. 1. 0. 0.
 0. 0. 1. 1. 1. 1. 1. 0. 0. 0. 1. 0. 1. 0. 1. 0. 1. 0. 1. 1. 0. 0. 1. 1.
 0. 0. 1. 0. 0. 1. 1. 1. 1. 1. 0. 1. 1. 0. 1. 0. 0. 0. 1. 1. 1. 1. 0. 0.
 1. 1. 0. 1. 1. 0. 0. 0. 1. 1. 1. 0. 0. 1. 0. 1. 1. 1. 1. 1. 0. 1. 1. 1.
 0. 0. 1. 1. 0. 1. 1. 0. 1. 0. 0. 1. 0. 1. 0. 0. 0. 1. 1. 0. 1. 0. 0. 0.
 0. 1. 1. 1. 1. 1. 1. 1. 0. 0. 0. 1. 1. 0. 1. 1. 0. 1. 0. 1. 1. 0. 0. 0.
 1. 0. 0. 0. 1. 1. 1. 0. 1. 1. 0. 1. 1. 0. 1. 0. 1. 1. 0. 0. 1. 0. 0. 1.
 1. 1. 0. 1. 1. 0. 0. 1. 1. 0. 1. 0. 0. 1. 1. 1. 0. 0. 1. 1. 0. 0. 1. 1.
 1. 1. 1. 0. 1. 1. 0. 0. 0. 0. 1. 1. 0. 0. 0. 0. 1. 1. 0. 1. 1. 1. 0. 0.
 1. 1. 0. 0. 0. 0. 0. 0. 1. 1. 1. 0. 0. 0. 1. 1. 1. 1. 1. 1. 0. 1. 0. 0.
 1. 1. 0. 0. 1. 1. 1. 1. 0. 1. 1. 0. 1. 0. 0. 1. 0. 1. 0. 1. 0. 0. 1. 1.
 1. 0. 1. 0.]","[0. 1. 0. 0. 0. 1. 1. 1. 0. 0. 0. 0. 0. 1. 0. 0. 1. 1. 0. 0. 0. 0. 0. 1.
 0. 0. 1. 0. 1. 0. 0. 1. 0. 1. 1. 0. 0. 0. 1. 0. 0. 0. 1. 1. 1. 0. 1. 0.
 1. 0. 1. 1. 0. 1. 1. 1. 1. 0. 1. 0. 0. 1. 1. 1. 0. 0. 0. 1. 1. 0. 1. 1.
 0. 0. 1. 0. 0. 1. 0. 1. 0. 1. 1. 1. 0. 1. 0. 1. 1. 1. 1. 1. 1. 1. 1. 0.
 0. 0. 1. 1. 1. 0. 0. 1. 1. 1. 0. 0. 0. 1. 1. 1. 0. 0. 0. 0. 1. 1. 1. 0.
 1. 0. 0. 1. 1. 0. 0. 0. 0. 1. 0. 0. 1. 1. 0. 1. 1. 1. 0. 1. 1. 0. 1. 0.
 1. 1. 0. 0. 0. 1. 1. 0. 1. 1. 0. 1. 0. 0. 0. 1. 1. 1. 0. 1. 0. 1. 1. 0.
 1. 0. 0. 1. 1. 0. 0. 1. 0. 1. 1. 0. 0. 1. 0. 0. 1. 1. 0. 1. 1. 0. 0. 0.
 0. 1. 1. 0. 0. 1. 0. 0. 1. 0. 1. 1. 1. 0. 0. 0. 1. 1. 0. 0. 0. 0. 1. 0.
 0. 1. 0. 1. 1. 1. 1. 0. 0. 0. 0. 1. 1. 1. 1. 0. 1. 1. 1. 1. 0. 1. 0. 0.
 1. 0. 0. 1. 1. 1. 1. 1. 0. 0. 1. 1. 1. 0. 0. 1. 0. 1. 0. 0. 1. 0. 1. 0.
 1. 0. 0. 0.]"
736,randomforest,"{'criterion': 'entropy', 'max_features': None, 'n_estimators': 555}",0.5773552987516215,0.209698650373655,0.16273159469889403,0.3899381804553433,0.5686209996693867,0.2150713192516467,0.5593088071348941,0.11940298507462688,0.5597014925373134,0.5597014925373134,"{0: 0.5827021608376031, 1: 0.5827021608376031}","{0: 0.5827021608376031, 1: 0.5827021608376031}",0.5827021608376031,"[[71 63]
 [55 79]]","[1. 0. 0. 0. 0. 1. 0. 1. 1. 0. 0. 0. 1. 0. 0. 0. 1. 0. 0. 0. 0. 1. 0. 0.
 0. 0. 1. 1. 1. 1. 1. 0. 0. 1. 1. 0. 1. 0. 1. 0. 0. 0. 1. 0. 0. 1. 1. 0.
 0. 0. 1. 0. 0. 1. 1. 1. 1. 1. 0. 1. 0. 0. 1. 0. 0. 0. 1. 1. 1. 1. 0. 0.
 1. 1. 0. 1. 1. 0. 1. 0. 1. 1. 1. 0. 0. 1. 1. 1. 1. 1. 1. 1. 0. 1. 1. 1.
 0. 0. 1. 1. 0. 1. 1. 0. 0. 0. 0. 1. 0. 1. 0. 0. 0. 1. 1. 0. 1. 0. 0. 0.
 0. 1. 1. 1. 1. 1. 1. 1. 1. 0. 0. 1. 1. 0. 1. 1. 0. 1. 0. 1. 1. 0. 1. 0.
 0. 0. 0. 0. 1. 1. 1. 0. 1. 1. 0. 1. 1. 0. 1. 0. 1. 1. 0. 0. 1. 0. 0. 1.
 1. 1. 0. 1. 1. 1. 0. 1. 1. 0. 1. 0. 0. 0. 1. 1. 0. 0. 1. 1. 0. 0. 1. 1.
 1. 1. 1. 0. 1. 1. 0. 1. 0. 0. 1. 1. 0. 0. 0. 0. 1. 1. 0. 1. 1. 1. 0. 0.
 1. 1. 0. 1. 0. 0. 0. 0. 1. 1. 1. 0. 0. 0. 1. 1. 1. 1. 1. 1. 0. 1. 0. 0.
 1. 1. 0. 0. 1. 1. 1. 1. 0. 1. 1. 0. 1. 0. 0. 1. 0. 1. 0. 1. 0. 0. 1. 1.
 1. 0. 1. 0.]","[0. 1. 0. 0. 0. 1. 1. 1. 0. 0. 0. 0. 0. 1. 0. 0. 1. 1. 0. 0. 0. 0. 0. 1.
 0. 0. 1. 0. 1. 0. 0. 1. 0. 1. 1. 0. 0. 0. 1. 0. 0. 0. 1. 1. 1. 0. 1. 0.
 1. 0. 1. 1. 0. 1. 1. 1. 1. 0. 1. 0. 0. 1. 1. 1. 0. 0. 0. 1. 1. 0. 1. 1.
 0. 0. 1. 0. 0. 1. 0. 1. 0. 1. 1. 1. 0. 1. 0. 1. 1. 1. 1. 1. 1. 1. 1. 0.
 0. 0. 1. 1. 1. 0. 0. 1. 1. 1. 0. 0. 0. 1. 1. 1. 0. 0. 0. 0. 1. 1. 1. 0.
 1. 0. 0. 1. 1. 0. 0. 0. 0. 1. 0. 0. 1. 1. 0. 1. 1. 1. 0. 1. 1. 0. 1. 0.
 1. 1. 0. 0. 0. 1. 1. 0. 1. 1. 0. 1. 0. 0. 0. 1. 1. 1. 0. 1. 0. 1. 1. 0.
 1. 0. 0. 1. 1. 0. 0. 1. 0. 1. 1. 0. 0. 1. 0. 0. 1. 1. 0. 1. 1. 0. 0. 0.
 0. 1. 1. 0. 0. 1. 0. 0. 1. 0. 1. 1. 1. 0. 0. 0. 1. 1. 0. 0. 0. 0. 1. 0.
 0. 1. 0. 1. 1. 1. 1. 0. 0. 0. 0. 1. 1. 1. 1. 0. 1. 1. 1. 1. 0. 1. 0. 0.
 1. 0. 0. 1. 1. 1. 1. 1. 0. 0. 1. 1. 1. 0. 0. 1. 0. 1. 0. 0. 1. 0. 1. 0.
 1. 0. 0. 0.]"
449,randomforest,"{'criterion': 'gini', 'max_features': 'log2', 'n_estimators': 31}",0.5716261998508204,0.1791765153841235,0.16255686353575763,0.31986148393949027,0.5689890959548217,0.18113306466519108,0.5708895479164056,0.14179104477611937,0.5708955223880597,0.5708955223880596,"{0: 0.5878257963911785, 1: 0.5878257963911784}","{0: 0.5878257963911785, 1: 0.5878257963911784}",0.5878257963911784,"[[76 58]
 [57 77]]","[0. 0. 0. 0. 0. 1. 0. 1. 1. 0. 0. 0. 1. 0. 0. 0. 0. 0. 0. 1. 0. 0. 0. 0.
 1. 0. 1. 1. 1. 1. 1. 0. 0. 1. 1. 1. 0. 0. 1. 0. 0. 0. 1. 0. 0. 1. 1. 0.
 0. 0. 1. 0. 0. 1. 1. 1. 1. 1. 0. 1. 1. 0. 1. 0. 0. 0. 1. 1. 1. 1. 0. 0.
 0. 1. 0. 1. 1. 0. 0. 0. 1. 1. 1. 1. 0. 1. 0. 0. 1. 1. 1. 1. 0. 1. 1. 1.
 0. 0. 1. 1. 0. 1. 1. 0. 0. 0. 0. 0. 0. 1. 0. 0. 0. 1. 1. 0. 1. 0. 0. 0.
 0. 1. 1. 1. 1. 1. 1. 1. 0. 0. 0. 1. 1. 0. 1. 0. 0. 1. 0. 1. 0. 0. 0. 0.
 0. 0. 0. 0. 1. 1. 1. 0. 1. 1. 0. 1. 1. 0. 1. 0. 1. 1. 0. 0. 1. 1. 0. 1.
 0. 1. 1. 1. 1. 1. 1. 1. 1. 0. 1. 0. 0. 1. 1. 1. 0. 0. 1. 1. 0. 0. 1. 1.
 0. 1. 1. 0. 1. 1. 0. 0. 0. 0. 1. 1. 0. 0. 0. 0. 1. 1. 0. 1. 1. 0. 0. 0.
 1. 0. 1. 1. 0. 0. 0. 0. 1. 1. 1. 0. 1. 0. 1. 1. 1. 1. 1. 1. 0. 1. 0. 0.
 1. 1. 1. 0. 1. 1. 1. 1. 0. 0. 1. 0. 1. 0. 0. 1. 0. 1. 0. 1. 1. 0. 1. 0.
 1. 0. 1. 0.]","[0. 1. 0. 0. 0. 1. 1. 1. 0. 0. 0. 0. 0. 1. 0. 0. 1. 1. 0. 0. 0. 0. 0. 1.
 0. 0. 1. 0. 1. 0. 0. 1. 0. 1. 1. 0. 0. 0. 1. 0. 0. 0. 1. 1. 1. 0. 1. 0.
 1. 0. 1. 1. 0. 1. 1. 1. 1. 0. 1. 0. 0. 1. 1. 1. 0. 0. 0. 1. 1. 0. 1. 1.
 0. 0. 1. 0. 0. 1. 0. 1. 0. 1. 1. 1. 0. 1. 0. 1. 1. 1. 1. 1. 1. 1. 1. 0.
 0. 0. 1. 1. 1. 0. 0. 1. 1. 1. 0. 0. 0. 1. 1. 1. 0. 0. 0. 0. 1. 1. 1. 0.
 1. 0. 0. 1. 1. 0. 0. 0. 0. 1. 0. 0. 1. 1. 0. 1. 1. 1. 0. 1. 1. 0. 1. 0.
 1. 1. 0. 0. 0. 1. 1. 0. 1. 1. 0. 1. 0. 0. 0. 1. 1. 1. 0. 1. 0. 1. 1. 0.
 1. 0. 0. 1. 1. 0. 0. 1. 0. 1. 1. 0. 0. 1. 0. 0. 1. 1. 0. 1. 1. 0. 0. 0.
 0. 1. 1. 0. 0. 1. 0. 0. 1. 0. 1. 1. 1. 0. 0. 0. 1. 1. 0. 0. 0. 0. 1. 0.
 0. 1. 0. 1. 1. 1. 1. 0. 0. 0. 0. 1. 1. 1. 1. 0. 1. 1. 1. 1. 0. 1. 0. 0.
 1. 0. 0. 1. 1. 1. 1. 1. 0. 0. 1. 1. 1. 0. 0. 1. 0. 1. 0. 0. 1. 0. 1. 0.
 1. 0. 0. 0.]"
746,randomforest,"{'criterion': 'gini', 'max_features': 'sqrt', 'n_estimators': 335}",0.5788162242740041,0.18598458856061229,0.16252427066000136,0.32758528953974436,0.5706679670389347,0.1902864647586667,0.5594806931520588,0.11940298507462688,0.5597014925373134,0.5597014925373134,"{0: 0.5784974381822232, 1: 0.5784974381822233}","{0: 0.5784974381822232, 1: 0.5784974381822233}",0.5784974381822233,"[[72 62]
 [56 78]]","[1. 0. 0. 0. 0. 1. 0. 1. 1. 0. 0. 0. 1. 0. 0. 0. 0. 0. 0. 0. 0. 1. 0. 0.
 0. 0. 1. 1. 1. 1. 1. 0. 0. 0. 1. 0. 1. 0. 1. 0. 0. 1. 1. 1. 0. 0. 1. 1.
 0. 0. 1. 0. 1. 1. 1. 1. 1. 1. 0. 1. 1. 0. 1. 0. 0. 0. 1. 1. 1. 1. 0. 0.
 1. 1. 0. 1. 1. 0. 0. 0. 1. 1. 1. 0. 0. 1. 0. 1. 1. 1. 1. 1. 0. 1. 1. 1.
 0. 0. 1. 1. 0. 1. 1. 0. 0. 0. 0. 1. 0. 1. 0. 0. 0. 1. 1. 0. 1. 0. 0. 0.
 0. 1. 1. 1. 1. 1. 1. 1. 1. 0. 0. 1. 1. 0. 1. 1. 0. 1. 0. 1. 1. 0. 0. 0.
 0. 0. 0. 0. 1. 1. 1. 0. 1. 1. 0. 1. 1. 0. 1. 0. 1. 1. 0. 0. 1. 1. 0. 1.
 1. 1. 0. 1. 1. 0. 0. 1. 1. 0. 1. 0. 0. 1. 1. 1. 0. 0. 1. 1. 0. 0. 1. 1.
 0. 1. 1. 0. 1. 1. 0. 1. 0. 0. 1. 1. 0. 0. 0. 0. 1. 1. 0. 1. 1. 1. 0. 0.
 1. 1. 0. 0. 0. 0. 0. 0. 1. 1. 1. 0. 0. 0. 1. 1. 1. 1. 1. 1. 0. 1. 0. 0.
 1. 1. 0. 0. 1. 1. 1. 1. 0. 1. 1. 0. 1. 0. 0. 1. 0. 1. 0. 1. 0. 0. 1. 1.
 1. 0. 1. 0.]","[0. 1. 0. 0. 0. 1. 1. 1. 0. 0. 0. 0. 0. 1. 0. 0. 1. 1. 0. 0. 0. 0. 0. 1.
 0. 0. 1. 0. 1. 0. 0. 1. 0. 1. 1. 0. 0. 0. 1. 0. 0. 0. 1. 1. 1. 0. 1. 0.
 1. 0. 1. 1. 0. 1. 1. 1. 1. 0. 1. 0. 0. 1. 1. 1. 0. 0. 0. 1. 1. 0. 1. 1.
 0. 0. 1. 0. 0. 1. 0. 1. 0. 1. 1. 1. 0. 1. 0. 1. 1. 1. 1. 1. 1. 1. 1. 0.
 0. 0. 1. 1. 1. 0. 0. 1. 1. 1. 0. 0. 0. 1. 1. 1. 0. 0. 0. 0. 1. 1. 1. 0.
 1. 0. 0. 1. 1. 0. 0. 0. 0. 1. 0. 0. 1. 1. 0. 1. 1. 1. 0. 1. 1. 0. 1. 0.
 1. 1. 0. 0. 0. 1. 1. 0. 1. 1. 0. 1. 0. 0. 0. 1. 1. 1. 0. 1. 0. 1. 1. 0.
 1. 0. 0. 1. 1. 0. 0. 1. 0. 1. 1. 0. 0. 1. 0. 0. 1. 1. 0. 1. 1. 0. 0. 0.
 0. 1. 1. 0. 0. 1. 0. 0. 1. 0. 1. 1. 1. 0. 0. 0. 1. 1. 0. 0. 0. 0. 1. 0.
 0. 1. 0. 1. 1. 1. 1. 0. 0. 0. 0. 1. 1. 1. 1. 0. 1. 1. 1. 1. 0. 1. 0. 0.
 1. 0. 0. 1. 1. 1. 1. 1. 0. 0. 1. 1. 1. 0. 0. 1. 0. 1. 0. 0. 1. 0. 1. 0.
 1. 0. 0. 0.]"
375,randomforest,"{'criterion': 'gini', 'max_features': 'sqrt', 'n_estimators': 283}",0.5785669295038365,0.17874694913729466,0.16226028009085885,0.3191312962681142,0.570717570213538,0.18565905660031354,0.559603386809269,0.11940298507462688,0.5597014925373134,0.5597014925373134,"{0: 0.5836489195811985, 1: 0.5836489195811985}","{0: 0.5836489195811985, 1: 0.5836489195811985}",0.5836489195811985,"[[73 61]
 [57 77]]","[1. 0. 0. 0. 0. 1. 0. 1. 1. 0. 0. 0. 1. 0. 0. 0. 0. 0. 0. 1. 0. 1. 0. 0.
 0. 0. 1. 1. 1. 1. 1. 0. 0. 0. 1. 0. 1. 0. 1. 0. 0. 0. 1. 0. 0. 0. 1. 0.
 0. 0. 1. 0. 1. 1. 1. 1. 1. 1. 0. 1. 0. 0. 1. 0. 0. 0. 1. 1. 1. 1. 0. 0.
 0. 1. 0. 1. 1. 0. 0. 0. 1. 1. 1. 0. 0. 1. 0. 1. 1. 1. 1. 1. 0. 1. 1. 1.
 0. 0. 1. 1. 0. 1. 1. 1. 0. 0. 0. 1. 0. 1. 0. 0. 0. 1. 1. 1. 1. 0. 0. 0.
 0. 1. 1. 1. 1. 1. 1. 1. 1. 0. 0. 1. 1. 0. 1. 1. 0. 1. 0. 1. 0. 0. 0. 0.
 0. 0. 0. 0. 1. 1. 1. 0. 1. 1. 0. 1. 1. 0. 1. 0. 1. 1. 0. 0. 1. 1. 0. 1.
 1. 1. 1. 1. 1. 0. 0. 1. 1. 0. 1. 0. 0. 1. 1. 1. 0. 0. 1. 0. 0. 0. 1. 1.
 0. 1. 1. 0. 1. 1. 0. 1. 0. 0. 1. 1. 0. 0. 0. 0. 1. 1. 0. 1. 1. 1. 0. 0.
 1. 1. 0. 1. 0. 0. 0. 0. 1. 1. 1. 0. 0. 0. 1. 1. 1. 1. 1. 1. 0. 1. 0. 0.
 1. 1. 0. 0. 1. 1. 1. 1. 0. 1. 1. 0. 1. 0. 0. 1. 0. 1. 0. 1. 0. 0. 1. 1.
 1. 0. 1. 0.]","[0. 1. 0. 0. 0. 1. 1. 1. 0. 0. 0. 0. 0. 1. 0. 0. 1. 1. 0. 0. 0. 0. 0. 1.
 0. 0. 1. 0. 1. 0. 0. 1. 0. 1. 1. 0. 0. 0. 1. 0. 0. 0. 1. 1. 1. 0. 1. 0.
 1. 0. 1. 1. 0. 1. 1. 1. 1. 0. 1. 0. 0. 1. 1. 1. 0. 0. 0. 1. 1. 0. 1. 1.
 0. 0. 1. 0. 0. 1. 0. 1. 0. 1. 1. 1. 0. 1. 0. 1. 1. 1. 1. 1. 1. 1. 1. 0.
 0. 0. 1. 1. 1. 0. 0. 1. 1. 1. 0. 0. 0. 1. 1. 1. 0. 0. 0. 0. 1. 1. 1. 0.
 1. 0. 0. 1. 1. 0. 0. 0. 0. 1. 0. 0. 1. 1. 0. 1. 1. 1. 0. 1. 1. 0. 1. 0.
 1. 1. 0. 0. 0. 1. 1. 0. 1. 1. 0. 1. 0. 0. 0. 1. 1. 1. 0. 1. 0. 1. 1. 0.
 1. 0. 0. 1. 1. 0. 0. 1. 0. 1. 1. 0. 0. 1. 0. 0. 1. 1. 0. 1. 1. 0. 0. 0.
 0. 1. 1. 0. 0. 1. 0. 0. 1. 0. 1. 1. 1. 0. 0. 0. 1. 1. 0. 0. 0. 0. 1. 0.
 0. 1. 0. 1. 1. 1. 1. 0. 0. 0. 0. 1. 1. 1. 1. 0. 1. 1. 1. 1. 0. 1. 0. 0.
 1. 0. 0. 1. 1. 1. 1. 1. 0. 0. 1. 1. 1. 0. 0. 1. 0. 1. 0. 0. 1. 0. 1. 0.
 1. 0. 0. 0.]"
849,randomforest,"{'criterion': 'gini', 'max_features': 'sqrt', 'n_estimators': 55}",0.5867057181950183,0.1793847371946136,0.16223576461516642,0.3404103948546858,0.5764532100217584,0.18897901552154733,0.5671400724032303,0.13432835820895528,0.5671641791044776,0.5671641791044776,"{0: 0.5746547115170416, 1: 0.5746547115170417}","{0: 0.5746547115170416, 1: 0.5746547115170417}",0.5746547115170417,"[[75 59]
 [57 77]]","[1. 0. 0. 0. 0. 1. 0. 1. 1. 0. 0. 0. 1. 0. 0. 0. 1. 0. 0. 0. 0. 1. 0. 0.
 0. 0. 0. 1. 1. 1. 1. 0. 0. 0. 1. 0. 0. 0. 0. 0. 1. 0. 1. 1. 0. 0. 1. 0.
 0. 0. 1. 0. 1. 1. 1. 1. 1. 1. 0. 1. 0. 0. 1. 0. 0. 0. 1. 1. 1. 0. 0. 0.
 1. 1. 0. 1. 1. 0. 0. 0. 0. 1. 1. 0. 0. 1. 0. 1. 1. 1. 1. 1. 0. 1. 1. 1.
 0. 0. 1. 1. 0. 1. 0. 0. 0. 0. 0. 0. 0. 1. 0. 0. 1. 1. 1. 1. 1. 0. 0. 0.
 0. 1. 1. 1. 1. 1. 1. 1. 1. 0. 0. 1. 1. 0. 1. 1. 0. 1. 0. 1. 1. 0. 0. 0.
 0. 0. 0. 0. 1. 1. 1. 0. 1. 0. 0. 1. 1. 0. 1. 0. 1. 1. 0. 0. 1. 1. 0. 1.
 1. 1. 0. 1. 1. 1. 1. 1. 1. 0. 1. 1. 0. 1. 1. 1. 0. 0. 1. 1. 0. 0. 1. 1.
 1. 1. 1. 0. 0. 1. 0. 0. 0. 0. 1. 1. 0. 0. 0. 0. 1. 1. 0. 1. 1. 1. 0. 0.
 1. 1. 0. 1. 0. 0. 0. 0. 1. 1. 1. 0. 0. 0. 0. 1. 1. 1. 1. 1. 0. 1. 0. 0.
 1. 1. 0. 0. 1. 1. 1. 1. 0. 1. 1. 0. 1. 0. 1. 1. 0. 1. 0. 1. 1. 0. 1. 0.
 1. 0. 1. 0.]","[0. 1. 0. 0. 0. 1. 1. 1. 0. 0. 0. 0. 0. 1. 0. 0. 1. 1. 0. 0. 0. 0. 0. 1.
 0. 0. 1. 0. 1. 0. 0. 1. 0. 1. 1. 0. 0. 0. 1. 0. 0. 0. 1. 1. 1. 0. 1. 0.
 1. 0. 1. 1. 0. 1. 1. 1. 1. 0. 1. 0. 0. 1. 1. 1. 0. 0. 0. 1. 1. 0. 1. 1.
 0. 0. 1. 0. 0. 1. 0. 1. 0. 1. 1. 1. 0. 1. 0. 1. 1. 1. 1. 1. 1. 1. 1. 0.
 0. 0. 1. 1. 1. 0. 0. 1. 1. 1. 0. 0. 0. 1. 1. 1. 0. 0. 0. 0. 1. 1. 1. 0.
 1. 0. 0. 1. 1. 0. 0. 0. 0. 1. 0. 0. 1. 1. 0. 1. 1. 1. 0. 1. 1. 0. 1. 0.
 1. 1. 0. 0. 0. 1. 1. 0. 1. 1. 0. 1. 0. 0. 0. 1. 1. 1. 0. 1. 0. 1. 1. 0.
 1. 0. 0. 1. 1. 0. 0. 1. 0. 1. 1. 0. 0. 1. 0. 0. 1. 1. 0. 1. 1. 0. 0. 0.
 0. 1. 1. 0. 0. 1. 0. 0. 1. 0. 1. 1. 1. 0. 0. 0. 1. 1. 0. 0. 0. 0. 1. 0.
 0. 1. 0. 1. 1. 1. 1. 0. 0. 0. 0. 1. 1. 1. 1. 0. 1. 1. 1. 1. 0. 1. 0. 0.
 1. 0. 0. 1. 1. 1. 1. 1. 0. 0. 1. 1. 1. 0. 0. 1. 0. 1. 0. 0. 1. 0. 1. 0.
 1. 0. 0. 0.]"
288,AdaBoost,"{'algorithm': 'SAMME', 'learning_rate': 0.7530612244897958, 'n_estimators': 96}",0.5798595399342209,0.1528979459703322,0.1621930896123393,0.26750665106374194,0.5755358422193101,0.1415755655237511,0.5584966772770424,0.11940298507462688,0.5597014925373134,0.5597014925373134,"{0: 0.5372577411450212, 1: 0.5372577411450212}","{0: 0.5372577411450212, 1: 0.5372577411450212}",0.5372577411450212,"[[68 66]
 [52 82]]","[1. 0. 0. 0. 0. 1. 1. 0. 1. 0. 0. 1. 1. 1. 0. 0. 0. 0. 0. 1. 0. 1. 0. 0.
 1. 0. 1. 1. 1. 1. 1. 0. 0. 0. 1. 0. 1. 1. 0. 0. 0. 0. 1. 1. 0. 0. 1. 1.
 0. 0. 1. 1. 0. 0. 1. 1. 1. 1. 0. 1. 1. 1. 1. 0. 1. 0. 0. 1. 1. 1. 0. 1.
 1. 1. 0. 1. 1. 0. 1. 1. 0. 1. 1. 0. 0. 1. 0. 1. 1. 0. 1. 1. 0. 1. 1. 1.
 0. 0. 1. 0. 0. 1. 0. 1. 1. 1. 0. 1. 0. 1. 0. 0. 0. 1. 1. 0. 1. 1. 0. 0.
 0. 1. 1. 1. 0. 1. 1. 1. 1. 0. 0. 0. 1. 0. 1. 1. 0. 0. 1. 0. 0. 0. 0. 0.
 1. 1. 0. 1. 1. 1. 1. 0. 1. 1. 0. 1. 1. 0. 1. 0. 0. 1. 0. 1. 1. 0. 0. 1.
 1. 1. 1. 1. 1. 0. 0. 1. 0. 1. 0. 1. 0. 1. 0. 1. 1. 0. 1. 1. 1. 1. 1. 1.
 1. 1. 0. 0. 1. 1. 0. 0. 0. 1. 1. 1. 1. 1. 1. 0. 0. 1. 0. 1. 1. 0. 1. 0.
 1. 0. 0. 1. 0. 1. 0. 0. 0. 1. 1. 0. 0. 1. 0. 1. 1. 1. 1. 1. 0. 1. 0. 0.
 1. 0. 1. 0. 1. 1. 0. 0. 0. 1. 1. 1. 1. 0. 0. 1. 0. 1. 0. 1. 0. 0. 1. 1.
 1. 0. 1. 0.]","[0. 1. 0. 0. 0. 1. 1. 1. 0. 0. 0. 0. 0. 1. 0. 0. 1. 1. 0. 0. 0. 0. 0. 1.
 0. 0. 1. 0. 1. 0. 0. 1. 0. 1. 1. 0. 0. 0. 1. 0. 0. 0. 1. 1. 1. 0. 1. 0.
 1. 0. 1. 1. 0. 1. 1. 1. 1. 0. 1. 0. 0. 1. 1. 1. 0. 0. 0. 1. 1. 0. 1. 1.
 0. 0. 1. 0. 0. 1. 0. 1. 0. 1. 1. 1. 0. 1. 0. 1. 1. 1. 1. 1. 1. 1. 1. 0.
 0. 0. 1. 1. 1. 0. 0. 1. 1. 1. 0. 0. 0. 1. 1. 1. 0. 0. 0. 0. 1. 1. 1. 0.
 1. 0. 0. 1. 1. 0. 0. 0. 0. 1. 0. 0. 1. 1. 0. 1. 1. 1. 0. 1. 1. 0. 1. 0.
 1. 1. 0. 0. 0. 1. 1. 0. 1. 1. 0. 1. 0. 0. 0. 1. 1. 1. 0. 1. 0. 1. 1. 0.
 1. 0. 0. 1. 1. 0. 0. 1. 0. 1. 1. 0. 0. 1. 0. 0. 1. 1. 0. 1. 1. 0. 0. 0.
 0. 1. 1. 0. 0. 1. 0. 0. 1. 0. 1. 1. 1. 0. 0. 0. 1. 1. 0. 0. 0. 0. 1. 0.
 0. 1. 0. 1. 1. 1. 1. 0. 0. 0. 0. 1. 1. 1. 1. 0. 1. 1. 1. 1. 0. 1. 0. 0.
 1. 0. 0. 1. 1. 1. 1. 1. 0. 0. 1. 1. 1. 0. 0. 1. 0. 1. 0. 0. 1. 0. 1. 0.
 1. 0. 0. 0.]"
67,randomforest,"{'criterion': 'gini', 'max_features': 'log2', 'n_estimators': 459}",0.5803388844318944,0.19921751438979302,0.1621641271465328,0.35962192356306466,0.571897522653571,0.20704691004871778,0.5594806931520588,0.11940298507462688,0.5597014925373134,0.5597014925373134,"{0: 0.594369570060147, 1: 0.594369570060147}","{0: 0.594369570060147, 1: 0.594369570060147}",0.594369570060147,"[[72 62]
 [56 78]]","[1. 0. 0. 0. 0. 1. 0. 1. 1. 0. 0. 0. 1. 0. 0. 0. 1. 0. 0. 0. 0. 1. 0. 0.
 0. 0. 1. 1. 1. 1. 1. 0. 0. 0. 1. 0. 1. 0. 1. 0. 1. 0. 1. 0. 0. 0. 1. 0.
 0. 0. 1. 0. 1. 1. 1. 1. 1. 1. 0. 1. 1. 0. 1. 0. 0. 0. 1. 1. 1. 1. 0. 0.
 1. 1. 0. 1. 1. 0. 0. 0. 1. 1. 1. 0. 0. 1. 0. 1. 1. 1. 1. 1. 0. 1. 1. 1.
 0. 0. 1. 1. 0. 1. 1. 0. 0. 0. 0. 1. 0. 1. 0. 0. 0. 1. 1. 0. 1. 0. 0. 0.
 0. 1. 1. 1. 1. 1. 1. 1. 1. 0. 0. 1. 1. 0. 1. 0. 0. 1. 0. 1. 1. 0. 1. 0.
 0. 0. 0. 0. 1. 1. 1. 0. 1. 0. 0. 1. 1. 0. 1. 0. 1. 1. 0. 0. 1. 0. 0. 1.
 1. 1. 0. 1. 1. 0. 0. 1. 1. 0. 1. 0. 0. 1. 1. 1. 0. 0. 1. 1. 0. 0. 1. 1.
 1. 1. 1. 1. 1. 1. 0. 0. 0. 0. 1. 1. 0. 0. 0. 0. 1. 1. 0. 1. 1. 1. 0. 0.
 1. 1. 0. 1. 0. 0. 0. 0. 1. 1. 1. 0. 1. 0. 1. 1. 1. 1. 1. 1. 0. 1. 0. 0.
 1. 1. 0. 0. 1. 1. 1. 1. 0. 1. 1. 0. 1. 0. 0. 1. 0. 1. 0. 1. 0. 0. 1. 1.
 1. 0. 1. 0.]","[0. 1. 0. 0. 0. 1. 1. 1. 0. 0. 0. 0. 0. 1. 0. 0. 1. 1. 0. 0. 0. 0. 0. 1.
 0. 0. 1. 0. 1. 0. 0. 1. 0. 1. 1. 0. 0. 0. 1. 0. 0. 0. 1. 1. 1. 0. 1. 0.
 1. 0. 1. 1. 0. 1. 1. 1. 1. 0. 1. 0. 0. 1. 1. 1. 0. 0. 0. 1. 1. 0. 1. 1.
 0. 0. 1. 0. 0. 1. 0. 1. 0. 1. 1. 1. 0. 1. 0. 1. 1. 1. 1. 1. 1. 1. 1. 0.
 0. 0. 1. 1. 1. 0. 0. 1. 1. 1. 0. 0. 0. 1. 1. 1. 0. 0. 0. 0. 1. 1. 1. 0.
 1. 0. 0. 1. 1. 0. 0. 0. 0. 1. 0. 0. 1. 1. 0. 1. 1. 1. 0. 1. 1. 0. 1. 0.
 1. 1. 0. 0. 0. 1. 1. 0. 1. 1. 0. 1. 0. 0. 0. 1. 1. 1. 0. 1. 0. 1. 1. 0.
 1. 0. 0. 1. 1. 0. 0. 1. 0. 1. 1. 0. 0. 1. 0. 0. 1. 1. 0. 1. 1. 0. 0. 0.
 0. 1. 1. 0. 0. 1. 0. 0. 1. 0. 1. 1. 1. 0. 0. 0. 1. 1. 0. 0. 0. 0. 1. 0.
 0. 1. 0. 1. 1. 1. 1. 0. 0. 0. 0. 1. 1. 1. 1. 0. 1. 1. 1. 1. 0. 1. 0. 0.
 1. 0. 0. 1. 1. 1. 1. 1. 0. 0. 1. 1. 1. 0. 0. 1. 0. 1. 0. 0. 1. 0. 1. 0.
 1. 0. 0. 0.]"
990,randomforest,"{'criterion': 'gini', 'max_features': 'sqrt', 'n_estimators': 231}",0.5815056790537104,0.18918044820487695,0.1621297547622749,0.34923931256501156,0.5733312144098434,0.1969121504731821,0.5593088071348941,0.11940298507462688,0.5597014925373134,0.5597014925373134,"{0: 0.5837881488081978, 1: 0.5837881488081978}","{0: 0.5837881488081978, 1: 0.5837881488081978}",0.5837881488081978,"[[71 63]
 [55 79]]","[1. 0. 0. 0. 0. 1. 0. 1. 1. 0. 0. 0. 1. 0. 0. 0. 1. 0. 0. 0. 0. 1. 0. 0.
 0. 0. 1. 1. 1. 1. 1. 0. 0. 0. 1. 0. 1. 0. 1. 0. 0. 0. 1. 1. 0. 1. 1. 1.
 0. 0. 1. 0. 1. 1. 1. 1. 1. 1. 0. 1. 0. 1. 1. 0. 0. 0. 1. 1. 1. 1. 0. 0.
 1. 1. 0. 1. 1. 0. 1. 0. 1. 1. 1. 0. 0. 1. 0. 1. 1. 1. 1. 1. 0. 1. 1. 1.
 0. 0. 1. 1. 0. 1. 1. 0. 0. 0. 0. 1. 0. 1. 0. 0. 1. 1. 1. 1. 1. 0. 0. 0.
 0. 1. 1. 1. 1. 1. 1. 1. 0. 0. 0. 1. 1. 0. 1. 1. 0. 1. 0. 1. 1. 0. 0. 0.
 0. 0. 0. 0. 0. 1. 1. 0. 1. 1. 0. 1. 1. 0. 1. 0. 1. 1. 0. 0. 1. 0. 0. 1.
 1. 1. 0. 1. 1. 0. 0. 1. 1. 0. 1. 1. 0. 1. 1. 1. 0. 0. 1. 1. 0. 0. 1. 1.
 1. 1. 1. 0. 1. 1. 0. 0. 0. 0. 1. 1. 0. 0. 0. 0. 1. 1. 0. 1. 1. 1. 0. 0.
 1. 1. 0. 1. 0. 0. 0. 0. 1. 1. 1. 0. 1. 0. 0. 1. 1. 1. 1. 1. 0. 1. 0. 0.
 1. 1. 0. 0. 1. 1. 1. 1. 0. 1. 1. 0. 1. 0. 0. 1. 0. 0. 0. 1. 0. 0. 1. 1.
 1. 0. 1. 0.]","[0. 1. 0. 0. 0. 1. 1. 1. 0. 0. 0. 0. 0. 1. 0. 0. 1. 1. 0. 0. 0. 0. 0. 1.
 0. 0. 1. 0. 1. 0. 0. 1. 0. 1. 1. 0. 0. 0. 1. 0. 0. 0. 1. 1. 1. 0. 1. 0.
 1. 0. 1. 1. 0. 1. 1. 1. 1. 0. 1. 0. 0. 1. 1. 1. 0. 0. 0. 1. 1. 0. 1. 1.
 0. 0. 1. 0. 0. 1. 0. 1. 0. 1. 1. 1. 0. 1. 0. 1. 1. 1. 1. 1. 1. 1. 1. 0.
 0. 0. 1. 1. 1. 0. 0. 1. 1. 1. 0. 0. 0. 1. 1. 1. 0. 0. 0. 0. 1. 1. 1. 0.
 1. 0. 0. 1. 1. 0. 0. 0. 0. 1. 0. 0. 1. 1. 0. 1. 1. 1. 0. 1. 1. 0. 1. 0.
 1. 1. 0. 0. 0. 1. 1. 0. 1. 1. 0. 1. 0. 0. 0. 1. 1. 1. 0. 1. 0. 1. 1. 0.
 1. 0. 0. 1. 1. 0. 0. 1. 0. 1. 1. 0. 0. 1. 0. 0. 1. 1. 0. 1. 1. 0. 0. 0.
 0. 1. 1. 0. 0. 1. 0. 0. 1. 0. 1. 1. 1. 0. 0. 0. 1. 1. 0. 0. 0. 0. 1. 0.
 0. 1. 0. 1. 1. 1. 1. 0. 0. 0. 0. 1. 1. 1. 1. 0. 1. 1. 1. 1. 0. 1. 0. 0.
 1. 0. 0. 1. 1. 1. 1. 1. 0. 0. 1. 1. 1. 0. 0. 1. 0. 1. 0. 0. 1. 0. 1. 0.
 1. 0. 0. 0.]"
860,randomforest,"{'criterion': 'gini', 'max_features': 'sqrt', 'n_estimators': 113}",0.5746954847174909,0.18464898004889588,0.16201647998300295,0.3245908416516614,0.5688380298763364,0.19139187781292122,0.5631347962382445,0.12686567164179108,0.5634328358208955,0.5634328358208955,"{0: 0.5746547115170416, 1: 0.5746547115170417}","{0: 0.5746547115170416, 1: 0.5746547115170417}",0.5746547115170417,"[[72 62]
 [55 79]]","[1. 0. 0. 0. 0. 1. 0. 1. 1. 0. 0. 0. 1. 0. 0. 0. 1. 0. 0. 0. 0. 1. 0. 0.
 0. 0. 1. 1. 1. 1. 1. 0. 0. 0. 1. 0. 1. 0. 1. 0. 1. 1. 1. 0. 0. 0. 1. 1.
 0. 0. 1. 0. 0. 1. 1. 1. 1. 1. 0. 1. 1. 0. 1. 0. 0. 0. 1. 1. 1. 1. 0. 0.
 1. 1. 0. 1. 1. 0. 0. 0. 1. 1. 1. 1. 0. 1. 0. 0. 1. 1. 1. 1. 0. 1. 1. 1.
 0. 0. 1. 1. 0. 1. 1. 0. 0. 0. 0. 1. 0. 1. 0. 0. 0. 1. 1. 0. 1. 0. 0. 0.
 0. 1. 0. 1. 1. 1. 1. 1. 1. 0. 0. 1. 1. 0. 1. 1. 0. 1. 0. 1. 0. 0. 1. 0.
 0. 0. 0. 0. 1. 1. 1. 0. 1. 1. 0. 1. 1. 0. 1. 0. 1. 1. 0. 0. 1. 1. 0. 1.
 1. 0. 1. 1. 1. 0. 1. 1. 1. 0. 1. 0. 0. 0. 1. 1. 0. 0. 1. 1. 0. 0. 1. 1.
 0. 1. 1. 1. 1. 1. 0. 1. 0. 0. 1. 1. 0. 1. 0. 0. 1. 1. 0. 1. 1. 0. 0. 0.
 1. 1. 0. 1. 0. 0. 0. 0. 1. 1. 1. 0. 1. 0. 1. 1. 1. 1. 1. 1. 0. 1. 0. 0.
 1. 1. 0. 0. 1. 1. 0. 1. 0. 0. 1. 0. 1. 0. 0. 1. 0. 1. 0. 1. 1. 0. 1. 1.
 1. 0. 1. 0.]","[0. 1. 0. 0. 0. 1. 1. 1. 0. 0. 0. 0. 0. 1. 0. 0. 1. 1. 0. 0. 0. 0. 0. 1.
 0. 0. 1. 0. 1. 0. 0. 1. 0. 1. 1. 0. 0. 0. 1. 0. 0. 0. 1. 1. 1. 0. 1. 0.
 1. 0. 1. 1. 0. 1. 1. 1. 1. 0. 1. 0. 0. 1. 1. 1. 0. 0. 0. 1. 1. 0. 1. 1.
 0. 0. 1. 0. 0. 1. 0. 1. 0. 1. 1. 1. 0. 1. 0. 1. 1. 1. 1. 1. 1. 1. 1. 0.
 0. 0. 1. 1. 1. 0. 0. 1. 1. 1. 0. 0. 0. 1. 1. 1. 0. 0. 0. 0. 1. 1. 1. 0.
 1. 0. 0. 1. 1. 0. 0. 0. 0. 1. 0. 0. 1. 1. 0. 1. 1. 1. 0. 1. 1. 0. 1. 0.
 1. 1. 0. 0. 0. 1. 1. 0. 1. 1. 0. 1. 0. 0. 0. 1. 1. 1. 0. 1. 0. 1. 1. 0.
 1. 0. 0. 1. 1. 0. 0. 1. 0. 1. 1. 0. 0. 1. 0. 0. 1. 1. 0. 1. 1. 0. 0. 0.
 0. 1. 1. 0. 0. 1. 0. 0. 1. 0. 1. 1. 1. 0. 0. 0. 1. 1. 0. 0. 0. 0. 1. 0.
 0. 1. 0. 1. 1. 1. 1. 0. 0. 0. 0. 1. 1. 1. 1. 0. 1. 1. 1. 1. 0. 1. 0. 0.
 1. 0. 0. 1. 1. 1. 1. 1. 0. 0. 1. 1. 1. 0. 0. 1. 0. 1. 0. 0. 1. 0. 1. 0.
 1. 0. 0. 0.]"
274,randomforest,"{'criterion': 'gini', 'max_features': 'log2', 'n_estimators': 91}",0.5853895162903174,0.19018966801099918,0.16188195621298365,0.33297567933157823,0.579197626223836,0.1883276351614577,0.5518394648829431,0.10447761194029848,0.5522388059701493,0.5522388059701493,"{0: 0.5804188015148141, 1: 0.580418801514814}","{0: 0.5804188015148141, 1: 0.580418801514814}",0.580418801514814,"[[70 64]
 [56 78]]","[1. 0. 0. 1. 0. 1. 0. 1. 1. 0. 1. 0. 1. 0. 0. 0. 1. 0. 0. 0. 0. 1. 0. 0.
 0. 0. 0. 1. 1. 1. 1. 0. 0. 0. 1. 1. 1. 0. 1. 0. 1. 0. 1. 0. 0. 0. 1. 1.
 0. 0. 1. 0. 1. 1. 1. 1. 1. 1. 0. 1. 1. 0. 1. 0. 0. 0. 1. 1. 1. 1. 0. 0.
 1. 1. 0. 1. 1. 0. 0. 0. 1. 1. 1. 0. 0. 1. 0. 1. 1. 1. 1. 1. 0. 1. 1. 1.
 0. 0. 1. 1. 0. 1. 1. 1. 1. 0. 0. 0. 0. 1. 0. 0. 0. 1. 1. 0. 1. 0. 0. 0.
 0. 1. 1. 1. 1. 1. 1. 1. 0. 0. 0. 1. 1. 0. 1. 1. 0. 0. 0. 1. 1. 0. 1. 0.
 0. 0. 0. 0. 1. 1. 1. 0. 1. 1. 0. 1. 1. 0. 1. 0. 1. 1. 0. 0. 1. 1. 0. 1.
 1. 1. 0. 1. 1. 1. 0. 1. 1. 0. 1. 0. 0. 0. 1. 1. 0. 0. 1. 1. 1. 0. 1. 1.
 1. 1. 0. 0. 1. 1. 0. 1. 0. 0. 1. 1. 0. 0. 0. 0. 1. 1. 0. 1. 1. 0. 0. 0.
 1. 1. 0. 0. 0. 0. 0. 0. 1. 1. 1. 0. 1. 0. 0. 1. 1. 1. 1. 1. 0. 1. 0. 0.
 1. 1. 0. 0. 1. 1. 0. 1. 0. 1. 1. 0. 1. 0. 0. 1. 0. 1. 0. 1. 1. 0. 1. 1.
 1. 0. 1. 0.]","[0. 1. 0. 0. 0. 1. 1. 1. 0. 0. 0. 0. 0. 1. 0. 0. 1. 1. 0. 0. 0. 0. 0. 1.
 0. 0. 1. 0. 1. 0. 0. 1. 0. 1. 1. 0. 0. 0. 1. 0. 0. 0. 1. 1. 1. 0. 1. 0.
 1. 0. 1. 1. 0. 1. 1. 1. 1. 0. 1. 0. 0. 1. 1. 1. 0. 0. 0. 1. 1. 0. 1. 1.
 0. 0. 1. 0. 0. 1. 0. 1. 0. 1. 1. 1. 0. 1. 0. 1. 1. 1. 1. 1. 1. 1. 1. 0.
 0. 0. 1. 1. 1. 0. 0. 1. 1. 1. 0. 0. 0. 1. 1. 1. 0. 0. 0. 0. 1. 1. 1. 0.
 1. 0. 0. 1. 1. 0. 0. 0. 0. 1. 0. 0. 1. 1. 0. 1. 1. 1. 0. 1. 1. 0. 1. 0.
 1. 1. 0. 0. 0. 1. 1. 0. 1. 1. 0. 1. 0. 0. 0. 1. 1. 1. 0. 1. 0. 1. 1. 0.
 1. 0. 0. 1. 1. 0. 0. 1. 0. 1. 1. 0. 0. 1. 0. 0. 1. 1. 0. 1. 1. 0. 0. 0.
 0. 1. 1. 0. 0. 1. 0. 0. 1. 0. 1. 1. 1. 0. 0. 0. 1. 1. 0. 0. 0. 0. 1. 0.
 0. 1. 0. 1. 1. 1. 1. 0. 0. 0. 0. 1. 1. 1. 1. 0. 1. 1. 1. 1. 0. 1. 0. 0.
 1. 0. 0. 1. 1. 1. 1. 1. 0. 0. 1. 1. 1. 0. 0. 1. 0. 1. 0. 0. 1. 0. 1. 0.
 1. 0. 0. 0.]"
56,randomforest,"{'criterion': 'entropy', 'max_features': 'log2', 'n_estimators': 571}",0.5921863827003525,0.20447026991675205,0.1617887123318631,0.37337260684941526,0.5853811492420363,0.2001893095471669,0.5588169642857144,0.11940298507462688,0.5597014925373134,0.5597014925373134,"{0: 0.5827300066830029, 1: 0.5827300066830029}","{0: 0.5827300066830029, 1: 0.5827300066830029}",0.5827300066830029,"[[69 65]
 [53 81]]","[1. 0. 0. 0. 0. 1. 0. 1. 1. 0. 0. 0. 1. 0. 0. 0. 1. 0. 0. 0. 0. 1. 0. 0.
 0. 0. 1. 1. 1. 1. 1. 0. 0. 0. 1. 1. 1. 0. 1. 0. 0. 0. 1. 0. 0. 1. 1. 0.
 0. 0. 1. 0. 1. 1. 1. 1. 1. 1. 0. 1. 0. 0. 1. 0. 0. 0. 1. 1. 1. 1. 0. 0.
 1. 1. 0. 1. 1. 0. 1. 0. 1. 1. 1. 0. 0. 1. 0. 1. 1. 1. 1. 1. 0. 1. 1. 1.
 0. 0. 1. 1. 0. 1. 1. 0. 1. 0. 0. 1. 0. 1. 0. 0. 0. 1. 1. 0. 1. 0. 0. 0.
 0. 1. 1. 1. 1. 1. 1. 1. 1. 0. 0. 1. 1. 0. 1. 1. 0. 1. 0. 1. 1. 0. 1. 0.
 1. 0. 0. 0. 1. 1. 1. 0. 1. 1. 0. 1. 1. 0. 1. 0. 1. 1. 0. 0. 1. 1. 0. 1.
 1. 1. 0. 1. 1. 1. 0. 1. 1. 0. 1. 0. 0. 0. 1. 1. 0. 0. 1. 1. 0. 0. 1. 1.
 0. 1. 1. 1. 1. 1. 0. 1. 0. 0. 1. 1. 0. 0. 0. 0. 1. 1. 0. 1. 1. 1. 0. 0.
 1. 1. 1. 1. 0. 0. 0. 0. 1. 1. 1. 0. 1. 0. 1. 1. 1. 1. 1. 1. 0. 1. 0. 0.
 1. 1. 0. 0. 1. 1. 0. 1. 0. 1. 1. 0. 1. 0. 0. 1. 0. 1. 0. 1. 0. 0. 1. 1.
 1. 0. 1. 0.]","[0. 1. 0. 0. 0. 1. 1. 1. 0. 0. 0. 0. 0. 1. 0. 0. 1. 1. 0. 0. 0. 0. 0. 1.
 0. 0. 1. 0. 1. 0. 0. 1. 0. 1. 1. 0. 0. 0. 1. 0. 0. 0. 1. 1. 1. 0. 1. 0.
 1. 0. 1. 1. 0. 1. 1. 1. 1. 0. 1. 0. 0. 1. 1. 1. 0. 0. 0. 1. 1. 0. 1. 1.
 0. 0. 1. 0. 0. 1. 0. 1. 0. 1. 1. 1. 0. 1. 0. 1. 1. 1. 1. 1. 1. 1. 1. 0.
 0. 0. 1. 1. 1. 0. 0. 1. 1. 1. 0. 0. 0. 1. 1. 1. 0. 0. 0. 0. 1. 1. 1. 0.
 1. 0. 0. 1. 1. 0. 0. 0. 0. 1. 0. 0. 1. 1. 0. 1. 1. 1. 0. 1. 1. 0. 1. 0.
 1. 1. 0. 0. 0. 1. 1. 0. 1. 1. 0. 1. 0. 0. 0. 1. 1. 1. 0. 1. 0. 1. 1. 0.
 1. 0. 0. 1. 1. 0. 0. 1. 0. 1. 1. 0. 0. 1. 0. 0. 1. 1. 0. 1. 1. 0. 0. 0.
 0. 1. 1. 0. 0. 1. 0. 0. 1. 0. 1. 1. 1. 0. 0. 0. 1. 1. 0. 0. 0. 0. 1. 0.
 0. 1. 0. 1. 1. 1. 1. 0. 0. 0. 0. 1. 1. 1. 1. 0. 1. 1. 1. 1. 0. 1. 0. 0.
 1. 0. 0. 1. 1. 1. 1. 1. 0. 0. 1. 1. 1. 0. 0. 1. 0. 1. 0. 0. 1. 0. 1. 0.
 1. 0. 0. 0.]"
593,randomforest,"{'criterion': 'gini', 'max_features': 'sqrt', 'n_estimators': 149}",0.5859192020877663,0.1920867365817864,0.16167823110883345,0.36555602813496413,0.5752630247589925,0.20245028097469392,0.5665607049244326,0.13432835820895528,0.5671641791044776,0.5671641791044776,"{0: 0.587073958565382, 1: 0.5870739585653821}","{0: 0.587073958565382, 1: 0.5870739585653821}",0.5870739585653821,"[[71 63]
 [53 81]]","[1. 0. 0. 0. 0. 1. 0. 1. 1. 0. 0. 0. 1. 0. 0. 0. 1. 0. 0. 0. 0. 1. 0. 0.
 0. 0. 1. 1. 1. 1. 1. 0. 0. 0. 1. 0. 1. 0. 1. 0. 1. 0. 1. 0. 0. 0. 1. 0.
 0. 0. 1. 0. 1. 1. 1. 1. 1. 1. 0. 1. 1. 0. 1. 1. 0. 0. 1. 1. 1. 0. 0. 0.
 1. 1. 0. 1. 1. 0. 1. 0. 1. 1. 1. 0. 0. 1. 0. 1. 1. 1. 1. 1. 0. 1. 1. 1.
 0. 0. 1. 1. 0. 1. 1. 0. 0. 0. 0. 0. 0. 1. 0. 1. 0. 1. 1. 0. 1. 0. 0. 1.
 0. 1. 1. 1. 1. 1. 1. 1. 1. 0. 0. 1. 1. 0. 1. 1. 0. 1. 0. 1. 0. 0. 1. 0.
 1. 0. 0. 0. 1. 1. 1. 0. 1. 0. 0. 1. 1. 0. 1. 0. 1. 1. 0. 0. 1. 0. 0. 1.
 1. 1. 0. 1. 1. 1. 0. 1. 1. 0. 1. 0. 0. 1. 1. 1. 0. 0. 1. 1. 0. 0. 1. 1.
 1. 1. 1. 0. 0. 1. 0. 0. 0. 0. 1. 1. 0. 0. 0. 1. 1. 1. 0. 1. 1. 1. 0. 0.
 1. 1. 0. 1. 0. 0. 0. 0. 1. 1. 1. 0. 1. 0. 1. 1. 1. 1. 1. 1. 0. 1. 0. 0.
 1. 1. 0. 0. 1. 1. 1. 1. 0. 1. 1. 0. 1. 0. 1. 1. 0. 1. 0. 1. 0. 0. 1. 1.
 1. 0. 1. 0.]","[0. 1. 0. 0. 0. 1. 1. 1. 0. 0. 0. 0. 0. 1. 0. 0. 1. 1. 0. 0. 0. 0. 0. 1.
 0. 0. 1. 0. 1. 0. 0. 1. 0. 1. 1. 0. 0. 0. 1. 0. 0. 0. 1. 1. 1. 0. 1. 0.
 1. 0. 1. 1. 0. 1. 1. 1. 1. 0. 1. 0. 0. 1. 1. 1. 0. 0. 0. 1. 1. 0. 1. 1.
 0. 0. 1. 0. 0. 1. 0. 1. 0. 1. 1. 1. 0. 1. 0. 1. 1. 1. 1. 1. 1. 1. 1. 0.
 0. 0. 1. 1. 1. 0. 0. 1. 1. 1. 0. 0. 0. 1. 1. 1. 0. 0. 0. 0. 1. 1. 1. 0.
 1. 0. 0. 1. 1. 0. 0. 0. 0. 1. 0. 0. 1. 1. 0. 1. 1. 1. 0. 1. 1. 0. 1. 0.
 1. 1. 0. 0. 0. 1. 1. 0. 1. 1. 0. 1. 0. 0. 0. 1. 1. 1. 0. 1. 0. 1. 1. 0.
 1. 0. 0. 1. 1. 0. 0. 1. 0. 1. 1. 0. 0. 1. 0. 0. 1. 1. 0. 1. 1. 0. 0. 0.
 0. 1. 1. 0. 0. 1. 0. 0. 1. 0. 1. 1. 1. 0. 0. 0. 1. 1. 0. 0. 0. 0. 1. 0.
 0. 1. 0. 1. 1. 1. 1. 0. 0. 0. 0. 1. 1. 1. 1. 0. 1. 1. 1. 1. 0. 1. 0. 0.
 1. 0. 0. 1. 1. 1. 1. 1. 0. 0. 1. 1. 1. 0. 0. 1. 0. 1. 0. 0. 1. 0. 1. 0.
 1. 0. 0. 0.]"
156,randomforest,"{'criterion': 'gini', 'max_features': 'sqrt', 'n_estimators': 227}",0.6005636541185639,0.1674583076557188,0.16144316841345915,0.3044322156252338,0.5948233796520087,0.1608843320892255,0.5670677361853831,0.13432835820895528,0.5671641791044776,0.5671641791044777,"{0: 0.6015816440187125, 1: 0.6015816440187124}","{0: 0.6015816440187125, 1: 0.6015816440187124}",0.6015816440187124,"[[74 60]
 [56 78]]","[1. 0. 0. 0. 0. 1. 0. 1. 1. 0. 0. 0. 1. 0. 0. 0. 1. 0. 0. 0. 0. 1. 0. 0.
 1. 0. 0. 1. 1. 1. 1. 0. 0. 0. 1. 0. 0. 0. 1. 0. 0. 0. 1. 1. 0. 0. 1. 1.
 0. 0. 1. 0. 1. 1. 1. 1. 1. 1. 0. 1. 1. 0. 1. 0. 0. 0. 1. 1. 1. 1. 0. 0.
 1. 1. 0. 1. 1. 0. 0. 0. 1. 1. 1. 0. 0. 1. 0. 1. 1. 1. 1. 1. 0. 1. 1. 1.
 0. 0. 1. 1. 0. 1. 1. 1. 1. 0. 0. 0. 0. 1. 0. 0. 0. 1. 1. 0. 1. 0. 0. 0.
 0. 1. 1. 1. 1. 1. 1. 1. 1. 0. 0. 1. 1. 0. 1. 0. 0. 1. 0. 1. 1. 0. 0. 0.
 0. 0. 0. 0. 1. 1. 1. 0. 1. 1. 0. 1. 1. 0. 1. 0. 1. 1. 0. 0. 1. 0. 0. 1.
 1. 1. 1. 1. 1. 0. 0. 1. 1. 0. 1. 0. 0. 0. 1. 1. 0. 0. 1. 1. 0. 0. 0. 1.
 1. 1. 1. 0. 0. 1. 0. 0. 0. 0. 1. 1. 0. 0. 0. 1. 1. 1. 0. 1. 1. 1. 0. 0.
 1. 1. 0. 1. 0. 0. 0. 0. 1. 1. 1. 0. 1. 0. 1. 1. 1. 1. 1. 1. 0. 1. 0. 0.
 1. 1. 0. 0. 1. 1. 0. 1. 0. 1. 1. 0. 1. 0. 0. 1. 0. 1. 0. 1. 0. 0. 1. 1.
 1. 0. 1. 0.]","[0. 1. 0. 0. 0. 1. 1. 1. 0. 0. 0. 0. 0. 1. 0. 0. 1. 1. 0. 0. 0. 0. 0. 1.
 0. 0. 1. 0. 1. 0. 0. 1. 0. 1. 1. 0. 0. 0. 1. 0. 0. 0. 1. 1. 1. 0. 1. 0.
 1. 0. 1. 1. 0. 1. 1. 1. 1. 0. 1. 0. 0. 1. 1. 1. 0. 0. 0. 1. 1. 0. 1. 1.
 0. 0. 1. 0. 0. 1. 0. 1. 0. 1. 1. 1. 0. 1. 0. 1. 1. 1. 1. 1. 1. 1. 1. 0.
 0. 0. 1. 1. 1. 0. 0. 1. 1. 1. 0. 0. 0. 1. 1. 1. 0. 0. 0. 0. 1. 1. 1. 0.
 1. 0. 0. 1. 1. 0. 0. 0. 0. 1. 0. 0. 1. 1. 0. 1. 1. 1. 0. 1. 1. 0. 1. 0.
 1. 1. 0. 0. 0. 1. 1. 0. 1. 1. 0. 1. 0. 0. 0. 1. 1. 1. 0. 1. 0. 1. 1. 0.
 1. 0. 0. 1. 1. 0. 0. 1. 0. 1. 1. 0. 0. 1. 0. 0. 1. 1. 0. 1. 1. 0. 0. 0.
 0. 1. 1. 0. 0. 1. 0. 0. 1. 0. 1. 1. 1. 0. 0. 0. 1. 1. 0. 0. 0. 0. 1. 0.
 0. 1. 0. 1. 1. 1. 1. 0. 0. 0. 0. 1. 1. 1. 1. 0. 1. 1. 1. 1. 0. 1. 0. 0.
 1. 0. 0. 1. 1. 1. 1. 1. 0. 0. 1. 1. 1. 0. 0. 1. 0. 1. 0. 0. 1. 0. 1. 0.
 1. 0. 0. 0.]"
579,randomforest,"{'criterion': 'gini', 'max_features': 'sqrt', 'n_estimators': 235}",0.5892179855029712,0.17163050117355733,0.161398492931762,0.3102270297848044,0.5788772924357601,0.1768465168285715,0.5629399383912019,0.12686567164179108,0.5634328358208955,0.5634328358208955,"{0: 0.584790599242593, 1: 0.5847905992425929}","{0: 0.584790599242593, 1: 0.5847905992425929}",0.5847905992425929,"[[71 63]
 [54 80]]","[1. 0. 0. 0. 0. 1. 0. 1. 1. 0. 0. 0. 1. 0. 0. 0. 1. 0. 0. 0. 0. 1. 0. 0.
 0. 0. 1. 1. 1. 1. 1. 0. 0. 0. 1. 1. 1. 0. 1. 0. 0. 0. 1. 0. 0. 1. 1. 0.
 0. 0. 1. 0. 1. 1. 1. 1. 1. 1. 0. 1. 1. 0. 1. 1. 0. 0. 1. 1. 1. 1. 0. 0.
 1. 1. 0. 1. 1. 0. 0. 0. 1. 1. 1. 0. 0. 1. 0. 1. 1. 1. 1. 1. 0. 1. 1. 1.
 0. 0. 1. 1. 0. 1. 1. 1. 0. 0. 0. 1. 0. 1. 0. 0. 0. 1. 1. 0. 1. 0. 0. 0.
 0. 1. 1. 1. 1. 1. 1. 1. 1. 0. 0. 1. 1. 0. 1. 1. 0. 1. 0. 1. 0. 0. 0. 0.
 1. 0. 0. 0. 1. 1. 1. 0. 1. 1. 0. 1. 1. 0. 1. 0. 1. 1. 0. 0. 1. 0. 0. 1.
 1. 1. 0. 1. 1. 0. 0. 1. 1. 0. 1. 1. 0. 1. 1. 1. 0. 0. 1. 1. 0. 0. 0. 1.
 1. 1. 1. 0. 1. 1. 0. 0. 0. 0. 1. 1. 0. 0. 0. 1. 1. 1. 0. 1. 1. 1. 0. 0.
 1. 1. 0. 1. 0. 0. 0. 0. 1. 1. 1. 0. 1. 0. 1. 1. 1. 1. 1. 1. 0. 1. 0. 0.
 1. 1. 0. 0. 1. 1. 0. 1. 0. 1. 1. 0. 1. 0. 0. 1. 0. 1. 0. 1. 0. 0. 1. 1.
 1. 0. 1. 0.]","[0. 1. 0. 0. 0. 1. 1. 1. 0. 0. 0. 0. 0. 1. 0. 0. 1. 1. 0. 0. 0. 0. 0. 1.
 0. 0. 1. 0. 1. 0. 0. 1. 0. 1. 1. 0. 0. 0. 1. 0. 0. 0. 1. 1. 1. 0. 1. 0.
 1. 0. 1. 1. 0. 1. 1. 1. 1. 0. 1. 0. 0. 1. 1. 1. 0. 0. 0. 1. 1. 0. 1. 1.
 0. 0. 1. 0. 0. 1. 0. 1. 0. 1. 1. 1. 0. 1. 0. 1. 1. 1. 1. 1. 1. 1. 1. 0.
 0. 0. 1. 1. 1. 0. 0. 1. 1. 1. 0. 0. 0. 1. 1. 1. 0. 0. 0. 0. 1. 1. 1. 0.
 1. 0. 0. 1. 1. 0. 0. 0. 0. 1. 0. 0. 1. 1. 0. 1. 1. 1. 0. 1. 1. 0. 1. 0.
 1. 1. 0. 0. 0. 1. 1. 0. 1. 1. 0. 1. 0. 0. 0. 1. 1. 1. 0. 1. 0. 1. 1. 0.
 1. 0. 0. 1. 1. 0. 0. 1. 0. 1. 1. 0. 0. 1. 0. 0. 1. 1. 0. 1. 1. 0. 0. 0.
 0. 1. 1. 0. 0. 1. 0. 0. 1. 0. 1. 1. 1. 0. 0. 0. 1. 1. 0. 0. 0. 0. 1. 0.
 0. 1. 0. 1. 1. 1. 1. 0. 0. 0. 0. 1. 1. 1. 1. 0. 1. 1. 1. 1. 0. 1. 0. 0.
 1. 0. 0. 1. 1. 1. 1. 1. 0. 0. 1. 1. 1. 0. 0. 1. 0. 1. 0. 0. 1. 0. 1. 0.
 1. 0. 0. 0.]"
913,randomforest,"{'criterion': 'gini', 'max_features': 'sqrt', 'n_estimators': 295}",0.5890030368893957,0.1986353329652609,0.1610595011351933,0.3439741652626654,0.5828789023849508,0.1924695143966329,0.5590876136300262,0.11940298507462688,0.5597014925373134,0.5597014925373134,"{0: 0.5854588995321899, 1: 0.5854588995321899}","{0: 0.5854588995321899, 1: 0.5854588995321899}",0.5854588995321899,"[[70 64]
 [54 80]]","[1. 0. 0. 0. 0. 1. 0. 1. 1. 0. 0. 0. 1. 0. 0. 0. 1. 0. 0. 0. 0. 1. 0. 0.
 0. 0. 1. 1. 1. 1. 1. 0. 0. 0. 1. 1. 1. 0. 1. 0. 0. 0. 1. 0. 0. 0. 1. 1.
 0. 0. 1. 0. 1. 1. 1. 1. 1. 1. 0. 1. 1. 0. 1. 0. 0. 0. 1. 1. 1. 1. 0. 0.
 1. 1. 0. 1. 1. 0. 0. 0. 1. 1. 1. 0. 0. 1. 0. 1. 1. 1. 1. 1. 0. 1. 1. 1.
 0. 0. 1. 1. 0. 1. 1. 0. 1. 0. 0. 1. 0. 1. 0. 0. 0. 1. 1. 0. 1. 0. 0. 0.
 0. 1. 1. 1. 1. 1. 1. 1. 1. 0. 0. 1. 1. 0. 1. 1. 0. 1. 0. 1. 1. 0. 0. 0.
 0. 0. 0. 0. 1. 1. 1. 0. 1. 1. 0. 1. 1. 0. 1. 0. 1. 1. 0. 0. 1. 1. 0. 1.
 1. 1. 0. 1. 1. 0. 0. 1. 1. 0. 1. 0. 0. 1. 1. 1. 0. 0. 1. 1. 0. 0. 1. 1.
 1. 1. 1. 1. 1. 1. 0. 0. 0. 0. 1. 1. 0. 1. 0. 0. 1. 1. 0. 1. 1. 1. 0. 0.
 1. 1. 0. 0. 0. 0. 0. 0. 1. 1. 1. 0. 1. 0. 1. 1. 1. 1. 1. 1. 0. 1. 0. 0.
 1. 1. 0. 0. 1. 1. 1. 1. 0. 1. 1. 0. 1. 0. 0. 1. 0. 1. 0. 1. 0. 0. 1. 1.
 1. 0. 1. 0.]","[0. 1. 0. 0. 0. 1. 1. 1. 0. 0. 0. 0. 0. 1. 0. 0. 1. 1. 0. 0. 0. 0. 0. 1.
 0. 0. 1. 0. 1. 0. 0. 1. 0. 1. 1. 0. 0. 0. 1. 0. 0. 0. 1. 1. 1. 0. 1. 0.
 1. 0. 1. 1. 0. 1. 1. 1. 1. 0. 1. 0. 0. 1. 1. 1. 0. 0. 0. 1. 1. 0. 1. 1.
 0. 0. 1. 0. 0. 1. 0. 1. 0. 1. 1. 1. 0. 1. 0. 1. 1. 1. 1. 1. 1. 1. 1. 0.
 0. 0. 1. 1. 1. 0. 0. 1. 1. 1. 0. 0. 0. 1. 1. 1. 0. 0. 0. 0. 1. 1. 1. 0.
 1. 0. 0. 1. 1. 0. 0. 0. 0. 1. 0. 0. 1. 1. 0. 1. 1. 1. 0. 1. 1. 0. 1. 0.
 1. 1. 0. 0. 0. 1. 1. 0. 1. 1. 0. 1. 0. 0. 0. 1. 1. 1. 0. 1. 0. 1. 1. 0.
 1. 0. 0. 1. 1. 0. 0. 1. 0. 1. 1. 0. 0. 1. 0. 0. 1. 1. 0. 1. 1. 0. 0. 0.
 0. 1. 1. 0. 0. 1. 0. 0. 1. 0. 1. 1. 1. 0. 0. 0. 1. 1. 0. 0. 0. 0. 1. 0.
 0. 1. 0. 1. 1. 1. 1. 0. 0. 0. 0. 1. 1. 1. 1. 0. 1. 1. 1. 1. 0. 1. 0. 0.
 1. 0. 0. 1. 1. 1. 1. 1. 0. 0. 1. 1. 1. 0. 0. 1. 0. 1. 0. 0. 1. 0. 1. 0.
 1. 0. 0. 0.]"
704,AdaBoost,"{'algorithm': 'SAMME.R', 'learning_rate': 0.8346938775510203, 'n_estimators': 52}",0.5566201649644813,0.17201010393828323,0.16095391935672168,0.29225828734254744,0.5596850785862882,0.16364184236572826,0.5521390374331551,0.10447761194029848,0.5522388059701493,0.5522388059701493,"{0: 0.5581421251949209, 1: 0.5581421251949209}","{0: 0.5581421251949209, 1: 0.5581421251949209}",0.5581421251949209,"[[72 62]
 [58 76]]","[0. 0. 0. 0. 0. 1. 0. 1. 1. 1. 0. 0. 1. 1. 0. 0. 1. 0. 0. 0. 0. 1. 1. 0.
 0. 1. 1. 1. 1. 1. 1. 0. 0. 0. 1. 1. 0. 0. 1. 0. 0. 1. 1. 1. 0. 0. 1. 1.
 0. 0. 1. 1. 0. 0. 1. 1. 1. 0. 0. 0. 0. 0. 1. 0. 0. 0. 0. 0. 1. 1. 1. 1.
 1. 0. 0. 1. 1. 0. 1. 0. 1. 1. 1. 0. 0. 1. 0. 1. 1. 0. 1. 1. 0. 1. 0. 1.
 0. 0. 0. 1. 0. 1. 1. 0. 1. 0. 0. 1. 0. 1. 0. 0. 0. 0. 1. 0. 1. 1. 0. 0.
 1. 1. 1. 0. 0. 0. 1. 1. 1. 0. 0. 1. 0. 0. 1. 1. 0. 0. 1. 0. 1. 0. 0. 0.
 0. 1. 0. 1. 1. 1. 1. 0. 1. 1. 0. 1. 1. 1. 1. 0. 1. 0. 0. 1. 1. 0. 0. 1.
 1. 1. 1. 1. 1. 0. 0. 1. 0. 1. 1. 0. 0. 1. 1. 0. 0. 0. 1. 0. 1. 0. 1. 1.
 1. 1. 0. 1. 0. 1. 0. 1. 0. 0. 1. 1. 1. 1. 1. 0. 0. 1. 0. 1. 1. 0. 0. 0.
 1. 1. 0. 0. 0. 1. 0. 0. 0. 1. 1. 1. 1. 1. 0. 1. 1. 1. 0. 1. 0. 1. 0. 0.
 1. 1. 1. 0. 1. 1. 0. 1. 0. 1. 1. 0. 1. 0. 0. 1. 0. 1. 0. 1. 0. 1. 1. 1.
 0. 0. 1. 0.]","[0. 1. 0. 0. 0. 1. 1. 1. 0. 0. 0. 0. 0. 1. 0. 0. 1. 1. 0. 0. 0. 0. 0. 1.
 0. 0. 1. 0. 1. 0. 0. 1. 0. 1. 1. 0. 0. 0. 1. 0. 0. 0. 1. 1. 1. 0. 1. 0.
 1. 0. 1. 1. 0. 1. 1. 1. 1. 0. 1. 0. 0. 1. 1. 1. 0. 0. 0. 1. 1. 0. 1. 1.
 0. 0. 1. 0. 0. 1. 0. 1. 0. 1. 1. 1. 0. 1. 0. 1. 1. 1. 1. 1. 1. 1. 1. 0.
 0. 0. 1. 1. 1. 0. 0. 1. 1. 1. 0. 0. 0. 1. 1. 1. 0. 0. 0. 0. 1. 1. 1. 0.
 1. 0. 0. 1. 1. 0. 0. 0. 0. 1. 0. 0. 1. 1. 0. 1. 1. 1. 0. 1. 1. 0. 1. 0.
 1. 1. 0. 0. 0. 1. 1. 0. 1. 1. 0. 1. 0. 0. 0. 1. 1. 1. 0. 1. 0. 1. 1. 0.
 1. 0. 0. 1. 1. 0. 0. 1. 0. 1. 1. 0. 0. 1. 0. 0. 1. 1. 0. 1. 1. 0. 0. 0.
 0. 1. 1. 0. 0. 1. 0. 0. 1. 0. 1. 1. 1. 0. 0. 0. 1. 1. 0. 0. 0. 0. 1. 0.
 0. 1. 0. 1. 1. 1. 1. 0. 0. 0. 0. 1. 1. 1. 1. 0. 1. 1. 1. 1. 0. 1. 0. 0.
 1. 0. 0. 1. 1. 1. 1. 1. 0. 0. 1. 1. 1. 0. 0. 1. 0. 1. 0. 0. 1. 0. 1. 0.
 1. 0. 0. 0.]"
782,randomforest,"{'criterion': 'gini', 'max_features': 'sqrt', 'n_estimators': 241}",0.5843050579037868,0.1883282726376171,0.1609140084584084,0.33342179729905586,0.5775688189498673,0.19494343753297652,0.5631347962382445,0.12686567164179108,0.5634328358208955,0.5634328358208955,"{0: 0.587324571173981, 1: 0.587324571173981}","{0: 0.587324571173981, 1: 0.587324571173981}",0.587324571173981,"[[72 62]
 [55 79]]","[1. 0. 0. 0. 0. 1. 0. 1. 1. 0. 0. 0. 1. 0. 0. 0. 1. 0. 0. 1. 0. 1. 0. 0.
 0. 0. 1. 1. 1. 1. 1. 0. 0. 0. 1. 0. 1. 0. 1. 0. 1. 0. 1. 0. 0. 0. 1. 1.
 0. 0. 1. 0. 0. 1. 1. 1. 1. 1. 0. 1. 1. 0. 1. 1. 0. 0. 1. 1. 1. 1. 0. 0.
 0. 1. 0. 1. 1. 0. 0. 0. 1. 1. 1. 0. 0. 1. 1. 1. 1. 1. 1. 1. 0. 1. 1. 1.
 0. 0. 1. 1. 0. 1. 1. 0. 0. 0. 0. 1. 0. 1. 0. 0. 0. 1. 1. 0. 1. 0. 0. 0.
 0. 1. 1. 1. 1. 1. 1. 1. 1. 0. 0. 0. 1. 0. 1. 1. 0. 1. 0. 1. 1. 0. 0. 0.
 0. 0. 0. 0. 1. 1. 1. 0. 1. 0. 0. 1. 1. 0. 1. 0. 1. 1. 0. 0. 1. 1. 0. 1.
 1. 1. 0. 1. 1. 1. 0. 1. 1. 0. 1. 0. 0. 1. 1. 1. 0. 0. 1. 1. 0. 0. 1. 1.
 1. 1. 0. 1. 0. 1. 0. 0. 0. 0. 1. 1. 0. 0. 0. 0. 1. 1. 0. 1. 1. 1. 0. 0.
 1. 1. 0. 1. 0. 0. 0. 0. 1. 1. 1. 0. 1. 0. 1. 1. 1. 1. 1. 1. 0. 1. 0. 0.
 1. 1. 0. 0. 1. 1. 1. 1. 0. 1. 1. 0. 1. 0. 0. 1. 0. 1. 0. 1. 0. 0. 1. 1.
 1. 0. 1. 0.]","[0. 1. 0. 0. 0. 1. 1. 1. 0. 0. 0. 0. 0. 1. 0. 0. 1. 1. 0. 0. 0. 0. 0. 1.
 0. 0. 1. 0. 1. 0. 0. 1. 0. 1. 1. 0. 0. 0. 1. 0. 0. 0. 1. 1. 1. 0. 1. 0.
 1. 0. 1. 1. 0. 1. 1. 1. 1. 0. 1. 0. 0. 1. 1. 1. 0. 0. 0. 1. 1. 0. 1. 1.
 0. 0. 1. 0. 0. 1. 0. 1. 0. 1. 1. 1. 0. 1. 0. 1. 1. 1. 1. 1. 1. 1. 1. 0.
 0. 0. 1. 1. 1. 0. 0. 1. 1. 1. 0. 0. 0. 1. 1. 1. 0. 0. 0. 0. 1. 1. 1. 0.
 1. 0. 0. 1. 1. 0. 0. 0. 0. 1. 0. 0. 1. 1. 0. 1. 1. 1. 0. 1. 1. 0. 1. 0.
 1. 1. 0. 0. 0. 1. 1. 0. 1. 1. 0. 1. 0. 0. 0. 1. 1. 1. 0. 1. 0. 1. 1. 0.
 1. 0. 0. 1. 1. 0. 0. 1. 0. 1. 1. 0. 0. 1. 0. 0. 1. 1. 0. 1. 1. 0. 0. 0.
 0. 1. 1. 0. 0. 1. 0. 0. 1. 0. 1. 1. 1. 0. 0. 0. 1. 1. 0. 0. 0. 0. 1. 0.
 0. 1. 0. 1. 1. 1. 1. 0. 0. 0. 0. 1. 1. 1. 1. 0. 1. 1. 1. 1. 0. 1. 0. 0.
 1. 0. 0. 1. 1. 1. 1. 1. 0. 0. 1. 1. 1. 0. 0. 1. 0. 1. 0. 0. 1. 0. 1. 0.
 1. 0. 0. 0.]"
711,randomforest,"{'criterion': 'gini', 'max_features': 'log2', 'n_estimators': 205}",0.5834150568140132,0.20099727591343905,0.16079219181800794,0.3666520161104825,0.578511859257827,0.20587864689103708,0.5629399383912019,0.12686567164179108,0.5634328358208955,0.5634328358208955,"{0: 0.5865448875027844, 1: 0.5865448875027846}","{0: 0.5865448875027844, 1: 0.5865448875027846}",0.5865448875027846,"[[71 63]
 [54 80]]","[1. 0. 0. 0. 0. 1. 0. 1. 1. 0. 0. 0. 1. 0. 0. 0. 1. 0. 0. 0. 0. 1. 0. 0.
 0. 0. 1. 1. 1. 1. 1. 0. 0. 0. 1. 0. 0. 0. 1. 0. 0. 0. 1. 0. 0. 0. 1. 1.
 0. 0. 1. 0. 1. 1. 1. 1. 1. 1. 0. 1. 1. 0. 1. 1. 0. 0. 1. 1. 1. 0. 0. 0.
 1. 1. 0. 1. 1. 0. 0. 0. 1. 1. 1. 0. 0. 1. 0. 1. 1. 1. 1. 1. 0. 1. 1. 1.
 0. 0. 1. 1. 0. 1. 0. 0. 0. 0. 0. 1. 0. 1. 0. 0. 0. 1. 1. 1. 1. 0. 0. 0.
 0. 1. 1. 1. 1. 1. 1. 1. 1. 0. 0. 1. 1. 0. 1. 1. 0. 1. 0. 1. 1. 0. 0. 0.
 0. 0. 0. 0. 1. 1. 1. 0. 1. 1. 0. 1. 1. 0. 1. 0. 1. 1. 0. 0. 1. 1. 0. 1.
 1. 1. 0. 1. 1. 1. 0. 1. 1. 0. 1. 1. 0. 1. 1. 1. 0. 0. 1. 1. 0. 0. 1. 1.
 0. 1. 1. 1. 0. 1. 0. 1. 0. 0. 1. 1. 0. 1. 0. 0. 1. 1. 0. 1. 1. 1. 0. 0.
 1. 1. 0. 1. 0. 0. 0. 0. 1. 1. 1. 0. 0. 0. 1. 1. 1. 1. 1. 1. 0. 1. 0. 0.
 1. 1. 0. 0. 1. 1. 1. 1. 0. 1. 1. 0. 1. 0. 1. 1. 0. 1. 0. 1. 0. 0. 1. 1.
 1. 0. 1. 0.]","[0. 1. 0. 0. 0. 1. 1. 1. 0. 0. 0. 0. 0. 1. 0. 0. 1. 1. 0. 0. 0. 0. 0. 1.
 0. 0. 1. 0. 1. 0. 0. 1. 0. 1. 1. 0. 0. 0. 1. 0. 0. 0. 1. 1. 1. 0. 1. 0.
 1. 0. 1. 1. 0. 1. 1. 1. 1. 0. 1. 0. 0. 1. 1. 1. 0. 0. 0. 1. 1. 0. 1. 1.
 0. 0. 1. 0. 0. 1. 0. 1. 0. 1. 1. 1. 0. 1. 0. 1. 1. 1. 1. 1. 1. 1. 1. 0.
 0. 0. 1. 1. 1. 0. 0. 1. 1. 1. 0. 0. 0. 1. 1. 1. 0. 0. 0. 0. 1. 1. 1. 0.
 1. 0. 0. 1. 1. 0. 0. 0. 0. 1. 0. 0. 1. 1. 0. 1. 1. 1. 0. 1. 1. 0. 1. 0.
 1. 1. 0. 0. 0. 1. 1. 0. 1. 1. 0. 1. 0. 0. 0. 1. 1. 1. 0. 1. 0. 1. 1. 0.
 1. 0. 0. 1. 1. 0. 0. 1. 0. 1. 1. 0. 0. 1. 0. 0. 1. 1. 0. 1. 1. 0. 0. 0.
 0. 1. 1. 0. 0. 1. 0. 0. 1. 0. 1. 1. 1. 0. 0. 0. 1. 1. 0. 0. 0. 0. 1. 0.
 0. 1. 0. 1. 1. 1. 1. 0. 0. 0. 0. 1. 1. 1. 1. 0. 1. 1. 1. 1. 0. 1. 0. 0.
 1. 0. 0. 1. 1. 1. 1. 1. 0. 0. 1. 1. 1. 0. 0. 1. 0. 1. 0. 0. 1. 0. 1. 0.
 1. 0. 0. 0.]"
253,randomforest,"{'criterion': 'gini', 'max_features': 'log2', 'n_estimators': 251}",0.5966930234008033,0.18383335835178477,0.1607364882784401,0.3246380122523733,0.5939814591024267,0.1822169319720301,0.5742474916387961,0.14925373134328357,0.5746268656716418,0.5746268656716418,"{0: 0.5942024949877478, 1: 0.5942024949877479}","{0: 0.5942024949877478, 1: 0.5942024949877479}",0.5942024949877479,"[[73 61]
 [53 81]]","[1. 0. 0. 0. 0. 1. 0. 1. 1. 0. 0. 0. 1. 0. 0. 0. 1. 0. 0. 0. 0. 1. 0. 0.
 0. 0. 1. 1. 1. 1. 1. 0. 0. 0. 1. 0. 1. 0. 1. 0. 1. 0. 1. 0. 0. 0. 1. 1.
 0. 0. 1. 0. 0. 1. 1. 1. 1. 1. 0. 1. 1. 0. 1. 0. 0. 0. 1. 1. 1. 1. 0. 0.
 1. 1. 0. 1. 1. 0. 0. 0. 1. 1. 1. 0. 0. 1. 0. 1. 1. 1. 1. 1. 0. 1. 1. 1.
 0. 0. 1. 1. 0. 1. 1. 1. 1. 0. 0. 1. 0. 1. 0. 0. 0. 1. 1. 1. 1. 0. 0. 0.
 0. 1. 1. 1. 1. 1. 1. 1. 1. 0. 0. 1. 1. 0. 1. 1. 0. 1. 0. 1. 1. 0. 1. 0.
 0. 0. 0. 0. 1. 1. 1. 0. 1. 1. 0. 1. 1. 0. 1. 0. 1. 1. 0. 0. 1. 0. 0. 1.
 1. 1. 0. 1. 1. 0. 0. 1. 1. 0. 1. 0. 0. 0. 1. 1. 0. 0. 1. 1. 0. 0. 1. 1.
 1. 1. 1. 0. 0. 1. 0. 0. 0. 0. 1. 1. 0. 0. 0. 0. 1. 1. 0. 1. 1. 1. 0. 0.
 1. 1. 0. 1. 0. 0. 0. 0. 1. 1. 1. 0. 1. 0. 1. 1. 1. 1. 1. 1. 0. 1. 0. 0.
 1. 1. 0. 0. 1. 1. 1. 1. 0. 1. 1. 0. 1. 0. 0. 1. 0. 1. 0. 1. 0. 0. 1. 1.
 1. 0. 1. 0.]","[0. 1. 0. 0. 0. 1. 1. 1. 0. 0. 0. 0. 0. 1. 0. 0. 1. 1. 0. 0. 0. 0. 0. 1.
 0. 0. 1. 0. 1. 0. 0. 1. 0. 1. 1. 0. 0. 0. 1. 0. 0. 0. 1. 1. 1. 0. 1. 0.
 1. 0. 1. 1. 0. 1. 1. 1. 1. 0. 1. 0. 0. 1. 1. 1. 0. 0. 0. 1. 1. 0. 1. 1.
 0. 0. 1. 0. 0. 1. 0. 1. 0. 1. 1. 1. 0. 1. 0. 1. 1. 1. 1. 1. 1. 1. 1. 0.
 0. 0. 1. 1. 1. 0. 0. 1. 1. 1. 0. 0. 0. 1. 1. 1. 0. 0. 0. 0. 1. 1. 1. 0.
 1. 0. 0. 1. 1. 0. 0. 0. 0. 1. 0. 0. 1. 1. 0. 1. 1. 1. 0. 1. 1. 0. 1. 0.
 1. 1. 0. 0. 0. 1. 1. 0. 1. 1. 0. 1. 0. 0. 0. 1. 1. 1. 0. 1. 0. 1. 1. 0.
 1. 0. 0. 1. 1. 0. 0. 1. 0. 1. 1. 0. 0. 1. 0. 0. 1. 1. 0. 1. 1. 0. 0. 0.
 0. 1. 1. 0. 0. 1. 0. 0. 1. 0. 1. 1. 1. 0. 0. 0. 1. 1. 0. 0. 0. 0. 1. 0.
 0. 1. 0. 1. 1. 1. 1. 0. 0. 0. 0. 1. 1. 1. 1. 0. 1. 1. 1. 1. 0. 1. 0. 0.
 1. 0. 0. 1. 1. 1. 1. 1. 0. 0. 1. 1. 1. 0. 0. 1. 0. 1. 0. 0. 1. 0. 1. 0.
 1. 0. 0. 0.]"
454,randomforest,"{'criterion': 'gini', 'max_features': 'log2', 'n_estimators': 493}",0.5808454884949192,0.18974792807756632,0.16073150235753556,0.3435429871946748,0.5725107982668467,0.19461796227620706,0.5593088071348941,0.11940298507462688,0.5597014925373134,0.5597014925373134,"{0: 0.584818445087993, 1: 0.5848184450879929}","{0: 0.584818445087993, 1: 0.5848184450879929}",0.5848184450879929,"[[71 63]
 [55 79]]","[1. 0. 0. 0. 0. 1. 0. 1. 1. 0. 0. 0. 1. 0. 0. 0. 1. 0. 0. 0. 0. 1. 0. 0.
 0. 0. 1. 1. 1. 1. 1. 0. 0. 0. 1. 0. 1. 0. 1. 0. 0. 0. 1. 0. 0. 0. 1. 1.
 0. 0. 1. 0. 1. 1. 1. 1. 1. 1. 0. 1. 1. 0. 1. 0. 0. 0. 1. 1. 1. 1. 0. 0.
 1. 1. 0. 1. 1. 0. 0. 0. 1. 1. 1. 0. 0. 1. 1. 1. 1. 1. 1. 1. 0. 1. 1. 1.
 0. 0. 1. 1. 0. 1. 0. 1. 0. 0. 0. 1. 0. 1. 0. 0. 0. 1. 1. 0. 1. 0. 0. 0.
 0. 1. 1. 1. 1. 1. 1. 1. 1. 0. 0. 1. 1. 0. 1. 1. 0. 1. 0. 1. 1. 0. 0. 0.
 0. 0. 0. 0. 1. 1. 1. 0. 1. 1. 0. 1. 1. 0. 1. 0. 1. 1. 0. 0. 1. 1. 0. 1.
 1. 1. 0. 1. 1. 0. 0. 1. 1. 0. 1. 0. 0. 1. 1. 1. 0. 0. 1. 1. 0. 0. 1. 1.
 1. 1. 1. 1. 1. 1. 0. 1. 0. 0. 1. 1. 0. 0. 0. 0. 1. 1. 0. 1. 1. 1. 0. 0.
 1. 1. 0. 0. 0. 0. 0. 0. 1. 1. 1. 0. 1. 0. 1. 1. 1. 1. 1. 1. 0. 1. 0. 0.
 1. 1. 0. 0. 1. 1. 0. 1. 0. 0. 1. 0. 1. 0. 1. 1. 0. 1. 0. 1. 0. 0. 1. 1.
 1. 0. 1. 0.]","[0. 1. 0. 0. 0. 1. 1. 1. 0. 0. 0. 0. 0. 1. 0. 0. 1. 1. 0. 0. 0. 0. 0. 1.
 0. 0. 1. 0. 1. 0. 0. 1. 0. 1. 1. 0. 0. 0. 1. 0. 0. 0. 1. 1. 1. 0. 1. 0.
 1. 0. 1. 1. 0. 1. 1. 1. 1. 0. 1. 0. 0. 1. 1. 1. 0. 0. 0. 1. 1. 0. 1. 1.
 0. 0. 1. 0. 0. 1. 0. 1. 0. 1. 1. 1. 0. 1. 0. 1. 1. 1. 1. 1. 1. 1. 1. 0.
 0. 0. 1. 1. 1. 0. 0. 1. 1. 1. 0. 0. 0. 1. 1. 1. 0. 0. 0. 0. 1. 1. 1. 0.
 1. 0. 0. 1. 1. 0. 0. 0. 0. 1. 0. 0. 1. 1. 0. 1. 1. 1. 0. 1. 1. 0. 1. 0.
 1. 1. 0. 0. 0. 1. 1. 0. 1. 1. 0. 1. 0. 0. 0. 1. 1. 1. 0. 1. 0. 1. 1. 0.
 1. 0. 0. 1. 1. 0. 0. 1. 0. 1. 1. 0. 0. 1. 0. 0. 1. 1. 0. 1. 1. 0. 0. 0.
 0. 1. 1. 0. 0. 1. 0. 0. 1. 0. 1. 1. 1. 0. 0. 0. 1. 1. 0. 0. 0. 0. 1. 0.
 0. 1. 0. 1. 1. 1. 1. 0. 0. 0. 0. 1. 1. 1. 1. 0. 1. 1. 1. 1. 0. 1. 0. 0.
 1. 0. 0. 1. 1. 1. 1. 1. 0. 0. 1. 1. 1. 0. 0. 1. 0. 1. 0. 0. 1. 0. 1. 0.
 1. 0. 0. 0.]"
534,randomforest,"{'criterion': 'gini', 'max_features': 'sqrt', 'n_estimators': 533}",0.5809099012941518,0.1955062118911129,0.16056938549545072,0.36600047756483456,0.5718650338610016,0.1995645974068794,0.5559639669743676,0.11194029850746268,0.5559701492537313,0.5559701492537313,"{0: 0.5901370015593674, 1: 0.5901370015593673}","{0: 0.5901370015593674, 1: 0.5901370015593673}",0.5901370015593673,"[[74 60]
 [59 75]]","[1. 0. 0. 0. 0. 1. 0. 1. 1. 0. 0. 0. 1. 0. 0. 0. 1. 0. 0. 0. 0. 1. 0. 0.
 0. 0. 1. 1. 1. 1. 1. 0. 0. 0. 1. 0. 1. 0. 1. 0. 0. 0. 1. 0. 0. 0. 1. 0.
 0. 0. 1. 0. 1. 1. 1. 1. 1. 1. 0. 1. 0. 0. 1. 0. 0. 0. 1. 1. 1. 1. 0. 0.
 1. 1. 0. 1. 1. 0. 0. 0. 1. 1. 1. 0. 0. 1. 1. 1. 1. 1. 1. 1. 0. 1. 1. 1.
 0. 0. 1. 1. 0. 1. 0. 0. 0. 0. 0. 1. 0. 1. 0. 0. 0. 1. 1. 0. 1. 0. 0. 0.
 0. 1. 1. 1. 1. 1. 1. 1. 1. 0. 0. 1. 1. 0. 1. 1. 0. 1. 0. 1. 0. 0. 0. 0.
 0. 0. 0. 0. 1. 1. 1. 0. 1. 1. 0. 1. 1. 0. 1. 0. 1. 1. 0. 0. 1. 1. 0. 1.
 1. 1. 0. 1. 1. 1. 0. 1. 1. 0. 1. 0. 0. 0. 1. 1. 0. 0. 1. 1. 0. 0. 0. 1.
 1. 1. 1. 1. 1. 1. 0. 0. 0. 0. 1. 1. 0. 0. 0. 0. 1. 1. 0. 1. 1. 1. 0. 0.
 1. 1. 0. 0. 0. 0. 0. 0. 1. 1. 1. 0. 1. 0. 1. 1. 1. 1. 1. 1. 0. 1. 0. 0.
 1. 1. 0. 0. 1. 1. 0. 1. 0. 1. 1. 0. 1. 0. 0. 1. 0. 0. 0. 1. 0. 0. 1. 1.
 1. 0. 1. 0.]","[0. 1. 0. 0. 0. 1. 1. 1. 0. 0. 0. 0. 0. 1. 0. 0. 1. 1. 0. 0. 0. 0. 0. 1.
 0. 0. 1. 0. 1. 0. 0. 1. 0. 1. 1. 0. 0. 0. 1. 0. 0. 0. 1. 1. 1. 0. 1. 0.
 1. 0. 1. 1. 0. 1. 1. 1. 1. 0. 1. 0. 0. 1. 1. 1. 0. 0. 0. 1. 1. 0. 1. 1.
 0. 0. 1. 0. 0. 1. 0. 1. 0. 1. 1. 1. 0. 1. 0. 1. 1. 1. 1. 1. 1. 1. 1. 0.
 0. 0. 1. 1. 1. 0. 0. 1. 1. 1. 0. 0. 0. 1. 1. 1. 0. 0. 0. 0. 1. 1. 1. 0.
 1. 0. 0. 1. 1. 0. 0. 0. 0. 1. 0. 0. 1. 1. 0. 1. 1. 1. 0. 1. 1. 0. 1. 0.
 1. 1. 0. 0. 0. 1. 1. 0. 1. 1. 0. 1. 0. 0. 0. 1. 1. 1. 0. 1. 0. 1. 1. 0.
 1. 0. 0. 1. 1. 0. 0. 1. 0. 1. 1. 0. 0. 1. 0. 0. 1. 1. 0. 1. 1. 0. 0. 0.
 0. 1. 1. 0. 0. 1. 0. 0. 1. 0. 1. 1. 1. 0. 0. 0. 1. 1. 0. 0. 0. 0. 1. 0.
 0. 1. 0. 1. 1. 1. 1. 0. 0. 0. 0. 1. 1. 1. 1. 0. 1. 1. 1. 1. 0. 1. 0. 0.
 1. 0. 0. 1. 1. 1. 1. 1. 0. 0. 1. 1. 1. 0. 0. 1. 0. 1. 0. 0. 1. 0. 1. 0.
 1. 0. 0. 0.]"
585,randomforest,"{'criterion': 'gini', 'max_features': 'sqrt', 'n_estimators': 463}",0.584063349065721,0.20308222060538877,0.16052938942196252,0.36647327424784126,0.5764599740910225,0.21057428380314336,0.5590876136300262,0.11940298507462688,0.5597014925373134,0.5597014925373134,"{0: 0.5883827132991758, 1: 0.5883827132991757}","{0: 0.5883827132991758, 1: 0.5883827132991757}",0.5883827132991757,"[[70 64]
 [54 80]]","[1. 0. 0. 0. 0. 1. 0. 1. 1. 0. 0. 0. 1. 0. 0. 0. 1. 0. 0. 0. 0. 1. 0. 0.
 0. 0. 1. 1. 1. 1. 1. 0. 0. 0. 1. 0. 1. 0. 1. 0. 1. 0. 1. 0. 0. 0. 1. 1.
 0. 0. 1. 0. 1. 1. 1. 1. 1. 1. 0. 1. 1. 0. 1. 1. 0. 0. 1. 1. 1. 1. 0. 0.
 1. 1. 0. 1. 1. 0. 0. 0. 1. 1. 1. 0. 0. 1. 1. 1. 1. 1. 1. 1. 0. 1. 1. 1.
 0. 0. 1. 1. 0. 1. 0. 0. 0. 0. 0. 1. 0. 1. 0. 0. 0. 1. 1. 0. 1. 0. 0. 0.
 0. 1. 1. 1. 1. 1. 1. 1. 1. 0. 0. 1. 1. 0. 1. 1. 0. 1. 0. 1. 1. 0. 0. 0.
 0. 0. 0. 0. 1. 1. 1. 0. 1. 0. 0. 1. 1. 0. 1. 0. 1. 1. 0. 0. 1. 1. 0. 1.
 1. 1. 0. 1. 1. 1. 0. 1. 1. 0. 1. 0. 0. 1. 1. 1. 0. 0. 1. 1. 0. 0. 1. 1.
 1. 1. 1. 0. 1. 1. 0. 1. 0. 0. 1. 1. 0. 0. 0. 0. 1. 1. 0. 1. 1. 1. 0. 0.
 1. 1. 0. 1. 0. 0. 0. 0. 1. 1. 1. 0. 1. 0. 1. 1. 1. 1. 1. 1. 0. 1. 0. 0.
 1. 1. 0. 0. 1. 1. 1. 1. 0. 1. 1. 0. 1. 0. 0. 1. 0. 1. 0. 1. 0. 0. 1. 1.
 1. 0. 1. 0.]","[0. 1. 0. 0. 0. 1. 1. 1. 0. 0. 0. 0. 0. 1. 0. 0. 1. 1. 0. 0. 0. 0. 0. 1.
 0. 0. 1. 0. 1. 0. 0. 1. 0. 1. 1. 0. 0. 0. 1. 0. 0. 0. 1. 1. 1. 0. 1. 0.
 1. 0. 1. 1. 0. 1. 1. 1. 1. 0. 1. 0. 0. 1. 1. 1. 0. 0. 0. 1. 1. 0. 1. 1.
 0. 0. 1. 0. 0. 1. 0. 1. 0. 1. 1. 1. 0. 1. 0. 1. 1. 1. 1. 1. 1. 1. 1. 0.
 0. 0. 1. 1. 1. 0. 0. 1. 1. 1. 0. 0. 0. 1. 1. 1. 0. 0. 0. 0. 1. 1. 1. 0.
 1. 0. 0. 1. 1. 0. 0. 0. 0. 1. 0. 0. 1. 1. 0. 1. 1. 1. 0. 1. 1. 0. 1. 0.
 1. 1. 0. 0. 0. 1. 1. 0. 1. 1. 0. 1. 0. 0. 0. 1. 1. 1. 0. 1. 0. 1. 1. 0.
 1. 0. 0. 1. 1. 0. 0. 1. 0. 1. 1. 0. 0. 1. 0. 0. 1. 1. 0. 1. 1. 0. 0. 0.
 0. 1. 1. 0. 0. 1. 0. 0. 1. 0. 1. 1. 1. 0. 0. 0. 1. 1. 0. 0. 0. 0. 1. 0.
 0. 1. 0. 1. 1. 1. 1. 0. 0. 0. 0. 1. 1. 1. 1. 0. 1. 1. 1. 1. 0. 1. 0. 0.
 1. 0. 0. 1. 1. 1. 1. 1. 0. 0. 1. 1. 1. 0. 0. 1. 0. 1. 0. 0. 1. 0. 1. 0.
 1. 0. 0. 0.]"
730,AdaBoost,"{'algorithm': 'SAMME.R', 'learning_rate': 1.1612244897959183, 'n_estimators': 85}",0.5887739821685242,0.15453823535057304,0.160429924236465,0.2590275241932913,0.5853895861456345,0.1384854518031899,0.5744135510113111,0.14925373134328357,0.5746268656716418,0.5746268656716418,"{0: 0.5731788817108489, 1: 0.5731788817108487}","{0: 0.5731788817108489, 1: 0.5731788817108487}",0.5731788817108487,"[[74 60]
 [54 80]]","[0. 0. 0. 0. 0. 1. 1. 1. 1. 0. 0. 0. 1. 1. 0. 1. 1. 0. 0. 0. 0. 1. 1. 0.
 0. 1. 1. 0. 1. 1. 1. 0. 0. 0. 1. 1. 0. 0. 0. 0. 0. 1. 1. 1. 0. 1. 1. 0.
 0. 0. 1. 0. 0. 1. 1. 1. 1. 1. 0. 1. 0. 0. 1. 0. 1. 0. 1. 0. 1. 1. 0. 0.
 1. 1. 0. 1. 1. 0. 1. 0. 1. 1. 1. 0. 0. 1. 0. 1. 1. 1. 1. 1. 0. 1. 0. 0.
 0. 0. 1. 1. 0. 1. 0. 0. 1. 0. 0. 1. 0. 1. 0. 0. 0. 0. 1. 0. 1. 0. 0. 0.
 1. 1. 1. 0. 0. 0. 1. 1. 1. 0. 0. 1. 1. 0. 1. 0. 0. 1. 1. 1. 1. 0. 0. 0.
 0. 1. 0. 1. 1. 1. 1. 0. 1. 1. 0. 1. 1. 0. 1. 0. 1. 1. 0. 0. 1. 0. 0. 1.
 1. 1. 1. 1. 1. 0. 0. 1. 0. 1. 1. 1. 0. 1. 1. 1. 0. 0. 0. 1. 1. 0. 0. 1.
 0. 1. 0. 1. 1. 1. 0. 1. 0. 0. 1. 1. 1. 0. 1. 0. 0. 1. 0. 1. 1. 0. 0. 0.
 1. 1. 0. 0. 0. 1. 0. 0. 0. 0. 1. 1. 1. 1. 0. 1. 1. 1. 1. 1. 0. 1. 0. 0.
 1. 1. 1. 0. 1. 1. 0. 1. 0. 0. 1. 0. 1. 0. 0. 1. 0. 1. 0. 1. 1. 1. 1. 1.
 0. 0. 1. 0.]","[0. 1. 0. 0. 0. 1. 1. 1. 0. 0. 0. 0. 0. 1. 0. 0. 1. 1. 0. 0. 0. 0. 0. 1.
 0. 0. 1. 0. 1. 0. 0. 1. 0. 1. 1. 0. 0. 0. 1. 0. 0. 0. 1. 1. 1. 0. 1. 0.
 1. 0. 1. 1. 0. 1. 1. 1. 1. 0. 1. 0. 0. 1. 1. 1. 0. 0. 0. 1. 1. 0. 1. 1.
 0. 0. 1. 0. 0. 1. 0. 1. 0. 1. 1. 1. 0. 1. 0. 1. 1. 1. 1. 1. 1. 1. 1. 0.
 0. 0. 1. 1. 1. 0. 0. 1. 1. 1. 0. 0. 0. 1. 1. 1. 0. 0. 0. 0. 1. 1. 1. 0.
 1. 0. 0. 1. 1. 0. 0. 0. 0. 1. 0. 0. 1. 1. 0. 1. 1. 1. 0. 1. 1. 0. 1. 0.
 1. 1. 0. 0. 0. 1. 1. 0. 1. 1. 0. 1. 0. 0. 0. 1. 1. 1. 0. 1. 0. 1. 1. 0.
 1. 0. 0. 1. 1. 0. 0. 1. 0. 1. 1. 0. 0. 1. 0. 0. 1. 1. 0. 1. 1. 0. 0. 0.
 0. 1. 1. 0. 0. 1. 0. 0. 1. 0. 1. 1. 1. 0. 0. 0. 1. 1. 0. 0. 0. 0. 1. 0.
 0. 1. 0. 1. 1. 1. 1. 0. 0. 0. 0. 1. 1. 1. 1. 0. 1. 1. 1. 1. 0. 1. 0. 0.
 1. 0. 0. 1. 1. 1. 1. 1. 0. 0. 1. 1. 1. 0. 0. 1. 0. 1. 0. 0. 1. 0. 1. 0.
 1. 0. 0. 0.]"
685,randomforest,"{'criterion': 'gini', 'max_features': None, 'n_estimators': 177}",0.5852450621010868,0.18722298816169827,0.16022102112793982,0.35381076077639523,0.5777622616332293,0.19413209135255374,0.56328082563824,0.12686567164179108,0.5634328358208955,0.5634328358208955,"{0: 0.5930608153263532, 1: 0.5930608153263534}","{0: 0.5930608153263532, 1: 0.5930608153263534}",0.5930608153263534,"[[73 61]
 [56 78]]","[1. 0. 0. 0. 0. 1. 0. 1. 1. 0. 0. 0. 1. 0. 0. 0. 0. 0. 0. 0. 0. 1. 0. 0.
 0. 0. 1. 1. 1. 1. 1. 0. 0. 0. 1. 1. 0. 0. 1. 0. 1. 0. 1. 1. 0. 1. 1. 0.
 0. 0. 1. 0. 1. 1. 1. 1. 1. 1. 0. 1. 1. 0. 1. 0. 0. 0. 1. 0. 1. 1. 0. 0.
 1. 1. 0. 1. 1. 0. 1. 0. 1. 1. 1. 0. 0. 1. 0. 1. 1. 1. 1. 1. 0. 1. 1. 1.
 0. 0. 1. 1. 0. 1. 1. 0. 0. 0. 0. 0. 0. 1. 0. 1. 0. 1. 1. 0. 1. 0. 0. 0.
 1. 1. 1. 1. 1. 1. 1. 1. 1. 0. 0. 1. 0. 0. 1. 1. 0. 0. 0. 1. 1. 0. 1. 0.
 0. 0. 0. 0. 0. 1. 1. 0. 1. 1. 0. 1. 1. 0. 1. 0. 1. 1. 0. 0. 1. 1. 0. 1.
 1. 1. 0. 1. 1. 0. 0. 1. 1. 0. 1. 0. 0. 1. 1. 1. 0. 0. 1. 1. 0. 0. 1. 1.
 0. 1. 0. 1. 1. 1. 0. 1. 0. 0. 1. 1. 0. 0. 0. 0. 1. 1. 0. 1. 1. 1. 0. 0.
 1. 1. 0. 1. 0. 0. 0. 0. 1. 1. 1. 0. 0. 0. 1. 1. 1. 1. 1. 1. 0. 1. 0. 0.
 1. 1. 0. 0. 1. 1. 1. 1. 0. 1. 1. 0. 1. 0. 0. 1. 0. 1. 0. 1. 0. 0. 1. 0.
 1. 0. 1. 0.]","[0. 1. 0. 0. 0. 1. 1. 1. 0. 0. 0. 0. 0. 1. 0. 0. 1. 1. 0. 0. 0. 0. 0. 1.
 0. 0. 1. 0. 1. 0. 0. 1. 0. 1. 1. 0. 0. 0. 1. 0. 0. 0. 1. 1. 1. 0. 1. 0.
 1. 0. 1. 1. 0. 1. 1. 1. 1. 0. 1. 0. 0. 1. 1. 1. 0. 0. 0. 1. 1. 0. 1. 1.
 0. 0. 1. 0. 0. 1. 0. 1. 0. 1. 1. 1. 0. 1. 0. 1. 1. 1. 1. 1. 1. 1. 1. 0.
 0. 0. 1. 1. 1. 0. 0. 1. 1. 1. 0. 0. 0. 1. 1. 1. 0. 0. 0. 0. 1. 1. 1. 0.
 1. 0. 0. 1. 1. 0. 0. 0. 0. 1. 0. 0. 1. 1. 0. 1. 1. 1. 0. 1. 1. 0. 1. 0.
 1. 1. 0. 0. 0. 1. 1. 0. 1. 1. 0. 1. 0. 0. 0. 1. 1. 1. 0. 1. 0. 1. 1. 0.
 1. 0. 0. 1. 1. 0. 0. 1. 0. 1. 1. 0. 0. 1. 0. 0. 1. 1. 0. 1. 1. 0. 0. 0.
 0. 1. 1. 0. 0. 1. 0. 0. 1. 0. 1. 1. 1. 0. 0. 0. 1. 1. 0. 0. 0. 0. 1. 0.
 0. 1. 0. 1. 1. 1. 1. 0. 0. 0. 0. 1. 1. 1. 1. 0. 1. 1. 1. 1. 0. 1. 0. 0.
 1. 0. 0. 1. 1. 1. 1. 1. 0. 0. 1. 1. 1. 0. 0. 1. 0. 1. 0. 0. 1. 0. 1. 0.
 1. 0. 0. 0.]"
406,randomforest,"{'criterion': 'gini', 'max_features': 'sqrt', 'n_estimators': 577}",0.5854003528965315,0.19331613224000524,0.15986563379133387,0.34734682799256295,0.5797271370356047,0.1979348162765958,0.5665607049244326,0.13432835820895528,0.5671641791044776,0.5671641791044776,"{0: 0.589830697259969, 1: 0.5898306972599688}","{0: 0.589830697259969, 1: 0.5898306972599688}",0.5898306972599688,"[[71 63]
 [53 81]]","[1. 0. 0. 0. 0. 1. 0. 1. 1. 0. 0. 0. 1. 0. 0. 0. 1. 0. 0. 0. 0. 1. 0. 0.
 0. 0. 1. 1. 1. 1. 1. 0. 0. 0. 1. 1. 1. 0. 1. 0. 0. 0. 1. 1. 0. 1. 1. 0.
 0. 0. 1. 0. 1. 1. 1. 1. 1. 1. 0. 1. 1. 0. 1. 1. 0. 0. 1. 1. 1. 1. 0. 0.
 1. 1. 0. 1. 1. 0. 0. 0. 1. 1. 1. 0. 0. 1. 0. 1. 1. 1. 1. 1. 0. 1. 1. 1.
 0. 0. 1. 1. 0. 1. 0. 1. 0. 0. 0. 1. 0. 1. 0. 0. 0. 1. 1. 0. 1. 0. 0. 0.
 0. 1. 1. 1. 1. 1. 1. 1. 1. 0. 0. 1. 1. 0. 1. 1. 0. 1. 0. 1. 0. 0. 1. 0.
 0. 0. 0. 0. 1. 1. 1. 0. 1. 1. 0. 1. 1. 0. 1. 0. 1. 1. 0. 0. 1. 1. 0. 1.
 1. 1. 0. 1. 1. 1. 0. 1. 1. 0. 1. 0. 0. 1. 1. 1. 0. 0. 1. 1. 0. 0. 1. 1.
 1. 1. 1. 1. 1. 1. 0. 0. 0. 0. 1. 1. 0. 0. 0. 0. 1. 1. 0. 1. 1. 1. 0. 0.
 1. 1. 0. 1. 0. 0. 0. 0. 1. 1. 1. 0. 1. 0. 1. 1. 1. 1. 1. 1. 0. 1. 0. 0.
 1. 1. 0. 0. 1. 1. 0. 1. 0. 1. 1. 0. 1. 0. 0. 1. 0. 0. 0. 1. 0. 0. 1. 1.
 1. 0. 1. 0.]","[0. 1. 0. 0. 0. 1. 1. 1. 0. 0. 0. 0. 0. 1. 0. 0. 1. 1. 0. 0. 0. 0. 0. 1.
 0. 0. 1. 0. 1. 0. 0. 1. 0. 1. 1. 0. 0. 0. 1. 0. 0. 0. 1. 1. 1. 0. 1. 0.
 1. 0. 1. 1. 0. 1. 1. 1. 1. 0. 1. 0. 0. 1. 1. 1. 0. 0. 0. 1. 1. 0. 1. 1.
 0. 0. 1. 0. 0. 1. 0. 1. 0. 1. 1. 1. 0. 1. 0. 1. 1. 1. 1. 1. 1. 1. 1. 0.
 0. 0. 1. 1. 1. 0. 0. 1. 1. 1. 0. 0. 0. 1. 1. 1. 0. 0. 0. 0. 1. 1. 1. 0.
 1. 0. 0. 1. 1. 0. 0. 0. 0. 1. 0. 0. 1. 1. 0. 1. 1. 1. 0. 1. 1. 0. 1. 0.
 1. 1. 0. 0. 0. 1. 1. 0. 1. 1. 0. 1. 0. 0. 0. 1. 1. 1. 0. 1. 0. 1. 1. 0.
 1. 0. 0. 1. 1. 0. 0. 1. 0. 1. 1. 0. 0. 1. 0. 0. 1. 1. 0. 1. 1. 0. 0. 0.
 0. 1. 1. 0. 0. 1. 0. 0. 1. 0. 1. 1. 1. 0. 0. 0. 1. 1. 0. 0. 0. 0. 1. 0.
 0. 1. 0. 1. 1. 1. 1. 0. 0. 0. 0. 1. 1. 1. 1. 0. 1. 1. 1. 1. 0. 1. 0. 0.
 1. 0. 0. 1. 1. 1. 1. 1. 0. 0. 1. 1. 1. 0. 0. 1. 0. 1. 0. 0. 1. 0. 1. 0.
 1. 0. 0. 0.]"
637,randomforest,"{'criterion': 'gini', 'max_features': 'sqrt', 'n_estimators': 465}",0.5854467571903021,0.19704443977232308,0.15968448318709738,0.3493256953623199,0.5781142841626713,0.20099496851842039,0.5704110505554549,0.14179104477611937,0.5708955223880597,0.5708955223880596,"{0: 0.5880764089997772, 1: 0.5880764089997772}","{0: 0.5880764089997772, 1: 0.5880764089997772}",0.5880764089997772,"[[72 62]
 [53 81]]","[1. 0. 0. 0. 0. 1. 0. 1. 1. 0. 0. 0. 1. 0. 0. 0. 1. 0. 0. 0. 0. 1. 0. 0.
 0. 0. 1. 1. 1. 1. 1. 0. 0. 0. 1. 0. 1. 0. 1. 0. 1. 0. 1. 1. 0. 0. 1. 0.
 0. 0. 1. 0. 1. 1. 1. 1. 1. 1. 0. 1. 1. 0. 1. 0. 0. 0. 1. 1. 1. 1. 0. 0.
 1. 1. 0. 1. 1. 0. 1. 0. 0. 1. 1. 0. 0. 1. 0. 1. 1. 1. 1. 1. 0. 1. 1. 1.
 0. 0. 1. 1. 0. 1. 1. 0. 0. 0. 0. 1. 0. 1. 0. 0. 0. 1. 1. 0. 1. 0. 0. 0.
 0. 1. 1. 1. 1. 1. 1. 1. 1. 0. 0. 1. 1. 0. 1. 1. 0. 1. 0. 1. 1. 0. 0. 0.
 0. 0. 0. 0. 1. 1. 1. 0. 1. 1. 0. 1. 1. 0. 1. 0. 1. 1. 0. 0. 1. 1. 0. 1.
 1. 1. 0. 1. 1. 1. 0. 1. 1. 0. 1. 0. 0. 1. 1. 1. 0. 0. 1. 1. 0. 0. 1. 1.
 0. 1. 1. 1. 1. 1. 0. 0. 0. 0. 1. 1. 0. 0. 0. 0. 1. 1. 0. 1. 1. 1. 0. 0.
 1. 1. 0. 1. 0. 0. 0. 0. 1. 1. 1. 0. 1. 0. 1. 1. 1. 1. 1. 1. 0. 1. 0. 0.
 1. 1. 0. 0. 1. 1. 1. 1. 0. 1. 1. 0. 1. 0. 0. 1. 0. 1. 0. 1. 0. 0. 1. 1.
 1. 0. 1. 0.]","[0. 1. 0. 0. 0. 1. 1. 1. 0. 0. 0. 0. 0. 1. 0. 0. 1. 1. 0. 0. 0. 0. 0. 1.
 0. 0. 1. 0. 1. 0. 0. 1. 0. 1. 1. 0. 0. 0. 1. 0. 0. 0. 1. 1. 1. 0. 1. 0.
 1. 0. 1. 1. 0. 1. 1. 1. 1. 0. 1. 0. 0. 1. 1. 1. 0. 0. 0. 1. 1. 0. 1. 1.
 0. 0. 1. 0. 0. 1. 0. 1. 0. 1. 1. 1. 0. 1. 0. 1. 1. 1. 1. 1. 1. 1. 1. 0.
 0. 0. 1. 1. 1. 0. 0. 1. 1. 1. 0. 0. 0. 1. 1. 1. 0. 0. 0. 0. 1. 1. 1. 0.
 1. 0. 0. 1. 1. 0. 0. 0. 0. 1. 0. 0. 1. 1. 0. 1. 1. 1. 0. 1. 1. 0. 1. 0.
 1. 1. 0. 0. 0. 1. 1. 0. 1. 1. 0. 1. 0. 0. 0. 1. 1. 1. 0. 1. 0. 1. 1. 0.
 1. 0. 0. 1. 1. 0. 0. 1. 0. 1. 1. 0. 0. 1. 0. 0. 1. 1. 0. 1. 1. 0. 0. 0.
 0. 1. 1. 0. 0. 1. 0. 0. 1. 0. 1. 1. 1. 0. 0. 0. 1. 1. 0. 0. 0. 0. 1. 0.
 0. 1. 0. 1. 1. 1. 1. 0. 0. 0. 0. 1. 1. 1. 1. 0. 1. 1. 1. 1. 0. 1. 0. 0.
 1. 0. 0. 1. 1. 1. 1. 1. 0. 0. 1. 1. 1. 0. 0. 1. 0. 1. 0. 0. 1. 0. 1. 0.
 1. 0. 0. 0.]"
728,randomforest,"{'criterion': 'gini', 'max_features': 'sqrt', 'n_estimators': 399}",0.5776528598937939,0.19465715647888848,0.15967525503100347,0.3426124569794676,0.5706506792192276,0.19847170235398956,0.5520142642224327,0.10447761194029848,0.5522388059701493,0.5522388059701493,"{0: 0.5679438627756739, 1: 0.5679438627756739}","{0: 0.5679438627756739, 1: 0.5679438627756739}",0.5679438627756739,"[[71 63]
 [57 77]]","[1. 0. 0. 0. 0. 1. 0. 1. 1. 0. 0. 0. 1. 0. 0. 0. 1. 0. 0. 0. 0. 1. 0. 0.
 0. 0. 1. 1. 1. 1. 1. 0. 0. 0. 1. 0. 1. 0. 1. 0. 0. 0. 1. 0. 0. 0. 1. 1.
 0. 0. 1. 0. 1. 1. 1. 1. 1. 1. 0. 1. 1. 0. 1. 0. 0. 0. 1. 1. 1. 1. 0. 0.
 1. 1. 0. 1. 1. 0. 0. 0. 1. 1. 1. 0. 0. 1. 1. 1. 1. 1. 1. 1. 0. 1. 1. 1.
 0. 0. 1. 1. 0. 1. 0. 0. 0. 0. 0. 1. 0. 1. 0. 0. 0. 1. 1. 0. 1. 0. 0. 0.
 0. 1. 1. 1. 1. 1. 1. 1. 1. 0. 0. 1. 0. 0. 1. 1. 0. 1. 0. 1. 1. 0. 0. 0.
 0. 0. 0. 0. 1. 1. 1. 0. 1. 1. 0. 1. 1. 0. 1. 0. 1. 1. 0. 0. 1. 1. 0. 1.
 1. 1. 0. 1. 1. 0. 0. 1. 1. 0. 1. 1. 0. 0. 1. 1. 0. 0. 1. 1. 0. 0. 1. 1.
 1. 1. 1. 1. 1. 1. 0. 0. 0. 0. 1. 1. 0. 0. 0. 0. 1. 1. 0. 1. 1. 1. 0. 0.
 1. 1. 0. 1. 0. 0. 0. 0. 1. 1. 1. 0. 0. 0. 1. 1. 1. 1. 1. 1. 0. 1. 0. 0.
 1. 1. 0. 0. 1. 1. 1. 1. 0. 1. 1. 0. 1. 0. 0. 1. 0. 1. 0. 1. 0. 0. 1. 1.
 1. 0. 1. 0.]","[0. 1. 0. 0. 0. 1. 1. 1. 0. 0. 0. 0. 0. 1. 0. 0. 1. 1. 0. 0. 0. 0. 0. 1.
 0. 0. 1. 0. 1. 0. 0. 1. 0. 1. 1. 0. 0. 0. 1. 0. 0. 0. 1. 1. 1. 0. 1. 0.
 1. 0. 1. 1. 0. 1. 1. 1. 1. 0. 1. 0. 0. 1. 1. 1. 0. 0. 0. 1. 1. 0. 1. 1.
 0. 0. 1. 0. 0. 1. 0. 1. 0. 1. 1. 1. 0. 1. 0. 1. 1. 1. 1. 1. 1. 1. 1. 0.
 0. 0. 1. 1. 1. 0. 0. 1. 1. 1. 0. 0. 0. 1. 1. 1. 0. 0. 0. 0. 1. 1. 1. 0.
 1. 0. 0. 1. 1. 0. 0. 0. 0. 1. 0. 0. 1. 1. 0. 1. 1. 1. 0. 1. 1. 0. 1. 0.
 1. 1. 0. 0. 0. 1. 1. 0. 1. 1. 0. 1. 0. 0. 0. 1. 1. 1. 0. 1. 0. 1. 1. 0.
 1. 0. 0. 1. 1. 0. 0. 1. 0. 1. 1. 0. 0. 1. 0. 0. 1. 1. 0. 1. 1. 0. 0. 0.
 0. 1. 1. 0. 0. 1. 0. 0. 1. 0. 1. 1. 1. 0. 0. 0. 1. 1. 0. 0. 0. 0. 1. 0.
 0. 1. 0. 1. 1. 1. 1. 0. 0. 0. 0. 1. 1. 1. 1. 0. 1. 1. 1. 1. 0. 1. 0. 0.
 1. 0. 0. 1. 1. 1. 1. 1. 0. 0. 1. 1. 1. 0. 0. 1. 0. 1. 0. 0. 1. 0. 1. 0.
 1. 0. 0. 0.]"
942,randomforest,"{'criterion': 'gini', 'max_features': 'log2', 'n_estimators': 441}",0.5833667097967119,0.20260183594960712,0.1596038395570164,0.37572048648438533,0.5778975430185107,0.2080859661856861,0.5667781493868451,0.13432835820895528,0.5671641791044776,0.5671641791044776,"{0: 0.5858765872131878, 1: 0.5858765872131878}","{0: 0.5858765872131878, 1: 0.5858765872131878}",0.5858765872131878,"[[72 62]
 [54 80]]","[1. 0. 0. 0. 0. 1. 0. 1. 1. 0. 0. 0. 1. 0. 0. 0. 1. 0. 0. 0. 0. 1. 0. 0.
 0. 0. 1. 1. 1. 1. 1. 0. 0. 0. 1. 0. 1. 0. 1. 0. 1. 0. 1. 0. 0. 1. 1. 0.
 0. 0. 1. 0. 1. 1. 1. 1. 1. 1. 0. 1. 0. 0. 1. 1. 0. 0. 1. 1. 1. 1. 0. 0.
 1. 1. 0. 1. 1. 0. 0. 0. 1. 1. 1. 0. 0. 1. 0. 1. 1. 1. 1. 1. 0. 1. 1. 1.
 0. 0. 1. 1. 0. 1. 0. 0. 0. 0. 0. 1. 0. 1. 0. 0. 0. 1. 1. 0. 1. 0. 0. 0.
 0. 1. 1. 1. 1. 1. 1. 1. 1. 0. 0. 1. 1. 0. 1. 1. 0. 1. 0. 1. 1. 0. 0. 0.
 0. 0. 0. 0. 1. 1. 1. 0. 1. 1. 0. 1. 1. 0. 1. 0. 1. 1. 0. 0. 1. 1. 0. 1.
 1. 1. 0. 1. 1. 1. 0. 1. 1. 0. 1. 0. 0. 1. 1. 1. 0. 0. 1. 1. 0. 0. 1. 1.
 1. 1. 1. 1. 1. 1. 0. 0. 0. 0. 1. 1. 0. 0. 0. 0. 1. 1. 0. 1. 1. 1. 0. 0.
 1. 1. 0. 1. 0. 0. 0. 0. 1. 1. 1. 0. 0. 0. 1. 1. 1. 1. 1. 1. 0. 1. 0. 0.
 1. 1. 0. 0. 1. 1. 1. 1. 0. 1. 1. 0. 1. 0. 0. 1. 0. 1. 0. 1. 0. 0. 1. 1.
 1. 0. 1. 0.]","[0. 1. 0. 0. 0. 1. 1. 1. 0. 0. 0. 0. 0. 1. 0. 0. 1. 1. 0. 0. 0. 0. 0. 1.
 0. 0. 1. 0. 1. 0. 0. 1. 0. 1. 1. 0. 0. 0. 1. 0. 0. 0. 1. 1. 1. 0. 1. 0.
 1. 0. 1. 1. 0. 1. 1. 1. 1. 0. 1. 0. 0. 1. 1. 1. 0. 0. 0. 1. 1. 0. 1. 1.
 0. 0. 1. 0. 0. 1. 0. 1. 0. 1. 1. 1. 0. 1. 0. 1. 1. 1. 1. 1. 1. 1. 1. 0.
 0. 0. 1. 1. 1. 0. 0. 1. 1. 1. 0. 0. 0. 1. 1. 1. 0. 0. 0. 0. 1. 1. 1. 0.
 1. 0. 0. 1. 1. 0. 0. 0. 0. 1. 0. 0. 1. 1. 0. 1. 1. 1. 0. 1. 1. 0. 1. 0.
 1. 1. 0. 0. 0. 1. 1. 0. 1. 1. 0. 1. 0. 0. 0. 1. 1. 1. 0. 1. 0. 1. 1. 0.
 1. 0. 0. 1. 1. 0. 0. 1. 0. 1. 1. 0. 0. 1. 0. 0. 1. 1. 0. 1. 1. 0. 0. 0.
 0. 1. 1. 0. 0. 1. 0. 0. 1. 0. 1. 1. 1. 0. 0. 0. 1. 1. 0. 0. 0. 0. 1. 0.
 0. 1. 0. 1. 1. 1. 1. 0. 0. 0. 0. 1. 1. 1. 1. 0. 1. 1. 1. 1. 0. 1. 0. 0.
 1. 0. 0. 1. 1. 1. 1. 1. 0. 0. 1. 1. 1. 0. 0. 1. 0. 1. 0. 0. 1. 0. 1. 0.
 1. 0. 0. 0.]"
189,randomforest,"{'criterion': 'gini', 'max_features': 'sqrt', 'n_estimators': 417}",0.5834938755153414,0.2071315771448736,0.1594128361202252,0.36280830928248003,0.5781646370356047,0.20907097703059346,0.5631347962382445,0.12686567164179108,0.5634328358208955,0.5634328358208955,"{0: 0.5827578525284028, 1: 0.5827578525284027}","{0: 0.5827578525284028, 1: 0.5827578525284027}",0.5827578525284027,"[[72 62]
 [55 79]]","[1. 0. 0. 0. 0. 1. 0. 1. 1. 0. 0. 0. 1. 0. 0. 0. 1. 0. 0. 0. 0. 1. 0. 0.
 0. 0. 1. 1. 1. 1. 1. 0. 0. 0. 1. 0. 1. 0. 1. 0. 1. 0. 1. 1. 0. 0. 1. 1.
 0. 0. 1. 0. 0. 1. 1. 1. 1. 1. 0. 1. 1. 0. 1. 1. 0. 0. 1. 1. 1. 1. 0. 0.
 1. 1. 0. 1. 1. 0. 0. 0. 1. 1. 1. 0. 0. 1. 1. 1. 1. 1. 1. 1. 0. 1. 1. 1.
 0. 0. 1. 1. 0. 1. 0. 0. 0. 0. 0. 1. 0. 1. 0. 0. 0. 1. 1. 0. 1. 0. 0. 0.
 0. 1. 1. 1. 1. 1. 1. 1. 0. 0. 0. 1. 1. 0. 1. 1. 0. 1. 0. 1. 1. 0. 0. 0.
 0. 0. 0. 0. 1. 1. 1. 0. 1. 1. 0. 1. 1. 0. 1. 0. 1. 1. 0. 0. 1. 1. 0. 1.
 1. 1. 0. 1. 1. 0. 0. 1. 1. 0. 1. 0. 0. 0. 1. 1. 0. 0. 1. 0. 0. 0. 1. 1.
 0. 1. 1. 1. 1. 1. 0. 0. 0. 0. 1. 1. 0. 1. 1. 0. 1. 1. 0. 1. 1. 1. 0. 0.
 1. 1. 0. 1. 0. 0. 0. 0. 1. 1. 1. 0. 0. 0. 1. 1. 1. 1. 1. 1. 0. 1. 0. 0.
 1. 1. 0. 0. 1. 1. 1. 1. 0. 1. 1. 0. 1. 0. 0. 1. 0. 1. 0. 1. 0. 0. 1. 1.
 1. 0. 1. 0.]","[0. 1. 0. 0. 0. 1. 1. 1. 0. 0. 0. 0. 0. 1. 0. 0. 1. 1. 0. 0. 0. 0. 0. 1.
 0. 0. 1. 0. 1. 0. 0. 1. 0. 1. 1. 0. 0. 0. 1. 0. 0. 0. 1. 1. 1. 0. 1. 0.
 1. 0. 1. 1. 0. 1. 1. 1. 1. 0. 1. 0. 0. 1. 1. 1. 0. 0. 0. 1. 1. 0. 1. 1.
 0. 0. 1. 0. 0. 1. 0. 1. 0. 1. 1. 1. 0. 1. 0. 1. 1. 1. 1. 1. 1. 1. 1. 0.
 0. 0. 1. 1. 1. 0. 0. 1. 1. 1. 0. 0. 0. 1. 1. 1. 0. 0. 0. 0. 1. 1. 1. 0.
 1. 0. 0. 1. 1. 0. 0. 0. 0. 1. 0. 0. 1. 1. 0. 1. 1. 1. 0. 1. 1. 0. 1. 0.
 1. 1. 0. 0. 0. 1. 1. 0. 1. 1. 0. 1. 0. 0. 0. 1. 1. 1. 0. 1. 0. 1. 1. 0.
 1. 0. 0. 1. 1. 0. 0. 1. 0. 1. 1. 0. 0. 1. 0. 0. 1. 1. 0. 1. 1. 0. 0. 0.
 0. 1. 1. 0. 0. 1. 0. 0. 1. 0. 1. 1. 1. 0. 0. 0. 1. 1. 0. 0. 0. 0. 1. 0.
 0. 1. 0. 1. 1. 1. 1. 0. 0. 0. 0. 1. 1. 1. 1. 0. 1. 1. 1. 1. 0. 1. 0. 0.
 1. 0. 0. 1. 1. 1. 1. 1. 0. 0. 1. 1. 1. 0. 0. 1. 0. 1. 0. 0. 1. 0. 1. 0.
 1. 0. 0. 0.]"
167,randomforest,"{'criterion': 'gini', 'max_features': 'sqrt', 'n_estimators': 25}",0.5938166676856461,0.18765223893477048,0.1591165351215291,0.3476730665893231,0.5866941824603115,0.19489509317745585,0.5594806931520588,0.11940298507462688,0.5597014925373134,0.5597014925373134,"{0: 0.583955223880597, 1: 0.5839552238805971}","{0: 0.583955223880597, 1: 0.5839552238805971}",0.5839552238805971,"[[72 62]
 [56 78]]","[1. 0. 0. 0. 1. 1. 0. 1. 1. 0. 0. 0. 1. 0. 0. 0. 1. 0. 0. 0. 0. 1. 0. 0.
 0. 0. 0. 1. 1. 1. 1. 0. 0. 1. 1. 1. 1. 1. 1. 0. 0. 0. 1. 0. 0. 1. 1. 0.
 0. 0. 1. 1. 0. 1. 1. 1. 1. 1. 0. 1. 1. 0. 1. 1. 0. 0. 1. 1. 0. 1. 0. 0.
 0. 1. 0. 0. 1. 0. 0. 0. 1. 1. 1. 0. 0. 1. 0. 1. 1. 1. 1. 0. 0. 1. 1. 0.
 0. 0. 1. 1. 0. 1. 1. 0. 0. 0. 0. 1. 0. 1. 1. 0. 0. 1. 1. 0. 1. 0. 0. 0.
 0. 1. 1. 1. 1. 1. 0. 1. 1. 0. 0. 1. 1. 0. 1. 0. 0. 1. 0. 1. 1. 0. 1. 0.
 1. 0. 0. 0. 1. 1. 1. 0. 1. 0. 0. 1. 0. 0. 1. 0. 1. 1. 0. 0. 1. 1. 0. 1.
 1. 1. 1. 1. 1. 0. 1. 1. 1. 0. 1. 1. 0. 1. 1. 1. 0. 0. 1. 0. 0. 0. 0. 1.
 1. 1. 0. 0. 1. 1. 0. 1. 1. 0. 1. 1. 0. 0. 0. 0. 1. 1. 0. 1. 1. 1. 1. 0.
 1. 1. 0. 0. 0. 0. 0. 0. 1. 1. 1. 0. 0. 0. 1. 1. 1. 1. 1. 1. 0. 1. 0. 0.
 1. 1. 0. 0. 1. 1. 1. 1. 0. 1. 1. 0. 1. 0. 1. 1. 0. 0. 0. 1. 0. 0. 1. 1.
 1. 0. 1. 0.]","[0. 1. 0. 0. 0. 1. 1. 1. 0. 0. 0. 0. 0. 1. 0. 0. 1. 1. 0. 0. 0. 0. 0. 1.
 0. 0. 1. 0. 1. 0. 0. 1. 0. 1. 1. 0. 0. 0. 1. 0. 0. 0. 1. 1. 1. 0. 1. 0.
 1. 0. 1. 1. 0. 1. 1. 1. 1. 0. 1. 0. 0. 1. 1. 1. 0. 0. 0. 1. 1. 0. 1. 1.
 0. 0. 1. 0. 0. 1. 0. 1. 0. 1. 1. 1. 0. 1. 0. 1. 1. 1. 1. 1. 1. 1. 1. 0.
 0. 0. 1. 1. 1. 0. 0. 1. 1. 1. 0. 0. 0. 1. 1. 1. 0. 0. 0. 0. 1. 1. 1. 0.
 1. 0. 0. 1. 1. 0. 0. 0. 0. 1. 0. 0. 1. 1. 0. 1. 1. 1. 0. 1. 1. 0. 1. 0.
 1. 1. 0. 0. 0. 1. 1. 0. 1. 1. 0. 1. 0. 0. 0. 1. 1. 1. 0. 1. 0. 1. 1. 0.
 1. 0. 0. 1. 1. 0. 0. 1. 0. 1. 1. 0. 0. 1. 0. 0. 1. 1. 0. 1. 1. 0. 0. 0.
 0. 1. 1. 0. 0. 1. 0. 0. 1. 0. 1. 1. 1. 0. 0. 0. 1. 1. 0. 0. 0. 0. 1. 0.
 0. 1. 0. 1. 1. 1. 1. 0. 0. 0. 0. 1. 1. 1. 1. 0. 1. 1. 1. 1. 0. 1. 0. 0.
 1. 0. 0. 1. 1. 1. 1. 1. 0. 0. 1. 1. 1. 0. 0. 1. 0. 1. 0. 0. 1. 0. 1. 0.
 1. 0. 0. 0.]"
882,randomforest,"{'criterion': 'gini', 'max_features': 'sqrt', 'n_estimators': 407}",0.582931249199961,0.1899734831383946,0.15892355948146783,0.34125281316269934,0.5747993083678568,0.19573879151399026,0.5626961215011924,0.12686567164179108,0.5634328358208955,0.5634328358208955,"{0: 0.5776342169748274, 1: 0.5776342169748274}","{0: 0.5776342169748274, 1: 0.5776342169748274}",0.5776342169748274,"[[70 64]
 [53 81]]","[1. 0. 0. 0. 0. 1. 0. 1. 1. 0. 0. 0. 1. 0. 0. 0. 1. 0. 0. 0. 0. 1. 0. 0.
 0. 0. 1. 1. 1. 1. 1. 0. 0. 0. 1. 0. 1. 0. 1. 0. 1. 0. 1. 0. 0. 0. 1. 1.
 0. 0. 1. 0. 1. 1. 1. 1. 1. 1. 0. 1. 1. 0. 1. 1. 0. 0. 1. 1. 1. 1. 0. 0.
 1. 1. 0. 1. 1. 0. 0. 0. 1. 1. 1. 0. 0. 1. 0. 1. 1. 1. 1. 1. 0. 1. 1. 1.
 0. 0. 1. 1. 0. 1. 1. 0. 0. 0. 0. 1. 0. 1. 0. 0. 0. 1. 1. 0. 1. 0. 0. 0.
 0. 1. 1. 1. 1. 1. 1. 1. 1. 0. 0. 1. 1. 0. 1. 1. 0. 1. 0. 1. 1. 0. 0. 0.
 1. 0. 0. 0. 1. 1. 1. 0. 1. 1. 0. 1. 1. 0. 1. 0. 1. 1. 0. 0. 1. 1. 0. 1.
 1. 1. 0. 1. 1. 1. 0. 1. 1. 0. 1. 0. 0. 1. 1. 1. 0. 0. 1. 1. 0. 0. 1. 1.
 1. 1. 1. 1. 1. 1. 0. 0. 0. 0. 1. 1. 0. 0. 0. 0. 1. 1. 0. 1. 1. 1. 0. 0.
 1. 1. 0. 0. 0. 0. 0. 0. 1. 1. 1. 0. 1. 0. 1. 1. 1. 1. 1. 1. 0. 1. 0. 0.
 1. 1. 0. 0. 1. 1. 1. 1. 0. 1. 1. 0. 1. 0. 0. 1. 0. 1. 0. 1. 0. 0. 1. 1.
 1. 0. 1. 0.]","[0. 1. 0. 0. 0. 1. 1. 1. 0. 0. 0. 0. 0. 1. 0. 0. 1. 1. 0. 0. 0. 0. 0. 1.
 0. 0. 1. 0. 1. 0. 0. 1. 0. 1. 1. 0. 0. 0. 1. 0. 0. 0. 1. 1. 1. 0. 1. 0.
 1. 0. 1. 1. 0. 1. 1. 1. 1. 0. 1. 0. 0. 1. 1. 1. 0. 0. 0. 1. 1. 0. 1. 1.
 0. 0. 1. 0. 0. 1. 0. 1. 0. 1. 1. 1. 0. 1. 0. 1. 1. 1. 1. 1. 1. 1. 1. 0.
 0. 0. 1. 1. 1. 0. 0. 1. 1. 1. 0. 0. 0. 1. 1. 1. 0. 0. 0. 0. 1. 1. 1. 0.
 1. 0. 0. 1. 1. 0. 0. 0. 0. 1. 0. 0. 1. 1. 0. 1. 1. 1. 0. 1. 1. 0. 1. 0.
 1. 1. 0. 0. 0. 1. 1. 0. 1. 1. 0. 1. 0. 0. 0. 1. 1. 1. 0. 1. 0. 1. 1. 0.
 1. 0. 0. 1. 1. 0. 0. 1. 0. 1. 1. 0. 0. 1. 0. 0. 1. 1. 0. 1. 1. 0. 0. 0.
 0. 1. 1. 0. 0. 1. 0. 0. 1. 0. 1. 1. 1. 0. 0. 0. 1. 1. 0. 0. 0. 0. 1. 0.
 0. 1. 0. 1. 1. 1. 1. 0. 0. 0. 0. 1. 1. 1. 1. 0. 1. 1. 1. 1. 0. 1. 0. 0.
 1. 0. 0. 1. 1. 1. 1. 1. 0. 0. 1. 1. 1. 0. 0. 1. 0. 1. 0. 0. 1. 0. 1. 0.
 1. 0. 0. 0.]"
727,randomforest,"{'criterion': 'gini', 'max_features': None, 'n_estimators': 423}",0.5808755663465894,0.19488475066386307,0.15891683187916014,0.3615753552058886,0.5738416470775342,0.19847824382949877,0.5631347962382445,0.12686567164179108,0.5634328358208955,0.5634328358208955,"{0: 0.5818946313210069, 1: 0.5818946313210069}","{0: 0.5818946313210069, 1: 0.5818946313210069}",0.5818946313210069,"[[72 62]
 [55 79]]","[1. 0. 0. 0. 0. 1. 0. 1. 1. 0. 0. 0. 1. 0. 0. 0. 0. 0. 0. 0. 0. 1. 0. 0.
 0. 0. 1. 1. 1. 1. 1. 0. 0. 0. 1. 1. 0. 0. 1. 0. 1. 0. 1. 1. 0. 1. 1. 0.
 0. 0. 1. 0. 0. 1. 1. 1. 1. 1. 0. 1. 1. 0. 1. 0. 0. 0. 1. 1. 1. 1. 0. 0.
 1. 1. 0. 1. 1. 0. 0. 0. 1. 1. 1. 0. 0. 1. 0. 1. 1. 1. 1. 1. 0. 1. 1. 1.
 0. 0. 1. 1. 0. 1. 1. 0. 0. 0. 0. 1. 0. 1. 0. 0. 0. 1. 1. 0. 1. 0. 0. 0.
 1. 1. 1. 1. 1. 1. 1. 1. 1. 0. 0. 1. 1. 0. 1. 1. 0. 1. 0. 1. 1. 0. 1. 0.
 0. 0. 0. 0. 1. 1. 1. 0. 1. 1. 0. 1. 1. 0. 1. 0. 1. 1. 0. 0. 1. 1. 0. 1.
 1. 1. 0. 1. 1. 0. 0. 1. 1. 0. 1. 0. 0. 1. 1. 1. 0. 0. 1. 1. 0. 0. 1. 1.
 0. 1. 0. 0. 0. 1. 0. 1. 0. 0. 1. 1. 0. 1. 0. 1. 1. 1. 0. 1. 1. 1. 0. 0.
 1. 1. 0. 0. 0. 0. 0. 0. 1. 1. 1. 0. 0. 0. 1. 1. 1. 1. 1. 1. 0. 1. 0. 0.
 1. 1. 0. 0. 1. 1. 1. 1. 0. 1. 1. 0. 1. 0. 0. 1. 0. 1. 0. 1. 0. 0. 1. 1.
 1. 0. 1. 0.]","[0. 1. 0. 0. 0. 1. 1. 1. 0. 0. 0. 0. 0. 1. 0. 0. 1. 1. 0. 0. 0. 0. 0. 1.
 0. 0. 1. 0. 1. 0. 0. 1. 0. 1. 1. 0. 0. 0. 1. 0. 0. 0. 1. 1. 1. 0. 1. 0.
 1. 0. 1. 1. 0. 1. 1. 1. 1. 0. 1. 0. 0. 1. 1. 1. 0. 0. 0. 1. 1. 0. 1. 1.
 0. 0. 1. 0. 0. 1. 0. 1. 0. 1. 1. 1. 0. 1. 0. 1. 1. 1. 1. 1. 1. 1. 1. 0.
 0. 0. 1. 1. 1. 0. 0. 1. 1. 1. 0. 0. 0. 1. 1. 1. 0. 0. 0. 0. 1. 1. 1. 0.
 1. 0. 0. 1. 1. 0. 0. 0. 0. 1. 0. 0. 1. 1. 0. 1. 1. 1. 0. 1. 1. 0. 1. 0.
 1. 1. 0. 0. 0. 1. 1. 0. 1. 1. 0. 1. 0. 0. 0. 1. 1. 1. 0. 1. 0. 1. 1. 0.
 1. 0. 0. 1. 1. 0. 0. 1. 0. 1. 1. 0. 0. 1. 0. 0. 1. 1. 0. 1. 1. 0. 0. 0.
 0. 1. 1. 0. 0. 1. 0. 0. 1. 0. 1. 1. 1. 0. 0. 0. 1. 1. 0. 0. 0. 0. 1. 0.
 0. 1. 0. 1. 1. 1. 1. 0. 0. 0. 0. 1. 1. 1. 1. 0. 1. 1. 1. 1. 0. 1. 0. 0.
 1. 0. 0. 1. 1. 1. 1. 1. 0. 0. 1. 1. 1. 0. 0. 1. 0. 1. 0. 0. 1. 0. 1. 0.
 1. 0. 0. 0.]"
929,randomforest,"{'criterion': 'entropy', 'max_features': 'sqrt', 'n_estimators': 293}",0.579229919704303,0.19376338017485825,0.15887967658473023,0.3570608227119936,0.5709622366880431,0.1989731934681291,0.5631347962382445,0.12686567164179108,0.5634328358208955,0.5634328358208955,"{0: 0.5818110937848073, 1: 0.5818110937848073}","{0: 0.5818110937848073, 1: 0.5818110937848073}",0.5818110937848073,"[[72 62]
 [55 79]]","[1. 0. 0. 0. 0. 1. 0. 1. 1. 0. 0. 0. 1. 0. 0. 0. 1. 0. 0. 0. 0. 1. 0. 0.
 0. 0. 1. 1. 1. 1. 1. 0. 0. 0. 1. 0. 1. 0. 1. 0. 1. 0. 1. 0. 0. 0. 1. 0.
 0. 0. 1. 0. 0. 1. 1. 1. 1. 1. 0. 1. 0. 0. 1. 0. 0. 0. 1. 1. 1. 1. 0. 0.
 1. 1. 0. 1. 1. 0. 1. 0. 1. 1. 1. 0. 0. 1. 0. 1. 1. 1. 1. 1. 0. 1. 1. 1.
 0. 0. 1. 1. 0. 1. 1. 1. 0. 0. 0. 1. 0. 1. 0. 0. 0. 1. 1. 0. 1. 0. 0. 0.
 0. 1. 1. 1. 1. 1. 1. 1. 1. 0. 0. 1. 1. 0. 1. 1. 0. 1. 0. 1. 1. 0. 0. 0.
 0. 0. 0. 0. 1. 1. 1. 0. 1. 1. 0. 1. 1. 0. 1. 0. 1. 1. 0. 0. 1. 0. 0. 1.
 1. 1. 0. 1. 1. 1. 0. 1. 1. 0. 1. 0. 0. 1. 1. 1. 0. 0. 1. 1. 0. 0. 1. 1.
 0. 1. 1. 1. 1. 1. 0. 1. 0. 0. 1. 1. 0. 0. 0. 0. 1. 1. 0. 1. 1. 1. 1. 0.
 1. 1. 0. 1. 0. 0. 0. 0. 1. 1. 1. 0. 1. 0. 1. 1. 1. 1. 1. 1. 0. 1. 0. 0.
 1. 1. 0. 0. 1. 1. 0. 1. 0. 1. 1. 0. 1. 0. 0. 1. 0. 0. 0. 1. 0. 0. 1. 1.
 1. 0. 1. 0.]","[0. 1. 0. 0. 0. 1. 1. 1. 0. 0. 0. 0. 0. 1. 0. 0. 1. 1. 0. 0. 0. 0. 0. 1.
 0. 0. 1. 0. 1. 0. 0. 1. 0. 1. 1. 0. 0. 0. 1. 0. 0. 0. 1. 1. 1. 0. 1. 0.
 1. 0. 1. 1. 0. 1. 1. 1. 1. 0. 1. 0. 0. 1. 1. 1. 0. 0. 0. 1. 1. 0. 1. 1.
 0. 0. 1. 0. 0. 1. 0. 1. 0. 1. 1. 1. 0. 1. 0. 1. 1. 1. 1. 1. 1. 1. 1. 0.
 0. 0. 1. 1. 1. 0. 0. 1. 1. 1. 0. 0. 0. 1. 1. 1. 0. 0. 0. 0. 1. 1. 1. 0.
 1. 0. 0. 1. 1. 0. 0. 0. 0. 1. 0. 0. 1. 1. 0. 1. 1. 1. 0. 1. 1. 0. 1. 0.
 1. 1. 0. 0. 0. 1. 1. 0. 1. 1. 0. 1. 0. 0. 0. 1. 1. 1. 0. 1. 0. 1. 1. 0.
 1. 0. 0. 1. 1. 0. 0. 1. 0. 1. 1. 0. 0. 1. 0. 0. 1. 1. 0. 1. 1. 0. 0. 0.
 0. 1. 1. 0. 0. 1. 0. 0. 1. 0. 1. 1. 1. 0. 0. 0. 1. 1. 0. 0. 0. 0. 1. 0.
 0. 1. 0. 1. 1. 1. 1. 0. 0. 0. 0. 1. 1. 1. 1. 0. 1. 1. 1. 1. 0. 1. 0. 0.
 1. 0. 0. 1. 1. 1. 1. 1. 0. 0. 1. 1. 1. 0. 0. 1. 0. 1. 0. 0. 1. 0. 1. 0.
 1. 0. 0. 0.]"
495,randomforest,"{'criterion': 'gini', 'max_features': 'log2', 'n_estimators': 539}",0.5785110969121616,0.1973282109405073,0.15832054778005797,0.35976876692018883,0.5704285055595539,0.2027914626632257,0.5558155406064151,0.11194029850746268,0.5559701492537313,0.5559701492537313,"{0: 0.5907496101581644, 1: 0.5907496101581644}","{0: 0.5907496101581644, 1: 0.5907496101581644}",0.5907496101581644,"[[72 62]
 [57 77]]","[1. 0. 0. 0. 0. 1. 0. 1. 1. 0. 0. 0. 1. 0. 0. 0. 1. 0. 0. 0. 0. 1. 0. 0.
 0. 0. 1. 1. 1. 1. 1. 0. 0. 0. 1. 0. 0. 0. 1. 0. 1. 0. 1. 0. 0. 0. 1. 1.
 0. 0. 1. 0. 1. 1. 1. 1. 1. 1. 0. 1. 0. 0. 1. 0. 0. 0. 1. 1. 1. 1. 0. 0.
 1. 1. 0. 1. 1. 0. 0. 0. 1. 1. 1. 0. 0. 1. 0. 1. 1. 1. 1. 1. 0. 1. 1. 1.
 0. 0. 1. 1. 0. 1. 1. 0. 0. 0. 0. 1. 0. 1. 0. 0. 0. 1. 1. 0. 1. 0. 0. 0.
 0. 1. 1. 1. 1. 1. 1. 1. 1. 0. 0. 1. 1. 0. 1. 1. 0. 1. 0. 1. 1. 0. 0. 0.
 0. 0. 0. 0. 1. 1. 1. 0. 1. 0. 0. 1. 1. 0. 1. 0. 1. 1. 0. 0. 1. 1. 0. 1.
 1. 1. 0. 1. 1. 1. 0. 1. 1. 0. 1. 0. 0. 1. 1. 1. 0. 0. 1. 1. 0. 0. 1. 1.
 1. 1. 1. 1. 1. 1. 0. 0. 0. 0. 1. 1. 0. 0. 0. 0. 1. 1. 0. 1. 1. 1. 0. 0.
 1. 1. 0. 1. 0. 0. 0. 0. 1. 1. 1. 0. 1. 0. 1. 1. 1. 1. 1. 1. 0. 1. 0. 0.
 1. 1. 0. 0. 1. 1. 0. 1. 0. 1. 1. 0. 1. 0. 0. 1. 0. 0. 0. 1. 0. 0. 1. 1.
 1. 0. 1. 0.]","[0. 1. 0. 0. 0. 1. 1. 1. 0. 0. 0. 0. 0. 1. 0. 0. 1. 1. 0. 0. 0. 0. 0. 1.
 0. 0. 1. 0. 1. 0. 0. 1. 0. 1. 1. 0. 0. 0. 1. 0. 0. 0. 1. 1. 1. 0. 1. 0.
 1. 0. 1. 1. 0. 1. 1. 1. 1. 0. 1. 0. 0. 1. 1. 1. 0. 0. 0. 1. 1. 0. 1. 1.
 0. 0. 1. 0. 0. 1. 0. 1. 0. 1. 1. 1. 0. 1. 0. 1. 1. 1. 1. 1. 1. 1. 1. 0.
 0. 0. 1. 1. 1. 0. 0. 1. 1. 1. 0. 0. 0. 1. 1. 1. 0. 0. 0. 0. 1. 1. 1. 0.
 1. 0. 0. 1. 1. 0. 0. 0. 0. 1. 0. 0. 1. 1. 0. 1. 1. 1. 0. 1. 1. 0. 1. 0.
 1. 1. 0. 0. 0. 1. 1. 0. 1. 1. 0. 1. 0. 0. 0. 1. 1. 1. 0. 1. 0. 1. 1. 0.
 1. 0. 0. 1. 1. 0. 0. 1. 0. 1. 1. 0. 0. 1. 0. 0. 1. 1. 0. 1. 1. 0. 0. 0.
 0. 1. 1. 0. 0. 1. 0. 0. 1. 0. 1. 1. 1. 0. 0. 0. 1. 1. 0. 0. 0. 0. 1. 0.
 0. 1. 0. 1. 1. 1. 1. 0. 0. 0. 0. 1. 1. 1. 1. 0. 1. 1. 1. 1. 0. 1. 0. 0.
 1. 0. 0. 1. 1. 1. 1. 1. 0. 0. 1. 1. 1. 0. 0. 1. 0. 1. 0. 0. 1. 0. 1. 0.
 1. 0. 0. 0.]"
105,randomforest,"{'criterion': 'entropy', 'max_features': 'sqrt', 'n_estimators': 491}",0.5912654893481902,0.19772527045431032,0.158288514977838,0.3507104985451617,0.586155721891609,0.19456789312819875,0.5656159177285938,0.13432835820895528,0.5671641791044776,0.5671641791044777,"{0: 0.5874638004009801, 1: 0.5874638004009802}","{0: 0.5874638004009801, 1: 0.5874638004009802}",0.5874638004009802,"[[68 66]
 [50 84]]","[1. 0. 0. 0. 0. 1. 0. 1. 1. 0. 0. 0. 1. 0. 0. 0. 1. 0. 0. 0. 0. 1. 0. 0.
 0. 0. 1. 1. 1. 1. 1. 0. 0. 0. 1. 1. 1. 0. 1. 0. 1. 0. 1. 0. 0. 0. 1. 1.
 0. 0. 1. 0. 1. 1. 1. 1. 1. 1. 0. 1. 1. 0. 1. 0. 0. 0. 1. 1. 1. 1. 0. 0.
 1. 1. 0. 1. 1. 0. 1. 0. 1. 1. 1. 1. 0. 1. 0. 1. 1. 1. 1. 1. 0. 1. 1. 1.
 0. 0. 1. 1. 0. 1. 1. 1. 1. 0. 0. 1. 0. 1. 0. 0. 0. 1. 1. 0. 1. 0. 0. 0.
 0. 1. 1. 1. 1. 1. 1. 1. 1. 0. 0. 1. 1. 0. 1. 1. 0. 1. 0. 1. 0. 0. 1. 0.
 0. 0. 0. 0. 1. 1. 1. 0. 1. 1. 0. 1. 1. 0. 1. 0. 1. 1. 0. 0. 1. 1. 0. 1.
 1. 1. 1. 1. 1. 1. 0. 1. 1. 0. 1. 0. 0. 1. 1. 1. 0. 0. 1. 1. 0. 0. 1. 1.
 0. 1. 1. 0. 1. 1. 0. 1. 0. 0. 1. 1. 0. 0. 0. 0. 1. 1. 0. 1. 1. 1. 1. 0.
 1. 1. 0. 1. 0. 0. 0. 0. 1. 1. 1. 0. 1. 0. 1. 1. 1. 1. 1. 1. 0. 1. 0. 0.
 1. 1. 0. 0. 1. 1. 1. 1. 0. 1. 1. 0. 1. 0. 0. 1. 0. 1. 0. 1. 0. 0. 1. 1.
 1. 0. 1. 0.]","[0. 1. 0. 0. 0. 1. 1. 1. 0. 0. 0. 0. 0. 1. 0. 0. 1. 1. 0. 0. 0. 0. 0. 1.
 0. 0. 1. 0. 1. 0. 0. 1. 0. 1. 1. 0. 0. 0. 1. 0. 0. 0. 1. 1. 1. 0. 1. 0.
 1. 0. 1. 1. 0. 1. 1. 1. 1. 0. 1. 0. 0. 1. 1. 1. 0. 0. 0. 1. 1. 0. 1. 1.
 0. 0. 1. 0. 0. 1. 0. 1. 0. 1. 1. 1. 0. 1. 0. 1. 1. 1. 1. 1. 1. 1. 1. 0.
 0. 0. 1. 1. 1. 0. 0. 1. 1. 1. 0. 0. 0. 1. 1. 1. 0. 0. 0. 0. 1. 1. 1. 0.
 1. 0. 0. 1. 1. 0. 0. 0. 0. 1. 0. 0. 1. 1. 0. 1. 1. 1. 0. 1. 1. 0. 1. 0.
 1. 1. 0. 0. 0. 1. 1. 0. 1. 1. 0. 1. 0. 0. 0. 1. 1. 1. 0. 1. 0. 1. 1. 0.
 1. 0. 0. 1. 1. 0. 0. 1. 0. 1. 1. 0. 0. 1. 0. 0. 1. 1. 0. 1. 1. 0. 0. 0.
 0. 1. 1. 0. 0. 1. 0. 0. 1. 0. 1. 1. 1. 0. 0. 0. 1. 1. 0. 0. 0. 0. 1. 0.
 0. 1. 0. 1. 1. 1. 1. 0. 0. 0. 0. 1. 1. 1. 1. 0. 1. 1. 1. 1. 0. 1. 0. 0.
 1. 0. 0. 1. 1. 1. 1. 1. 0. 0. 1. 1. 1. 0. 0. 1. 0. 1. 0. 0. 1. 0. 1. 0.
 1. 0. 0. 0.]"
801,randomforest,"{'criterion': 'gini', 'max_features': 'sqrt', 'n_estimators': 251}",0.583039928130061,0.17895960210670483,0.15779818927950823,0.34001604370845784,0.5774521550731228,0.18660298150509952,0.5669471220816849,0.13432835820895528,0.5671641791044776,0.5671641791044777,"{0: 0.5773557585208287, 1: 0.5773557585208288}","{0: 0.5773557585208287, 1: 0.5773557585208288}",0.5773557585208288,"[[73 61]
 [55 79]]","[1. 0. 0. 0. 0. 1. 0. 1. 1. 0. 0. 0. 1. 0. 0. 0. 1. 0. 0. 1. 0. 1. 0. 0.
 0. 0. 1. 1. 1. 1. 1. 0. 0. 0. 1. 0. 0. 0. 1. 0. 0. 0. 1. 0. 0. 0. 1. 1.
 0. 0. 1. 0. 0. 1. 1. 1. 1. 1. 0. 1. 1. 0. 1. 1. 0. 0. 1. 1. 1. 1. 0. 0.
 1. 1. 0. 1. 1. 0. 0. 0. 1. 1. 1. 0. 0. 1. 0. 1. 1. 1. 1. 1. 0. 1. 1. 1.
 0. 0. 1. 1. 0. 1. 1. 0. 0. 0. 0. 1. 0. 1. 0. 0. 0. 1. 1. 1. 1. 0. 0. 0.
 0. 1. 1. 1. 1. 1. 1. 1. 1. 0. 0. 1. 1. 0. 1. 1. 0. 1. 0. 1. 1. 0. 0. 0.
 0. 0. 0. 0. 0. 1. 1. 0. 1. 1. 0. 1. 1. 0. 1. 0. 1. 1. 0. 0. 1. 1. 0. 1.
 1. 1. 0. 1. 1. 0. 0. 1. 1. 0. 1. 0. 0. 1. 1. 1. 0. 0. 1. 1. 0. 0. 1. 1.
 1. 1. 1. 1. 1. 1. 0. 1. 0. 0. 1. 1. 0. 0. 0. 0. 1. 1. 0. 1. 1. 1. 0. 0.
 1. 1. 0. 0. 0. 0. 0. 0. 1. 1. 1. 0. 1. 0. 1. 1. 1. 1. 1. 1. 0. 1. 0. 0.
 1. 1. 0. 0. 1. 1. 1. 1. 0. 0. 1. 0. 1. 0. 0. 1. 0. 0. 0. 1. 0. 0. 1. 1.
 1. 0. 1. 0.]","[0. 1. 0. 0. 0. 1. 1. 1. 0. 0. 0. 0. 0. 1. 0. 0. 1. 1. 0. 0. 0. 0. 0. 1.
 0. 0. 1. 0. 1. 0. 0. 1. 0. 1. 1. 0. 0. 0. 1. 0. 0. 0. 1. 1. 1. 0. 1. 0.
 1. 0. 1. 1. 0. 1. 1. 1. 1. 0. 1. 0. 0. 1. 1. 1. 0. 0. 0. 1. 1. 0. 1. 1.
 0. 0. 1. 0. 0. 1. 0. 1. 0. 1. 1. 1. 0. 1. 0. 1. 1. 1. 1. 1. 1. 1. 1. 0.
 0. 0. 1. 1. 1. 0. 0. 1. 1. 1. 0. 0. 0. 1. 1. 1. 0. 0. 0. 0. 1. 1. 1. 0.
 1. 0. 0. 1. 1. 0. 0. 0. 0. 1. 0. 0. 1. 1. 0. 1. 1. 1. 0. 1. 1. 0. 1. 0.
 1. 1. 0. 0. 0. 1. 1. 0. 1. 1. 0. 1. 0. 0. 0. 1. 1. 1. 0. 1. 0. 1. 1. 0.
 1. 0. 0. 1. 1. 0. 0. 1. 0. 1. 1. 0. 0. 1. 0. 0. 1. 1. 0. 1. 1. 0. 0. 0.
 0. 1. 1. 0. 0. 1. 0. 0. 1. 0. 1. 1. 1. 0. 0. 0. 1. 1. 0. 0. 0. 0. 1. 0.
 0. 1. 0. 1. 1. 1. 1. 0. 0. 0. 0. 1. 1. 1. 1. 0. 1. 1. 1. 1. 0. 1. 0. 0.
 1. 0. 0. 1. 1. 1. 1. 1. 0. 0. 1. 1. 1. 0. 0. 1. 0. 1. 0. 0. 1. 0. 1. 0.
 1. 0. 0. 0.]"
539,randomforest,"{'criterion': 'gini', 'max_features': 'sqrt', 'n_estimators': 291}",0.5800651992157896,0.1939127908515965,0.15777009111441034,0.3639142151602682,0.5731481257690935,0.2035406599672423,0.5629399383912019,0.12686567164179108,0.5634328358208955,0.5634328358208955,"{0: 0.5915014479839609, 1: 0.5915014479839608}","{0: 0.5915014479839609, 1: 0.5915014479839608}",0.5915014479839608,"[[71 63]
 [54 80]]","[1. 0. 0. 0. 0. 1. 0. 1. 1. 0. 0. 0. 1. 0. 0. 0. 1. 0. 0. 0. 0. 1. 0. 0.
 1. 0. 1. 1. 1. 1. 1. 0. 0. 0. 1. 1. 0. 0. 1. 0. 1. 0. 1. 0. 0. 1. 1. 1.
 0. 0. 1. 0. 1. 1. 1. 1. 1. 1. 0. 1. 1. 0. 1. 0. 0. 0. 1. 1. 1. 1. 0. 0.
 1. 1. 0. 1. 1. 0. 0. 0. 1. 1. 1. 0. 0. 1. 0. 1. 1. 1. 1. 1. 0. 1. 1. 1.
 0. 0. 1. 1. 0. 1. 1. 0. 0. 0. 0. 1. 0. 1. 0. 0. 0. 1. 1. 0. 1. 0. 0. 0.
 0. 1. 1. 1. 1. 1. 1. 1. 1. 0. 0. 1. 1. 0. 1. 1. 0. 1. 0. 1. 1. 0. 1. 0.
 1. 0. 0. 0. 1. 1. 1. 0. 1. 0. 0. 1. 1. 0. 1. 0. 1. 1. 0. 0. 1. 1. 0. 1.
 1. 1. 0. 1. 1. 1. 0. 1. 1. 0. 1. 0. 0. 1. 1. 1. 0. 0. 1. 1. 0. 0. 1. 1.
 0. 1. 1. 0. 0. 1. 0. 0. 0. 0. 1. 1. 0. 0. 0. 0. 1. 1. 0. 1. 1. 1. 0. 0.
 1. 1. 0. 1. 0. 0. 0. 0. 1. 1. 1. 0. 1. 0. 0. 1. 1. 1. 1. 1. 0. 1. 0. 0.
 1. 1. 0. 0. 1. 1. 1. 1. 0. 1. 1. 0. 1. 0. 0. 1. 0. 1. 0. 1. 0. 0. 1. 1.
 1. 0. 1. 0.]","[0. 1. 0. 0. 0. 1. 1. 1. 0. 0. 0. 0. 0. 1. 0. 0. 1. 1. 0. 0. 0. 0. 0. 1.
 0. 0. 1. 0. 1. 0. 0. 1. 0. 1. 1. 0. 0. 0. 1. 0. 0. 0. 1. 1. 1. 0. 1. 0.
 1. 0. 1. 1. 0. 1. 1. 1. 1. 0. 1. 0. 0. 1. 1. 1. 0. 0. 0. 1. 1. 0. 1. 1.
 0. 0. 1. 0. 0. 1. 0. 1. 0. 1. 1. 1. 0. 1. 0. 1. 1. 1. 1. 1. 1. 1. 1. 0.
 0. 0. 1. 1. 1. 0. 0. 1. 1. 1. 0. 0. 0. 1. 1. 1. 0. 0. 0. 0. 1. 1. 1. 0.
 1. 0. 0. 1. 1. 0. 0. 0. 0. 1. 0. 0. 1. 1. 0. 1. 1. 1. 0. 1. 1. 0. 1. 0.
 1. 1. 0. 0. 0. 1. 1. 0. 1. 1. 0. 1. 0. 0. 0. 1. 1. 1. 0. 1. 0. 1. 1. 0.
 1. 0. 0. 1. 1. 0. 0. 1. 0. 1. 1. 0. 0. 1. 0. 0. 1. 1. 0. 1. 1. 0. 0. 0.
 0. 1. 1. 0. 0. 1. 0. 0. 1. 0. 1. 1. 1. 0. 0. 0. 1. 1. 0. 0. 0. 0. 1. 0.
 0. 1. 0. 1. 1. 1. 1. 0. 0. 0. 0. 1. 1. 1. 1. 0. 1. 1. 1. 1. 0. 1. 0. 0.
 1. 0. 0. 1. 1. 1. 1. 1. 0. 0. 1. 1. 1. 0. 0. 1. 0. 1. 0. 0. 1. 0. 1. 0.
 1. 0. 0. 0.]"
486,randomforest,"{'criterion': 'gini', 'max_features': 'sqrt', 'n_estimators': 151}",0.5696791535874648,0.19376263852435804,0.15774737134603756,0.3512737527393805,0.5605670744279615,0.19736746026145435,0.5445478352928067,0.08955223880597019,0.5447761194029851,0.544776119402985,"{0: 0.5874359545555803, 1: 0.5874359545555803}","{0: 0.5874359545555803, 1: 0.5874359545555803}",0.5874359545555803,"[[70 64]
 [58 76]]","[1. 0. 0. 0. 0. 1. 0. 1. 1. 0. 0. 0. 1. 0. 0. 0. 0. 0. 0. 0. 0. 1. 0. 0.
 0. 0. 1. 1. 1. 1. 1. 0. 0. 0. 1. 1. 0. 0. 0. 0. 0. 0. 1. 0. 0. 0. 1. 0.
 0. 0. 1. 0. 0. 1. 1. 1. 1. 1. 0. 1. 0. 0. 1. 1. 0. 0. 1. 1. 1. 1. 0. 0.
 1. 1. 0. 1. 1. 0. 0. 0. 1. 1. 1. 0. 0. 1. 1. 1. 1. 1. 1. 1. 0. 1. 1. 1.
 0. 0. 1. 1. 0. 1. 1. 0. 0. 0. 0. 1. 0. 1. 0. 0. 0. 1. 1. 0. 1. 0. 0. 0.
 0. 1. 1. 1. 1. 1. 1. 1. 0. 0. 0. 1. 1. 0. 1. 1. 0. 1. 0. 1. 0. 0. 0. 0.
 1. 0. 0. 0. 1. 1. 1. 0. 1. 1. 0. 1. 1. 0. 1. 0. 1. 1. 0. 0. 1. 1. 0. 1.
 1. 1. 0. 1. 1. 0. 0. 1. 1. 0. 1. 1. 0. 0. 1. 1. 0. 0. 1. 1. 0. 0. 1. 1.
 1. 1. 1. 1. 1. 1. 0. 1. 0. 0. 1. 1. 0. 1. 1. 0. 1. 1. 0. 1. 1. 1. 0. 0.
 1. 1. 1. 0. 0. 0. 0. 0. 1. 1. 1. 0. 1. 1. 1. 1. 1. 1. 1. 1. 0. 1. 0. 0.
 1. 1. 0. 0. 1. 1. 0. 1. 0. 1. 1. 0. 1. 0. 0. 1. 0. 0. 0. 1. 0. 0. 1. 1.
 1. 0. 1. 0.]","[0. 1. 0. 0. 0. 1. 1. 1. 0. 0. 0. 0. 0. 1. 0. 0. 1. 1. 0. 0. 0. 0. 0. 1.
 0. 0. 1. 0. 1. 0. 0. 1. 0. 1. 1. 0. 0. 0. 1. 0. 0. 0. 1. 1. 1. 0. 1. 0.
 1. 0. 1. 1. 0. 1. 1. 1. 1. 0. 1. 0. 0. 1. 1. 1. 0. 0. 0. 1. 1. 0. 1. 1.
 0. 0. 1. 0. 0. 1. 0. 1. 0. 1. 1. 1. 0. 1. 0. 1. 1. 1. 1. 1. 1. 1. 1. 0.
 0. 0. 1. 1. 1. 0. 0. 1. 1. 1. 0. 0. 0. 1. 1. 1. 0. 0. 0. 0. 1. 1. 1. 0.
 1. 0. 0. 1. 1. 0. 0. 0. 0. 1. 0. 0. 1. 1. 0. 1. 1. 1. 0. 1. 1. 0. 1. 0.
 1. 1. 0. 0. 0. 1. 1. 0. 1. 1. 0. 1. 0. 0. 0. 1. 1. 1. 0. 1. 0. 1. 1. 0.
 1. 0. 0. 1. 1. 0. 0. 1. 0. 1. 1. 0. 0. 1. 0. 0. 1. 1. 0. 1. 1. 0. 0. 0.
 0. 1. 1. 0. 0. 1. 0. 0. 1. 0. 1. 1. 1. 0. 0. 0. 1. 1. 0. 0. 0. 0. 1. 0.
 0. 1. 0. 1. 1. 1. 1. 0. 0. 0. 0. 1. 1. 1. 1. 0. 1. 1. 1. 1. 0. 1. 0. 0.
 1. 0. 0. 1. 1. 1. 1. 1. 0. 0. 1. 1. 1. 0. 0. 1. 0. 1. 0. 0. 1. 0. 1. 0.
 1. 0. 0. 0.]"
880,randomforest,"{'criterion': 'gini', 'max_features': 'sqrt', 'n_estimators': 273}",0.5841915501130396,0.18486605446538382,0.15770015935265816,0.32964540358748745,0.5771281138216622,0.18842464080689655,0.5631347962382445,0.12686567164179108,0.5634328358208955,0.5634328358208955,"{0: 0.5883827132991758, 1: 0.5883827132991758}","{0: 0.5883827132991758, 1: 0.5883827132991758}",0.5883827132991758,"[[72 62]
 [55 79]]","[1. 0. 0. 0. 0. 1. 0. 1. 1. 0. 0. 0. 1. 0. 0. 0. 1. 0. 0. 0. 0. 1. 0. 0.
 0. 0. 1. 1. 1. 1. 1. 0. 0. 0. 1. 0. 1. 0. 1. 0. 0. 0. 1. 1. 0. 1. 1. 1.
 0. 0. 1. 0. 1. 1. 1. 1. 1. 1. 0. 1. 1. 0. 1. 1. 0. 0. 1. 1. 1. 1. 0. 0.
 0. 1. 0. 1. 1. 0. 0. 0. 1. 1. 1. 0. 0. 1. 1. 1. 1. 1. 1. 1. 0. 1. 1. 1.
 0. 0. 1. 1. 0. 1. 1. 0. 0. 0. 0. 1. 0. 1. 0. 0. 0. 1. 1. 0. 1. 0. 0. 0.
 0. 1. 1. 1. 1. 1. 1. 1. 1. 0. 0. 1. 1. 0. 1. 1. 0. 1. 0. 1. 0. 0. 0. 0.
 1. 0. 0. 0. 1. 1. 1. 0. 1. 1. 0. 1. 1. 0. 1. 0. 1. 1. 0. 0. 1. 0. 0. 1.
 1. 1. 0. 1. 1. 0. 0. 1. 1. 0. 1. 0. 0. 0. 1. 1. 0. 0. 1. 1. 0. 0. 1. 1.
 1. 1. 1. 0. 1. 1. 0. 0. 0. 0. 1. 1. 0. 0. 0. 0. 1. 1. 0. 1. 1. 1. 0. 0.
 1. 1. 0. 1. 0. 0. 0. 0. 1. 1. 1. 0. 0. 0. 1. 1. 1. 1. 1. 1. 0. 1. 0. 0.
 1. 1. 0. 0. 1. 1. 1. 1. 0. 1. 1. 0. 1. 0. 0. 1. 0. 1. 0. 1. 0. 0. 1. 1.
 1. 0. 1. 0.]","[0. 1. 0. 0. 0. 1. 1. 1. 0. 0. 0. 0. 0. 1. 0. 0. 1. 1. 0. 0. 0. 0. 0. 1.
 0. 0. 1. 0. 1. 0. 0. 1. 0. 1. 1. 0. 0. 0. 1. 0. 0. 0. 1. 1. 1. 0. 1. 0.
 1. 0. 1. 1. 0. 1. 1. 1. 1. 0. 1. 0. 0. 1. 1. 1. 0. 0. 0. 1. 1. 0. 1. 1.
 0. 0. 1. 0. 0. 1. 0. 1. 0. 1. 1. 1. 0. 1. 0. 1. 1. 1. 1. 1. 1. 1. 1. 0.
 0. 0. 1. 1. 1. 0. 0. 1. 1. 1. 0. 0. 0. 1. 1. 1. 0. 0. 0. 0. 1. 1. 1. 0.
 1. 0. 0. 1. 1. 0. 0. 0. 0. 1. 0. 0. 1. 1. 0. 1. 1. 1. 0. 1. 1. 0. 1. 0.
 1. 1. 0. 0. 0. 1. 1. 0. 1. 1. 0. 1. 0. 0. 0. 1. 1. 1. 0. 1. 0. 1. 1. 0.
 1. 0. 0. 1. 1. 0. 0. 1. 0. 1. 1. 0. 0. 1. 0. 0. 1. 1. 0. 1. 1. 0. 0. 0.
 0. 1. 1. 0. 0. 1. 0. 0. 1. 0. 1. 1. 1. 0. 0. 0. 1. 1. 0. 0. 0. 0. 1. 0.
 0. 1. 0. 1. 1. 1. 1. 0. 0. 0. 0. 1. 1. 1. 1. 0. 1. 1. 1. 1. 0. 1. 0. 0.
 1. 0. 0. 1. 1. 1. 1. 1. 0. 0. 1. 1. 1. 0. 0. 1. 0. 1. 0. 0. 1. 0. 1. 0.
 1. 0. 0. 0.]"
266,randomforest,"{'criterion': 'gini', 'max_features': 'sqrt', 'n_estimators': 143}",0.5830357149439218,0.17660870587441438,0.15755559810129524,0.32416986042345197,0.5758842244225308,0.18378306946093523,0.5708895479164056,0.14179104477611937,0.5708955223880597,0.5708955223880596,"{0: 0.5924482067275563, 1: 0.5924482067275564}","{0: 0.5924482067275563, 1: 0.5924482067275564}",0.5924482067275564,"[[76 58]
 [57 77]]","[1. 0. 0. 0. 0. 1. 0. 1. 1. 0. 0. 0. 1. 0. 0. 0. 1. 0. 0. 1. 0. 1. 0. 0.
 0. 0. 1. 1. 1. 1. 1. 0. 0. 0. 1. 0. 1. 0. 1. 0. 1. 1. 1. 1. 0. 0. 1. 0.
 0. 0. 1. 0. 0. 1. 1. 1. 1. 1. 0. 1. 1. 0. 1. 0. 0. 0. 1. 1. 1. 1. 0. 0.
 0. 1. 0. 1. 1. 0. 0. 0. 1. 1. 1. 0. 0. 1. 0. 1. 1. 1. 1. 1. 0. 1. 1. 1.
 0. 0. 1. 1. 0. 1. 1. 0. 0. 0. 0. 1. 0. 1. 0. 0. 0. 1. 1. 0. 1. 0. 0. 0.
 0. 1. 1. 1. 1. 1. 1. 1. 0. 0. 0. 1. 1. 0. 1. 1. 0. 1. 0. 1. 1. 0. 1. 0.
 0. 0. 0. 0. 0. 1. 1. 0. 1. 1. 0. 1. 1. 0. 0. 0. 1. 1. 0. 0. 1. 0. 0. 1.
 1. 1. 0. 1. 1. 1. 0. 1. 1. 0. 1. 0. 0. 0. 1. 1. 0. 0. 1. 1. 0. 0. 1. 1.
 0. 1. 1. 1. 0. 1. 0. 0. 0. 0. 1. 1. 0. 0. 0. 0. 1. 1. 0. 1. 1. 1. 0. 0.
 1. 1. 0. 0. 0. 0. 0. 0. 1. 1. 1. 0. 1. 0. 1. 1. 1. 1. 1. 1. 0. 1. 0. 0.
 1. 1. 0. 0. 1. 1. 0. 1. 0. 1. 1. 0. 1. 0. 0. 1. 0. 0. 0. 1. 0. 0. 1. 1.
 1. 0. 1. 0.]","[0. 1. 0. 0. 0. 1. 1. 1. 0. 0. 0. 0. 0. 1. 0. 0. 1. 1. 0. 0. 0. 0. 0. 1.
 0. 0. 1. 0. 1. 0. 0. 1. 0. 1. 1. 0. 0. 0. 1. 0. 0. 0. 1. 1. 1. 0. 1. 0.
 1. 0. 1. 1. 0. 1. 1. 1. 1. 0. 1. 0. 0. 1. 1. 1. 0. 0. 0. 1. 1. 0. 1. 1.
 0. 0. 1. 0. 0. 1. 0. 1. 0. 1. 1. 1. 0. 1. 0. 1. 1. 1. 1. 1. 1. 1. 1. 0.
 0. 0. 1. 1. 1. 0. 0. 1. 1. 1. 0. 0. 0. 1. 1. 1. 0. 0. 0. 0. 1. 1. 1. 0.
 1. 0. 0. 1. 1. 0. 0. 0. 0. 1. 0. 0. 1. 1. 0. 1. 1. 1. 0. 1. 1. 0. 1. 0.
 1. 1. 0. 0. 0. 1. 1. 0. 1. 1. 0. 1. 0. 0. 0. 1. 1. 1. 0. 1. 0. 1. 1. 0.
 1. 0. 0. 1. 1. 0. 0. 1. 0. 1. 1. 0. 0. 1. 0. 0. 1. 1. 0. 1. 1. 0. 0. 0.
 0. 1. 1. 0. 0. 1. 0. 0. 1. 0. 1. 1. 1. 0. 0. 0. 1. 1. 0. 0. 0. 0. 1. 0.
 0. 1. 0. 1. 1. 1. 1. 0. 0. 0. 0. 1. 1. 1. 1. 0. 1. 1. 1. 1. 0. 1. 0. 0.
 1. 0. 0. 1. 1. 1. 1. 1. 0. 0. 1. 1. 1. 0. 0. 1. 0. 1. 0. 0. 1. 0. 1. 0.
 1. 0. 0. 0.]"
620,randomforest,"{'criterion': 'gini', 'max_features': 'sqrt', 'n_estimators': 389}",0.579553454626248,0.19261393755222503,0.15719260595779141,0.34044158808915737,0.5730231946965817,0.19639016299097947,0.5631347962382445,0.12686567164179108,0.5634328358208955,0.5634328358208955,"{0: 0.5876030296279795, 1: 0.5876030296279795}","{0: 0.5876030296279795, 1: 0.5876030296279795}",0.5876030296279795,"[[72 62]
 [55 79]]","[1. 0. 0. 0. 0. 1. 0. 1. 1. 0. 0. 0. 1. 0. 0. 0. 1. 0. 0. 0. 0. 1. 0. 0.
 0. 0. 1. 1. 1. 1. 1. 0. 0. 0. 1. 0. 1. 0. 1. 0. 1. 0. 1. 0. 0. 0. 1. 0.
 0. 0. 1. 0. 1. 1. 1. 1. 1. 1. 0. 1. 1. 0. 1. 0. 0. 0. 1. 1. 1. 1. 0. 0.
 1. 1. 0. 1. 1. 0. 0. 0. 1. 1. 1. 0. 0. 1. 1. 1. 1. 1. 1. 1. 0. 1. 1. 1.
 0. 0. 1. 1. 0. 1. 1. 0. 0. 0. 0. 1. 0. 1. 0. 0. 0. 1. 1. 0. 1. 0. 0. 0.
 0. 1. 1. 1. 1. 1. 1. 1. 1. 0. 0. 1. 1. 0. 1. 1. 0. 1. 0. 1. 1. 0. 0. 0.
 0. 0. 0. 0. 1. 1. 1. 0. 1. 1. 0. 1. 1. 0. 1. 0. 1. 1. 0. 0. 1. 1. 0. 1.
 1. 1. 0. 1. 1. 0. 0. 1. 1. 0. 1. 0. 0. 1. 1. 1. 0. 0. 1. 1. 0. 0. 1. 1.
 0. 1. 1. 0. 1. 1. 0. 1. 0. 0. 1. 1. 0. 0. 0. 0. 1. 1. 0. 1. 1. 1. 0. 0.
 1. 1. 0. 1. 0. 0. 0. 0. 1. 1. 1. 0. 1. 0. 1. 1. 1. 1. 1. 1. 0. 1. 0. 0.
 1. 1. 0. 0. 1. 1. 1. 1. 0. 1. 1. 0. 1. 0. 0. 1. 0. 0. 0. 1. 0. 0. 1. 1.
 1. 0. 1. 0.]","[0. 1. 0. 0. 0. 1. 1. 1. 0. 0. 0. 0. 0. 1. 0. 0. 1. 1. 0. 0. 0. 0. 0. 1.
 0. 0. 1. 0. 1. 0. 0. 1. 0. 1. 1. 0. 0. 0. 1. 0. 0. 0. 1. 1. 1. 0. 1. 0.
 1. 0. 1. 1. 0. 1. 1. 1. 1. 0. 1. 0. 0. 1. 1. 1. 0. 0. 0. 1. 1. 0. 1. 1.
 0. 0. 1. 0. 0. 1. 0. 1. 0. 1. 1. 1. 0. 1. 0. 1. 1. 1. 1. 1. 1. 1. 1. 0.
 0. 0. 1. 1. 1. 0. 0. 1. 1. 1. 0. 0. 0. 1. 1. 1. 0. 0. 0. 0. 1. 1. 1. 0.
 1. 0. 0. 1. 1. 0. 0. 0. 0. 1. 0. 0. 1. 1. 0. 1. 1. 1. 0. 1. 1. 0. 1. 0.
 1. 1. 0. 0. 0. 1. 1. 0. 1. 1. 0. 1. 0. 0. 0. 1. 1. 1. 0. 1. 0. 1. 1. 0.
 1. 0. 0. 1. 1. 0. 0. 1. 0. 1. 1. 0. 0. 1. 0. 0. 1. 1. 0. 1. 1. 0. 0. 0.
 0. 1. 1. 0. 0. 1. 0. 0. 1. 0. 1. 1. 1. 0. 0. 0. 1. 1. 0. 0. 0. 0. 1. 0.
 0. 1. 0. 1. 1. 1. 1. 0. 0. 0. 0. 1. 1. 1. 1. 0. 1. 1. 1. 1. 0. 1. 0. 0.
 1. 0. 0. 1. 1. 1. 1. 1. 0. 0. 1. 1. 1. 0. 0. 1. 0. 1. 0. 0. 1. 0. 1. 0.
 1. 0. 0. 0.]"
315,randomforest,"{'criterion': 'gini', 'max_features': 'log2', 'n_estimators': 327}",0.573322538060364,0.19149798212319113,0.15718025736537544,0.34053013171054636,0.5657620530604401,0.19634241773824676,0.5559145025412517,0.11194029850746268,0.5559701492537313,0.5559701492537313,"{0: 0.5767709957674315, 1: 0.5767709957674316}","{0: 0.5767709957674315, 1: 0.5767709957674316}",0.5767709957674316,"[[73 61]
 [58 76]]","[1. 0. 0. 0. 0. 1. 0. 1. 1. 0. 0. 0. 1. 0. 0. 0. 1. 0. 0. 0. 0. 1. 0. 0.
 0. 0. 1. 1. 1. 1. 1. 0. 0. 0. 1. 0. 1. 0. 1. 0. 0. 0. 1. 0. 0. 0. 1. 0.
 0. 0. 1. 0. 1. 1. 1. 1. 1. 1. 0. 1. 1. 0. 1. 0. 0. 0. 1. 1. 1. 1. 0. 0.
 1. 1. 0. 1. 1. 0. 0. 0. 1. 1. 1. 0. 0. 1. 1. 1. 1. 1. 1. 1. 0. 1. 1. 1.
 0. 0. 1. 1. 0. 1. 1. 0. 0. 0. 0. 1. 0. 1. 0. 0. 0. 1. 1. 0. 1. 0. 0. 0.
 0. 1. 1. 1. 1. 1. 1. 1. 1. 0. 0. 1. 1. 0. 1. 1. 0. 1. 0. 1. 0. 0. 1. 0.
 0. 0. 0. 0. 1. 1. 1. 0. 1. 1. 0. 1. 1. 0. 1. 0. 1. 1. 0. 0. 1. 1. 0. 1.
 1. 1. 0. 1. 1. 0. 0. 1. 1. 0. 1. 0. 0. 0. 1. 1. 0. 0. 1. 1. 0. 0. 1. 1.
 0. 1. 1. 0. 1. 1. 0. 0. 0. 0. 1. 1. 0. 0. 0. 0. 1. 1. 0. 1. 1. 1. 0. 0.
 1. 1. 1. 0. 0. 0. 0. 0. 1. 1. 1. 0. 0. 0. 1. 1. 1. 1. 1. 1. 0. 1. 0. 0.
 1. 1. 0. 0. 1. 1. 0. 1. 0. 1. 1. 0. 1. 0. 0. 1. 0. 1. 0. 1. 0. 0. 1. 1.
 1. 0. 1. 0.]","[0. 1. 0. 0. 0. 1. 1. 1. 0. 0. 0. 0. 0. 1. 0. 0. 1. 1. 0. 0. 0. 0. 0. 1.
 0. 0. 1. 0. 1. 0. 0. 1. 0. 1. 1. 0. 0. 0. 1. 0. 0. 0. 1. 1. 1. 0. 1. 0.
 1. 0. 1. 1. 0. 1. 1. 1. 1. 0. 1. 0. 0. 1. 1. 1. 0. 0. 0. 1. 1. 0. 1. 1.
 0. 0. 1. 0. 0. 1. 0. 1. 0. 1. 1. 1. 0. 1. 0. 1. 1. 1. 1. 1. 1. 1. 1. 0.
 0. 0. 1. 1. 1. 0. 0. 1. 1. 1. 0. 0. 0. 1. 1. 1. 0. 0. 0. 0. 1. 1. 1. 0.
 1. 0. 0. 1. 1. 0. 0. 0. 0. 1. 0. 0. 1. 1. 0. 1. 1. 1. 0. 1. 1. 0. 1. 0.
 1. 1. 0. 0. 0. 1. 1. 0. 1. 1. 0. 1. 0. 0. 0. 1. 1. 1. 0. 1. 0. 1. 1. 0.
 1. 0. 0. 1. 1. 0. 0. 1. 0. 1. 1. 0. 0. 1. 0. 0. 1. 1. 0. 1. 1. 0. 0. 0.
 0. 1. 1. 0. 0. 1. 0. 0. 1. 0. 1. 1. 1. 0. 0. 0. 1. 1. 0. 0. 0. 0. 1. 0.
 0. 1. 0. 1. 1. 1. 1. 0. 0. 0. 0. 1. 1. 1. 1. 0. 1. 1. 1. 1. 0. 1. 0. 0.
 1. 0. 0. 1. 1. 1. 1. 1. 0. 0. 1. 1. 1. 0. 0. 1. 0. 1. 0. 0. 1. 0. 1. 0.
 1. 0. 0. 0.]"
866,randomforest,"{'criterion': 'entropy', 'max_features': 'sqrt', 'n_estimators': 321}",0.5784626867340095,0.19558387738304253,0.15716457256840444,0.3709737129856619,0.568968221891609,0.20513129308677786,0.5593088071348941,0.11940298507462688,0.5597014925373134,0.5597014925373134,"{0: 0.5786923591000223, 1: 0.5786923591000223}","{0: 0.5786923591000223, 1: 0.5786923591000223}",0.5786923591000223,"[[71 63]
 [55 79]]","[1. 0. 0. 0. 0. 1. 0. 1. 1. 0. 0. 0. 1. 0. 0. 0. 1. 0. 0. 0. 0. 1. 0. 0.
 1. 0. 1. 1. 1. 1. 1. 0. 0. 0. 1. 0. 1. 0. 1. 0. 1. 0. 1. 0. 0. 0. 1. 0.
 0. 0. 1. 0. 0. 1. 1. 1. 1. 1. 0. 1. 0. 0. 1. 0. 0. 0. 1. 1. 1. 1. 0. 0.
 1. 1. 0. 1. 1. 0. 1. 0. 1. 1. 1. 0. 0. 1. 1. 1. 1. 1. 1. 1. 0. 1. 1. 1.
 0. 0. 1. 1. 0. 1. 1. 0. 0. 0. 0. 1. 0. 1. 0. 0. 0. 1. 1. 0. 1. 0. 0. 0.
 0. 1. 1. 1. 1. 1. 1. 1. 1. 0. 0. 1. 1. 0. 1. 1. 0. 1. 0. 1. 1. 0. 0. 0.
 1. 0. 0. 0. 1. 1. 1. 0. 1. 0. 0. 1. 1. 0. 1. 0. 1. 1. 0. 0. 1. 1. 0. 1.
 1. 1. 0. 1. 1. 1. 0. 1. 1. 0. 1. 0. 0. 1. 1. 1. 0. 0. 1. 1. 0. 0. 1. 1.
 1. 1. 1. 0. 1. 1. 0. 1. 0. 0. 1. 1. 0. 0. 0. 0. 1. 1. 0. 1. 1. 1. 0. 0.
 1. 1. 0. 1. 0. 0. 0. 0. 1. 1. 1. 0. 1. 0. 0. 1. 1. 1. 1. 1. 0. 1. 0. 0.
 1. 1. 0. 0. 1. 1. 1. 1. 0. 1. 1. 0. 1. 0. 0. 1. 0. 1. 0. 1. 0. 0. 1. 0.
 1. 0. 1. 0.]","[0. 1. 0. 0. 0. 1. 1. 1. 0. 0. 0. 0. 0. 1. 0. 0. 1. 1. 0. 0. 0. 0. 0. 1.
 0. 0. 1. 0. 1. 0. 0. 1. 0. 1. 1. 0. 0. 0. 1. 0. 0. 0. 1. 1. 1. 0. 1. 0.
 1. 0. 1. 1. 0. 1. 1. 1. 1. 0. 1. 0. 0. 1. 1. 1. 0. 0. 0. 1. 1. 0. 1. 1.
 0. 0. 1. 0. 0. 1. 0. 1. 0. 1. 1. 1. 0. 1. 0. 1. 1. 1. 1. 1. 1. 1. 1. 0.
 0. 0. 1. 1. 1. 0. 0. 1. 1. 1. 0. 0. 0. 1. 1. 1. 0. 0. 0. 0. 1. 1. 1. 0.
 1. 0. 0. 1. 1. 0. 0. 0. 0. 1. 0. 0. 1. 1. 0. 1. 1. 1. 0. 1. 1. 0. 1. 0.
 1. 1. 0. 0. 0. 1. 1. 0. 1. 1. 0. 1. 0. 0. 0. 1. 1. 1. 0. 1. 0. 1. 1. 0.
 1. 0. 0. 1. 1. 0. 0. 1. 0. 1. 1. 0. 0. 1. 0. 0. 1. 1. 0. 1. 1. 0. 0. 0.
 0. 1. 1. 0. 0. 1. 0. 0. 1. 0. 1. 1. 1. 0. 0. 0. 1. 1. 0. 0. 0. 0. 1. 0.
 0. 1. 0. 1. 1. 1. 1. 0. 0. 0. 0. 1. 1. 1. 1. 0. 1. 1. 1. 1. 0. 1. 0. 0.
 1. 0. 0. 1. 1. 1. 1. 1. 0. 0. 1. 1. 1. 0. 0. 1. 0. 1. 0. 0. 1. 0. 1. 0.
 1. 0. 0. 0.]"
726,randomforest,"{'criterion': 'gini', 'max_features': 'log2', 'n_estimators': 433}",0.5827263629392629,0.19410457173174567,0.15685272809752318,0.362229940538126,0.5776046011933108,0.19946637961764535,0.5594806931520588,0.11940298507462688,0.5597014925373134,0.5597014925373134,"{0: 0.5885219425261753, 1: 0.588521942526175}","{0: 0.5885219425261753, 1: 0.588521942526175}",0.588521942526175,"[[72 62]
 [56 78]]","[1. 0. 0. 0. 0. 1. 0. 1. 1. 0. 0. 0. 1. 0. 0. 0. 1. 0. 0. 0. 0. 1. 0. 0.
 0. 0. 1. 1. 1. 1. 1. 0. 0. 0. 1. 1. 1. 0. 1. 0. 1. 0. 1. 0. 0. 1. 1. 1.
 0. 0. 1. 0. 1. 1. 1. 1. 1. 1. 0. 1. 1. 0. 1. 0. 0. 0. 1. 1. 1. 1. 0. 0.
 1. 1. 0. 1. 1. 0. 0. 0. 1. 1. 1. 0. 0. 1. 0. 1. 1. 1. 1. 1. 0. 1. 1. 1.
 0. 0. 1. 1. 0. 1. 0. 0. 0. 0. 0. 1. 0. 1. 0. 0. 0. 1. 1. 0. 1. 0. 0. 0.
 0. 1. 1. 1. 1. 1. 1. 1. 1. 0. 0. 1. 1. 0. 1. 0. 0. 1. 0. 1. 1. 0. 1. 0.
 1. 0. 0. 0. 1. 1. 1. 0. 1. 1. 0. 1. 1. 0. 1. 0. 1. 1. 0. 0. 1. 1. 0. 1.
 1. 1. 0. 1. 1. 0. 0. 1. 1. 0. 1. 0. 0. 0. 1. 1. 0. 0. 1. 0. 0. 0. 1. 1.
 1. 1. 1. 1. 0. 1. 0. 0. 0. 0. 1. 1. 0. 0. 0. 0. 1. 1. 0. 1. 1. 1. 0. 0.
 1. 1. 0. 1. 0. 0. 0. 0. 1. 1. 1. 0. 1. 0. 1. 1. 1. 1. 1. 1. 0. 1. 0. 0.
 1. 1. 0. 0. 1. 1. 1. 1. 0. 0. 1. 0. 1. 0. 0. 1. 0. 0. 0. 1. 0. 0. 1. 1.
 1. 0. 1. 0.]","[0. 1. 0. 0. 0. 1. 1. 1. 0. 0. 0. 0. 0. 1. 0. 0. 1. 1. 0. 0. 0. 0. 0. 1.
 0. 0. 1. 0. 1. 0. 0. 1. 0. 1. 1. 0. 0. 0. 1. 0. 0. 0. 1. 1. 1. 0. 1. 0.
 1. 0. 1. 1. 0. 1. 1. 1. 1. 0. 1. 0. 0. 1. 1. 1. 0. 0. 0. 1. 1. 0. 1. 1.
 0. 0. 1. 0. 0. 1. 0. 1. 0. 1. 1. 1. 0. 1. 0. 1. 1. 1. 1. 1. 1. 1. 1. 0.
 0. 0. 1. 1. 1. 0. 0. 1. 1. 1. 0. 0. 0. 1. 1. 1. 0. 0. 0. 0. 1. 1. 1. 0.
 1. 0. 0. 1. 1. 0. 0. 0. 0. 1. 0. 0. 1. 1. 0. 1. 1. 1. 0. 1. 1. 0. 1. 0.
 1. 1. 0. 0. 0. 1. 1. 0. 1. 1. 0. 1. 0. 0. 0. 1. 1. 1. 0. 1. 0. 1. 1. 0.
 1. 0. 0. 1. 1. 0. 0. 1. 0. 1. 1. 0. 0. 1. 0. 0. 1. 1. 0. 1. 1. 0. 0. 0.
 0. 1. 1. 0. 0. 1. 0. 0. 1. 0. 1. 1. 1. 0. 0. 0. 1. 1. 0. 0. 0. 0. 1. 0.
 0. 1. 0. 1. 1. 1. 1. 0. 0. 0. 0. 1. 1. 1. 1. 0. 1. 1. 1. 1. 0. 1. 0. 0.
 1. 0. 0. 1. 1. 1. 1. 1. 0. 0. 1. 1. 1. 0. 0. 1. 0. 1. 0. 0. 1. 0. 1. 0.
 1. 0. 0. 0.]"
983,randomforest,"{'criterion': 'gini', 'max_features': 'sqrt', 'n_estimators': 165}",0.595256686503908,0.1936669026450937,0.15679022180619737,0.36084428583818146,0.5880156675015545,0.19116295632833785,0.5706025774991291,0.14179104477611937,0.5708955223880597,0.5708955223880596,"{0: 0.5851247493873913, 1: 0.5851247493873913}","{0: 0.5851247493873913, 1: 0.5851247493873913}",0.5851247493873913,"[[73 61]
 [54 80]]","[1. 0. 0. 0. 0. 1. 0. 1. 1. 0. 0. 0. 1. 0. 0. 0. 1. 0. 0. 0. 0. 1. 0. 0.
 0. 0. 1. 1. 1. 1. 1. 0. 0. 0. 1. 1. 1. 0. 1. 0. 1. 0. 1. 1. 0. 0. 1. 0.
 0. 0. 1. 0. 1. 1. 1. 0. 1. 1. 0. 1. 0. 0. 1. 0. 0. 0. 1. 1. 1. 1. 0. 0.
 1. 1. 0. 1. 1. 0. 0. 0. 1. 1. 1. 0. 0. 1. 1. 1. 1. 1. 1. 1. 0. 1. 1. 1.
 0. 0. 1. 1. 0. 1. 0. 0. 1. 0. 0. 1. 0. 1. 0. 0. 0. 1. 1. 0. 1. 0. 0. 0.
 0. 1. 1. 1. 1. 1. 1. 1. 1. 0. 0. 1. 1. 0. 1. 1. 0. 1. 0. 1. 1. 0. 0. 0.
 0. 0. 0. 0. 1. 1. 1. 0. 1. 1. 0. 1. 1. 0. 1. 0. 1. 1. 0. 0. 1. 1. 0. 1.
 1. 0. 0. 1. 1. 0. 0. 1. 1. 0. 1. 0. 0. 1. 1. 1. 0. 0. 1. 1. 0. 0. 1. 1.
 0. 1. 1. 1. 1. 1. 0. 0. 0. 0. 1. 1. 0. 0. 0. 1. 1. 1. 0. 1. 1. 1. 0. 0.
 1. 1. 0. 1. 0. 0. 0. 0. 1. 1. 1. 0. 1. 0. 1. 1. 1. 1. 1. 1. 0. 1. 0. 0.
 1. 1. 0. 0. 1. 1. 1. 1. 0. 1. 1. 0. 1. 0. 1. 1. 0. 0. 0. 1. 0. 0. 1. 0.
 1. 0. 1. 0.]","[0. 1. 0. 0. 0. 1. 1. 1. 0. 0. 0. 0. 0. 1. 0. 0. 1. 1. 0. 0. 0. 0. 0. 1.
 0. 0. 1. 0. 1. 0. 0. 1. 0. 1. 1. 0. 0. 0. 1. 0. 0. 0. 1. 1. 1. 0. 1. 0.
 1. 0. 1. 1. 0. 1. 1. 1. 1. 0. 1. 0. 0. 1. 1. 1. 0. 0. 0. 1. 1. 0. 1. 1.
 0. 0. 1. 0. 0. 1. 0. 1. 0. 1. 1. 1. 0. 1. 0. 1. 1. 1. 1. 1. 1. 1. 1. 0.
 0. 0. 1. 1. 1. 0. 0. 1. 1. 1. 0. 0. 0. 1. 1. 1. 0. 0. 0. 0. 1. 1. 1. 0.
 1. 0. 0. 1. 1. 0. 0. 0. 0. 1. 0. 0. 1. 1. 0. 1. 1. 1. 0. 1. 1. 0. 1. 0.
 1. 1. 0. 0. 0. 1. 1. 0. 1. 1. 0. 1. 0. 0. 0. 1. 1. 1. 0. 1. 0. 1. 1. 0.
 1. 0. 0. 1. 1. 0. 0. 1. 0. 1. 1. 0. 0. 1. 0. 0. 1. 1. 0. 1. 1. 0. 0. 0.
 0. 1. 1. 0. 0. 1. 0. 0. 1. 0. 1. 1. 1. 0. 0. 0. 1. 1. 0. 0. 0. 0. 1. 0.
 0. 1. 0. 1. 1. 1. 1. 0. 0. 0. 0. 1. 1. 1. 1. 0. 1. 1. 1. 1. 0. 1. 0. 0.
 1. 0. 0. 1. 1. 1. 1. 1. 0. 0. 1. 1. 1. 0. 0. 1. 0. 1. 0. 0. 1. 0. 1. 0.
 1. 0. 0. 0.]"
975,randomforest,"{'criterion': 'gini', 'max_features': 'sqrt', 'n_estimators': 355}",0.5796064074355767,0.18905995939407272,0.15663804780947424,0.3526173347159935,0.5707757277817761,0.19896753394180666,0.5520142642224327,0.10447761194029848,0.5522388059701493,0.5522388059701493,"{0: 0.5875751837825796, 1: 0.5875751837825796}","{0: 0.5875751837825796, 1: 0.5875751837825796}",0.5875751837825796,"[[71 63]
 [57 77]]","[1. 0. 0. 0. 0. 1. 0. 1. 1. 0. 0. 0. 1. 0. 0. 0. 0. 0. 0. 0. 0. 1. 0. 0.
 0. 0. 1. 1. 1. 1. 1. 0. 0. 0. 1. 0. 1. 0. 1. 0. 0. 0. 1. 0. 0. 0. 1. 1.
 0. 0. 1. 0. 1. 1. 1. 1. 1. 1. 0. 1. 1. 0. 1. 1. 0. 0. 1. 1. 1. 1. 0. 0.
 1. 1. 0. 1. 1. 0. 0. 0. 1. 1. 1. 0. 0. 1. 0. 1. 1. 1. 1. 1. 0. 1. 1. 1.
 0. 0. 1. 1. 0. 1. 1. 0. 0. 0. 0. 0. 0. 1. 0. 0. 0. 1. 1. 0. 1. 0. 0. 0.
 0. 1. 1. 1. 1. 1. 1. 1. 1. 0. 0. 1. 1. 0. 1. 1. 0. 1. 0. 1. 1. 0. 0. 0.
 1. 0. 0. 0. 1. 1. 1. 0. 1. 1. 0. 1. 1. 0. 1. 0. 1. 1. 0. 0. 1. 1. 0. 1.
 1. 1. 0. 1. 1. 1. 0. 1. 1. 0. 1. 0. 0. 0. 1. 1. 0. 0. 1. 1. 0. 0. 1. 1.
 1. 1. 1. 0. 1. 1. 0. 0. 0. 0. 1. 1. 0. 1. 0. 0. 1. 1. 0. 1. 1. 1. 0. 0.
 1. 1. 1. 1. 0. 0. 0. 0. 1. 1. 1. 0. 0. 0. 1. 1. 1. 1. 1. 1. 0. 1. 0. 0.
 1. 1. 0. 0. 1. 1. 0. 1. 0. 1. 1. 0. 1. 0. 0. 1. 0. 0. 0. 1. 0. 0. 1. 1.
 1. 0. 1. 0.]","[0. 1. 0. 0. 0. 1. 1. 1. 0. 0. 0. 0. 0. 1. 0. 0. 1. 1. 0. 0. 0. 0. 0. 1.
 0. 0. 1. 0. 1. 0. 0. 1. 0. 1. 1. 0. 0. 0. 1. 0. 0. 0. 1. 1. 1. 0. 1. 0.
 1. 0. 1. 1. 0. 1. 1. 1. 1. 0. 1. 0. 0. 1. 1. 1. 0. 0. 0. 1. 1. 0. 1. 1.
 0. 0. 1. 0. 0. 1. 0. 1. 0. 1. 1. 1. 0. 1. 0. 1. 1. 1. 1. 1. 1. 1. 1. 0.
 0. 0. 1. 1. 1. 0. 0. 1. 1. 1. 0. 0. 0. 1. 1. 1. 0. 0. 0. 0. 1. 1. 1. 0.
 1. 0. 0. 1. 1. 0. 0. 0. 0. 1. 0. 0. 1. 1. 0. 1. 1. 1. 0. 1. 1. 0. 1. 0.
 1. 1. 0. 0. 0. 1. 1. 0. 1. 1. 0. 1. 0. 0. 0. 1. 1. 1. 0. 1. 0. 1. 1. 0.
 1. 0. 0. 1. 1. 0. 0. 1. 0. 1. 1. 0. 0. 1. 0. 0. 1. 1. 0. 1. 1. 0. 0. 0.
 0. 1. 1. 0. 0. 1. 0. 0. 1. 0. 1. 1. 1. 0. 0. 0. 1. 1. 0. 0. 0. 0. 1. 0.
 0. 1. 0. 1. 1. 1. 1. 0. 0. 0. 0. 1. 1. 1. 1. 0. 1. 1. 1. 1. 0. 1. 0. 0.
 1. 0. 0. 1. 1. 1. 1. 1. 0. 0. 1. 1. 1. 0. 0. 1. 0. 1. 0. 0. 1. 0. 1. 0.
 1. 0. 0. 0.]"
787,randomforest,"{'criterion': 'gini', 'max_features': 'sqrt', 'n_estimators': 591}",0.5770738508915164,0.19042529715928733,0.15652115579468998,0.338992622393541,0.5690749420084097,0.1949503563967652,0.5521390374331551,0.10447761194029848,0.5522388059701493,0.5522388059701493,"{0: 0.5834539986633994, 1: 0.5834539986633994}","{0: 0.5834539986633994, 1: 0.5834539986633994}",0.5834539986633994,"[[72 62]
 [58 76]]","[1. 0. 0. 0. 0. 1. 0. 1. 1. 0. 0. 0. 1. 0. 0. 0. 1. 0. 0. 0. 0. 1. 0. 0.
 0. 0. 1. 1. 1. 1. 1. 0. 0. 0. 1. 0. 0. 0. 1. 0. 0. 0. 1. 0. 0. 0. 1. 1.
 0. 0. 1. 0. 0. 1. 1. 1. 1. 1. 0. 1. 1. 0. 1. 0. 0. 0. 1. 1. 1. 1. 0. 0.
 1. 1. 0. 1. 1. 0. 0. 0. 1. 1. 1. 0. 0. 1. 0. 1. 1. 1. 1. 1. 0. 1. 1. 1.
 0. 0. 1. 1. 0. 1. 1. 0. 0. 0. 0. 1. 0. 1. 0. 0. 0. 1. 1. 0. 1. 0. 0. 0.
 0. 1. 1. 1. 1. 1. 1. 1. 1. 0. 0. 1. 1. 0. 1. 1. 0. 1. 0. 1. 1. 0. 0. 0.
 0. 0. 0. 0. 1. 1. 1. 0. 1. 0. 0. 1. 1. 0. 1. 0. 1. 1. 0. 0. 1. 1. 0. 1.
 1. 1. 0. 1. 1. 0. 0. 1. 1. 0. 1. 0. 0. 0. 1. 1. 0. 0. 1. 1. 0. 0. 1. 1.
 1. 1. 1. 1. 1. 1. 0. 1. 0. 0. 1. 1. 0. 0. 0. 1. 1. 1. 0. 1. 1. 1. 0. 0.
 1. 1. 0. 1. 0. 0. 0. 0. 1. 1. 1. 0. 0. 0. 1. 1. 1. 1. 1. 1. 0. 1. 0. 0.
 1. 1. 0. 0. 1. 1. 0. 1. 0. 1. 1. 0. 1. 0. 0. 1. 0. 1. 0. 1. 0. 0. 1. 1.
 1. 0. 1. 0.]","[0. 1. 0. 0. 0. 1. 1. 1. 0. 0. 0. 0. 0. 1. 0. 0. 1. 1. 0. 0. 0. 0. 0. 1.
 0. 0. 1. 0. 1. 0. 0. 1. 0. 1. 1. 0. 0. 0. 1. 0. 0. 0. 1. 1. 1. 0. 1. 0.
 1. 0. 1. 1. 0. 1. 1. 1. 1. 0. 1. 0. 0. 1. 1. 1. 0. 0. 0. 1. 1. 0. 1. 1.
 0. 0. 1. 0. 0. 1. 0. 1. 0. 1. 1. 1. 0. 1. 0. 1. 1. 1. 1. 1. 1. 1. 1. 0.
 0. 0. 1. 1. 1. 0. 0. 1. 1. 1. 0. 0. 0. 1. 1. 1. 0. 0. 0. 0. 1. 1. 1. 0.
 1. 0. 0. 1. 1. 0. 0. 0. 0. 1. 0. 0. 1. 1. 0. 1. 1. 1. 0. 1. 1. 0. 1. 0.
 1. 1. 0. 0. 0. 1. 1. 0. 1. 1. 0. 1. 0. 0. 0. 1. 1. 1. 0. 1. 0. 1. 1. 0.
 1. 0. 0. 1. 1. 0. 0. 1. 0. 1. 1. 0. 0. 1. 0. 0. 1. 1. 0. 1. 1. 0. 0. 0.
 0. 1. 1. 0. 0. 1. 0. 0. 1. 0. 1. 1. 1. 0. 0. 0. 1. 1. 0. 0. 0. 0. 1. 0.
 0. 1. 0. 1. 1. 1. 1. 0. 0. 0. 0. 1. 1. 1. 1. 0. 1. 1. 1. 1. 0. 1. 0. 0.
 1. 0. 0. 1. 1. 1. 1. 1. 0. 0. 1. 1. 1. 0. 0. 1. 0. 1. 0. 0. 1. 0. 1. 0.
 1. 0. 0. 0.]"
800,randomforest,"{'criterion': 'gini', 'max_features': 'sqrt', 'n_estimators': 309}",0.5806503676628071,0.19544668072102125,0.15649101979174795,0.36460360210348824,0.5733388512622383,0.2018221816878593,0.5593088071348941,0.11940298507462688,0.5597014925373134,0.5597014925373134,"{0: 0.5842058364891958, 1: 0.5842058364891959}","{0: 0.5842058364891958, 1: 0.5842058364891959}",0.5842058364891959,"[[71 63]
 [55 79]]","[1. 0. 0. 0. 0. 1. 0. 1. 1. 0. 0. 0. 1. 0. 0. 0. 1. 0. 0. 0. 0. 1. 0. 0.
 0. 0. 1. 1. 1. 1. 1. 0. 0. 0. 1. 1. 1. 0. 1. 0. 0. 0. 1. 0. 0. 0. 1. 1.
 0. 0. 1. 0. 1. 1. 1. 1. 1. 1. 0. 1. 1. 0. 1. 0. 0. 0. 1. 1. 1. 1. 0. 0.
 1. 1. 0. 1. 1. 0. 0. 0. 1. 1. 1. 1. 0. 1. 1. 1. 1. 1. 1. 1. 0. 1. 1. 1.
 0. 0. 1. 1. 0. 1. 0. 1. 0. 0. 0. 1. 0. 1. 0. 0. 0. 1. 1. 0. 1. 0. 0. 0.
 0. 1. 1. 1. 1. 1. 1. 1. 1. 0. 0. 1. 1. 0. 1. 1. 0. 1. 0. 1. 0. 0. 0. 0.
 1. 0. 0. 0. 1. 1. 1. 0. 1. 0. 0. 1. 1. 0. 1. 0. 1. 1. 0. 0. 1. 1. 0. 1.
 1. 1. 0. 1. 1. 1. 0. 1. 1. 0. 1. 0. 0. 0. 1. 1. 0. 0. 1. 1. 0. 0. 1. 1.
 0. 1. 1. 0. 1. 1. 0. 1. 0. 0. 1. 1. 0. 0. 0. 0. 1. 1. 0. 1. 1. 1. 0. 0.
 1. 1. 0. 1. 0. 0. 0. 0. 1. 1. 1. 0. 1. 0. 1. 1. 1. 1. 1. 1. 0. 1. 0. 0.
 1. 1. 0. 0. 1. 1. 1. 1. 0. 1. 1. 0. 1. 0. 0. 1. 0. 0. 0. 1. 0. 0. 1. 1.
 1. 0. 1. 0.]","[0. 1. 0. 0. 0. 1. 1. 1. 0. 0. 0. 0. 0. 1. 0. 0. 1. 1. 0. 0. 0. 0. 0. 1.
 0. 0. 1. 0. 1. 0. 0. 1. 0. 1. 1. 0. 0. 0. 1. 0. 0. 0. 1. 1. 1. 0. 1. 0.
 1. 0. 1. 1. 0. 1. 1. 1. 1. 0. 1. 0. 0. 1. 1. 1. 0. 0. 0. 1. 1. 0. 1. 1.
 0. 0. 1. 0. 0. 1. 0. 1. 0. 1. 1. 1. 0. 1. 0. 1. 1. 1. 1. 1. 1. 1. 1. 0.
 0. 0. 1. 1. 1. 0. 0. 1. 1. 1. 0. 0. 0. 1. 1. 1. 0. 0. 0. 0. 1. 1. 1. 0.
 1. 0. 0. 1. 1. 0. 0. 0. 0. 1. 0. 0. 1. 1. 0. 1. 1. 1. 0. 1. 1. 0. 1. 0.
 1. 1. 0. 0. 0. 1. 1. 0. 1. 1. 0. 1. 0. 0. 0. 1. 1. 1. 0. 1. 0. 1. 1. 0.
 1. 0. 0. 1. 1. 0. 0. 1. 0. 1. 1. 0. 0. 1. 0. 0. 1. 1. 0. 1. 1. 0. 0. 0.
 0. 1. 1. 0. 0. 1. 0. 0. 1. 0. 1. 1. 1. 0. 0. 0. 1. 1. 0. 0. 0. 0. 1. 0.
 0. 1. 0. 1. 1. 1. 1. 0. 0. 0. 0. 1. 1. 1. 1. 0. 1. 1. 1. 1. 0. 1. 0. 0.
 1. 0. 0. 1. 1. 1. 1. 1. 0. 0. 1. 1. 1. 0. 0. 1. 0. 1. 0. 0. 1. 0. 1. 0.
 1. 0. 0. 0.]"
527,randomforest,"{'criterion': 'gini', 'max_features': 'sqrt', 'n_estimators': 147}",0.5854858230575735,0.18548181296578956,0.15632565370836937,0.34906914013839774,0.57339718226815,0.19021497348185676,0.5594806931520588,0.11940298507462688,0.5597014925373134,0.5597014925373134,"{0: 0.5957061706393405, 1: 0.5957061706393406}","{0: 0.5957061706393405, 1: 0.5957061706393406}",0.5957061706393406,"[[72 62]
 [56 78]]","[1. 0. 1. 0. 0. 1. 0. 1. 1. 0. 0. 0. 1. 0. 0. 0. 1. 0. 0. 0. 0. 1. 0. 0.
 0. 0. 1. 1. 1. 1. 1. 0. 0. 0. 1. 1. 1. 0. 1. 0. 1. 0. 1. 1. 0. 0. 1. 0.
 0. 0. 1. 0. 1. 1. 1. 0. 1. 1. 0. 1. 0. 0. 1. 1. 0. 0. 1. 1. 1. 0. 0. 0.
 1. 1. 0. 1. 1. 0. 1. 0. 1. 1. 1. 0. 0. 1. 1. 1. 1. 1. 1. 1. 0. 1. 1. 1.
 0. 0. 1. 1. 0. 1. 1. 0. 0. 0. 0. 0. 0. 1. 0. 0. 0. 1. 1. 0. 1. 0. 0. 0.
 1. 1. 1. 1. 1. 1. 1. 1. 1. 0. 0. 1. 1. 0. 1. 1. 0. 1. 0. 1. 0. 0. 0. 0.
 0. 0. 0. 0. 1. 1. 1. 0. 1. 1. 0. 1. 1. 0. 1. 0. 1. 1. 0. 0. 1. 1. 0. 1.
 1. 1. 0. 1. 1. 0. 0. 1. 1. 0. 1. 0. 0. 1. 1. 1. 0. 0. 1. 1. 0. 0. 0. 1.
 0. 1. 1. 1. 0. 1. 0. 0. 1. 0. 1. 1. 0. 0. 0. 1. 1. 1. 0. 1. 1. 1. 0. 0.
 1. 1. 0. 0. 0. 0. 0. 0. 1. 1. 1. 0. 0. 0. 0. 1. 1. 1. 1. 1. 0. 1. 0. 0.
 1. 1. 0. 0. 1. 1. 0. 1. 0. 1. 1. 0. 1. 0. 1. 1. 0. 1. 0. 1. 0. 0. 1. 1.
 1. 0. 1. 0.]","[0. 1. 0. 0. 0. 1. 1. 1. 0. 0. 0. 0. 0. 1. 0. 0. 1. 1. 0. 0. 0. 0. 0. 1.
 0. 0. 1. 0. 1. 0. 0. 1. 0. 1. 1. 0. 0. 0. 1. 0. 0. 0. 1. 1. 1. 0. 1. 0.
 1. 0. 1. 1. 0. 1. 1. 1. 1. 0. 1. 0. 0. 1. 1. 1. 0. 0. 0. 1. 1. 0. 1. 1.
 0. 0. 1. 0. 0. 1. 0. 1. 0. 1. 1. 1. 0. 1. 0. 1. 1. 1. 1. 1. 1. 1. 1. 0.
 0. 0. 1. 1. 1. 0. 0. 1. 1. 1. 0. 0. 0. 1. 1. 1. 0. 0. 0. 0. 1. 1. 1. 0.
 1. 0. 0. 1. 1. 0. 0. 0. 0. 1. 0. 0. 1. 1. 0. 1. 1. 1. 0. 1. 1. 0. 1. 0.
 1. 1. 0. 0. 0. 1. 1. 0. 1. 1. 0. 1. 0. 0. 0. 1. 1. 1. 0. 1. 0. 1. 1. 0.
 1. 0. 0. 1. 1. 0. 0. 1. 0. 1. 1. 0. 0. 1. 0. 0. 1. 1. 0. 1. 1. 0. 0. 0.
 0. 1. 1. 0. 0. 1. 0. 0. 1. 0. 1. 1. 1. 0. 0. 0. 1. 1. 0. 0. 0. 0. 1. 0.
 0. 1. 0. 1. 1. 1. 1. 0. 0. 0. 0. 1. 1. 1. 1. 0. 1. 1. 1. 1. 0. 1. 0. 0.
 1. 0. 0. 1. 1. 1. 1. 1. 0. 0. 1. 1. 1. 0. 0. 1. 0. 1. 0. 0. 1. 0. 1. 0.
 1. 0. 0. 0.]"
149,randomforest,"{'criterion': 'gini', 'max_features': 'sqrt', 'n_estimators': 339}",0.5777449099673957,0.17959614523969106,0.15622132751327933,0.32326162760340615,0.5689814591024268,0.18952960145184408,0.559603386809269,0.11940298507462688,0.5597014925373134,0.5597014925373134,"{0: 0.5919191356649588, 1: 0.5919191356649588}","{0: 0.5919191356649588, 1: 0.5919191356649588}",0.5919191356649588,"[[73 61]
 [57 77]]","[1. 0. 0. 0. 0. 1. 0. 1. 1. 0. 0. 0. 1. 0. 0. 0. 1. 0. 0. 0. 0. 1. 0. 0.
 0. 0. 1. 1. 1. 1. 1. 0. 0. 0. 1. 0. 1. 0. 1. 0. 1. 1. 1. 0. 0. 0. 1. 0.
 0. 0. 1. 0. 1. 1. 1. 1. 1. 1. 0. 1. 1. 0. 1. 0. 0. 0. 1. 1. 1. 1. 0. 0.
 1. 1. 0. 1. 1. 0. 0. 0. 1. 1. 1. 0. 0. 1. 1. 1. 1. 1. 1. 1. 0. 1. 1. 1.
 0. 0. 1. 1. 0. 1. 1. 0. 0. 0. 0. 1. 0. 1. 0. 0. 0. 1. 1. 0. 1. 0. 0. 0.
 0. 1. 1. 1. 1. 1. 1. 1. 1. 0. 0. 1. 1. 0. 1. 1. 0. 1. 0. 1. 1. 0. 0. 0.
 0. 0. 0. 0. 0. 1. 1. 0. 1. 1. 0. 1. 1. 0. 1. 0. 1. 1. 0. 0. 1. 1. 0. 1.
 1. 1. 0. 1. 1. 0. 0. 1. 1. 0. 1. 0. 0. 0. 1. 1. 0. 0. 1. 1. 0. 0. 1. 1.
 1. 1. 1. 0. 1. 1. 0. 0. 0. 0. 1. 1. 0. 0. 0. 0. 1. 1. 0. 1. 1. 1. 0. 0.
 1. 1. 0. 1. 0. 0. 0. 0. 1. 1. 1. 0. 0. 0. 0. 1. 1. 1. 1. 1. 0. 1. 0. 0.
 1. 1. 0. 0. 1. 1. 1. 1. 0. 0. 1. 0. 1. 0. 0. 1. 0. 1. 0. 1. 0. 0. 1. 1.
 1. 0. 1. 0.]","[0. 1. 0. 0. 0. 1. 1. 1. 0. 0. 0. 0. 0. 1. 0. 0. 1. 1. 0. 0. 0. 0. 0. 1.
 0. 0. 1. 0. 1. 0. 0. 1. 0. 1. 1. 0. 0. 0. 1. 0. 0. 0. 1. 1. 1. 0. 1. 0.
 1. 0. 1. 1. 0. 1. 1. 1. 1. 0. 1. 0. 0. 1. 1. 1. 0. 0. 0. 1. 1. 0. 1. 1.
 0. 0. 1. 0. 0. 1. 0. 1. 0. 1. 1. 1. 0. 1. 0. 1. 1. 1. 1. 1. 1. 1. 1. 0.
 0. 0. 1. 1. 1. 0. 0. 1. 1. 1. 0. 0. 0. 1. 1. 1. 0. 0. 0. 0. 1. 1. 1. 0.
 1. 0. 0. 1. 1. 0. 0. 0. 0. 1. 0. 0. 1. 1. 0. 1. 1. 1. 0. 1. 1. 0. 1. 0.
 1. 1. 0. 0. 0. 1. 1. 0. 1. 1. 0. 1. 0. 0. 0. 1. 1. 1. 0. 1. 0. 1. 1. 0.
 1. 0. 0. 1. 1. 0. 0. 1. 0. 1. 1. 0. 0. 1. 0. 0. 1. 1. 0. 1. 1. 0. 0. 0.
 0. 1. 1. 0. 0. 1. 0. 0. 1. 0. 1. 1. 1. 0. 0. 0. 1. 1. 0. 0. 0. 0. 1. 0.
 0. 1. 0. 1. 1. 1. 1. 0. 0. 0. 0. 1. 1. 1. 1. 0. 1. 1. 1. 1. 0. 1. 0. 0.
 1. 0. 0. 1. 1. 1. 1. 1. 0. 0. 1. 1. 1. 0. 0. 1. 0. 1. 0. 0. 1. 0. 1. 0.
 1. 0. 0. 0.]"
271,randomforest,"{'criterion': 'gini', 'max_features': 'sqrt', 'n_estimators': 209}",0.5872455670738712,0.1791860392601,0.15583226456467023,0.3035862692087043,0.5825812833373317,0.17310434670534247,0.559603386809269,0.11940298507462688,0.5597014925373134,0.5597014925373134,"{0: 0.5767153040766317, 1: 0.5767153040766317}","{0: 0.5767153040766317, 1: 0.5767153040766317}",0.5767153040766317,"[[73 61]
 [57 77]]","[1. 0. 0. 0. 0. 1. 0. 1. 1. 0. 0. 0. 1. 0. 0. 0. 1. 0. 0. 1. 0. 1. 0. 0.
 0. 0. 1. 1. 1. 1. 1. 0. 0. 0. 1. 0. 1. 0. 1. 0. 1. 0. 1. 0. 0. 0. 1. 0.
 0. 0. 1. 0. 1. 1. 1. 1. 1. 1. 0. 1. 1. 0. 1. 0. 0. 0. 1. 1. 1. 1. 0. 0.
 1. 1. 0. 1. 1. 0. 0. 0. 1. 1. 1. 0. 0. 1. 1. 1. 1. 1. 1. 1. 0. 1. 1. 1.
 0. 0. 1. 1. 0. 1. 1. 0. 1. 0. 0. 1. 0. 1. 0. 0. 0. 1. 1. 0. 1. 0. 0. 0.
 0. 1. 1. 1. 1. 1. 1. 1. 1. 0. 0. 1. 1. 0. 1. 0. 0. 1. 0. 1. 1. 0. 0. 0.
 0. 0. 0. 0. 1. 1. 1. 0. 1. 1. 0. 1. 1. 0. 1. 0. 1. 1. 0. 0. 1. 1. 0. 1.
 1. 1. 0. 1. 1. 0. 0. 1. 1. 0. 1. 0. 0. 1. 1. 1. 0. 0. 1. 1. 0. 0. 1. 1.
 1. 1. 1. 1. 0. 1. 0. 0. 0. 0. 1. 1. 0. 0. 0. 0. 1. 1. 0. 1. 1. 0. 0. 0.
 1. 1. 0. 1. 0. 0. 0. 0. 1. 1. 1. 0. 0. 0. 1. 1. 1. 1. 1. 1. 0. 1. 0. 0.
 1. 1. 0. 0. 1. 1. 0. 1. 0. 1. 1. 0. 1. 0. 0. 1. 0. 0. 0. 1. 0. 0. 1. 0.
 1. 0. 1. 0.]","[0. 1. 0. 0. 0. 1. 1. 1. 0. 0. 0. 0. 0. 1. 0. 0. 1. 1. 0. 0. 0. 0. 0. 1.
 0. 0. 1. 0. 1. 0. 0. 1. 0. 1. 1. 0. 0. 0. 1. 0. 0. 0. 1. 1. 1. 0. 1. 0.
 1. 0. 1. 1. 0. 1. 1. 1. 1. 0. 1. 0. 0. 1. 1. 1. 0. 0. 0. 1. 1. 0. 1. 1.
 0. 0. 1. 0. 0. 1. 0. 1. 0. 1. 1. 1. 0. 1. 0. 1. 1. 1. 1. 1. 1. 1. 1. 0.
 0. 0. 1. 1. 1. 0. 0. 1. 1. 1. 0. 0. 0. 1. 1. 1. 0. 0. 0. 0. 1. 1. 1. 0.
 1. 0. 0. 1. 1. 0. 0. 0. 0. 1. 0. 0. 1. 1. 0. 1. 1. 1. 0. 1. 1. 0. 1. 0.
 1. 1. 0. 0. 0. 1. 1. 0. 1. 1. 0. 1. 0. 0. 0. 1. 1. 1. 0. 1. 0. 1. 1. 0.
 1. 0. 0. 1. 1. 0. 0. 1. 0. 1. 1. 0. 0. 1. 0. 0. 1. 1. 0. 1. 1. 0. 0. 0.
 0. 1. 1. 0. 0. 1. 0. 0. 1. 0. 1. 1. 1. 0. 0. 0. 1. 1. 0. 0. 0. 0. 1. 0.
 0. 1. 0. 1. 1. 1. 1. 0. 0. 0. 0. 1. 1. 1. 1. 0. 1. 1. 1. 1. 0. 1. 0. 0.
 1. 0. 0. 1. 1. 1. 1. 1. 0. 0. 1. 1. 1. 0. 0. 1. 0. 1. 0. 0. 1. 0. 1. 0.
 1. 0. 0. 0.]"
317,randomforest,"{'criterion': 'entropy', 'max_features': 'sqrt', 'n_estimators': 279}",0.5791245065267309,0.18421152209054487,0.1558263055551236,0.33288621146502695,0.5713674989884667,0.18889974979708896,0.5556670149773598,0.11194029850746268,0.5559701492537313,0.5559701492537313,"{0: 0.5960124749387391, 1: 0.5960124749387392}","{0: 0.5960124749387391, 1: 0.5960124749387392}",0.5960124749387392,"[[71 63]
 [56 78]]","[1. 0. 0. 0. 0. 1. 0. 1. 1. 0. 0. 0. 1. 0. 0. 0. 1. 0. 0. 0. 0. 1. 0. 0.
 0. 0. 1. 1. 1. 1. 1. 0. 0. 0. 1. 0. 1. 0. 1. 0. 0. 0. 1. 0. 0. 0. 1. 1.
 0. 0. 1. 0. 0. 1. 1. 1. 1. 1. 0. 1. 1. 0. 1. 0. 0. 0. 1. 1. 1. 1. 0. 0.
 0. 1. 0. 1. 1. 0. 1. 0. 1. 1. 1. 0. 0. 1. 0. 1. 1. 1. 1. 1. 0. 1. 1. 1.
 0. 0. 1. 1. 0. 1. 0. 0. 0. 0. 0. 1. 0. 1. 0. 0. 0. 1. 1. 0. 1. 0. 0. 0.
 0. 1. 1. 1. 1. 1. 1. 1. 1. 0. 0. 1. 1. 0. 1. 1. 0. 1. 0. 1. 0. 0. 0. 0.
 1. 0. 0. 0. 1. 1. 1. 0. 1. 1. 0. 1. 1. 0. 1. 0. 1. 1. 0. 0. 1. 1. 0. 1.
 1. 1. 0. 1. 1. 1. 0. 1. 1. 0. 1. 0. 0. 0. 1. 1. 0. 0. 1. 1. 0. 0. 1. 1.
 1. 1. 1. 1. 1. 1. 0. 1. 0. 0. 1. 1. 0. 1. 0. 0. 1. 1. 0. 1. 1. 1. 0. 0.
 1. 1. 0. 1. 0. 0. 0. 0. 1. 1. 1. 0. 1. 0. 1. 1. 1. 1. 1. 1. 0. 1. 0. 0.
 1. 1. 0. 0. 1. 1. 0. 1. 0. 1. 1. 0. 1. 0. 0. 1. 0. 1. 0. 1. 0. 0. 1. 1.
 1. 0. 1. 0.]","[0. 1. 0. 0. 0. 1. 1. 1. 0. 0. 0. 0. 0. 1. 0. 0. 1. 1. 0. 0. 0. 0. 0. 1.
 0. 0. 1. 0. 1. 0. 0. 1. 0. 1. 1. 0. 0. 0. 1. 0. 0. 0. 1. 1. 1. 0. 1. 0.
 1. 0. 1. 1. 0. 1. 1. 1. 1. 0. 1. 0. 0. 1. 1. 1. 0. 0. 0. 1. 1. 0. 1. 1.
 0. 0. 1. 0. 0. 1. 0. 1. 0. 1. 1. 1. 0. 1. 0. 1. 1. 1. 1. 1. 1. 1. 1. 0.
 0. 0. 1. 1. 1. 0. 0. 1. 1. 1. 0. 0. 0. 1. 1. 1. 0. 0. 0. 0. 1. 1. 1. 0.
 1. 0. 0. 1. 1. 0. 0. 0. 0. 1. 0. 0. 1. 1. 0. 1. 1. 1. 0. 1. 1. 0. 1. 0.
 1. 1. 0. 0. 0. 1. 1. 0. 1. 1. 0. 1. 0. 0. 0. 1. 1. 1. 0. 1. 0. 1. 1. 0.
 1. 0. 0. 1. 1. 0. 0. 1. 0. 1. 1. 0. 0. 1. 0. 0. 1. 1. 0. 1. 1. 0. 0. 0.
 0. 1. 1. 0. 0. 1. 0. 0. 1. 0. 1. 1. 1. 0. 0. 0. 1. 1. 0. 0. 0. 0. 1. 0.
 0. 1. 0. 1. 1. 1. 1. 0. 0. 0. 0. 1. 1. 1. 1. 0. 1. 1. 1. 1. 0. 1. 0. 0.
 1. 0. 0. 1. 1. 1. 1. 1. 0. 0. 1. 1. 1. 0. 0. 1. 0. 1. 0. 0. 1. 0. 1. 0.
 1. 0. 0. 0.]"
540,randomforest,"{'criterion': 'gini', 'max_features': 'log2', 'n_estimators': 367}",0.586856828066242,0.18703271186743523,0.1558147214683627,0.34213814047133767,0.5832794874629551,0.1949734446059529,0.5742474916387961,0.14925373134328357,0.5746268656716418,0.5746268656716418,"{0: 0.5922532858097571, 1: 0.5922532858097572}","{0: 0.5922532858097571, 1: 0.5922532858097572}",0.5922532858097572,"[[73 61]
 [53 81]]","[1. 0. 0. 0. 0. 1. 0. 1. 1. 0. 0. 0. 1. 0. 0. 0. 1. 0. 0. 0. 0. 1. 0. 0.
 1. 0. 1. 1. 1. 1. 1. 0. 0. 0. 1. 0. 1. 0. 1. 0. 1. 0. 1. 0. 0. 0. 1. 0.
 0. 0. 1. 0. 1. 1. 1. 1. 1. 1. 0. 1. 1. 0. 1. 0. 0. 0. 1. 1. 1. 1. 0. 0.
 1. 1. 0. 1. 1. 0. 0. 0. 1. 1. 1. 0. 0. 1. 0. 1. 1. 1. 1. 1. 0. 1. 1. 1.
 0. 0. 1. 1. 0. 1. 0. 1. 0. 0. 0. 1. 0. 1. 0. 0. 0. 1. 1. 1. 1. 0. 0. 0.
 0. 1. 1. 1. 1. 1. 1. 1. 1. 0. 0. 1. 1. 0. 1. 1. 0. 1. 0. 1. 1. 0. 1. 0.
 1. 0. 0. 0. 1. 1. 1. 0. 1. 1. 0. 1. 1. 0. 1. 0. 1. 1. 0. 0. 1. 1. 0. 1.
 1. 1. 0. 1. 1. 1. 0. 1. 1. 0. 1. 0. 0. 1. 1. 1. 0. 0. 1. 1. 0. 0. 1. 1.
 1. 1. 1. 0. 0. 1. 0. 0. 0. 0. 1. 1. 0. 0. 0. 0. 1. 1. 0. 1. 1. 1. 0. 0.
 1. 1. 0. 1. 0. 0. 0. 0. 1. 1. 1. 0. 0. 0. 1. 1. 1. 1. 1. 1. 0. 1. 0. 0.
 1. 1. 0. 0. 1. 1. 1. 1. 0. 0. 1. 0. 1. 0. 0. 1. 0. 0. 0. 1. 0. 0. 1. 1.
 1. 0. 1. 0.]","[0. 1. 0. 0. 0. 1. 1. 1. 0. 0. 0. 0. 0. 1. 0. 0. 1. 1. 0. 0. 0. 0. 0. 1.
 0. 0. 1. 0. 1. 0. 0. 1. 0. 1. 1. 0. 0. 0. 1. 0. 0. 0. 1. 1. 1. 0. 1. 0.
 1. 0. 1. 1. 0. 1. 1. 1. 1. 0. 1. 0. 0. 1. 1. 1. 0. 0. 0. 1. 1. 0. 1. 1.
 0. 0. 1. 0. 0. 1. 0. 1. 0. 1. 1. 1. 0. 1. 0. 1. 1. 1. 1. 1. 1. 1. 1. 0.
 0. 0. 1. 1. 1. 0. 0. 1. 1. 1. 0. 0. 0. 1. 1. 1. 0. 0. 0. 0. 1. 1. 1. 0.
 1. 0. 0. 1. 1. 0. 0. 0. 0. 1. 0. 0. 1. 1. 0. 1. 1. 1. 0. 1. 1. 0. 1. 0.
 1. 1. 0. 0. 0. 1. 1. 0. 1. 1. 0. 1. 0. 0. 0. 1. 1. 1. 0. 1. 0. 1. 1. 0.
 1. 0. 0. 1. 1. 0. 0. 1. 0. 1. 1. 0. 0. 1. 0. 0. 1. 1. 0. 1. 1. 0. 0. 0.
 0. 1. 1. 0. 0. 1. 0. 0. 1. 0. 1. 1. 1. 0. 0. 0. 1. 1. 0. 0. 0. 0. 1. 0.
 0. 1. 0. 1. 1. 1. 1. 0. 0. 0. 0. 1. 1. 1. 1. 0. 1. 1. 1. 1. 0. 1. 0. 0.
 1. 0. 0. 1. 1. 1. 1. 1. 0. 0. 1. 1. 1. 0. 0. 1. 0. 1. 0. 0. 1. 0. 1. 0.
 1. 0. 0. 0.]"
321,AdaBoost,"{'algorithm': 'SAMME', 'learning_rate': 1.5693877551020408, 'n_estimators': 63}",0.5694408443375628,0.20201814383936764,0.15575651685594974,0.3617407398056758,0.5658362825197503,0.19917230371828507,0.5477455615525152,0.09701492537313428,0.5485074626865671,0.5485074626865671,"{0: 0.5676932501670752, 1: 0.5676932501670751}","{0: 0.5676932501670752, 1: 0.5676932501670751}",0.5676932501670751,"[[68 66]
 [55 79]]","[0. 1. 0. 1. 0. 1. 0. 1. 1. 1. 0. 0. 1. 1. 0. 0. 1. 0. 0. 0. 1. 1. 0. 0.
 0. 1. 1. 1. 1. 1. 1. 0. 0. 0. 1. 0. 0. 0. 1. 0. 0. 1. 1. 1. 0. 1. 1. 1.
 0. 0. 1. 1. 0. 0. 0. 1. 1. 1. 0. 1. 0. 0. 1. 0. 1. 0. 1. 1. 1. 1. 0. 0.
 1. 1. 0. 1. 1. 0. 1. 0. 0. 1. 1. 0. 0. 1. 0. 0. 1. 0. 1. 1. 0. 1. 0. 1.
 0. 0. 1. 0. 0. 1. 1. 0. 1. 1. 0. 1. 0. 1. 0. 0. 1. 1. 1. 0. 1. 1. 0. 0.
 1. 1. 1. 0. 0. 0. 1. 1. 1. 0. 0. 1. 1. 0. 1. 1. 0. 1. 1. 0. 0. 0. 1. 0.
 1. 1. 0. 1. 1. 1. 1. 0. 1. 0. 0. 1. 1. 0. 1. 0. 1. 0. 0. 0. 1. 1. 0. 1.
 1. 1. 1. 1. 1. 0. 0. 1. 0. 1. 1. 1. 0. 1. 0. 1. 0. 0. 1. 1. 0. 0. 1. 1.
 0. 1. 0. 1. 1. 1. 0. 0. 1. 0. 1. 1. 1. 1. 0. 0. 0. 1. 0. 0. 1. 0. 1. 0.
 1. 0. 0. 0. 0. 0. 0. 0. 1. 1. 1. 1. 1. 1. 0. 1. 0. 1. 1. 1. 0. 1. 0. 0.
 1. 1. 1. 0. 1. 1. 0. 1. 0. 0. 1. 0. 1. 0. 0. 1. 0. 1. 0. 1. 1. 1. 1. 1.
 1. 0. 1. 0.]","[0. 1. 0. 0. 0. 1. 1. 1. 0. 0. 0. 0. 0. 1. 0. 0. 1. 1. 0. 0. 0. 0. 0. 1.
 0. 0. 1. 0. 1. 0. 0. 1. 0. 1. 1. 0. 0. 0. 1. 0. 0. 0. 1. 1. 1. 0. 1. 0.
 1. 0. 1. 1. 0. 1. 1. 1. 1. 0. 1. 0. 0. 1. 1. 1. 0. 0. 0. 1. 1. 0. 1. 1.
 0. 0. 1. 0. 0. 1. 0. 1. 0. 1. 1. 1. 0. 1. 0. 1. 1. 1. 1. 1. 1. 1. 1. 0.
 0. 0. 1. 1. 1. 0. 0. 1. 1. 1. 0. 0. 0. 1. 1. 1. 0. 0. 0. 0. 1. 1. 1. 0.
 1. 0. 0. 1. 1. 0. 0. 0. 0. 1. 0. 0. 1. 1. 0. 1. 1. 1. 0. 1. 1. 0. 1. 0.
 1. 1. 0. 0. 0. 1. 1. 0. 1. 1. 0. 1. 0. 0. 0. 1. 1. 1. 0. 1. 0. 1. 1. 0.
 1. 0. 0. 1. 1. 0. 0. 1. 0. 1. 1. 0. 0. 1. 0. 0. 1. 1. 0. 1. 1. 0. 0. 0.
 0. 1. 1. 0. 0. 1. 0. 0. 1. 0. 1. 1. 1. 0. 0. 0. 1. 1. 0. 0. 0. 0. 1. 0.
 0. 1. 0. 1. 1. 1. 1. 0. 0. 0. 0. 1. 1. 1. 1. 0. 1. 1. 1. 1. 0. 1. 0. 0.
 1. 0. 0. 1. 1. 1. 1. 1. 0. 0. 1. 1. 1. 0. 0. 1. 0. 1. 0. 0. 1. 0. 1. 0.
 1. 0. 0. 0.]"
477,AdaBoost,"{'algorithm': 'SAMME.R', 'learning_rate': 1.3244897959183672, 'n_estimators': 74}",0.5664158981832853,0.12614026652885876,0.1557147780270334,0.2122396538449779,0.5617792284626962,0.13152102887589823,0.5783523383874246,0.15671641791044777,0.5783582089552238,0.5783582089552239,"{0: 0.5803074181332145, 1: 0.5803074181332145}","{0: 0.5803074181332145, 1: 0.5803074181332145}",0.5803074181332145,"[[77 57]
 [56 78]]","[0. 0. 1. 0. 1. 1. 0. 1. 1. 1. 0. 0. 0. 1. 0. 0. 1. 0. 0. 0. 0. 1. 1. 0.
 0. 1. 1. 0. 1. 0. 1. 0. 0. 0. 1. 0. 0. 0. 1. 0. 0. 1. 1. 1. 0. 0. 1. 0.
 0. 0. 0. 1. 0. 1. 1. 1. 1. 0. 0. 1. 0. 0. 1. 0. 0. 0. 1. 1. 1. 1. 1. 0.
 1. 1. 0. 1. 1. 0. 1. 0. 1. 1. 1. 0. 0. 1. 0. 1. 1. 1. 1. 1. 0. 1. 1. 0.
 0. 0. 1. 1. 0. 1. 1. 1. 1. 0. 0. 1. 0. 1. 0. 0. 0. 0. 1. 0. 1. 1. 0. 0.
 1. 1. 1. 0. 0. 0. 1. 1. 1. 0. 0. 1. 1. 0. 1. 1. 0. 0. 1. 0. 1. 0. 0. 0.
 0. 1. 1. 1. 1. 1. 1. 0. 1. 1. 0. 1. 1. 1. 1. 0. 1. 0. 0. 0. 1. 0. 0. 1.
 1. 1. 1. 0. 1. 0. 0. 1. 1. 1. 1. 0. 0. 1. 1. 0. 0. 0. 1. 0. 1. 0. 1. 1.
 0. 0. 0. 1. 1. 1. 0. 1. 0. 0. 1. 1. 1. 0. 1. 0. 0. 1. 0. 1. 1. 0. 0. 0.
 1. 0. 0. 1. 0. 1. 0. 0. 0. 0. 0. 0. 1. 0. 0. 1. 1. 1. 1. 1. 0. 1. 0. 0.
 1. 0. 1. 0. 1. 1. 0. 1. 0. 1. 1. 0. 1. 0. 0. 1. 0. 1. 0. 1. 1. 0. 1. 0.
 0. 0. 1. 0.]","[0. 1. 0. 0. 0. 1. 1. 1. 0. 0. 0. 0. 0. 1. 0. 0. 1. 1. 0. 0. 0. 0. 0. 1.
 0. 0. 1. 0. 1. 0. 0. 1. 0. 1. 1. 0. 0. 0. 1. 0. 0. 0. 1. 1. 1. 0. 1. 0.
 1. 0. 1. 1. 0. 1. 1. 1. 1. 0. 1. 0. 0. 1. 1. 1. 0. 0. 0. 1. 1. 0. 1. 1.
 0. 0. 1. 0. 0. 1. 0. 1. 0. 1. 1. 1. 0. 1. 0. 1. 1. 1. 1. 1. 1. 1. 1. 0.
 0. 0. 1. 1. 1. 0. 0. 1. 1. 1. 0. 0. 0. 1. 1. 1. 0. 0. 0. 0. 1. 1. 1. 0.
 1. 0. 0. 1. 1. 0. 0. 0. 0. 1. 0. 0. 1. 1. 0. 1. 1. 1. 0. 1. 1. 0. 1. 0.
 1. 1. 0. 0. 0. 1. 1. 0. 1. 1. 0. 1. 0. 0. 0. 1. 1. 1. 0. 1. 0. 1. 1. 0.
 1. 0. 0. 1. 1. 0. 0. 1. 0. 1. 1. 0. 0. 1. 0. 0. 1. 1. 0. 1. 1. 0. 0. 0.
 0. 1. 1. 0. 0. 1. 0. 0. 1. 0. 1. 1. 1. 0. 0. 0. 1. 1. 0. 0. 0. 0. 1. 0.
 0. 1. 0. 1. 1. 1. 1. 0. 0. 0. 0. 1. 1. 1. 1. 0. 1. 1. 1. 1. 0. 1. 0. 0.
 1. 0. 0. 1. 1. 1. 1. 1. 0. 0. 1. 1. 1. 0. 0. 1. 0. 1. 0. 0. 1. 0. 1. 0.
 1. 0. 0. 0.]"
573,randomforest,"{'criterion': 'gini', 'max_features': 'sqrt', 'n_estimators': 63}",0.5642511206433584,0.21135473306389582,0.15554983077232185,0.37046035957823015,0.5629316658550528,0.21022575298922397,0.5518394648829431,0.10447761194029848,0.5522388059701493,0.5522388059701493,"{0: 0.581866785475607, 1: 0.581866785475607}","{0: 0.581866785475607, 1: 0.581866785475607}",0.581866785475607,"[[70 64]
 [56 78]]","[1. 0. 0. 0. 0. 1. 0. 1. 1. 1. 0. 0. 1. 0. 0. 0. 1. 0. 0. 0. 0. 1. 0. 0.
 0. 1. 1. 1. 1. 1. 1. 0. 0. 0. 1. 0. 1. 0. 1. 0. 0. 0. 1. 0. 0. 0. 1. 1.
 0. 0. 1. 0. 0. 1. 1. 0. 1. 1. 0. 1. 0. 0. 1. 0. 0. 0. 1. 1. 1. 1. 0. 0.
 1. 1. 0. 1. 1. 0. 1. 0. 1. 1. 1. 0. 1. 1. 1. 1. 1. 1. 1. 1. 1. 1. 1. 1.
 0. 0. 0. 1. 0. 1. 1. 0. 0. 0. 0. 1. 0. 1. 0. 1. 0. 1. 1. 0. 1. 0. 0. 0.
 0. 1. 1. 1. 1. 1. 1. 1. 0. 0. 0. 1. 1. 0. 1. 1. 0. 1. 0. 1. 0. 0. 0. 0.
 0. 0. 0. 0. 1. 1. 1. 0. 1. 0. 0. 1. 1. 0. 1. 0. 1. 1. 0. 0. 1. 0. 0. 1.
 1. 1. 1. 1. 1. 0. 0. 1. 1. 0. 1. 0. 0. 0. 1. 1. 0. 1. 1. 1. 0. 0. 1. 1.
 0. 1. 1. 0. 1. 1. 0. 1. 1. 0. 1. 1. 0. 0. 0. 0. 1. 1. 0. 1. 1. 1. 0. 0.
 1. 1. 0. 1. 0. 0. 0. 0. 1. 1. 1. 0. 1. 0. 1. 1. 1. 1. 1. 1. 0. 1. 0. 0.
 1. 1. 0. 0. 1. 1. 1. 1. 0. 1. 1. 0. 1. 0. 0. 1. 0. 1. 0. 1. 0. 0. 1. 1.
 1. 0. 1. 0.]","[0. 1. 0. 0. 0. 1. 1. 1. 0. 0. 0. 0. 0. 1. 0. 0. 1. 1. 0. 0. 0. 0. 0. 1.
 0. 0. 1. 0. 1. 0. 0. 1. 0. 1. 1. 0. 0. 0. 1. 0. 0. 0. 1. 1. 1. 0. 1. 0.
 1. 0. 1. 1. 0. 1. 1. 1. 1. 0. 1. 0. 0. 1. 1. 1. 0. 0. 0. 1. 1. 0. 1. 1.
 0. 0. 1. 0. 0. 1. 0. 1. 0. 1. 1. 1. 0. 1. 0. 1. 1. 1. 1. 1. 1. 1. 1. 0.
 0. 0. 1. 1. 1. 0. 0. 1. 1. 1. 0. 0. 0. 1. 1. 1. 0. 0. 0. 0. 1. 1. 1. 0.
 1. 0. 0. 1. 1. 0. 0. 0. 0. 1. 0. 0. 1. 1. 0. 1. 1. 1. 0. 1. 1. 0. 1. 0.
 1. 1. 0. 0. 0. 1. 1. 0. 1. 1. 0. 1. 0. 0. 0. 1. 1. 1. 0. 1. 0. 1. 1. 0.
 1. 0. 0. 1. 1. 0. 0. 1. 0. 1. 1. 0. 0. 1. 0. 0. 1. 1. 0. 1. 1. 0. 0. 0.
 0. 1. 1. 0. 0. 1. 0. 0. 1. 0. 1. 1. 1. 0. 0. 0. 1. 1. 0. 0. 0. 0. 1. 0.
 0. 1. 0. 1. 1. 1. 1. 0. 0. 0. 0. 1. 1. 1. 1. 0. 1. 1. 1. 1. 0. 1. 0. 0.
 1. 0. 0. 1. 1. 1. 1. 1. 0. 0. 1. 1. 1. 0. 0. 1. 0. 1. 0. 0. 1. 0. 1. 0.
 1. 0. 0. 0.]"
438,randomforest,"{'criterion': 'gini', 'max_features': None, 'n_estimators': 199}",0.6005153038419168,0.17246469113757695,0.15545149239606074,0.3270901625099773,0.5943409953994632,0.1707239501424344,0.5780703587600139,0.15671641791044777,0.5783582089552238,0.5783582089552239,"{0: 0.5876030296279795, 1: 0.5876030296279795}","{0: 0.5876030296279795, 1: 0.5876030296279795}",0.5876030296279795,"[[74 60]
 [53 81]]","[1. 0. 0. 0. 0. 1. 0. 1. 1. 0. 0. 0. 1. 0. 0. 0. 0. 0. 0. 0. 0. 1. 0. 0.
 0. 0. 1. 1. 1. 1. 1. 0. 0. 0. 1. 0. 0. 0. 1. 0. 1. 0. 1. 1. 0. 1. 1. 0.
 0. 0. 1. 0. 1. 1. 1. 1. 1. 1. 0. 1. 1. 0. 1. 0. 0. 0. 1. 1. 1. 1. 0. 0.
 1. 1. 0. 1. 1. 0. 0. 0. 1. 1. 1. 0. 0. 1. 0. 1. 1. 1. 1. 1. 0. 1. 1. 1.
 0. 0. 1. 1. 0. 1. 0. 1. 1. 0. 0. 0. 0. 1. 0. 0. 0. 1. 1. 0. 1. 0. 0. 0.
 0. 1. 1. 1. 1. 1. 1. 1. 1. 0. 0. 1. 1. 0. 1. 1. 0. 1. 0. 1. 1. 0. 1. 0.
 0. 0. 0. 0. 0. 1. 1. 0. 1. 1. 0. 1. 1. 0. 1. 0. 1. 1. 0. 0. 1. 1. 0. 1.
 1. 1. 0. 1. 1. 1. 0. 1. 1. 0. 1. 0. 0. 1. 1. 1. 0. 0. 1. 1. 1. 0. 1. 1.
 0. 1. 0. 1. 0. 1. 0. 1. 1. 0. 1. 1. 0. 0. 0. 0. 1. 1. 0. 1. 1. 1. 0. 0.
 1. 1. 0. 0. 0. 0. 0. 0. 1. 1. 1. 0. 0. 0. 1. 1. 1. 1. 1. 1. 0. 1. 0. 0.
 1. 1. 0. 0. 1. 1. 0. 1. 0. 1. 1. 0. 1. 0. 1. 1. 0. 1. 0. 1. 0. 0. 1. 1.
 1. 0. 1. 0.]","[0. 1. 0. 0. 0. 1. 1. 1. 0. 0. 0. 0. 0. 1. 0. 0. 1. 1. 0. 0. 0. 0. 0. 1.
 0. 0. 1. 0. 1. 0. 0. 1. 0. 1. 1. 0. 0. 0. 1. 0. 0. 0. 1. 1. 1. 0. 1. 0.
 1. 0. 1. 1. 0. 1. 1. 1. 1. 0. 1. 0. 0. 1. 1. 1. 0. 0. 0. 1. 1. 0. 1. 1.
 0. 0. 1. 0. 0. 1. 0. 1. 0. 1. 1. 1. 0. 1. 0. 1. 1. 1. 1. 1. 1. 1. 1. 0.
 0. 0. 1. 1. 1. 0. 0. 1. 1. 1. 0. 0. 0. 1. 1. 1. 0. 0. 0. 0. 1. 1. 1. 0.
 1. 0. 0. 1. 1. 0. 0. 0. 0. 1. 0. 0. 1. 1. 0. 1. 1. 1. 0. 1. 1. 0. 1. 0.
 1. 1. 0. 0. 0. 1. 1. 0. 1. 1. 0. 1. 0. 0. 0. 1. 1. 1. 0. 1. 0. 1. 1. 0.
 1. 0. 0. 1. 1. 0. 0. 1. 0. 1. 1. 0. 0. 1. 0. 0. 1. 1. 0. 1. 1. 0. 0. 0.
 0. 1. 1. 0. 0. 1. 0. 0. 1. 0. 1. 1. 1. 0. 0. 0. 1. 1. 0. 0. 0. 0. 1. 0.
 0. 1. 0. 1. 1. 1. 1. 0. 0. 0. 0. 1. 1. 1. 1. 0. 1. 1. 1. 1. 0. 1. 0. 0.
 1. 0. 0. 1. 1. 1. 1. 1. 0. 0. 1. 1. 1. 0. 0. 1. 0. 1. 0. 0. 1. 0. 1. 0.
 1. 0. 0. 0.]"
459,randomforest,"{'criterion': 'gini', 'max_features': 'log2', 'n_estimators': 231}",0.5761488531478517,0.19913202111533423,0.15510852969833644,0.35127855619592174,0.5708110531195209,0.20252899091766755,0.5521390374331551,0.10447761194029848,0.5522388059701493,0.5522388059701493,"{0: 0.5911116061483628, 1: 0.5911116061483627}","{0: 0.5911116061483628, 1: 0.5911116061483627}",0.5911116061483627,"[[72 62]
 [58 76]]","[1. 0. 0. 0. 0. 1. 0. 1. 1. 0. 0. 0. 1. 0. 0. 0. 1. 0. 0. 0. 0. 1. 0. 0.
 0. 0. 1. 1. 1. 1. 1. 0. 0. 0. 1. 1. 1. 0. 1. 0. 0. 0. 1. 0. 0. 0. 1. 0.
 0. 0. 1. 0. 1. 1. 1. 1. 1. 1. 0. 1. 1. 0. 1. 1. 0. 0. 1. 1. 1. 1. 0. 0.
 1. 1. 0. 1. 1. 0. 0. 0. 1. 1. 1. 0. 0. 1. 1. 1. 1. 1. 1. 1. 0. 1. 1. 1.
 0. 0. 1. 1. 0. 1. 1. 0. 0. 0. 0. 1. 0. 1. 0. 0. 0. 1. 1. 0. 1. 0. 0. 0.
 0. 1. 1. 1. 1. 1. 1. 1. 1. 0. 0. 1. 1. 0. 1. 0. 0. 1. 0. 1. 1. 0. 0. 0.
 0. 0. 0. 0. 1. 1. 1. 0. 1. 1. 0. 1. 0. 0. 1. 0. 1. 1. 0. 0. 1. 1. 0. 1.
 1. 1. 0. 1. 1. 0. 0. 1. 1. 0. 1. 0. 0. 0. 1. 1. 0. 0. 1. 1. 0. 0. 1. 1.
 0. 1. 1. 1. 1. 1. 0. 1. 0. 0. 1. 1. 0. 0. 0. 0. 1. 1. 0. 1. 1. 1. 0. 0.
 1. 1. 0. 1. 0. 0. 0. 0. 1. 1. 1. 0. 0. 0. 1. 1. 1. 1. 1. 1. 0. 1. 0. 0.
 1. 1. 0. 0. 1. 1. 0. 1. 0. 1. 1. 0. 1. 0. 0. 1. 0. 0. 0. 1. 0. 0. 1. 1.
 1. 0. 1. 0.]","[0. 1. 0. 0. 0. 1. 1. 1. 0. 0. 0. 0. 0. 1. 0. 0. 1. 1. 0. 0. 0. 0. 0. 1.
 0. 0. 1. 0. 1. 0. 0. 1. 0. 1. 1. 0. 0. 0. 1. 0. 0. 0. 1. 1. 1. 0. 1. 0.
 1. 0. 1. 1. 0. 1. 1. 1. 1. 0. 1. 0. 0. 1. 1. 1. 0. 0. 0. 1. 1. 0. 1. 1.
 0. 0. 1. 0. 0. 1. 0. 1. 0. 1. 1. 1. 0. 1. 0. 1. 1. 1. 1. 1. 1. 1. 1. 0.
 0. 0. 1. 1. 1. 0. 0. 1. 1. 1. 0. 0. 0. 1. 1. 1. 0. 0. 0. 0. 1. 1. 1. 0.
 1. 0. 0. 1. 1. 0. 0. 0. 0. 1. 0. 0. 1. 1. 0. 1. 1. 1. 0. 1. 1. 0. 1. 0.
 1. 1. 0. 0. 0. 1. 1. 0. 1. 1. 0. 1. 0. 0. 0. 1. 1. 1. 0. 1. 0. 1. 1. 0.
 1. 0. 0. 1. 1. 0. 0. 1. 0. 1. 1. 0. 0. 1. 0. 0. 1. 1. 0. 1. 1. 0. 0. 0.
 0. 1. 1. 0. 0. 1. 0. 0. 1. 0. 1. 1. 1. 0. 0. 0. 1. 1. 0. 0. 0. 0. 1. 0.
 0. 1. 0. 1. 1. 1. 1. 0. 0. 0. 0. 1. 1. 1. 1. 0. 1. 1. 1. 1. 0. 1. 0. 0.
 1. 0. 0. 1. 1. 1. 1. 1. 0. 0. 1. 1. 1. 0. 0. 1. 0. 1. 0. 0. 1. 0. 1. 0.
 1. 0. 0. 0.]"
510,randomforest,"{'criterion': 'gini', 'max_features': 'log2', 'n_estimators': 371}",0.5806956443908268,0.194620239295157,0.155014848071209,0.3759238165504112,0.5745688675124159,0.1989285875172651,0.5629399383912019,0.12686567164179108,0.5634328358208955,0.5634328358208955,"{0: 0.5904989975495656, 1: 0.5904989975495656}","{0: 0.5904989975495656, 1: 0.5904989975495656}",0.5904989975495656,"[[71 63]
 [54 80]]","[1. 0. 0. 0. 0. 1. 0. 1. 1. 0. 0. 0. 1. 0. 0. 0. 1. 0. 0. 0. 0. 1. 1. 0.
 0. 0. 1. 1. 1. 1. 1. 0. 0. 0. 1. 0. 0. 0. 1. 0. 1. 0. 1. 0. 0. 1. 1. 1.
 0. 0. 1. 0. 1. 1. 1. 1. 1. 1. 0. 1. 0. 0. 1. 0. 0. 0. 1. 1. 1. 1. 0. 0.
 0. 1. 0. 1. 1. 0. 1. 0. 1. 1. 1. 0. 0. 1. 0. 1. 1. 1. 1. 1. 0. 1. 1. 1.
 0. 0. 1. 1. 0. 1. 1. 0. 0. 0. 0. 1. 0. 1. 0. 0. 0. 1. 1. 0. 1. 0. 0. 0.
 0. 1. 1. 1. 1. 1. 1. 1. 0. 0. 0. 1. 0. 0. 1. 1. 0. 1. 0. 1. 1. 0. 1. 0.
 1. 0. 0. 0. 1. 1. 1. 0. 1. 1. 0. 1. 1. 0. 1. 0. 1. 1. 0. 0. 1. 1. 0. 1.
 1. 1. 0. 1. 1. 1. 0. 1. 1. 0. 1. 0. 0. 1. 1. 1. 0. 0. 1. 1. 0. 0. 1. 1.
 1. 1. 1. 1. 1. 1. 0. 0. 0. 0. 1. 1. 0. 0. 0. 0. 1. 1. 0. 1. 1. 1. 0. 0.
 1. 1. 0. 1. 0. 0. 0. 0. 1. 1. 1. 0. 1. 0. 1. 1. 1. 1. 1. 1. 0. 1. 0. 0.
 1. 1. 0. 0. 1. 1. 1. 1. 0. 1. 1. 0. 1. 0. 0. 1. 0. 0. 0. 1. 0. 0. 1. 1.
 1. 0. 1. 0.]","[0. 1. 0. 0. 0. 1. 1. 1. 0. 0. 0. 0. 0. 1. 0. 0. 1. 1. 0. 0. 0. 0. 0. 1.
 0. 0. 1. 0. 1. 0. 0. 1. 0. 1. 1. 0. 0. 0. 1. 0. 0. 0. 1. 1. 1. 0. 1. 0.
 1. 0. 1. 1. 0. 1. 1. 1. 1. 0. 1. 0. 0. 1. 1. 1. 0. 0. 0. 1. 1. 0. 1. 1.
 0. 0. 1. 0. 0. 1. 0. 1. 0. 1. 1. 1. 0. 1. 0. 1. 1. 1. 1. 1. 1. 1. 1. 0.
 0. 0. 1. 1. 1. 0. 0. 1. 1. 1. 0. 0. 0. 1. 1. 1. 0. 0. 0. 0. 1. 1. 1. 0.
 1. 0. 0. 1. 1. 0. 0. 0. 0. 1. 0. 0. 1. 1. 0. 1. 1. 1. 0. 1. 1. 0. 1. 0.
 1. 1. 0. 0. 0. 1. 1. 0. 1. 1. 0. 1. 0. 0. 0. 1. 1. 1. 0. 1. 0. 1. 1. 0.
 1. 0. 0. 1. 1. 0. 0. 1. 0. 1. 1. 0. 0. 1. 0. 0. 1. 1. 0. 1. 1. 0. 0. 0.
 0. 1. 1. 0. 0. 1. 0. 0. 1. 0. 1. 1. 1. 0. 0. 0. 1. 1. 0. 0. 0. 0. 1. 0.
 0. 1. 0. 1. 1. 1. 1. 0. 0. 0. 0. 1. 1. 1. 1. 0. 1. 1. 1. 1. 0. 1. 0. 0.
 1. 0. 0. 1. 1. 1. 1. 1. 0. 0. 1. 1. 1. 0. 0. 1. 0. 1. 0. 0. 1. 0. 1. 0.
 1. 0. 0. 0.]"
165,randomforest,"{'criterion': 'gini', 'max_features': 'sqrt', 'n_estimators': 111}",0.5843827171726226,0.18670760586489799,0.15480024433758835,0.3417127286340164,0.5770339949775433,0.18881757805323948,0.5520142642224327,0.10447761194029848,0.5522388059701493,0.5522388059701493,"{0: 0.5748496324348408, 1: 0.5748496324348407}","{0: 0.5748496324348408, 1: 0.5748496324348407}",0.5748496324348407,"[[71 63]
 [57 77]]","[1. 0. 0. 0. 0. 1. 0. 1. 1. 0. 0. 0. 1. 0. 0. 0. 1. 0. 0. 1. 0. 1. 0. 0.
 0. 0. 1. 1. 1. 1. 1. 0. 0. 0. 1. 0. 1. 0. 1. 0. 0. 0. 1. 0. 0. 0. 1. 0.
 0. 0. 1. 0. 1. 1. 1. 0. 1. 1. 0. 1. 1. 0. 1. 0. 0. 0. 1. 1. 1. 1. 0. 0.
 1. 1. 0. 1. 1. 0. 0. 0. 1. 1. 1. 0. 0. 1. 0. 1. 1. 1. 1. 0. 0. 1. 1. 1.
 0. 0. 1. 1. 0. 1. 1. 1. 1. 0. 0. 1. 0. 1. 0. 0. 1. 1. 1. 0. 1. 0. 0. 0.
 0. 1. 1. 1. 1. 1. 1. 1. 1. 0. 0. 1. 1. 0. 1. 1. 0. 1. 0. 1. 1. 0. 1. 0.
 0. 0. 0. 0. 1. 1. 1. 0. 1. 0. 0. 1. 1. 0. 1. 0. 1. 1. 0. 0. 1. 0. 0. 1.
 1. 1. 1. 1. 1. 0. 0. 1. 1. 0. 1. 0. 0. 1. 1. 1. 0. 0. 1. 1. 0. 0. 1. 1.
 0. 1. 1. 1. 1. 1. 0. 1. 0. 0. 1. 1. 0. 1. 0. 0. 1. 1. 0. 1. 1. 1. 0. 0.
 0. 1. 0. 0. 0. 0. 0. 0. 1. 1. 1. 0. 1. 0. 0. 1. 1. 1. 1. 1. 0. 1. 0. 0.
 1. 1. 0. 0. 1. 1. 1. 1. 0. 1. 1. 0. 1. 0. 0. 1. 0. 1. 0. 1. 0. 0. 1. 0.
 1. 0. 1. 0.]","[0. 1. 0. 0. 0. 1. 1. 1. 0. 0. 0. 0. 0. 1. 0. 0. 1. 1. 0. 0. 0. 0. 0. 1.
 0. 0. 1. 0. 1. 0. 0. 1. 0. 1. 1. 0. 0. 0. 1. 0. 0. 0. 1. 1. 1. 0. 1. 0.
 1. 0. 1. 1. 0. 1. 1. 1. 1. 0. 1. 0. 0. 1. 1. 1. 0. 0. 0. 1. 1. 0. 1. 1.
 0. 0. 1. 0. 0. 1. 0. 1. 0. 1. 1. 1. 0. 1. 0. 1. 1. 1. 1. 1. 1. 1. 1. 0.
 0. 0. 1. 1. 1. 0. 0. 1. 1. 1. 0. 0. 0. 1. 1. 1. 0. 0. 0. 0. 1. 1. 1. 0.
 1. 0. 0. 1. 1. 0. 0. 0. 0. 1. 0. 0. 1. 1. 0. 1. 1. 1. 0. 1. 1. 0. 1. 0.
 1. 1. 0. 0. 0. 1. 1. 0. 1. 1. 0. 1. 0. 0. 0. 1. 1. 1. 0. 1. 0. 1. 1. 0.
 1. 0. 0. 1. 1. 0. 0. 1. 0. 1. 1. 0. 0. 1. 0. 0. 1. 1. 0. 1. 1. 0. 0. 0.
 0. 1. 1. 0. 0. 1. 0. 0. 1. 0. 1. 1. 1. 0. 0. 0. 1. 1. 0. 0. 0. 0. 1. 0.
 0. 1. 0. 1. 1. 1. 1. 0. 0. 0. 0. 1. 1. 1. 1. 0. 1. 1. 1. 1. 0. 1. 0. 0.
 1. 0. 0. 1. 1. 1. 1. 1. 0. 0. 1. 1. 1. 0. 0. 1. 0. 1. 0. 0. 1. 0. 1. 0.
 1. 0. 0. 0.]"
627,randomforest,"{'criterion': 'gini', 'max_features': 'sqrt', 'n_estimators': 299}",0.571601768222446,0.20917143405905056,0.1545691387760429,0.38822548528345296,0.5634576389112679,0.21459776794915422,0.5445478352928067,0.08955223880597019,0.5447761194029851,0.544776119402985,"{0: 0.5904433058587658, 1: 0.5904433058587659}","{0: 0.5904433058587658, 1: 0.5904433058587659}",0.5904433058587659,"[[70 64]
 [58 76]]","[1. 0. 0. 0. 0. 1. 0. 1. 1. 0. 0. 0. 1. 0. 0. 0. 1. 0. 0. 0. 0. 1. 0. 0.
 0. 0. 1. 1. 1. 1. 1. 0. 0. 0. 1. 1. 1. 0. 1. 0. 1. 0. 1. 1. 0. 0. 1. 1.
 0. 0. 1. 0. 1. 1. 1. 0. 1. 1. 0. 1. 0. 0. 1. 0. 0. 0. 1. 1. 1. 1. 0. 0.
 0. 1. 0. 1. 1. 0. 0. 0. 1. 1. 1. 0. 0. 1. 1. 1. 1. 1. 1. 1. 0. 1. 1. 1.
 0. 0. 1. 1. 0. 1. 1. 0. 0. 0. 0. 1. 0. 1. 0. 0. 0. 1. 1. 0. 1. 0. 0. 0.
 0. 1. 1. 1. 1. 1. 1. 1. 1. 0. 0. 1. 1. 0. 1. 1. 0. 1. 0. 1. 0. 0. 1. 0.
 0. 0. 0. 0. 1. 1. 1. 0. 1. 1. 0. 1. 1. 0. 1. 0. 1. 1. 0. 0. 1. 1. 0. 1.
 1. 1. 0. 1. 1. 0. 0. 1. 1. 0. 1. 0. 0. 0. 1. 1. 0. 0. 1. 0. 0. 0. 1. 1.
 1. 1. 1. 0. 1. 1. 0. 1. 0. 0. 1. 1. 0. 0. 0. 0. 1. 1. 0. 1. 1. 1. 0. 0.
 1. 1. 0. 1. 0. 0. 0. 0. 1. 1. 1. 0. 0. 0. 0. 1. 1. 1. 1. 1. 0. 1. 0. 0.
 1. 1. 0. 0. 1. 1. 1. 1. 0. 1. 1. 0. 1. 0. 1. 1. 0. 1. 0. 1. 0. 0. 1. 1.
 1. 0. 1. 0.]","[0. 1. 0. 0. 0. 1. 1. 1. 0. 0. 0. 0. 0. 1. 0. 0. 1. 1. 0. 0. 0. 0. 0. 1.
 0. 0. 1. 0. 1. 0. 0. 1. 0. 1. 1. 0. 0. 0. 1. 0. 0. 0. 1. 1. 1. 0. 1. 0.
 1. 0. 1. 1. 0. 1. 1. 1. 1. 0. 1. 0. 0. 1. 1. 1. 0. 0. 0. 1. 1. 0. 1. 1.
 0. 0. 1. 0. 0. 1. 0. 1. 0. 1. 1. 1. 0. 1. 0. 1. 1. 1. 1. 1. 1. 1. 1. 0.
 0. 0. 1. 1. 1. 0. 0. 1. 1. 1. 0. 0. 0. 1. 1. 1. 0. 0. 0. 0. 1. 1. 1. 0.
 1. 0. 0. 1. 1. 0. 0. 0. 0. 1. 0. 0. 1. 1. 0. 1. 1. 1. 0. 1. 1. 0. 1. 0.
 1. 1. 0. 0. 0. 1. 1. 0. 1. 1. 0. 1. 0. 0. 0. 1. 1. 1. 0. 1. 0. 1. 1. 0.
 1. 0. 0. 1. 1. 0. 0. 1. 0. 1. 1. 0. 0. 1. 0. 0. 1. 1. 0. 1. 1. 0. 0. 0.
 0. 1. 1. 0. 0. 1. 0. 0. 1. 0. 1. 1. 1. 0. 0. 0. 1. 1. 0. 0. 0. 0. 1. 0.
 0. 1. 0. 1. 1. 1. 1. 0. 0. 0. 0. 1. 1. 1. 1. 0. 1. 1. 1. 1. 0. 1. 0. 0.
 1. 0. 0. 1. 1. 1. 1. 1. 0. 0. 1. 1. 1. 0. 0. 1. 0. 1. 0. 0. 1. 0. 1. 0.
 1. 0. 0. 0.]"
441,randomforest,"{'criterion': 'gini', 'max_features': 'sqrt', 'n_estimators': 435}",0.5767847276326877,0.18816530477624174,0.15455682758123043,0.3298895754665541,0.5712965611151095,0.19056003966721988,0.5558155406064151,0.11194029850746268,0.5559701492537313,0.5559701492537313,"{0: 0.5898863889507686, 1: 0.5898863889507684}","{0: 0.5898863889507686, 1: 0.5898863889507684}",0.5898863889507684,"[[72 62]
 [57 77]]","[1. 0. 0. 0. 0. 1. 0. 1. 1. 0. 0. 0. 1. 0. 0. 0. 1. 0. 0. 0. 0. 1. 0. 0.
 0. 0. 1. 1. 1. 1. 1. 0. 0. 0. 1. 0. 1. 0. 1. 0. 0. 0. 1. 1. 0. 0. 1. 1.
 0. 0. 1. 0. 1. 1. 1. 1. 1. 1. 0. 1. 1. 0. 1. 0. 0. 0. 1. 1. 1. 1. 0. 0.
 1. 1. 0. 1. 1. 0. 0. 0. 1. 1. 1. 0. 0. 1. 0. 1. 1. 1. 1. 1. 0. 1. 1. 1.
 0. 0. 1. 1. 0. 1. 1. 0. 0. 0. 0. 1. 0. 1. 0. 0. 0. 1. 1. 0. 1. 0. 0. 0.
 0. 1. 1. 1. 1. 1. 1. 1. 1. 0. 0. 1. 1. 0. 1. 1. 0. 1. 0. 1. 1. 0. 0. 0.
 0. 0. 0. 0. 1. 1. 1. 0. 1. 1. 0. 1. 1. 0. 1. 0. 1. 1. 0. 0. 1. 0. 0. 1.
 1. 1. 0. 1. 1. 0. 0. 1. 1. 0. 1. 0. 0. 0. 1. 1. 0. 0. 1. 1. 0. 0. 1. 1.
 1. 1. 1. 1. 1. 1. 0. 0. 0. 0. 1. 1. 0. 0. 0. 0. 1. 1. 0. 1. 1. 1. 0. 0.
 1. 1. 0. 1. 0. 0. 0. 0. 1. 1. 1. 0. 1. 0. 1. 1. 1. 1. 1. 1. 0. 1. 0. 0.
 1. 1. 0. 0. 1. 1. 0. 1. 0. 1. 1. 0. 1. 0. 0. 1. 0. 0. 0. 1. 0. 0. 1. 1.
 1. 0. 1. 0.]","[0. 1. 0. 0. 0. 1. 1. 1. 0. 0. 0. 0. 0. 1. 0. 0. 1. 1. 0. 0. 0. 0. 0. 1.
 0. 0. 1. 0. 1. 0. 0. 1. 0. 1. 1. 0. 0. 0. 1. 0. 0. 0. 1. 1. 1. 0. 1. 0.
 1. 0. 1. 1. 0. 1. 1. 1. 1. 0. 1. 0. 0. 1. 1. 1. 0. 0. 0. 1. 1. 0. 1. 1.
 0. 0. 1. 0. 0. 1. 0. 1. 0. 1. 1. 1. 0. 1. 0. 1. 1. 1. 1. 1. 1. 1. 1. 0.
 0. 0. 1. 1. 1. 0. 0. 1. 1. 1. 0. 0. 0. 1. 1. 1. 0. 0. 0. 0. 1. 1. 1. 0.
 1. 0. 0. 1. 1. 0. 0. 0. 0. 1. 0. 0. 1. 1. 0. 1. 1. 1. 0. 1. 1. 0. 1. 0.
 1. 1. 0. 0. 0. 1. 1. 0. 1. 1. 0. 1. 0. 0. 0. 1. 1. 1. 0. 1. 0. 1. 1. 0.
 1. 0. 0. 1. 1. 0. 0. 1. 0. 1. 1. 0. 0. 1. 0. 0. 1. 1. 0. 1. 1. 0. 0. 0.
 0. 1. 1. 0. 0. 1. 0. 0. 1. 0. 1. 1. 1. 0. 0. 0. 1. 1. 0. 0. 0. 0. 1. 0.
 0. 1. 0. 1. 1. 1. 1. 0. 0. 0. 0. 1. 1. 1. 1. 0. 1. 1. 1. 1. 0. 1. 0. 0.
 1. 0. 0. 1. 1. 1. 1. 1. 0. 0. 1. 1. 1. 0. 0. 1. 0. 1. 0. 0. 1. 0. 1. 0.
 1. 0. 0. 0.]"
273,randomforest,"{'criterion': 'gini', 'max_features': 'sqrt', 'n_estimators': 145}",0.575399905149668,0.17003486783847285,0.15450971283752146,0.3129884690180231,0.568768762972392,0.17917050418927294,0.555468826226949,0.11194029850746268,0.5559701492537313,0.5559701492537313,"{0: 0.5847627533971932, 1: 0.5847627533971932}","{0: 0.5847627533971932, 1: 0.5847627533971932}",0.5847627533971932,"[[70 64]
 [55 79]]","[1. 0. 0. 0. 0. 1. 0. 1. 1. 0. 0. 0. 1. 0. 0. 0. 1. 0. 0. 1. 0. 1. 0. 0.
 1. 0. 1. 1. 1. 1. 1. 0. 0. 0. 1. 0. 0. 0. 1. 0. 0. 0. 1. 0. 0. 1. 1. 1.
 0. 0. 1. 0. 1. 1. 1. 1. 1. 1. 0. 1. 1. 0. 1. 0. 0. 0. 1. 1. 1. 1. 0. 0.
 1. 1. 0. 1. 1. 0. 1. 0. 1. 1. 1. 0. 0. 1. 0. 1. 1. 1. 1. 1. 0. 1. 1. 1.
 0. 0. 1. 1. 0. 1. 1. 0. 0. 0. 0. 0. 0. 1. 0. 0. 0. 1. 1. 0. 1. 0. 0. 0.
 0. 1. 1. 1. 1. 1. 1. 1. 1. 0. 0. 1. 1. 0. 1. 0. 0. 1. 0. 1. 0. 0. 1. 0.
 0. 0. 0. 0. 0. 1. 1. 0. 1. 1. 0. 1. 1. 0. 1. 0. 1. 1. 0. 0. 1. 1. 0. 1.
 1. 1. 0. 1. 1. 0. 0. 1. 1. 0. 1. 1. 0. 0. 1. 1. 0. 0. 1. 1. 1. 0. 1. 1.
 1. 1. 1. 0. 1. 1. 0. 0. 0. 0. 1. 1. 0. 1. 0. 0. 1. 1. 0. 1. 1. 1. 0. 0.
 1. 1. 0. 1. 0. 1. 0. 0. 1. 1. 1. 0. 1. 0. 1. 1. 1. 1. 1. 1. 0. 1. 0. 0.
 1. 1. 0. 0. 1. 1. 1. 1. 0. 1. 1. 0. 1. 0. 0. 1. 0. 0. 0. 1. 0. 0. 1. 1.
 1. 0. 1. 0.]","[0. 1. 0. 0. 0. 1. 1. 1. 0. 0. 0. 0. 0. 1. 0. 0. 1. 1. 0. 0. 0. 0. 0. 1.
 0. 0. 1. 0. 1. 0. 0. 1. 0. 1. 1. 0. 0. 0. 1. 0. 0. 0. 1. 1. 1. 0. 1. 0.
 1. 0. 1. 1. 0. 1. 1. 1. 1. 0. 1. 0. 0. 1. 1. 1. 0. 0. 0. 1. 1. 0. 1. 1.
 0. 0. 1. 0. 0. 1. 0. 1. 0. 1. 1. 1. 0. 1. 0. 1. 1. 1. 1. 1. 1. 1. 1. 0.
 0. 0. 1. 1. 1. 0. 0. 1. 1. 1. 0. 0. 0. 1. 1. 1. 0. 0. 0. 0. 1. 1. 1. 0.
 1. 0. 0. 1. 1. 0. 0. 0. 0. 1. 0. 0. 1. 1. 0. 1. 1. 1. 0. 1. 1. 0. 1. 0.
 1. 1. 0. 0. 0. 1. 1. 0. 1. 1. 0. 1. 0. 0. 0. 1. 1. 1. 0. 1. 0. 1. 1. 0.
 1. 0. 0. 1. 1. 0. 0. 1. 0. 1. 1. 0. 0. 1. 0. 0. 1. 1. 0. 1. 1. 0. 0. 0.
 0. 1. 1. 0. 0. 1. 0. 0. 1. 0. 1. 1. 1. 0. 0. 0. 1. 1. 0. 0. 0. 0. 1. 0.
 0. 1. 0. 1. 1. 1. 1. 0. 0. 0. 0. 1. 1. 1. 1. 0. 1. 1. 1. 1. 0. 1. 0. 0.
 1. 0. 0. 1. 1. 1. 1. 1. 0. 0. 1. 1. 1. 0. 0. 1. 0. 1. 0. 0. 1. 0. 1. 0.
 1. 0. 0. 0.]"
651,randomforest,"{'criterion': 'gini', 'max_features': 'sqrt', 'n_estimators': 337}",0.5793667555026399,0.19544595111514487,0.1541590983490058,0.3504918871697639,0.5708110531195209,0.2018133799089565,0.5594806931520588,0.11940298507462688,0.5597014925373134,0.5597014925373134,"{0: 0.5830363109824014, 1: 0.5830363109824015}","{0: 0.5830363109824014, 1: 0.5830363109824015}",0.5830363109824015,"[[72 62]
 [56 78]]","[1. 0. 0. 0. 0. 1. 0. 1. 1. 0. 0. 0. 1. 0. 0. 0. 1. 0. 0. 0. 0. 1. 0. 0.
 0. 0. 1. 1. 1. 1. 1. 0. 0. 0. 1. 0. 1. 0. 1. 0. 1. 0. 1. 0. 0. 0. 1. 0.
 0. 0. 1. 0. 1. 1. 1. 1. 1. 1. 0. 1. 1. 0. 1. 0. 0. 0. 1. 1. 1. 1. 0. 0.
 1. 1. 0. 1. 1. 0. 0. 0. 1. 1. 1. 0. 0. 1. 0. 1. 1. 1. 1. 1. 0. 1. 1. 1.
 0. 0. 1. 1. 0. 1. 1. 0. 0. 0. 0. 1. 0. 1. 0. 0. 0. 1. 1. 0. 1. 0. 0. 0.
 0. 1. 1. 1. 1. 1. 1. 1. 1. 0. 0. 1. 1. 0. 1. 1. 0. 1. 0. 1. 1. 0. 0. 0.
 0. 0. 0. 0. 1. 1. 1. 0. 1. 0. 0. 1. 1. 0. 1. 0. 1. 1. 0. 0. 1. 1. 0. 1.
 1. 1. 0. 1. 1. 0. 0. 1. 1. 0. 1. 0. 0. 1. 1. 1. 0. 0. 1. 1. 0. 0. 1. 1.
 1. 1. 1. 1. 1. 1. 0. 0. 0. 0. 1. 1. 0. 0. 0. 0. 1. 1. 0. 1. 1. 1. 0. 0.
 1. 1. 0. 1. 0. 0. 0. 0. 1. 1. 1. 0. 0. 0. 1. 1. 1. 1. 1. 1. 0. 1. 0. 0.
 1. 1. 0. 0. 1. 1. 1. 1. 0. 1. 1. 0. 1. 0. 0. 1. 0. 1. 0. 1. 0. 0. 1. 1.
 1. 0. 1. 0.]","[0. 1. 0. 0. 0. 1. 1. 1. 0. 0. 0. 0. 0. 1. 0. 0. 1. 1. 0. 0. 0. 0. 0. 1.
 0. 0. 1. 0. 1. 0. 0. 1. 0. 1. 1. 0. 0. 0. 1. 0. 0. 0. 1. 1. 1. 0. 1. 0.
 1. 0. 1. 1. 0. 1. 1. 1. 1. 0. 1. 0. 0. 1. 1. 1. 0. 0. 0. 1. 1. 0. 1. 1.
 0. 0. 1. 0. 0. 1. 0. 1. 0. 1. 1. 1. 0. 1. 0. 1. 1. 1. 1. 1. 1. 1. 1. 0.
 0. 0. 1. 1. 1. 0. 0. 1. 1. 1. 0. 0. 0. 1. 1. 1. 0. 0. 0. 0. 1. 1. 1. 0.
 1. 0. 0. 1. 1. 0. 0. 0. 0. 1. 0. 0. 1. 1. 0. 1. 1. 1. 0. 1. 1. 0. 1. 0.
 1. 1. 0. 0. 0. 1. 1. 0. 1. 1. 0. 1. 0. 0. 0. 1. 1. 1. 0. 1. 0. 1. 1. 0.
 1. 0. 0. 1. 1. 0. 0. 1. 0. 1. 1. 0. 0. 1. 0. 0. 1. 1. 0. 1. 1. 0. 0. 0.
 0. 1. 1. 0. 0. 1. 0. 0. 1. 0. 1. 1. 1. 0. 0. 0. 1. 1. 0. 0. 0. 0. 1. 0.
 0. 1. 0. 1. 1. 1. 1. 0. 0. 0. 0. 1. 1. 1. 1. 0. 1. 1. 1. 1. 0. 1. 0. 0.
 1. 0. 0. 1. 1. 1. 1. 1. 0. 0. 1. 1. 1. 0. 0. 1. 0. 1. 0. 0. 1. 0. 1. 0.
 1. 0. 0. 0.]"
170,AdaBoost,"{'algorithm': 'SAMME.R', 'learning_rate': 0.9163265306122448, 'n_estimators': 41}",0.5584458282993624,0.18206333506869665,0.15402351459053534,0.3140533823346276,0.5593647970160066,0.1784055857972677,0.5438616071428571,0.08955223880597019,0.5447761194029851,0.5447761194029851,"{0: 0.5545500111383381, 1: 0.5545500111383381}","{0: 0.5545500111383381, 1: 0.5545500111383381}",0.5545500111383381,"[[67 67]
 [55 79]]","[0. 0. 0. 0. 1. 1. 0. 1. 1. 1. 0. 0. 1. 1. 0. 0. 1. 0. 0. 0. 0. 1. 1. 0.
 0. 0. 1. 0. 1. 1. 1. 0. 0. 0. 1. 0. 0. 0. 1. 0. 0. 1. 1. 1. 0. 0. 1. 1.
 0. 0. 1. 1. 0. 0. 1. 1. 1. 1. 0. 1. 0. 0. 1. 0. 0. 1. 0. 0. 1. 1. 0. 1.
 1. 1. 0. 1. 1. 0. 1. 0. 1. 1. 1. 0. 0. 1. 0. 1. 1. 1. 1. 0. 0. 1. 0. 1.
 0. 0. 0. 1. 0. 1. 1. 0. 1. 0. 0. 1. 0. 1. 1. 0. 0. 1. 1. 0. 1. 1. 0. 0.
 1. 1. 1. 0. 1. 1. 1. 1. 1. 0. 0. 1. 0. 0. 1. 1. 0. 1. 1. 0. 1. 0. 1. 0.
 0. 1. 0. 1. 1. 1. 1. 0. 1. 1. 0. 1. 1. 1. 1. 0. 1. 0. 0. 1. 1. 1. 0. 1.
 1. 1. 1. 1. 1. 1. 0. 1. 0. 1. 0. 1. 0. 0. 1. 1. 0. 0. 1. 1. 0. 0. 1. 1.
 1. 1. 0. 1. 1. 1. 0. 1. 0. 0. 1. 1. 1. 0. 1. 0. 0. 1. 0. 1. 1. 0. 0. 0.
 1. 0. 0. 1. 0. 1. 0. 0. 0. 1. 1. 1. 1. 1. 0. 1. 1. 1. 0. 1. 0. 1. 0. 0.
 1. 0. 1. 0. 1. 1. 0. 1. 0. 1. 1. 0. 1. 0. 0. 1. 0. 1. 0. 1. 1. 0. 1. 1.
 0. 0. 1. 0.]","[0. 1. 0. 0. 0. 1. 1. 1. 0. 0. 0. 0. 0. 1. 0. 0. 1. 1. 0. 0. 0. 0. 0. 1.
 0. 0. 1. 0. 1. 0. 0. 1. 0. 1. 1. 0. 0. 0. 1. 0. 0. 0. 1. 1. 1. 0. 1. 0.
 1. 0. 1. 1. 0. 1. 1. 1. 1. 0. 1. 0. 0. 1. 1. 1. 0. 0. 0. 1. 1. 0. 1. 1.
 0. 0. 1. 0. 0. 1. 0. 1. 0. 1. 1. 1. 0. 1. 0. 1. 1. 1. 1. 1. 1. 1. 1. 0.
 0. 0. 1. 1. 1. 0. 0. 1. 1. 1. 0. 0. 0. 1. 1. 1. 0. 0. 0. 0. 1. 1. 1. 0.
 1. 0. 0. 1. 1. 0. 0. 0. 0. 1. 0. 0. 1. 1. 0. 1. 1. 1. 0. 1. 1. 0. 1. 0.
 1. 1. 0. 0. 0. 1. 1. 0. 1. 1. 0. 1. 0. 0. 0. 1. 1. 1. 0. 1. 0. 1. 1. 0.
 1. 0. 0. 1. 1. 0. 0. 1. 0. 1. 1. 0. 0. 1. 0. 0. 1. 1. 0. 1. 1. 0. 0. 0.
 0. 1. 1. 0. 0. 1. 0. 0. 1. 0. 1. 1. 1. 0. 0. 0. 1. 1. 0. 0. 0. 0. 1. 0.
 0. 1. 0. 1. 1. 1. 1. 0. 0. 0. 0. 1. 1. 1. 1. 0. 1. 1. 1. 1. 0. 1. 0. 0.
 1. 0. 0. 1. 1. 1. 1. 1. 0. 0. 1. 1. 1. 0. 0. 1. 0. 1. 0. 0. 1. 0. 1. 0.
 1. 0. 0. 0.]"
843,randomforest,"{'criterion': 'gini', 'max_features': 'sqrt', 'n_estimators': 385}",0.5757839820669254,0.18769609988501587,0.1538367781253698,0.3365932265731292,0.5673388308972985,0.19759548465414278,0.555468826226949,0.11194029850746268,0.5559701492537313,0.5559701492537313,"{0: 0.583537536199599, 1: 0.583537536199599}","{0: 0.583537536199599, 1: 0.583537536199599}",0.583537536199599,"[[70 64]
 [55 79]]","[1. 0. 0. 0. 0. 1. 0. 1. 1. 0. 0. 0. 1. 0. 0. 0. 0. 0. 0. 0. 0. 1. 0. 0.
 0. 0. 1. 1. 1. 1. 1. 0. 0. 0. 1. 0. 1. 0. 1. 0. 1. 1. 1. 0. 0. 0. 1. 1.
 0. 0. 1. 0. 0. 1. 1. 1. 1. 1. 0. 1. 1. 0. 1. 1. 0. 0. 1. 1. 1. 1. 0. 0.
 1. 1. 0. 1. 1. 0. 0. 0. 1. 1. 1. 0. 0. 1. 1. 1. 1. 1. 1. 1. 0. 1. 1. 1.
 0. 0. 1. 1. 0. 1. 1. 1. 0. 0. 0. 1. 0. 1. 0. 0. 0. 1. 1. 0. 1. 0. 0. 0.
 0. 1. 1. 1. 1. 1. 1. 1. 1. 0. 0. 1. 1. 0. 1. 1. 0. 1. 0. 1. 1. 0. 1. 0.
 0. 0. 0. 0. 1. 1. 1. 0. 1. 0. 0. 1. 1. 0. 1. 0. 1. 1. 0. 0. 1. 0. 0. 1.
 1. 1. 0. 1. 1. 0. 0. 1. 1. 0. 1. 0. 0. 1. 1. 1. 0. 0. 1. 1. 0. 0. 1. 1.
 1. 1. 1. 1. 0. 1. 0. 0. 0. 0. 1. 1. 0. 0. 0. 0. 1. 1. 0. 1. 1. 1. 0. 0.
 1. 1. 0. 1. 0. 0. 0. 0. 1. 1. 1. 0. 1. 0. 1. 1. 1. 1. 1. 1. 0. 1. 0. 0.
 1. 1. 0. 0. 1. 1. 0. 1. 0. 1. 1. 0. 1. 0. 1. 1. 0. 1. 0. 1. 0. 0. 1. 1.
 1. 0. 1. 0.]","[0. 1. 0. 0. 0. 1. 1. 1. 0. 0. 0. 0. 0. 1. 0. 0. 1. 1. 0. 0. 0. 0. 0. 1.
 0. 0. 1. 0. 1. 0. 0. 1. 0. 1. 1. 0. 0. 0. 1. 0. 0. 0. 1. 1. 1. 0. 1. 0.
 1. 0. 1. 1. 0. 1. 1. 1. 1. 0. 1. 0. 0. 1. 1. 1. 0. 0. 0. 1. 1. 0. 1. 1.
 0. 0. 1. 0. 0. 1. 0. 1. 0. 1. 1. 1. 0. 1. 0. 1. 1. 1. 1. 1. 1. 1. 1. 0.
 0. 0. 1. 1. 1. 0. 0. 1. 1. 1. 0. 0. 0. 1. 1. 1. 0. 0. 0. 0. 1. 1. 1. 0.
 1. 0. 0. 1. 1. 0. 0. 0. 0. 1. 0. 0. 1. 1. 0. 1. 1. 1. 0. 1. 1. 0. 1. 0.
 1. 1. 0. 0. 0. 1. 1. 0. 1. 1. 0. 1. 0. 0. 0. 1. 1. 1. 0. 1. 0. 1. 1. 0.
 1. 0. 0. 1. 1. 0. 0. 1. 0. 1. 1. 0. 0. 1. 0. 0. 1. 1. 0. 1. 1. 0. 0. 0.
 0. 1. 1. 0. 0. 1. 0. 0. 1. 0. 1. 1. 1. 0. 0. 0. 1. 1. 0. 0. 0. 0. 1. 0.
 0. 1. 0. 1. 1. 1. 1. 0. 0. 0. 0. 1. 1. 1. 1. 0. 1. 1. 1. 1. 0. 1. 0. 0.
 1. 0. 0. 1. 1. 1. 1. 1. 0. 0. 1. 1. 1. 0. 0. 1. 0. 1. 0. 0. 1. 0. 1. 0.
 1. 0. 0. 0.]"
544,randomforest,"{'criterion': 'gini', 'max_features': 'log2', 'n_estimators': 121}",0.5767682340500176,0.19123215201507038,0.15379047116344755,0.3412195749995502,0.5682386218172508,0.19700475786797464,0.5447507658033973,0.08955223880597019,0.5447761194029851,0.5447761194029851,"{0: 0.5744040989084429, 1: 0.5744040989084429}","{0: 0.5744040989084429, 1: 0.5744040989084429}",0.5744040989084429,"[[74 60]
 [62 72]]","[1. 0. 0. 0. 0. 1. 0. 1. 1. 0. 0. 0. 1. 0. 0. 0. 1. 0. 0. 0. 0. 1. 0. 0.
 0. 0. 1. 1. 1. 1. 1. 0. 0. 0. 1. 0. 1. 0. 1. 0. 0. 0. 1. 0. 0. 0. 1. 1.
 0. 0. 1. 0. 0. 1. 1. 1. 1. 1. 0. 1. 1. 0. 1. 0. 0. 0. 1. 1. 1. 1. 0. 0.
 0. 1. 0. 1. 1. 0. 0. 0. 1. 1. 1. 0. 0. 1. 1. 1. 1. 1. 1. 1. 0. 1. 1. 1.
 0. 0. 1. 1. 0. 1. 1. 0. 0. 0. 0. 1. 0. 1. 0. 0. 0. 1. 1. 0. 1. 0. 0. 0.
 0. 1. 1. 1. 1. 1. 1. 1. 1. 0. 0. 1. 1. 0. 1. 0. 0. 0. 0. 1. 1. 0. 0. 0.
 0. 0. 0. 0. 1. 1. 1. 0. 1. 0. 0. 1. 1. 0. 1. 0. 1. 1. 0. 0. 1. 0. 0. 1.
 1. 1. 0. 1. 1. 0. 0. 1. 1. 0. 1. 0. 0. 0. 1. 1. 0. 0. 1. 0. 0. 0. 0. 1.
 1. 1. 1. 1. 1. 1. 0. 0. 0. 0. 1. 1. 0. 0. 0. 0. 1. 1. 0. 1. 1. 1. 0. 0.
 1. 1. 0. 1. 0. 0. 0. 0. 1. 1. 1. 0. 1. 0. 0. 1. 1. 1. 1. 1. 0. 1. 0. 0.
 1. 1. 0. 0. 1. 1. 0. 1. 0. 1. 1. 0. 1. 0. 0. 1. 0. 1. 0. 1. 0. 0. 1. 1.
 1. 0. 1. 0.]","[0. 1. 0. 0. 0. 1. 1. 1. 0. 0. 0. 0. 0. 1. 0. 0. 1. 1. 0. 0. 0. 0. 0. 1.
 0. 0. 1. 0. 1. 0. 0. 1. 0. 1. 1. 0. 0. 0. 1. 0. 0. 0. 1. 1. 1. 0. 1. 0.
 1. 0. 1. 1. 0. 1. 1. 1. 1. 0. 1. 0. 0. 1. 1. 1. 0. 0. 0. 1. 1. 0. 1. 1.
 0. 0. 1. 0. 0. 1. 0. 1. 0. 1. 1. 1. 0. 1. 0. 1. 1. 1. 1. 1. 1. 1. 1. 0.
 0. 0. 1. 1. 1. 0. 0. 1. 1. 1. 0. 0. 0. 1. 1. 1. 0. 0. 0. 0. 1. 1. 1. 0.
 1. 0. 0. 1. 1. 0. 0. 0. 0. 1. 0. 0. 1. 1. 0. 1. 1. 1. 0. 1. 1. 0. 1. 0.
 1. 1. 0. 0. 0. 1. 1. 0. 1. 1. 0. 1. 0. 0. 0. 1. 1. 1. 0. 1. 0. 1. 1. 0.
 1. 0. 0. 1. 1. 0. 0. 1. 0. 1. 1. 0. 0. 1. 0. 0. 1. 1. 0. 1. 1. 0. 0. 0.
 0. 1. 1. 0. 0. 1. 0. 0. 1. 0. 1. 1. 1. 0. 0. 0. 1. 1. 0. 0. 0. 0. 1. 0.
 0. 1. 0. 1. 1. 1. 1. 0. 0. 0. 0. 1. 1. 1. 1. 0. 1. 1. 1. 1. 0. 1. 0. 0.
 1. 0. 0. 1. 1. 1. 1. 1. 0. 0. 1. 1. 1. 0. 0. 1. 0. 1. 0. 0. 1. 0. 1. 0.
 1. 0. 0. 0.]"
71,randomforest,"{'criterion': 'entropy', 'max_features': 'log2', 'n_estimators': 413}",0.5769798768484218,0.1959999742835275,0.15370607845083314,0.3452206891229895,0.5703967701951572,0.19950078769560337,0.5629399383912019,0.12686567164179108,0.5634328358208955,0.5634328358208955,"{0: 0.5827021608376031, 1: 0.5827021608376031}","{0: 0.5827021608376031, 1: 0.5827021608376031}",0.5827021608376031,"[[71 63]
 [54 80]]","[1. 0. 0. 0. 0. 1. 0. 1. 1. 0. 0. 0. 1. 0. 0. 0. 1. 0. 0. 0. 0. 1. 0. 0.
 0. 0. 1. 1. 1. 1. 1. 0. 0. 0. 1. 0. 1. 0. 1. 0. 0. 0. 1. 0. 0. 1. 1. 0.
 0. 0. 1. 0. 0. 1. 1. 1. 1. 1. 0. 1. 1. 0. 1. 0. 0. 0. 1. 1. 1. 1. 0. 0.
 1. 1. 0. 1. 1. 0. 0. 0. 1. 1. 1. 0. 0. 1. 0. 1. 1. 1. 1. 1. 0. 1. 1. 1.
 0. 0. 1. 1. 0. 1. 1. 0. 0. 0. 0. 1. 0. 1. 0. 0. 0. 1. 1. 0. 1. 0. 0. 0.
 0. 1. 1. 1. 1. 1. 1. 1. 1. 0. 0. 1. 1. 0. 1. 1. 0. 1. 0. 1. 1. 0. 0. 0.
 0. 0. 0. 0. 1. 1. 1. 0. 1. 1. 0. 1. 1. 0. 1. 0. 1. 1. 0. 0. 1. 1. 0. 1.
 1. 1. 1. 1. 1. 0. 0. 1. 1. 0. 1. 0. 0. 1. 1. 1. 0. 0. 1. 1. 0. 0. 1. 1.
 1. 1. 1. 1. 1. 1. 0. 0. 0. 0. 1. 1. 0. 1. 0. 0. 1. 1. 0. 1. 1. 1. 0. 0.
 1. 1. 0. 1. 0. 0. 0. 0. 1. 1. 1. 0. 1. 0. 1. 1. 1. 1. 1. 1. 0. 1. 0. 0.
 1. 1. 0. 0. 1. 1. 1. 1. 0. 1. 1. 0. 1. 0. 0. 1. 0. 1. 0. 1. 0. 0. 1. 1.
 1. 0. 1. 0.]","[0. 1. 0. 0. 0. 1. 1. 1. 0. 0. 0. 0. 0. 1. 0. 0. 1. 1. 0. 0. 0. 0. 0. 1.
 0. 0. 1. 0. 1. 0. 0. 1. 0. 1. 1. 0. 0. 0. 1. 0. 0. 0. 1. 1. 1. 0. 1. 0.
 1. 0. 1. 1. 0. 1. 1. 1. 1. 0. 1. 0. 0. 1. 1. 1. 0. 0. 0. 1. 1. 0. 1. 1.
 0. 0. 1. 0. 0. 1. 0. 1. 0. 1. 1. 1. 0. 1. 0. 1. 1. 1. 1. 1. 1. 1. 1. 0.
 0. 0. 1. 1. 1. 0. 0. 1. 1. 1. 0. 0. 0. 1. 1. 1. 0. 0. 0. 0. 1. 1. 1. 0.
 1. 0. 0. 1. 1. 0. 0. 0. 0. 1. 0. 0. 1. 1. 0. 1. 1. 1. 0. 1. 1. 0. 1. 0.
 1. 1. 0. 0. 0. 1. 1. 0. 1. 1. 0. 1. 0. 0. 0. 1. 1. 1. 0. 1. 0. 1. 1. 0.
 1. 0. 0. 1. 1. 0. 0. 1. 0. 1. 1. 0. 0. 1. 0. 0. 1. 1. 0. 1. 1. 0. 0. 0.
 0. 1. 1. 0. 0. 1. 0. 0. 1. 0. 1. 1. 1. 0. 0. 0. 1. 1. 0. 0. 0. 0. 1. 0.
 0. 1. 0. 1. 1. 1. 1. 0. 0. 0. 0. 1. 1. 1. 1. 0. 1. 1. 1. 1. 0. 1. 0. 0.
 1. 0. 0. 1. 1. 1. 1. 1. 0. 0. 1. 1. 1. 0. 0. 1. 0. 1. 0. 0. 1. 0. 1. 0.
 1. 0. 0. 0.]"
947,randomforest,"{'criterion': 'gini', 'max_features': 'sqrt', 'n_estimators': 253}",0.5777721058624495,0.19808493389094947,0.15360937111995945,0.36200598797462413,0.5709191570078667,0.20179954422901936,0.5520142642224327,0.10447761194029848,0.5522388059701493,0.5522388059701493,"{0: 0.5737914903096458, 1: 0.5737914903096458}","{0: 0.5737914903096458, 1: 0.5737914903096458}",0.5737914903096458,"[[71 63]
 [57 77]]","[1. 0. 0. 0. 0. 1. 0. 1. 1. 0. 1. 0. 1. 0. 0. 0. 1. 0. 0. 0. 0. 1. 0. 0.
 0. 0. 1. 1. 1. 1. 1. 0. 0. 0. 1. 0. 1. 0. 1. 0. 1. 0. 1. 0. 0. 0. 1. 1.
 0. 0. 1. 0. 1. 1. 1. 1. 1. 1. 0. 1. 0. 0. 1. 0. 0. 0. 1. 1. 1. 1. 0. 0.
 0. 1. 0. 1. 1. 0. 0. 0. 1. 1. 1. 0. 0. 1. 1. 1. 1. 1. 1. 1. 0. 1. 1. 1.
 0. 0. 1. 1. 0. 1. 1. 0. 0. 0. 0. 1. 0. 1. 0. 0. 0. 1. 1. 0. 1. 0. 0. 0.
 0. 1. 1. 1. 1. 1. 1. 1. 1. 0. 0. 1. 1. 0. 1. 1. 0. 1. 0. 1. 1. 0. 0. 0.
 0. 0. 0. 0. 1. 1. 1. 0. 0. 1. 0. 1. 1. 0. 1. 0. 1. 1. 0. 0. 1. 1. 0. 1.
 1. 1. 0. 1. 1. 1. 0. 1. 1. 0. 1. 0. 0. 1. 1. 1. 0. 0. 1. 1. 0. 0. 1. 1.
 1. 1. 0. 0. 1. 1. 0. 0. 0. 0. 1. 1. 0. 0. 0. 0. 1. 1. 0. 1. 1. 1. 0. 0.
 1. 1. 0. 1. 0. 0. 0. 0. 1. 1. 1. 0. 1. 0. 1. 1. 1. 1. 1. 1. 0. 1. 0. 0.
 1. 1. 0. 0. 1. 1. 1. 1. 0. 1. 1. 0. 1. 0. 0. 1. 0. 0. 0. 1. 0. 0. 1. 1.
 1. 0. 1. 0.]","[0. 1. 0. 0. 0. 1. 1. 1. 0. 0. 0. 0. 0. 1. 0. 0. 1. 1. 0. 0. 0. 0. 0. 1.
 0. 0. 1. 0. 1. 0. 0. 1. 0. 1. 1. 0. 0. 0. 1. 0. 0. 0. 1. 1. 1. 0. 1. 0.
 1. 0. 1. 1. 0. 1. 1. 1. 1. 0. 1. 0. 0. 1. 1. 1. 0. 0. 0. 1. 1. 0. 1. 1.
 0. 0. 1. 0. 0. 1. 0. 1. 0. 1. 1. 1. 0. 1. 0. 1. 1. 1. 1. 1. 1. 1. 1. 0.
 0. 0. 1. 1. 1. 0. 0. 1. 1. 1. 0. 0. 0. 1. 1. 1. 0. 0. 0. 0. 1. 1. 1. 0.
 1. 0. 0. 1. 1. 0. 0. 0. 0. 1. 0. 0. 1. 1. 0. 1. 1. 1. 0. 1. 1. 0. 1. 0.
 1. 1. 0. 0. 0. 1. 1. 0. 1. 1. 0. 1. 0. 0. 0. 1. 1. 1. 0. 1. 0. 1. 1. 0.
 1. 0. 0. 1. 1. 0. 0. 1. 0. 1. 1. 0. 0. 1. 0. 0. 1. 1. 0. 1. 1. 0. 0. 0.
 0. 1. 1. 0. 0. 1. 0. 0. 1. 0. 1. 1. 1. 0. 0. 0. 1. 1. 0. 0. 0. 0. 1. 0.
 0. 1. 0. 1. 1. 1. 1. 0. 0. 0. 0. 1. 1. 1. 1. 0. 1. 1. 1. 1. 0. 1. 0. 0.
 1. 0. 0. 1. 1. 1. 1. 1. 0. 0. 1. 1. 1. 0. 0. 1. 0. 1. 0. 0. 1. 0. 1. 0.
 1. 0. 0. 0.]"
233,randomforest,"{'criterion': 'gini', 'max_features': 'log2', 'n_estimators': 171}",0.5909335096634143,0.18894048639110733,0.15351044672104264,0.35831473294700783,0.5859717567378858,0.1985847342261761,0.5631347962382445,0.12686567164179108,0.5634328358208955,0.5634328358208955,"{0: 0.5910280686121631, 1: 0.5910280686121632}","{0: 0.5910280686121631, 1: 0.5910280686121632}",0.5910280686121632,"[[72 62]
 [55 79]]","[1. 0. 0. 0. 0. 1. 0. 1. 1. 0. 0. 0. 1. 0. 0. 0. 1. 0. 0. 0. 0. 1. 0. 0.
 0. 0. 1. 1. 1. 1. 1. 0. 0. 0. 1. 0. 0. 0. 1. 0. 0. 0. 1. 1. 0. 0. 1. 0.
 0. 0. 1. 0. 1. 1. 1. 1. 1. 1. 0. 1. 1. 0. 1. 1. 0. 0. 1. 1. 1. 1. 0. 0.
 0. 1. 0. 1. 1. 0. 0. 0. 0. 1. 1. 0. 0. 1. 1. 1. 1. 1. 1. 1. 0. 1. 1. 1.
 0. 0. 1. 1. 0. 1. 1. 0. 0. 0. 0. 1. 0. 1. 0. 0. 0. 1. 1. 1. 1. 0. 0. 0.
 0. 1. 1. 1. 1. 1. 1. 1. 1. 0. 0. 1. 1. 0. 1. 1. 0. 1. 0. 1. 1. 0. 1. 0.
 1. 0. 0. 0. 0. 1. 1. 0. 1. 0. 0. 1. 1. 0. 1. 0. 1. 1. 0. 0. 1. 1. 0. 1.
 1. 1. 0. 1. 1. 1. 0. 1. 1. 0. 1. 0. 0. 0. 1. 1. 0. 0. 1. 0. 0. 0. 1. 1.
 1. 1. 0. 1. 1. 1. 0. 1. 0. 0. 1. 1. 0. 0. 0. 1. 1. 1. 0. 1. 1. 1. 0. 0.
 1. 1. 0. 1. 0. 0. 0. 0. 1. 1. 1. 0. 0. 0. 1. 1. 1. 1. 1. 1. 0. 1. 0. 0.
 1. 1. 0. 0. 1. 1. 1. 1. 0. 1. 1. 0. 1. 0. 0. 1. 0. 1. 0. 1. 0. 0. 1. 1.
 1. 0. 1. 0.]","[0. 1. 0. 0. 0. 1. 1. 1. 0. 0. 0. 0. 0. 1. 0. 0. 1. 1. 0. 0. 0. 0. 0. 1.
 0. 0. 1. 0. 1. 0. 0. 1. 0. 1. 1. 0. 0. 0. 1. 0. 0. 0. 1. 1. 1. 0. 1. 0.
 1. 0. 1. 1. 0. 1. 1. 1. 1. 0. 1. 0. 0. 1. 1. 1. 0. 0. 0. 1. 1. 0. 1. 1.
 0. 0. 1. 0. 0. 1. 0. 1. 0. 1. 1. 1. 0. 1. 0. 1. 1. 1. 1. 1. 1. 1. 1. 0.
 0. 0. 1. 1. 1. 0. 0. 1. 1. 1. 0. 0. 0. 1. 1. 1. 0. 0. 0. 0. 1. 1. 1. 0.
 1. 0. 0. 1. 1. 0. 0. 0. 0. 1. 0. 0. 1. 1. 0. 1. 1. 1. 0. 1. 1. 0. 1. 0.
 1. 1. 0. 0. 0. 1. 1. 0. 1. 1. 0. 1. 0. 0. 0. 1. 1. 1. 0. 1. 0. 1. 1. 0.
 1. 0. 0. 1. 1. 0. 0. 1. 0. 1. 1. 0. 0. 1. 0. 0. 1. 1. 0. 1. 1. 0. 0. 0.
 0. 1. 1. 0. 0. 1. 0. 0. 1. 0. 1. 1. 1. 0. 0. 0. 1. 1. 0. 0. 0. 0. 1. 0.
 0. 1. 0. 1. 1. 1. 1. 0. 0. 0. 0. 1. 1. 1. 1. 0. 1. 1. 1. 1. 0. 1. 0. 0.
 1. 0. 0. 1. 1. 1. 1. 1. 0. 0. 1. 1. 1. 0. 0. 1. 0. 1. 0. 0. 1. 0. 1. 0.
 1. 0. 0. 0.]"
100,randomforest,"{'criterion': 'entropy', 'max_features': None, 'n_estimators': 303}",0.5779263263412318,0.1917464874367662,0.15335826253379306,0.3464402162747109,0.5696090125525609,0.19871570311898207,0.5556670149773598,0.11194029850746268,0.5559701492537313,0.5559701492537313,"{0: 0.5727890398752506, 1: 0.5727890398752505}","{0: 0.5727890398752506, 1: 0.5727890398752505}",0.5727890398752505,"[[71 63]
 [56 78]]","[1. 0. 0. 0. 0. 1. 0. 1. 1. 0. 0. 0. 1. 0. 0. 0. 1. 0. 0. 0. 0. 1. 0. 0.
 0. 0. 1. 1. 1. 1. 1. 0. 0. 0. 1. 1. 0. 0. 1. 0. 0. 0. 1. 0. 0. 1. 1. 1.
 0. 0. 1. 0. 0. 1. 1. 1. 1. 1. 0. 1. 1. 0. 1. 0. 0. 0. 1. 1. 1. 1. 0. 0.
 1. 1. 0. 1. 1. 0. 0. 0. 1. 1. 1. 0. 0. 1. 0. 1. 1. 1. 1. 1. 0. 1. 1. 1.
 0. 0. 1. 1. 0. 1. 0. 0. 0. 0. 0. 1. 0. 1. 0. 0. 0. 1. 1. 0. 1. 0. 0. 0.
 0. 1. 1. 1. 1. 1. 1. 1. 1. 0. 0. 1. 1. 0. 1. 1. 0. 1. 0. 1. 1. 0. 1. 0.
 1. 0. 0. 0. 1. 1. 1. 0. 1. 1. 0. 1. 1. 0. 1. 0. 1. 1. 0. 0. 1. 0. 0. 1.
 1. 1. 0. 1. 1. 1. 0. 1. 1. 0. 1. 0. 0. 1. 1. 1. 0. 0. 1. 1. 0. 0. 1. 1.
 1. 1. 0. 1. 1. 1. 0. 1. 0. 0. 1. 1. 0. 0. 0. 0. 1. 1. 0. 1. 1. 1. 0. 0.
 1. 1. 0. 1. 0. 0. 0. 0. 1. 1. 1. 0. 0. 0. 1. 1. 1. 1. 1. 1. 0. 1. 0. 0.
 1. 1. 0. 0. 1. 1. 0. 1. 0. 0. 1. 0. 1. 0. 1. 1. 0. 1. 0. 1. 0. 0. 1. 1.
 1. 0. 1. 0.]","[0. 1. 0. 0. 0. 1. 1. 1. 0. 0. 0. 0. 0. 1. 0. 0. 1. 1. 0. 0. 0. 0. 0. 1.
 0. 0. 1. 0. 1. 0. 0. 1. 0. 1. 1. 0. 0. 0. 1. 0. 0. 0. 1. 1. 1. 0. 1. 0.
 1. 0. 1. 1. 0. 1. 1. 1. 1. 0. 1. 0. 0. 1. 1. 1. 0. 0. 0. 1. 1. 0. 1. 1.
 0. 0. 1. 0. 0. 1. 0. 1. 0. 1. 1. 1. 0. 1. 0. 1. 1. 1. 1. 1. 1. 1. 1. 0.
 0. 0. 1. 1. 1. 0. 0. 1. 1. 1. 0. 0. 0. 1. 1. 1. 0. 0. 0. 0. 1. 1. 1. 0.
 1. 0. 0. 1. 1. 0. 0. 0. 0. 1. 0. 0. 1. 1. 0. 1. 1. 1. 0. 1. 1. 0. 1. 0.
 1. 1. 0. 0. 0. 1. 1. 0. 1. 1. 0. 1. 0. 0. 0. 1. 1. 1. 0. 1. 0. 1. 1. 0.
 1. 0. 0. 1. 1. 0. 0. 1. 0. 1. 1. 0. 0. 1. 0. 0. 1. 1. 0. 1. 1. 0. 0. 0.
 0. 1. 1. 0. 0. 1. 0. 0. 1. 0. 1. 1. 1. 0. 0. 0. 1. 1. 0. 0. 0. 0. 1. 0.
 0. 1. 0. 1. 1. 1. 1. 0. 0. 0. 0. 1. 1. 1. 1. 0. 1. 1. 1. 1. 0. 1. 0. 0.
 1. 0. 0. 1. 1. 1. 1. 1. 0. 0. 1. 1. 1. 0. 0. 1. 0. 1. 0. 0. 1. 0. 1. 0.
 1. 0. 0. 0.]"
971,randomforest,"{'criterion': 'gini', 'max_features': 'sqrt', 'n_estimators': 27}",0.5748462239182003,0.16180242979635218,0.15334215103215265,0.2871906936281976,0.5702469200453071,0.17446924971828295,0.5629399383912019,0.12686567164179108,0.5634328358208955,0.5634328358208955,"{0: 0.5769102249944308, 1: 0.5769102249944308}","{0: 0.5769102249944308, 1: 0.5769102249944308}",0.5769102249944308,"[[71 63]
 [54 80]]","[1. 0. 0. 0. 0. 1. 0. 1. 1. 0. 0. 0. 0. 0. 0. 0. 0. 0. 0. 1. 0. 1. 0. 0.
 0. 0. 1. 1. 1. 1. 1. 0. 0. 0. 1. 0. 1. 0. 1. 0. 1. 1. 1. 0. 0. 0. 1. 1.
 0. 0. 1. 1. 1. 1. 1. 1. 1. 0. 0. 1. 1. 1. 1. 1. 1. 0. 1. 1. 1. 1. 0. 0.
 1. 1. 0. 0. 1. 0. 1. 0. 1. 1. 1. 0. 0. 1. 0. 1. 1. 1. 0. 1. 0. 1. 1. 1.
 0. 1. 0. 1. 1. 1. 0. 1. 1. 0. 0. 1. 0. 1. 0. 0. 0. 1. 1. 1. 1. 0. 0. 1.
 0. 1. 1. 1. 1. 0. 1. 1. 0. 0. 0. 1. 1. 0. 1. 1. 0. 1. 0. 0. 0. 0. 1. 0.
 0. 0. 0. 0. 1. 1. 1. 0. 1. 0. 0. 1. 1. 0. 0. 0. 1. 1. 0. 0. 1. 1. 0. 1.
 1. 1. 0. 1. 1. 0. 0. 1. 1. 0. 1. 0. 0. 1. 1. 1. 0. 0. 1. 1. 1. 0. 1. 1.
 0. 1. 1. 1. 1. 1. 0. 1. 0. 0. 1. 1. 0. 1. 1. 0. 1. 1. 0. 1. 1. 0. 0. 0.
 1. 1. 0. 1. 0. 0. 0. 0. 1. 1. 1. 0. 0. 1. 0. 1. 1. 1. 1. 1. 0. 0. 0. 0.
 1. 1. 0. 0. 1. 1. 1. 1. 0. 0. 1. 0. 1. 0. 0. 1. 0. 1. 0. 1. 0. 0. 1. 1.
 1. 0. 1. 0.]","[0. 1. 0. 0. 0. 1. 1. 1. 0. 0. 0. 0. 0. 1. 0. 0. 1. 1. 0. 0. 0. 0. 0. 1.
 0. 0. 1. 0. 1. 0. 0. 1. 0. 1. 1. 0. 0. 0. 1. 0. 0. 0. 1. 1. 1. 0. 1. 0.
 1. 0. 1. 1. 0. 1. 1. 1. 1. 0. 1. 0. 0. 1. 1. 1. 0. 0. 0. 1. 1. 0. 1. 1.
 0. 0. 1. 0. 0. 1. 0. 1. 0. 1. 1. 1. 0. 1. 0. 1. 1. 1. 1. 1. 1. 1. 1. 0.
 0. 0. 1. 1. 1. 0. 0. 1. 1. 1. 0. 0. 0. 1. 1. 1. 0. 0. 0. 0. 1. 1. 1. 0.
 1. 0. 0. 1. 1. 0. 0. 0. 0. 1. 0. 0. 1. 1. 0. 1. 1. 1. 0. 1. 1. 0. 1. 0.
 1. 1. 0. 0. 0. 1. 1. 0. 1. 1. 0. 1. 0. 0. 0. 1. 1. 1. 0. 1. 0. 1. 1. 0.
 1. 0. 0. 1. 1. 0. 0. 1. 0. 1. 1. 0. 0. 1. 0. 0. 1. 1. 0. 1. 1. 0. 0. 0.
 0. 1. 1. 0. 0. 1. 0. 0. 1. 0. 1. 1. 1. 0. 0. 0. 1. 1. 0. 0. 0. 0. 1. 0.
 0. 1. 0. 1. 1. 1. 1. 0. 0. 0. 0. 1. 1. 1. 1. 0. 1. 1. 1. 1. 0. 1. 0. 0.
 1. 0. 0. 1. 1. 1. 1. 1. 0. 0. 1. 1. 1. 0. 0. 1. 0. 1. 0. 0. 1. 0. 1. 0.
 1. 0. 0. 0.]"
62,randomforest,"{'criterion': 'gini', 'max_features': 'log2', 'n_estimators': 549}",0.5791479791809224,0.18777309350144558,0.15329329986450022,0.3371221101934266,0.5707614499449177,0.19597726645006042,0.5593088071348941,0.11940298507462688,0.5597014925373134,0.5597014925373134,"{0: 0.5868511918021831, 1: 0.5868511918021831}","{0: 0.5868511918021831, 1: 0.5868511918021831}",0.5868511918021831,"[[71 63]
 [55 79]]","[1. 0. 0. 0. 0. 1. 0. 1. 1. 0. 0. 0. 1. 0. 0. 0. 1. 0. 0. 0. 0. 1. 0. 0.
 0. 0. 1. 1. 1. 1. 1. 0. 0. 0. 1. 0. 1. 0. 1. 0. 1. 1. 1. 0. 0. 0. 1. 0.
 0. 0. 1. 0. 1. 1. 1. 1. 1. 1. 0. 1. 1. 0. 1. 1. 0. 0. 1. 1. 1. 1. 0. 0.
 1. 1. 0. 1. 1. 0. 0. 0. 1. 1. 1. 0. 0. 1. 0. 1. 1. 1. 1. 1. 0. 1. 1. 1.
 0. 0. 1. 1. 0. 1. 1. 0. 0. 0. 0. 1. 0. 1. 0. 0. 0. 1. 1. 0. 1. 0. 0. 0.
 0. 1. 1. 1. 1. 1. 1. 1. 1. 0. 0. 1. 1. 0. 1. 1. 0. 1. 0. 1. 1. 0. 1. 0.
 1. 0. 0. 0. 1. 1. 1. 0. 1. 0. 0. 1. 1. 0. 1. 0. 1. 1. 0. 0. 1. 1. 0. 1.
 1. 1. 0. 1. 1. 0. 0. 1. 1. 0. 1. 0. 0. 1. 1. 1. 0. 0. 1. 1. 0. 0. 1. 1.
 1. 1. 1. 1. 1. 1. 0. 0. 0. 0. 1. 1. 0. 0. 0. 0. 1. 1. 0. 1. 1. 1. 0. 0.
 1. 1. 0. 0. 0. 0. 0. 0. 1. 1. 1. 0. 0. 0. 1. 1. 1. 1. 1. 1. 0. 1. 0. 0.
 1. 1. 0. 0. 1. 1. 0. 1. 0. 1. 1. 0. 1. 0. 0. 1. 0. 1. 0. 1. 0. 0. 1. 1.
 1. 0. 1. 0.]","[0. 1. 0. 0. 0. 1. 1. 1. 0. 0. 0. 0. 0. 1. 0. 0. 1. 1. 0. 0. 0. 0. 0. 1.
 0. 0. 1. 0. 1. 0. 0. 1. 0. 1. 1. 0. 0. 0. 1. 0. 0. 0. 1. 1. 1. 0. 1. 0.
 1. 0. 1. 1. 0. 1. 1. 1. 1. 0. 1. 0. 0. 1. 1. 1. 0. 0. 0. 1. 1. 0. 1. 1.
 0. 0. 1. 0. 0. 1. 0. 1. 0. 1. 1. 1. 0. 1. 0. 1. 1. 1. 1. 1. 1. 1. 1. 0.
 0. 0. 1. 1. 1. 0. 0. 1. 1. 1. 0. 0. 0. 1. 1. 1. 0. 0. 0. 0. 1. 1. 1. 0.
 1. 0. 0. 1. 1. 0. 0. 0. 0. 1. 0. 0. 1. 1. 0. 1. 1. 1. 0. 1. 1. 0. 1. 0.
 1. 1. 0. 0. 0. 1. 1. 0. 1. 1. 0. 1. 0. 0. 0. 1. 1. 1. 0. 1. 0. 1. 1. 0.
 1. 0. 0. 1. 1. 0. 0. 1. 0. 1. 1. 0. 0. 1. 0. 0. 1. 1. 0. 1. 1. 0. 0. 0.
 0. 1. 1. 0. 0. 1. 0. 0. 1. 0. 1. 1. 1. 0. 0. 0. 1. 1. 0. 0. 0. 0. 1. 0.
 0. 1. 0. 1. 1. 1. 1. 0. 0. 0. 0. 1. 1. 1. 1. 0. 1. 1. 1. 1. 0. 1. 0. 0.
 1. 0. 0. 1. 1. 1. 1. 1. 0. 0. 1. 1. 1. 0. 0. 1. 0. 1. 0. 0. 1. 0. 1. 0.
 1. 0. 0. 0.]"
401,randomforest,"{'criterion': 'gini', 'max_features': 'sqrt', 'n_estimators': 181}",0.5777113677137397,0.20005513317471194,0.15305249780803876,0.3639848714192446,0.5687229194789678,0.20605597345873877,0.5558155406064151,0.11194029850746268,0.5559701492537313,0.5559701492537313,"{0: 0.5734851860102473, 1: 0.5734851860102473}","{0: 0.5734851860102473, 1: 0.5734851860102473}",0.5734851860102473,"[[72 62]
 [57 77]]","[1. 0. 0. 0. 0. 1. 0. 1. 1. 0. 0. 0. 1. 0. 0. 0. 1. 0. 0. 0. 0. 1. 0. 0.
 0. 0. 1. 1. 1. 1. 1. 0. 0. 0. 1. 0. 1. 0. 1. 0. 1. 0. 1. 0. 0. 0. 1. 1.
 0. 0. 1. 0. 1. 1. 1. 1. 1. 1. 0. 1. 1. 0. 1. 0. 0. 0. 1. 1. 1. 1. 0. 0.
 1. 1. 0. 1. 1. 0. 0. 0. 1. 1. 1. 0. 0. 1. 0. 1. 1. 1. 1. 1. 0. 1. 1. 1.
 0. 0. 1. 1. 0. 1. 1. 0. 0. 0. 0. 1. 0. 1. 0. 0. 0. 1. 1. 0. 1. 0. 0. 0.
 0. 1. 1. 1. 1. 1. 1. 1. 0. 0. 0. 1. 1. 0. 1. 1. 0. 1. 0. 1. 1. 0. 0. 0.
 0. 0. 0. 0. 1. 1. 1. 0. 1. 0. 0. 1. 1. 0. 1. 0. 1. 1. 0. 0. 1. 1. 0. 1.
 1. 1. 0. 1. 1. 0. 0. 1. 1. 0. 1. 0. 0. 0. 1. 1. 0. 0. 1. 1. 0. 0. 1. 1.
 1. 1. 1. 0. 1. 1. 0. 0. 0. 0. 1. 1. 0. 1. 0. 0. 1. 1. 0. 1. 1. 1. 0. 0.
 1. 1. 0. 0. 0. 0. 0. 0. 1. 1. 1. 0. 1. 0. 1. 1. 1. 1. 1. 1. 0. 1. 0. 0.
 1. 1. 0. 0. 1. 1. 1. 1. 0. 1. 1. 0. 1. 0. 0. 1. 0. 1. 0. 1. 0. 0. 1. 1.
 1. 0. 1. 0.]","[0. 1. 0. 0. 0. 1. 1. 1. 0. 0. 0. 0. 0. 1. 0. 0. 1. 1. 0. 0. 0. 0. 0. 1.
 0. 0. 1. 0. 1. 0. 0. 1. 0. 1. 1. 0. 0. 0. 1. 0. 0. 0. 1. 1. 1. 0. 1. 0.
 1. 0. 1. 1. 0. 1. 1. 1. 1. 0. 1. 0. 0. 1. 1. 1. 0. 0. 0. 1. 1. 0. 1. 1.
 0. 0. 1. 0. 0. 1. 0. 1. 0. 1. 1. 1. 0. 1. 0. 1. 1. 1. 1. 1. 1. 1. 1. 0.
 0. 0. 1. 1. 1. 0. 0. 1. 1. 1. 0. 0. 0. 1. 1. 1. 0. 0. 0. 0. 1. 1. 1. 0.
 1. 0. 0. 1. 1. 0. 0. 0. 0. 1. 0. 0. 1. 1. 0. 1. 1. 1. 0. 1. 1. 0. 1. 0.
 1. 1. 0. 0. 0. 1. 1. 0. 1. 1. 0. 1. 0. 0. 0. 1. 1. 1. 0. 1. 0. 1. 1. 0.
 1. 0. 0. 1. 1. 0. 0. 1. 0. 1. 1. 0. 0. 1. 0. 0. 1. 1. 0. 1. 1. 0. 0. 0.
 0. 1. 1. 0. 0. 1. 0. 0. 1. 0. 1. 1. 1. 0. 0. 0. 1. 1. 0. 0. 0. 0. 1. 0.
 0. 1. 0. 1. 1. 1. 1. 0. 0. 0. 0. 1. 1. 1. 1. 0. 1. 1. 1. 1. 0. 1. 0. 0.
 1. 0. 0. 1. 1. 1. 1. 1. 0. 0. 1. 1. 1. 0. 0. 1. 0. 1. 0. 0. 1. 0. 1. 0.
 1. 0. 0. 0.]"
185,randomforest,"{'criterion': 'entropy', 'max_features': 'sqrt', 'n_estimators': 97}",0.5940824553981443,0.2112227404091825,0.15289657559024034,0.40417117441573375,0.5868147235082719,0.20829700033368734,0.5541762773467535,0.11194029850746268,0.5559701492537313,0.5559701492537313,"{0: 0.5882713299175762, 1: 0.5882713299175764}","{0: 0.5882713299175762, 1: 0.5882713299175764}",0.5882713299175764,"[[66 68]
 [51 83]]","[1. 0. 0. 0. 0. 1. 0. 1. 1. 0. 1. 1. 1. 0. 0. 0. 1. 0. 0. 0. 0. 1. 0. 0.
 0. 0. 1. 1. 1. 1. 1. 0. 0. 0. 1. 0. 1. 0. 1. 0. 1. 1. 1. 0. 0. 1. 1. 1.
 0. 0. 1. 0. 0. 1. 1. 1. 1. 1. 0. 1. 0. 0. 1. 0. 0. 0. 1. 1. 1. 1. 0. 0.
 1. 1. 0. 1. 1. 0. 1. 0. 1. 1. 1. 0. 0. 1. 0. 1. 1. 1. 1. 1. 0. 1. 1. 1.
 0. 0. 1. 1. 0. 1. 0. 0. 1. 0. 0. 1. 0. 1. 0. 0. 0. 1. 1. 0. 1. 0. 0. 0.
 1. 1. 1. 1. 1. 1. 1. 1. 1. 0. 0. 1. 1. 0. 1. 1. 0. 1. 0. 1. 1. 0. 1. 0.
 1. 0. 0. 0. 1. 1. 1. 0. 1. 0. 0. 1. 1. 0. 1. 0. 1. 1. 0. 0. 1. 1. 0. 1.
 1. 1. 1. 1. 1. 1. 0. 1. 1. 0. 1. 1. 0. 0. 1. 1. 0. 0. 1. 1. 0. 0. 1. 1.
 1. 1. 1. 0. 1. 1. 0. 0. 0. 0. 1. 1. 0. 0. 0. 0. 1. 1. 0. 1. 1. 1. 1. 0.
 1. 1. 0. 1. 0. 0. 0. 1. 1. 1. 1. 0. 0. 1. 1. 1. 1. 1. 1. 1. 0. 1. 0. 0.
 1. 1. 0. 0. 1. 1. 1. 1. 0. 1. 1. 0. 1. 0. 0. 1. 0. 1. 0. 1. 0. 0. 1. 1.
 1. 0. 1. 0.]","[0. 1. 0. 0. 0. 1. 1. 1. 0. 0. 0. 0. 0. 1. 0. 0. 1. 1. 0. 0. 0. 0. 0. 1.
 0. 0. 1. 0. 1. 0. 0. 1. 0. 1. 1. 0. 0. 0. 1. 0. 0. 0. 1. 1. 1. 0. 1. 0.
 1. 0. 1. 1. 0. 1. 1. 1. 1. 0. 1. 0. 0. 1. 1. 1. 0. 0. 0. 1. 1. 0. 1. 1.
 0. 0. 1. 0. 0. 1. 0. 1. 0. 1. 1. 1. 0. 1. 0. 1. 1. 1. 1. 1. 1. 1. 1. 0.
 0. 0. 1. 1. 1. 0. 0. 1. 1. 1. 0. 0. 0. 1. 1. 1. 0. 0. 0. 0. 1. 1. 1. 0.
 1. 0. 0. 1. 1. 0. 0. 0. 0. 1. 0. 0. 1. 1. 0. 1. 1. 1. 0. 1. 1. 0. 1. 0.
 1. 1. 0. 0. 0. 1. 1. 0. 1. 1. 0. 1. 0. 0. 0. 1. 1. 1. 0. 1. 0. 1. 1. 0.
 1. 0. 0. 1. 1. 0. 0. 1. 0. 1. 1. 0. 0. 1. 0. 0. 1. 1. 0. 1. 1. 0. 0. 0.
 0. 1. 1. 0. 0. 1. 0. 0. 1. 0. 1. 1. 1. 0. 0. 0. 1. 1. 0. 0. 0. 0. 1. 0.
 0. 1. 0. 1. 1. 1. 1. 0. 0. 0. 0. 1. 1. 1. 1. 0. 1. 1. 1. 1. 0. 1. 0. 0.
 1. 0. 0. 1. 1. 1. 1. 1. 0. 0. 1. 1. 1. 0. 0. 1. 0. 1. 0. 0. 1. 0. 1. 0.
 1. 0. 0. 0.]"
640,randomforest,"{'criterion': 'gini', 'max_features': None, 'n_estimators': 215}",0.5909406097429782,0.1988580136677969,0.15278777199751248,0.3710142456372039,0.5824736400845271,0.1974996193114391,0.5667781493868451,0.13432835820895528,0.5671641791044776,0.5671641791044776,"{0: 0.5817832479394075, 1: 0.5817832479394075}","{0: 0.5817832479394075, 1: 0.5817832479394075}",0.5817832479394075,"[[72 62]
 [54 80]]","[1. 0. 0. 0. 0. 1. 0. 1. 1. 0. 0. 0. 1. 0. 0. 0. 0. 0. 0. 0. 0. 1. 0. 0.
 0. 0. 1. 1. 1. 1. 1. 0. 0. 0. 1. 1. 1. 0. 1. 0. 1. 0. 1. 1. 0. 1. 1. 0.
 0. 0. 1. 0. 0. 1. 1. 1. 1. 1. 0. 1. 1. 0. 1. 0. 0. 0. 1. 1. 1. 1. 0. 0.
 1. 1. 0. 1. 1. 0. 1. 0. 1. 1. 1. 0. 0. 1. 0. 1. 1. 1. 1. 1. 0. 1. 1. 1.
 0. 0. 1. 1. 0. 1. 1. 1. 1. 0. 0. 1. 0. 1. 0. 0. 0. 1. 1. 0. 1. 0. 0. 0.
 1. 1. 1. 1. 1. 1. 1. 1. 1. 0. 0. 1. 1. 0. 1. 1. 0. 0. 0. 1. 0. 0. 1. 0.
 0. 0. 0. 0. 1. 1. 1. 0. 1. 1. 0. 1. 1. 0. 1. 0. 1. 1. 0. 0. 1. 1. 0. 1.
 1. 1. 0. 1. 1. 0. 0. 1. 1. 0. 1. 0. 0. 1. 1. 1. 0. 0. 1. 1. 0. 0. 1. 1.
 1. 1. 1. 1. 0. 1. 0. 0. 0. 0. 1. 1. 0. 1. 0. 0. 1. 1. 0. 1. 1. 1. 0. 0.
 1. 1. 0. 0. 0. 0. 0. 0. 1. 1. 1. 0. 0. 0. 1. 1. 1. 1. 1. 1. 0. 1. 0. 0.
 1. 1. 0. 0. 1. 1. 1. 1. 0. 0. 1. 0. 1. 0. 0. 1. 0. 1. 0. 1. 0. 0. 1. 0.
 1. 0. 1. 0.]","[0. 1. 0. 0. 0. 1. 1. 1. 0. 0. 0. 0. 0. 1. 0. 0. 1. 1. 0. 0. 0. 0. 0. 1.
 0. 0. 1. 0. 1. 0. 0. 1. 0. 1. 1. 0. 0. 0. 1. 0. 0. 0. 1. 1. 1. 0. 1. 0.
 1. 0. 1. 1. 0. 1. 1. 1. 1. 0. 1. 0. 0. 1. 1. 1. 0. 0. 0. 1. 1. 0. 1. 1.
 0. 0. 1. 0. 0. 1. 0. 1. 0. 1. 1. 1. 0. 1. 0. 1. 1. 1. 1. 1. 1. 1. 1. 0.
 0. 0. 1. 1. 1. 0. 0. 1. 1. 1. 0. 0. 0. 1. 1. 1. 0. 0. 0. 0. 1. 1. 1. 0.
 1. 0. 0. 1. 1. 0. 0. 0. 0. 1. 0. 0. 1. 1. 0. 1. 1. 1. 0. 1. 1. 0. 1. 0.
 1. 1. 0. 0. 0. 1. 1. 0. 1. 1. 0. 1. 0. 0. 0. 1. 1. 1. 0. 1. 0. 1. 1. 0.
 1. 0. 0. 1. 1. 0. 0. 1. 0. 1. 1. 0. 0. 1. 0. 0. 1. 1. 0. 1. 1. 0. 0. 0.
 0. 1. 1. 0. 0. 1. 0. 0. 1. 0. 1. 1. 1. 0. 0. 0. 1. 1. 0. 0. 0. 0. 1. 0.
 0. 1. 0. 1. 1. 1. 1. 0. 0. 0. 0. 1. 1. 1. 1. 0. 1. 1. 1. 1. 0. 1. 0. 0.
 1. 0. 0. 1. 1. 1. 1. 1. 0. 0. 1. 1. 1. 0. 0. 1. 0. 1. 0. 0. 1. 0. 1. 0.
 1. 0. 0. 0.]"
697,randomforest,"{'criterion': 'gini', 'max_features': None, 'n_estimators': 403}",0.5758808205268778,0.17325941693687538,0.15269854603835278,0.3308722835118717,0.5673388308972986,0.18590056980010009,0.5596769702032859,0.11940298507462688,0.5597014925373134,0.5597014925373134,"{0: 0.5854588995321899, 1: 0.5854588995321898}","{0: 0.5854588995321899, 1: 0.5854588995321898}",0.5854588995321898,"[[74 60]
 [58 76]]","[1. 0. 0. 0. 0. 1. 0. 1. 1. 0. 0. 0. 1. 0. 0. 0. 0. 0. 0. 0. 0. 1. 0. 0.
 0. 0. 1. 1. 1. 1. 1. 0. 0. 0. 1. 1. 0. 0. 1. 0. 1. 0. 1. 0. 0. 1. 1. 0.
 0. 0. 1. 0. 1. 1. 1. 1. 1. 1. 0. 1. 1. 0. 1. 0. 0. 0. 1. 1. 1. 1. 0. 0.
 1. 1. 0. 1. 1. 0. 0. 0. 1. 1. 1. 0. 0. 1. 0. 1. 1. 1. 1. 1. 0. 1. 1. 1.
 0. 0. 1. 1. 0. 1. 1. 0. 0. 0. 0. 0. 0. 1. 0. 0. 0. 1. 1. 0. 1. 0. 0. 0.
 0. 1. 1. 1. 1. 1. 1. 1. 1. 0. 0. 1. 0. 0. 1. 1. 0. 1. 0. 1. 1. 0. 1. 0.
 0. 0. 0. 0. 0. 1. 1. 0. 1. 1. 0. 1. 1. 0. 1. 0. 1. 1. 0. 0. 1. 0. 0. 1.
 1. 1. 0. 1. 1. 0. 0. 1. 1. 0. 1. 0. 0. 0. 1. 1. 0. 0. 1. 1. 1. 0. 1. 1.
 0. 1. 0. 1. 1. 1. 0. 1. 0. 0. 1. 1. 0. 0. 0. 0. 1. 1. 0. 1. 1. 1. 0. 0.
 1. 1. 0. 1. 0. 0. 0. 0. 1. 1. 1. 0. 0. 0. 1. 1. 1. 1. 1. 1. 0. 1. 0. 0.
 1. 1. 0. 0. 1. 1. 1. 1. 0. 0. 1. 0. 1. 0. 0. 1. 0. 1. 0. 1. 0. 0. 1. 1.
 1. 0. 1. 0.]","[0. 1. 0. 0. 0. 1. 1. 1. 0. 0. 0. 0. 0. 1. 0. 0. 1. 1. 0. 0. 0. 0. 0. 1.
 0. 0. 1. 0. 1. 0. 0. 1. 0. 1. 1. 0. 0. 0. 1. 0. 0. 0. 1. 1. 1. 0. 1. 0.
 1. 0. 1. 1. 0. 1. 1. 1. 1. 0. 1. 0. 0. 1. 1. 1. 0. 0. 0. 1. 1. 0. 1. 1.
 0. 0. 1. 0. 0. 1. 0. 1. 0. 1. 1. 1. 0. 1. 0. 1. 1. 1. 1. 1. 1. 1. 1. 0.
 0. 0. 1. 1. 1. 0. 0. 1. 1. 1. 0. 0. 0. 1. 1. 1. 0. 0. 0. 0. 1. 1. 1. 0.
 1. 0. 0. 1. 1. 0. 0. 0. 0. 1. 0. 0. 1. 1. 0. 1. 1. 1. 0. 1. 1. 0. 1. 0.
 1. 1. 0. 0. 0. 1. 1. 0. 1. 1. 0. 1. 0. 0. 0. 1. 1. 1. 0. 1. 0. 1. 1. 0.
 1. 0. 0. 1. 1. 0. 0. 1. 0. 1. 1. 0. 0. 1. 0. 0. 1. 1. 0. 1. 1. 0. 0. 0.
 0. 1. 1. 0. 0. 1. 0. 0. 1. 0. 1. 1. 1. 0. 0. 0. 1. 1. 0. 0. 0. 0. 1. 0.
 0. 1. 0. 1. 1. 1. 1. 0. 0. 0. 0. 1. 1. 1. 1. 0. 1. 1. 1. 1. 0. 1. 0. 0.
 1. 0. 0. 1. 1. 1. 1. 1. 0. 0. 1. 1. 1. 0. 0. 1. 0. 1. 0. 0. 1. 0. 1. 0.
 1. 0. 0. 0.]"
951,randomforest,"{'criterion': 'gini', 'max_features': 'sqrt', 'n_estimators': 449}",0.5683372374252356,0.1904335135074453,0.1526687860048325,0.344492765578891,0.5603226951513242,0.19715557362712882,0.5485011765033485,0.09701492537313428,0.5485074626865671,0.5485074626865671,"{0: 0.5869068834929829, 1: 0.5869068834929829}","{0: 0.5869068834929829, 1: 0.5869068834929829}",0.5869068834929829,"[[73 61]
 [60 74]]","[1. 0. 0. 0. 0. 1. 0. 1. 1. 0. 0. 0. 1. 0. 0. 0. 0. 0. 0. 0. 0. 1. 0. 0.
 0. 0. 1. 1. 1. 1. 1. 0. 0. 0. 1. 0. 0. 0. 1. 0. 0. 0. 1. 0. 0. 0. 1. 1.
 0. 0. 1. 0. 1. 1. 1. 1. 1. 1. 0. 1. 1. 0. 1. 0. 0. 0. 1. 1. 1. 1. 0. 0.
 1. 1. 0. 1. 1. 0. 0. 0. 1. 1. 1. 0. 0. 1. 0. 1. 1. 1. 1. 1. 0. 1. 1. 1.
 0. 0. 1. 1. 0. 1. 0. 1. 0. 0. 0. 1. 0. 1. 0. 0. 0. 1. 1. 0. 1. 0. 0. 0.
 0. 1. 1. 1. 1. 1. 1. 1. 1. 0. 0. 1. 1. 0. 1. 1. 0. 1. 0. 1. 0. 0. 0. 0.
 0. 0. 0. 0. 1. 1. 1. 0. 1. 1. 0. 1. 1. 0. 1. 0. 1. 1. 0. 0. 1. 0. 0. 1.
 1. 1. 0. 1. 1. 1. 0. 1. 1. 0. 1. 0. 0. 1. 1. 1. 0. 0. 1. 1. 0. 0. 1. 1.
 1. 1. 0. 0. 1. 1. 0. 1. 0. 0. 1. 1. 0. 1. 0. 0. 1. 1. 0. 1. 1. 1. 0. 0.
 1. 1. 0. 0. 0. 0. 0. 0. 1. 1. 1. 0. 0. 0. 1. 1. 1. 1. 1. 1. 0. 1. 0. 0.
 1. 1. 0. 0. 1. 1. 1. 1. 0. 0. 1. 0. 1. 0. 0. 1. 0. 0. 0. 1. 0. 0. 1. 1.
 1. 0. 1. 0.]","[0. 1. 0. 0. 0. 1. 1. 1. 0. 0. 0. 0. 0. 1. 0. 0. 1. 1. 0. 0. 0. 0. 0. 1.
 0. 0. 1. 0. 1. 0. 0. 1. 0. 1. 1. 0. 0. 0. 1. 0. 0. 0. 1. 1. 1. 0. 1. 0.
 1. 0. 1. 1. 0. 1. 1. 1. 1. 0. 1. 0. 0. 1. 1. 1. 0. 0. 0. 1. 1. 0. 1. 1.
 0. 0. 1. 0. 0. 1. 0. 1. 0. 1. 1. 1. 0. 1. 0. 1. 1. 1. 1. 1. 1. 1. 1. 0.
 0. 0. 1. 1. 1. 0. 0. 1. 1. 1. 0. 0. 0. 1. 1. 1. 0. 0. 0. 0. 1. 1. 1. 0.
 1. 0. 0. 1. 1. 0. 0. 0. 0. 1. 0. 0. 1. 1. 0. 1. 1. 1. 0. 1. 1. 0. 1. 0.
 1. 1. 0. 0. 0. 1. 1. 0. 1. 1. 0. 1. 0. 0. 0. 1. 1. 1. 0. 1. 0. 1. 1. 0.
 1. 0. 0. 1. 1. 0. 0. 1. 0. 1. 1. 0. 0. 1. 0. 0. 1. 1. 0. 1. 1. 0. 0. 0.
 0. 1. 1. 0. 0. 1. 0. 0. 1. 0. 1. 1. 1. 0. 0. 0. 1. 1. 0. 0. 0. 0. 1. 0.
 0. 1. 0. 1. 1. 1. 1. 0. 0. 0. 0. 1. 1. 1. 1. 0. 1. 1. 1. 1. 0. 1. 0. 0.
 1. 0. 0. 1. 1. 1. 1. 1. 0. 0. 1. 1. 1. 0. 0. 1. 0. 1. 0. 0. 1. 0. 1. 0.
 1. 0. 0. 0.]"
130,randomforest,"{'criterion': 'gini', 'max_features': 'log2', 'n_estimators': 389}",0.5779595917997247,0.19151560840705056,0.15257356208788728,0.35230098128192,0.5689136449721127,0.19768421814058793,0.5559145025412517,0.11194029850746268,0.5559701492537313,0.5559701492537313,"{0: 0.5904711517041658, 1: 0.5904711517041659}","{0: 0.5904711517041658, 1: 0.5904711517041659}",0.5904711517041659,"[[73 61]
 [58 76]]","[1. 0. 0. 0. 0. 1. 0. 1. 1. 0. 0. 0. 1. 0. 0. 0. 1. 0. 0. 0. 0. 1. 0. 0.
 0. 0. 1. 1. 1. 1. 1. 0. 0. 0. 1. 0. 1. 0. 1. 0. 0. 0. 1. 0. 0. 0. 1. 0.
 0. 0. 1. 0. 1. 1. 1. 1. 1. 1. 0. 1. 1. 0. 1. 0. 0. 0. 1. 1. 1. 1. 0. 0.
 1. 1. 0. 1. 1. 0. 0. 0. 1. 1. 1. 0. 0. 1. 0. 1. 1. 1. 1. 1. 0. 1. 1. 1.
 0. 0. 1. 1. 0. 1. 0. 1. 0. 0. 0. 1. 0. 1. 0. 0. 0. 1. 1. 0. 1. 0. 0. 0.
 0. 1. 1. 1. 1. 1. 1. 1. 1. 0. 0. 1. 1. 0. 1. 1. 0. 1. 0. 1. 1. 0. 0. 0.
 0. 0. 0. 0. 1. 1. 1. 0. 1. 0. 0. 1. 1. 0. 1. 0. 1. 1. 0. 0. 1. 1. 0. 1.
 1. 1. 0. 1. 1. 0. 0. 1. 1. 0. 1. 1. 0. 1. 1. 1. 0. 0. 1. 1. 0. 0. 1. 1.
 1. 1. 1. 0. 1. 1. 0. 0. 0. 0. 1. 1. 0. 1. 0. 0. 1. 1. 0. 1. 1. 1. 0. 0.
 1. 1. 0. 0. 0. 0. 0. 0. 1. 1. 1. 0. 0. 0. 1. 1. 1. 1. 1. 1. 0. 1. 0. 0.
 1. 1. 0. 0. 1. 1. 0. 1. 0. 1. 1. 0. 1. 0. 0. 1. 0. 0. 0. 1. 0. 0. 1. 1.
 1. 0. 1. 0.]","[0. 1. 0. 0. 0. 1. 1. 1. 0. 0. 0. 0. 0. 1. 0. 0. 1. 1. 0. 0. 0. 0. 0. 1.
 0. 0. 1. 0. 1. 0. 0. 1. 0. 1. 1. 0. 0. 0. 1. 0. 0. 0. 1. 1. 1. 0. 1. 0.
 1. 0. 1. 1. 0. 1. 1. 1. 1. 0. 1. 0. 0. 1. 1. 1. 0. 0. 0. 1. 1. 0. 1. 1.
 0. 0. 1. 0. 0. 1. 0. 1. 0. 1. 1. 1. 0. 1. 0. 1. 1. 1. 1. 1. 1. 1. 1. 0.
 0. 0. 1. 1. 1. 0. 0. 1. 1. 1. 0. 0. 0. 1. 1. 1. 0. 0. 0. 0. 1. 1. 1. 0.
 1. 0. 0. 1. 1. 0. 0. 0. 0. 1. 0. 0. 1. 1. 0. 1. 1. 1. 0. 1. 1. 0. 1. 0.
 1. 1. 0. 0. 0. 1. 1. 0. 1. 1. 0. 1. 0. 0. 0. 1. 1. 1. 0. 1. 0. 1. 1. 0.
 1. 0. 0. 1. 1. 0. 0. 1. 0. 1. 1. 0. 0. 1. 0. 0. 1. 1. 0. 1. 1. 0. 0. 0.
 0. 1. 1. 0. 0. 1. 0. 0. 1. 0. 1. 1. 1. 0. 0. 0. 1. 1. 0. 0. 0. 0. 1. 0.
 0. 1. 0. 1. 1. 1. 1. 0. 0. 0. 0. 1. 1. 1. 1. 0. 1. 1. 1. 1. 0. 1. 0. 0.
 1. 0. 0. 1. 1. 1. 1. 1. 0. 0. 1. 1. 1. 0. 0. 1. 0. 1. 0. 0. 1. 0. 1. 0.
 1. 0. 0. 0.]"
592,randomforest,"{'criterion': 'gini', 'max_features': 'sqrt', 'n_estimators': 249}",0.5812575210322549,0.18199730298444847,0.1525415906381518,0.32824241476231925,0.5742031471366148,0.18771770563265724,0.5593088071348941,0.11940298507462688,0.5597014925373134,0.5597014925373134,"{0: 0.5912229895299622, 1: 0.5912229895299622}","{0: 0.5912229895299622, 1: 0.5912229895299622}",0.5912229895299622,"[[71 63]
 [55 79]]","[1. 0. 0. 0. 0. 1. 0. 1. 1. 0. 0. 0. 1. 0. 0. 0. 1. 0. 0. 0. 0. 1. 0. 0.
 1. 0. 1. 1. 1. 1. 1. 0. 0. 0. 1. 0. 1. 0. 1. 0. 1. 0. 1. 1. 0. 0. 1. 0.
 0. 0. 1. 0. 1. 1. 1. 1. 1. 1. 0. 1. 1. 0. 1. 0. 0. 0. 1. 1. 1. 1. 0. 0.
 1. 1. 0. 1. 1. 0. 0. 0. 1. 1. 1. 0. 0. 1. 0. 1. 1. 1. 1. 0. 0. 1. 1. 1.
 0. 0. 1. 1. 0. 1. 1. 1. 0. 0. 0. 1. 0. 1. 0. 0. 0. 1. 1. 0. 1. 0. 0. 0.
 0. 1. 1. 1. 1. 1. 1. 1. 1. 0. 0. 1. 1. 0. 1. 1. 0. 1. 0. 1. 1. 0. 1. 0.
 0. 0. 0. 0. 1. 1. 1. 0. 1. 0. 0. 1. 1. 0. 1. 0. 1. 1. 0. 0. 1. 1. 0. 1.
 1. 1. 0. 1. 1. 0. 0. 1. 1. 0. 1. 0. 0. 0. 1. 1. 0. 0. 1. 1. 1. 0. 1. 1.
 0. 1. 1. 1. 0. 1. 0. 1. 0. 0. 1. 1. 0. 1. 0. 1. 1. 1. 0. 1. 1. 1. 0. 0.
 1. 1. 0. 1. 0. 0. 0. 0. 1. 1. 1. 0. 0. 0. 1. 1. 1. 1. 1. 1. 0. 1. 0. 0.
 1. 1. 0. 0. 1. 1. 0. 1. 0. 1. 1. 0. 1. 0. 0. 1. 0. 1. 0. 1. 0. 0. 1. 0.
 1. 0. 1. 0.]","[0. 1. 0. 0. 0. 1. 1. 1. 0. 0. 0. 0. 0. 1. 0. 0. 1. 1. 0. 0. 0. 0. 0. 1.
 0. 0. 1. 0. 1. 0. 0. 1. 0. 1. 1. 0. 0. 0. 1. 0. 0. 0. 1. 1. 1. 0. 1. 0.
 1. 0. 1. 1. 0. 1. 1. 1. 1. 0. 1. 0. 0. 1. 1. 1. 0. 0. 0. 1. 1. 0. 1. 1.
 0. 0. 1. 0. 0. 1. 0. 1. 0. 1. 1. 1. 0. 1. 0. 1. 1. 1. 1. 1. 1. 1. 1. 0.
 0. 0. 1. 1. 1. 0. 0. 1. 1. 1. 0. 0. 0. 1. 1. 1. 0. 0. 0. 0. 1. 1. 1. 0.
 1. 0. 0. 1. 1. 0. 0. 0. 0. 1. 0. 0. 1. 1. 0. 1. 1. 1. 0. 1. 1. 0. 1. 0.
 1. 1. 0. 0. 0. 1. 1. 0. 1. 1. 0. 1. 0. 0. 0. 1. 1. 1. 0. 1. 0. 1. 1. 0.
 1. 0. 0. 1. 1. 0. 0. 1. 0. 1. 1. 0. 0. 1. 0. 0. 1. 1. 0. 1. 1. 0. 0. 0.
 0. 1. 1. 0. 0. 1. 0. 0. 1. 0. 1. 1. 1. 0. 0. 0. 1. 1. 0. 0. 0. 0. 1. 0.
 0. 1. 0. 1. 1. 1. 1. 0. 0. 0. 0. 1. 1. 1. 1. 0. 1. 1. 1. 1. 0. 1. 0. 0.
 1. 0. 0. 1. 1. 1. 1. 1. 0. 0. 1. 1. 1. 0. 0. 1. 0. 1. 0. 0. 1. 0. 1. 0.
 1. 0. 0. 0.]"
574,AdaBoost,"{'algorithm': 'SAMME', 'learning_rate': 1.7326530612244897, 'n_estimators': 52}",0.5853539706258163,0.14827581812310828,0.15249361248243137,0.24267845107742458,0.5849596919657404,0.12885771052684342,0.5706025774991291,0.14179104477611937,0.5708955223880597,0.5708955223880596,"{0: 0.5847070617063934, 1: 0.5847070617063934}","{0: 0.5847070617063934, 1: 0.5847070617063934}",0.5847070617063934,"[[73 61]
 [54 80]]","[0. 0. 0. 0. 0. 1. 1. 0. 0. 1. 1. 1. 0. 1. 0. 0. 0. 0. 0. 0. 0. 1. 0. 0.
 0. 1. 1. 1. 1. 1. 1. 0. 0. 0. 1. 1. 0. 0. 0. 1. 0. 1. 1. 1. 0. 0. 1. 1.
 0. 0. 1. 1. 0. 1. 0. 1. 0. 1. 0. 1. 1. 0. 1. 1. 0. 0. 1. 1. 1. 1. 0. 1.
 1. 1. 0. 0. 1. 0. 1. 1. 0. 1. 0. 0. 0. 1. 0. 0. 1. 1. 1. 1. 0. 1. 0. 1.
 0. 0. 1. 0. 1. 1. 0. 0. 0. 0. 0. 1. 0. 1. 1. 0. 0. 1. 1. 0. 1. 1. 0. 0.
 1. 1. 0. 0. 0. 0. 0. 0. 1. 0. 0. 1. 0. 0. 1. 1. 0. 1. 0. 1. 1. 0. 1. 0.
 1. 1. 1. 1. 1. 1. 1. 0. 1. 1. 0. 1. 1. 0. 1. 0. 1. 0. 0. 1. 1. 0. 0. 1.
 1. 1. 0. 1. 1. 1. 0. 1. 1. 1. 0. 0. 1. 0. 1. 1. 0. 1. 1. 1. 1. 0. 0. 1.
 1. 1. 0. 1. 1. 1. 0. 0. 1. 0. 1. 1. 1. 1. 1. 0. 1. 1. 0. 1. 1. 0. 1. 0.
 1. 0. 0. 0. 0. 1. 0. 0. 0. 1. 1. 1. 1. 0. 0. 0. 1. 1. 1. 1. 0. 1. 0. 0.
 1. 1. 1. 0. 1. 1. 0. 1. 0. 1. 1. 0. 0. 0. 0. 1. 0. 0. 0. 1. 1. 1. 1. 0.
 0. 0. 1. 0.]","[0. 1. 0. 0. 0. 1. 1. 1. 0. 0. 0. 0. 0. 1. 0. 0. 1. 1. 0. 0. 0. 0. 0. 1.
 0. 0. 1. 0. 1. 0. 0. 1. 0. 1. 1. 0. 0. 0. 1. 0. 0. 0. 1. 1. 1. 0. 1. 0.
 1. 0. 1. 1. 0. 1. 1. 1. 1. 0. 1. 0. 0. 1. 1. 1. 0. 0. 0. 1. 1. 0. 1. 1.
 0. 0. 1. 0. 0. 1. 0. 1. 0. 1. 1. 1. 0. 1. 0. 1. 1. 1. 1. 1. 1. 1. 1. 0.
 0. 0. 1. 1. 1. 0. 0. 1. 1. 1. 0. 0. 0. 1. 1. 1. 0. 0. 0. 0. 1. 1. 1. 0.
 1. 0. 0. 1. 1. 0. 0. 0. 0. 1. 0. 0. 1. 1. 0. 1. 1. 1. 0. 1. 1. 0. 1. 0.
 1. 1. 0. 0. 0. 1. 1. 0. 1. 1. 0. 1. 0. 0. 0. 1. 1. 1. 0. 1. 0. 1. 1. 0.
 1. 0. 0. 1. 1. 0. 0. 1. 0. 1. 1. 0. 0. 1. 0. 0. 1. 1. 0. 1. 1. 0. 0. 0.
 0. 1. 1. 0. 0. 1. 0. 0. 1. 0. 1. 1. 1. 0. 0. 0. 1. 1. 0. 0. 0. 0. 1. 0.
 0. 1. 0. 1. 1. 1. 1. 0. 0. 0. 0. 1. 1. 1. 1. 0. 1. 1. 1. 1. 0. 1. 0. 0.
 1. 0. 0. 1. 1. 1. 1. 1. 0. 0. 1. 1. 1. 0. 0. 1. 0. 1. 0. 0. 1. 0. 1. 0.
 1. 0. 0. 0.]"
370,randomforest,"{'criterion': 'gini', 'max_features': 'log2', 'n_estimators': 59}",0.5754957571827215,0.19599515345756247,0.15246755519261132,0.3473947760507047,0.5698012393072877,0.19867863183994283,0.555468826226949,0.11194029850746268,0.5559701492537313,0.5559701492537313,"{0: 0.5570839830697261, 1: 0.557083983069726}","{0: 0.5570839830697261, 1: 0.557083983069726}",0.557083983069726,"[[70 64]
 [55 79]]","[1. 0. 0. 1. 0. 1. 0. 1. 1. 1. 0. 0. 1. 0. 0. 0. 1. 0. 0. 0. 0. 0. 1. 0.
 0. 0. 1. 1. 1. 1. 1. 0. 0. 0. 1. 0. 1. 0. 1. 0. 0. 0. 0. 0. 0. 0. 1. 1.
 0. 0. 1. 0. 0. 1. 1. 1. 1. 1. 0. 1. 1. 0. 1. 0. 0. 0. 1. 1. 1. 0. 0. 0.
 1. 1. 0. 1. 1. 0. 0. 1. 1. 1. 1. 0. 0. 1. 1. 1. 1. 1. 1. 1. 0. 1. 1. 1.
 0. 0. 1. 1. 1. 1. 1. 0. 0. 1. 0. 1. 0. 1. 0. 0. 0. 1. 1. 0. 1. 0. 0. 0.
 0. 1. 1. 1. 1. 1. 1. 1. 1. 0. 0. 1. 1. 0. 1. 0. 0. 1. 0. 0. 1. 0. 1. 0.
 0. 0. 0. 0. 1. 1. 1. 0. 1. 1. 0. 1. 1. 0. 1. 0. 1. 1. 0. 0. 1. 0. 0. 1.
 1. 1. 0. 1. 1. 0. 0. 1. 1. 0. 1. 0. 0. 1. 1. 1. 0. 0. 1. 0. 0. 0. 1. 1.
 1. 1. 1. 1. 1. 1. 0. 1. 1. 0. 1. 1. 0. 0. 0. 0. 1. 1. 0. 1. 1. 1. 0. 0.
 1. 0. 0. 1. 0. 1. 0. 0. 1. 1. 1. 0. 1. 0. 1. 1. 1. 1. 1. 1. 0. 1. 0. 0.
 1. 1. 0. 0. 1. 1. 1. 1. 0. 1. 1. 0. 1. 0. 0. 1. 0. 0. 0. 1. 0. 0. 1. 1.
 1. 0. 1. 0.]","[0. 1. 0. 0. 0. 1. 1. 1. 0. 0. 0. 0. 0. 1. 0. 0. 1. 1. 0. 0. 0. 0. 0. 1.
 0. 0. 1. 0. 1. 0. 0. 1. 0. 1. 1. 0. 0. 0. 1. 0. 0. 0. 1. 1. 1. 0. 1. 0.
 1. 0. 1. 1. 0. 1. 1. 1. 1. 0. 1. 0. 0. 1. 1. 1. 0. 0. 0. 1. 1. 0. 1. 1.
 0. 0. 1. 0. 0. 1. 0. 1. 0. 1. 1. 1. 0. 1. 0. 1. 1. 1. 1. 1. 1. 1. 1. 0.
 0. 0. 1. 1. 1. 0. 0. 1. 1. 1. 0. 0. 0. 1. 1. 1. 0. 0. 0. 0. 1. 1. 1. 0.
 1. 0. 0. 1. 1. 0. 0. 0. 0. 1. 0. 0. 1. 1. 0. 1. 1. 1. 0. 1. 1. 0. 1. 0.
 1. 1. 0. 0. 0. 1. 1. 0. 1. 1. 0. 1. 0. 0. 0. 1. 1. 1. 0. 1. 0. 1. 1. 0.
 1. 0. 0. 1. 1. 0. 0. 1. 0. 1. 1. 0. 0. 1. 0. 0. 1. 1. 0. 1. 1. 0. 0. 0.
 0. 1. 1. 0. 0. 1. 0. 0. 1. 0. 1. 1. 1. 0. 0. 0. 1. 1. 0. 0. 0. 0. 1. 0.
 0. 1. 0. 1. 1. 1. 1. 0. 0. 0. 0. 1. 1. 1. 1. 0. 1. 1. 1. 1. 0. 1. 0. 0.
 1. 0. 0. 1. 1. 1. 1. 1. 0. 0. 1. 1. 1. 0. 0. 1. 0. 1. 0. 0. 1. 0. 1. 0.
 1. 0. 0. 0.]"
366,randomforest,"{'criterion': 'entropy', 'max_features': None, 'n_estimators': 273}",0.5762060445406297,0.18649477378420914,0.15227272388861254,0.34078517876360576,0.5668982432591303,0.19629312632665405,0.5556670149773598,0.11194029850746268,0.5559701492537313,0.5559701492537313,"{0: 0.5906939184673646, 1: 0.5906939184673647}","{0: 0.5906939184673646, 1: 0.5906939184673647}",0.5906939184673647,"[[71 63]
 [56 78]]","[1. 0. 0. 0. 0. 1. 0. 1. 1. 0. 0. 0. 1. 0. 0. 0. 0. 0. 0. 0. 0. 1. 0. 0.
 0. 0. 1. 1. 1. 1. 1. 0. 0. 0. 1. 0. 0. 0. 1. 0. 0. 0. 1. 0. 0. 1. 1. 0.
 0. 0. 1. 0. 0. 1. 1. 1. 1. 1. 0. 1. 1. 0. 1. 1. 0. 0. 1. 1. 1. 1. 0. 0.
 1. 1. 0. 1. 1. 0. 1. 0. 1. 1. 1. 0. 0. 1. 0. 1. 1. 1. 1. 1. 0. 1. 1. 1.
 0. 0. 1. 1. 0. 1. 1. 0. 1. 0. 0. 1. 0. 1. 0. 0. 0. 1. 1. 0. 1. 0. 0. 0.
 0. 1. 1. 1. 1. 1. 1. 1. 1. 0. 0. 1. 1. 0. 1. 1. 0. 1. 0. 0. 1. 0. 1. 0.
 1. 0. 0. 0. 1. 1. 1. 0. 1. 1. 0. 1. 1. 0. 1. 0. 1. 1. 0. 0. 1. 0. 0. 1.
 1. 1. 0. 1. 1. 1. 1. 1. 1. 0. 1. 0. 0. 0. 1. 1. 0. 0. 1. 1. 0. 0. 1. 1.
 0. 1. 0. 1. 1. 1. 0. 1. 0. 0. 1. 1. 0. 1. 0. 1. 1. 1. 0. 1. 1. 1. 0. 0.
 1. 1. 0. 1. 0. 0. 0. 0. 1. 1. 1. 0. 0. 0. 1. 1. 1. 1. 1. 1. 0. 1. 0. 0.
 1. 1. 0. 0. 1. 1. 1. 1. 0. 0. 1. 0. 1. 0. 0. 1. 0. 1. 0. 1. 0. 0. 1. 0.
 1. 0. 1. 0.]","[0. 1. 0. 0. 0. 1. 1. 1. 0. 0. 0. 0. 0. 1. 0. 0. 1. 1. 0. 0. 0. 0. 0. 1.
 0. 0. 1. 0. 1. 0. 0. 1. 0. 1. 1. 0. 0. 0. 1. 0. 0. 0. 1. 1. 1. 0. 1. 0.
 1. 0. 1. 1. 0. 1. 1. 1. 1. 0. 1. 0. 0. 1. 1. 1. 0. 0. 0. 1. 1. 0. 1. 1.
 0. 0. 1. 0. 0. 1. 0. 1. 0. 1. 1. 1. 0. 1. 0. 1. 1. 1. 1. 1. 1. 1. 1. 0.
 0. 0. 1. 1. 1. 0. 0. 1. 1. 1. 0. 0. 0. 1. 1. 1. 0. 0. 0. 0. 1. 1. 1. 0.
 1. 0. 0. 1. 1. 0. 0. 0. 0. 1. 0. 0. 1. 1. 0. 1. 1. 1. 0. 1. 1. 0. 1. 0.
 1. 1. 0. 0. 0. 1. 1. 0. 1. 1. 0. 1. 0. 0. 0. 1. 1. 1. 0. 1. 0. 1. 1. 0.
 1. 0. 0. 1. 1. 0. 0. 1. 0. 1. 1. 0. 0. 1. 0. 0. 1. 1. 0. 1. 1. 0. 0. 0.
 0. 1. 1. 0. 0. 1. 0. 0. 1. 0. 1. 1. 1. 0. 0. 0. 1. 1. 0. 0. 0. 0. 1. 0.
 0. 1. 0. 1. 1. 1. 1. 0. 0. 0. 0. 1. 1. 1. 1. 0. 1. 1. 1. 1. 0. 1. 0. 0.
 1. 0. 0. 1. 1. 1. 1. 1. 0. 0. 1. 1. 1. 0. 0. 1. 0. 1. 0. 0. 1. 0. 1. 0.
 1. 0. 0. 0.]"
748,randomforest,"{'criterion': 'gini', 'max_features': 'sqrt', 'n_estimators': 139}",0.5785362046165513,0.20700626395353366,0.15196546619614373,0.3905309554753264,0.5714831222391706,0.21131816336614956,0.5552208415268538,0.11194029850746268,0.5559701492537313,0.5559701492537313,"{0: 0.5746547115170416, 1: 0.5746547115170416}","{0: 0.5746547115170416, 1: 0.5746547115170416}",0.5746547115170416,"[[69 65]
 [54 80]]","[1. 0. 0. 0. 0. 1. 0. 1. 1. 0. 0. 0. 1. 0. 0. 0. 1. 0. 0. 0. 0. 1. 0. 0.
 0. 0. 1. 1. 1. 1. 1. 0. 0. 0. 1. 0. 1. 0. 1. 0. 1. 1. 1. 0. 0. 0. 1. 1.
 0. 0. 1. 0. 0. 1. 1. 1. 1. 1. 0. 1. 0. 0. 1. 1. 0. 0. 1. 1. 1. 1. 0. 0.
 1. 1. 0. 1. 1. 0. 0. 0. 1. 1. 1. 0. 0. 1. 1. 1. 1. 1. 1. 1. 0. 1. 1. 1.
 0. 0. 1. 1. 0. 1. 0. 1. 0. 0. 0. 1. 0. 1. 0. 0. 0. 1. 1. 0. 1. 0. 0. 0.
 0. 1. 1. 1. 1. 1. 1. 1. 1. 0. 0. 1. 1. 0. 1. 1. 0. 1. 0. 1. 1. 0. 1. 0.
 0. 0. 0. 0. 1. 1. 1. 0. 1. 1. 0. 1. 1. 0. 1. 0. 1. 1. 0. 0. 1. 1. 0. 1.
 1. 1. 1. 1. 1. 1. 0. 1. 1. 0. 1. 0. 0. 1. 1. 1. 0. 0. 1. 1. 0. 0. 1. 1.
 1. 1. 0. 0. 1. 1. 0. 0. 0. 0. 1. 1. 0. 0. 0. 1. 1. 1. 0. 1. 1. 1. 0. 0.
 1. 1. 1. 1. 0. 0. 0. 0. 1. 1. 1. 0. 0. 0. 1. 1. 1. 1. 1. 1. 0. 1. 0. 0.
 1. 1. 0. 0. 1. 1. 0. 1. 0. 0. 1. 0. 1. 0. 1. 1. 0. 1. 0. 1. 0. 0. 1. 1.
 1. 0. 1. 0.]","[0. 1. 0. 0. 0. 1. 1. 1. 0. 0. 0. 0. 0. 1. 0. 0. 1. 1. 0. 0. 0. 0. 0. 1.
 0. 0. 1. 0. 1. 0. 0. 1. 0. 1. 1. 0. 0. 0. 1. 0. 0. 0. 1. 1. 1. 0. 1. 0.
 1. 0. 1. 1. 0. 1. 1. 1. 1. 0. 1. 0. 0. 1. 1. 1. 0. 0. 0. 1. 1. 0. 1. 1.
 0. 0. 1. 0. 0. 1. 0. 1. 0. 1. 1. 1. 0. 1. 0. 1. 1. 1. 1. 1. 1. 1. 1. 0.
 0. 0. 1. 1. 1. 0. 0. 1. 1. 1. 0. 0. 0. 1. 1. 1. 0. 0. 0. 0. 1. 1. 1. 0.
 1. 0. 0. 1. 1. 0. 0. 0. 0. 1. 0. 0. 1. 1. 0. 1. 1. 1. 0. 1. 1. 0. 1. 0.
 1. 1. 0. 0. 0. 1. 1. 0. 1. 1. 0. 1. 0. 0. 0. 1. 1. 1. 0. 1. 0. 1. 1. 0.
 1. 0. 0. 1. 1. 0. 0. 1. 0. 1. 1. 0. 0. 1. 0. 0. 1. 1. 0. 1. 1. 0. 0. 0.
 0. 1. 1. 0. 0. 1. 0. 0. 1. 0. 1. 1. 1. 0. 0. 0. 1. 1. 0. 0. 0. 0. 1. 0.
 0. 1. 0. 1. 1. 1. 1. 0. 0. 0. 0. 1. 1. 1. 1. 0. 1. 1. 1. 1. 0. 1. 0. 0.
 1. 0. 0. 1. 1. 1. 1. 1. 0. 0. 1. 1. 1. 0. 0. 1. 0. 1. 0. 0. 1. 0. 1. 0.
 1. 0. 0. 0.]"
179,randomforest,"{'criterion': 'gini', 'max_features': 'sqrt', 'n_estimators': 505}",0.5813048602778205,0.18549506702945845,0.15155729443463847,0.3451537463853195,0.5755433559869043,0.18991729946735952,0.5631347962382445,0.12686567164179108,0.5634328358208955,0.5634328358208955,"{0: 0.5850690576965917, 1: 0.5850690576965917}","{0: 0.5850690576965917, 1: 0.5850690576965917}",0.5850690576965917,"[[72 62]
 [55 79]]","[1. 0. 0. 0. 0. 1. 0. 1. 1. 0. 0. 0. 1. 0. 0. 0. 1. 0. 0. 0. 0. 1. 0. 0.
 0. 0. 1. 1. 1. 1. 1. 0. 0. 0. 1. 0. 0. 0. 1. 0. 1. 0. 1. 0. 0. 1. 1. 1.
 0. 0. 1. 0. 1. 1. 1. 1. 1. 1. 0. 1. 0. 0. 1. 0. 0. 0. 1. 1. 1. 1. 0. 0.
 1. 1. 0. 1. 1. 0. 0. 0. 1. 1. 1. 0. 0. 1. 0. 1. 1. 1. 1. 1. 0. 1. 1. 1.
 0. 0. 1. 1. 0. 1. 1. 0. 0. 0. 0. 1. 0. 1. 0. 0. 0. 1. 1. 1. 1. 0. 0. 0.
 0. 1. 1. 1. 1. 1. 1. 1. 1. 0. 0. 1. 1. 0. 1. 1. 0. 1. 0. 1. 1. 0. 0. 0.
 1. 0. 0. 0. 1. 1. 1. 0. 1. 1. 0. 1. 1. 0. 1. 0. 1. 1. 0. 0. 1. 1. 0. 1.
 1. 1. 0. 1. 1. 0. 0. 1. 1. 0. 1. 0. 0. 0. 1. 1. 0. 0. 1. 1. 0. 0. 1. 1.
 1. 1. 1. 0. 1. 1. 0. 0. 0. 0. 1. 1. 0. 0. 0. 0. 1. 1. 0. 1. 1. 1. 0. 0.
 1. 1. 0. 1. 0. 0. 0. 0. 1. 1. 1. 0. 1. 0. 1. 1. 1. 1. 1. 1. 0. 1. 0. 0.
 1. 1. 0. 0. 1. 1. 1. 1. 0. 1. 1. 0. 1. 0. 0. 1. 0. 0. 0. 1. 0. 0. 1. 1.
 1. 0. 1. 0.]","[0. 1. 0. 0. 0. 1. 1. 1. 0. 0. 0. 0. 0. 1. 0. 0. 1. 1. 0. 0. 0. 0. 0. 1.
 0. 0. 1. 0. 1. 0. 0. 1. 0. 1. 1. 0. 0. 0. 1. 0. 0. 0. 1. 1. 1. 0. 1. 0.
 1. 0. 1. 1. 0. 1. 1. 1. 1. 0. 1. 0. 0. 1. 1. 1. 0. 0. 0. 1. 1. 0. 1. 1.
 0. 0. 1. 0. 0. 1. 0. 1. 0. 1. 1. 1. 0. 1. 0. 1. 1. 1. 1. 1. 1. 1. 1. 0.
 0. 0. 1. 1. 1. 0. 0. 1. 1. 1. 0. 0. 0. 1. 1. 1. 0. 0. 0. 0. 1. 1. 1. 0.
 1. 0. 0. 1. 1. 0. 0. 0. 0. 1. 0. 0. 1. 1. 0. 1. 1. 1. 0. 1. 1. 0. 1. 0.
 1. 1. 0. 0. 0. 1. 1. 0. 1. 1. 0. 1. 0. 0. 0. 1. 1. 1. 0. 1. 0. 1. 1. 0.
 1. 0. 0. 1. 1. 0. 0. 1. 0. 1. 1. 0. 0. 1. 0. 0. 1. 1. 0. 1. 1. 0. 0. 0.
 0. 1. 1. 0. 0. 1. 0. 0. 1. 0. 1. 1. 1. 0. 0. 0. 1. 1. 0. 0. 0. 0. 1. 0.
 0. 1. 0. 1. 1. 1. 1. 0. 0. 0. 0. 1. 1. 1. 1. 0. 1. 1. 1. 1. 0. 1. 0. 0.
 1. 0. 0. 1. 1. 1. 1. 1. 0. 0. 1. 1. 1. 0. 0. 1. 0. 1. 0. 0. 1. 0. 1. 0.
 1. 0. 0. 0.]"
693,randomforest,"{'criterion': 'gini', 'max_features': 'log2', 'n_estimators': 359}",0.5839241065877688,0.18655403147653524,0.1513887213939085,0.33404894730670975,0.575672164230632,0.19304850821032546,0.5558155406064151,0.11194029850746268,0.5559701492537313,0.5559701492537313,"{0: 0.5849576743149922, 1: 0.5849576743149922}","{0: 0.5849576743149922, 1: 0.5849576743149922}",0.5849576743149922,"[[72 62]
 [57 77]]","[1. 0. 0. 0. 0. 1. 0. 1. 1. 0. 0. 0. 1. 0. 0. 0. 1. 0. 0. 0. 0. 1. 0. 0.
 0. 0. 1. 1. 1. 1. 1. 0. 0. 0. 1. 0. 1. 0. 1. 0. 1. 0. 1. 0. 0. 0. 1. 1.
 0. 0. 1. 0. 0. 1. 1. 1. 1. 1. 0. 1. 1. 0. 1. 1. 0. 0. 1. 1. 1. 1. 0. 0.
 1. 1. 0. 1. 1. 0. 0. 0. 1. 1. 1. 0. 0. 1. 1. 1. 1. 1. 1. 1. 0. 1. 1. 1.
 0. 0. 0. 1. 0. 1. 1. 0. 0. 0. 0. 1. 0. 1. 0. 0. 0. 1. 1. 0. 1. 0. 0. 0.
 0. 1. 1. 1. 1. 1. 1. 1. 1. 0. 0. 1. 1. 0. 1. 1. 0. 1. 0. 1. 1. 0. 0. 0.
 0. 0. 0. 0. 1. 1. 1. 0. 1. 0. 0. 1. 1. 0. 1. 0. 1. 1. 0. 0. 1. 1. 0. 1.
 1. 1. 0. 1. 1. 0. 0. 1. 1. 0. 1. 0. 0. 0. 1. 1. 0. 0. 1. 1. 0. 0. 0. 1.
 1. 1. 1. 0. 1. 1. 0. 0. 0. 0. 1. 1. 0. 1. 0. 0. 1. 1. 0. 1. 1. 1. 0. 0.
 1. 1. 0. 1. 0. 0. 0. 0. 1. 1. 1. 0. 1. 0. 1. 1. 1. 1. 1. 1. 0. 1. 0. 0.
 1. 1. 0. 0. 1. 1. 0. 1. 0. 1. 1. 0. 1. 0. 0. 1. 0. 1. 0. 1. 0. 0. 1. 1.
 1. 0. 1. 0.]","[0. 1. 0. 0. 0. 1. 1. 1. 0. 0. 0. 0. 0. 1. 0. 0. 1. 1. 0. 0. 0. 0. 0. 1.
 0. 0. 1. 0. 1. 0. 0. 1. 0. 1. 1. 0. 0. 0. 1. 0. 0. 0. 1. 1. 1. 0. 1. 0.
 1. 0. 1. 1. 0. 1. 1. 1. 1. 0. 1. 0. 0. 1. 1. 1. 0. 0. 0. 1. 1. 0. 1. 1.
 0. 0. 1. 0. 0. 1. 0. 1. 0. 1. 1. 1. 0. 1. 0. 1. 1. 1. 1. 1. 1. 1. 1. 0.
 0. 0. 1. 1. 1. 0. 0. 1. 1. 1. 0. 0. 0. 1. 1. 1. 0. 0. 0. 0. 1. 1. 1. 0.
 1. 0. 0. 1. 1. 0. 0. 0. 0. 1. 0. 0. 1. 1. 0. 1. 1. 1. 0. 1. 1. 0. 1. 0.
 1. 1. 0. 0. 0. 1. 1. 0. 1. 1. 0. 1. 0. 0. 0. 1. 1. 1. 0. 1. 0. 1. 1. 0.
 1. 0. 0. 1. 1. 0. 0. 1. 0. 1. 1. 0. 0. 1. 0. 0. 1. 1. 0. 1. 1. 0. 0. 0.
 0. 1. 1. 0. 0. 1. 0. 0. 1. 0. 1. 1. 1. 0. 0. 0. 1. 1. 0. 0. 0. 0. 1. 0.
 0. 1. 0. 1. 1. 1. 1. 0. 0. 0. 0. 1. 1. 1. 1. 0. 1. 1. 1. 1. 0. 1. 0. 0.
 1. 0. 0. 1. 1. 1. 1. 1. 0. 0. 1. 1. 1. 0. 0. 1. 0. 1. 0. 0. 1. 0. 1. 0.
 1. 0. 0. 0.]"
603,randomforest,"{'criterion': 'entropy', 'max_features': 'sqrt', 'n_estimators': 27}",0.5837856873703063,0.1791752733607862,0.15106573091440867,0.32896418577166164,0.5808263868747741,0.17103695649004777,0.5588169642857144,0.11940298507462688,0.5597014925373134,0.5597014925373134,"{0: 0.5667464914234795, 1: 0.5667464914234795}","{0: 0.5667464914234795, 1: 0.5667464914234795}",0.5667464914234795,"[[69 65]
 [53 81]]","[1. 0. 0. 0. 0. 1. 0. 1. 1. 0. 0. 0. 1. 1. 0. 0. 0. 0. 0. 0. 0. 1. 0. 0.
 1. 0. 0. 1. 1. 0. 1. 0. 0. 1. 1. 0. 0. 0. 0. 0. 1. 1. 1. 0. 0. 1. 1. 1.
 0. 0. 1. 0. 1. 1. 1. 0. 1. 1. 0. 1. 0. 1. 1. 0. 0. 0. 1. 0. 0. 1. 0. 0.
 0. 1. 0. 1. 1. 0. 1. 0. 1. 1. 1. 1. 0. 1. 1. 0. 1. 1. 1. 1. 0. 1. 1. 1.
 0. 0. 1. 1. 0. 1. 0. 1. 1. 1. 0. 0. 0. 1. 0. 0. 0. 1. 1. 0. 1. 0. 0. 1.
 0. 1. 1. 1. 1. 1. 1. 1. 1. 0. 0. 0. 1. 0. 1. 0. 0. 1. 0. 1. 1. 0. 0. 0.
 0. 0. 0. 0. 1. 1. 1. 0. 1. 1. 0. 1. 1. 0. 1. 0. 1. 1. 0. 1. 1. 0. 0. 1.
 1. 1. 0. 1. 1. 1. 1. 1. 1. 0. 1. 1. 0. 0. 1. 1. 1. 1. 0. 1. 1. 0. 1. 1.
 0. 1. 1. 0. 1. 1. 0. 1. 0. 0. 0. 1. 1. 0. 0. 1. 1. 1. 0. 1. 1. 1. 0. 0.
 1. 1. 1. 1. 0. 0. 0. 0. 0. 1. 1. 1. 1. 0. 1. 1. 1. 1. 1. 1. 0. 1. 0. 0.
 1. 1. 1. 0. 1. 1. 1. 1. 0. 1. 1. 0. 1. 0. 0. 1. 0. 0. 0. 1. 0. 0. 1. 1.
 1. 0. 1. 0.]","[0. 1. 0. 0. 0. 1. 1. 1. 0. 0. 0. 0. 0. 1. 0. 0. 1. 1. 0. 0. 0. 0. 0. 1.
 0. 0. 1. 0. 1. 0. 0. 1. 0. 1. 1. 0. 0. 0. 1. 0. 0. 0. 1. 1. 1. 0. 1. 0.
 1. 0. 1. 1. 0. 1. 1. 1. 1. 0. 1. 0. 0. 1. 1. 1. 0. 0. 0. 1. 1. 0. 1. 1.
 0. 0. 1. 0. 0. 1. 0. 1. 0. 1. 1. 1. 0. 1. 0. 1. 1. 1. 1. 1. 1. 1. 1. 0.
 0. 0. 1. 1. 1. 0. 0. 1. 1. 1. 0. 0. 0. 1. 1. 1. 0. 0. 0. 0. 1. 1. 1. 0.
 1. 0. 0. 1. 1. 0. 0. 0. 0. 1. 0. 0. 1. 1. 0. 1. 1. 1. 0. 1. 1. 0. 1. 0.
 1. 1. 0. 0. 0. 1. 1. 0. 1. 1. 0. 1. 0. 0. 0. 1. 1. 1. 0. 1. 0. 1. 1. 0.
 1. 0. 0. 1. 1. 0. 0. 1. 0. 1. 1. 0. 0. 1. 0. 0. 1. 1. 0. 1. 1. 0. 0. 0.
 0. 1. 1. 0. 0. 1. 0. 0. 1. 0. 1. 1. 1. 0. 0. 0. 1. 1. 0. 0. 0. 0. 1. 0.
 0. 1. 0. 1. 1. 1. 1. 0. 0. 0. 0. 1. 1. 1. 1. 0. 1. 1. 1. 1. 0. 1. 0. 0.
 1. 0. 0. 1. 1. 1. 1. 1. 0. 0. 1. 1. 1. 0. 0. 1. 0. 1. 0. 0. 1. 0. 1. 0.
 1. 0. 0. 0.]"
932,randomforest,"{'criterion': 'gini', 'max_features': 'sqrt', 'n_estimators': 371}",0.5763465220596123,0.19853370215542732,0.15094822243544864,0.3549507975287248,0.5680455894165571,0.2039360353171353,0.5552208415268538,0.11194029850746268,0.5559701492537313,0.5559701492537313,"{0: 0.586043662285587, 1: 0.586043662285587}","{0: 0.586043662285587, 1: 0.586043662285587}",0.586043662285587,"[[69 65]
 [54 80]]","[1. 0. 0. 0. 0. 1. 0. 1. 1. 0. 0. 0. 1. 0. 0. 0. 1. 0. 0. 0. 0. 1. 0. 0.
 0. 0. 1. 1. 1. 1. 1. 0. 0. 0. 1. 1. 1. 0. 1. 0. 1. 0. 1. 0. 0. 0. 1. 0.
 0. 0. 1. 0. 1. 1. 1. 1. 1. 1. 0. 1. 1. 1. 1. 1. 0. 0. 1. 1. 1. 1. 0. 0.
 1. 1. 0. 1. 1. 0. 0. 0. 1. 1. 1. 0. 0. 1. 0. 1. 1. 1. 1. 1. 0. 1. 1. 1.
 0. 0. 1. 1. 0. 1. 1. 0. 0. 0. 0. 1. 0. 1. 0. 0. 0. 1. 1. 0. 1. 0. 0. 0.
 0. 1. 1. 1. 1. 1. 1. 1. 1. 0. 0. 1. 1. 0. 1. 1. 0. 1. 0. 1. 1. 0. 0. 0.
 0. 0. 0. 0. 1. 1. 1. 0. 1. 0. 0. 1. 1. 0. 1. 0. 1. 1. 0. 0. 1. 1. 0. 1.
 1. 1. 0. 1. 1. 0. 0. 1. 1. 0. 1. 0. 0. 1. 1. 1. 0. 0. 1. 1. 0. 0. 1. 1.
 1. 1. 1. 1. 1. 1. 0. 0. 0. 0. 1. 1. 0. 1. 0. 1. 1. 1. 0. 1. 1. 1. 0. 0.
 1. 1. 0. 0. 0. 0. 0. 0. 1. 1. 1. 0. 1. 0. 1. 1. 1. 1. 1. 1. 0. 1. 0. 0.
 1. 1. 0. 0. 1. 1. 1. 1. 0. 1. 1. 0. 1. 0. 0. 1. 0. 1. 0. 1. 0. 0. 1. 1.
 1. 0. 1. 0.]","[0. 1. 0. 0. 0. 1. 1. 1. 0. 0. 0. 0. 0. 1. 0. 0. 1. 1. 0. 0. 0. 0. 0. 1.
 0. 0. 1. 0. 1. 0. 0. 1. 0. 1. 1. 0. 0. 0. 1. 0. 0. 0. 1. 1. 1. 0. 1. 0.
 1. 0. 1. 1. 0. 1. 1. 1. 1. 0. 1. 0. 0. 1. 1. 1. 0. 0. 0. 1. 1. 0. 1. 1.
 0. 0. 1. 0. 0. 1. 0. 1. 0. 1. 1. 1. 0. 1. 0. 1. 1. 1. 1. 1. 1. 1. 1. 0.
 0. 0. 1. 1. 1. 0. 0. 1. 1. 1. 0. 0. 0. 1. 1. 1. 0. 0. 0. 0. 1. 1. 1. 0.
 1. 0. 0. 1. 1. 0. 0. 0. 0. 1. 0. 0. 1. 1. 0. 1. 1. 1. 0. 1. 1. 0. 1. 0.
 1. 1. 0. 0. 0. 1. 1. 0. 1. 1. 0. 1. 0. 0. 0. 1. 1. 1. 0. 1. 0. 1. 1. 0.
 1. 0. 0. 1. 1. 0. 0. 1. 0. 1. 1. 0. 0. 1. 0. 0. 1. 1. 0. 1. 1. 0. 0. 0.
 0. 1. 1. 0. 0. 1. 0. 0. 1. 0. 1. 1. 1. 0. 0. 0. 1. 1. 0. 0. 0. 0. 1. 0.
 0. 1. 0. 1. 1. 1. 1. 0. 0. 0. 0. 1. 1. 1. 1. 0. 1. 1. 1. 1. 0. 1. 0. 0.
 1. 0. 0. 1. 1. 1. 1. 1. 0. 0. 1. 1. 1. 0. 0. 1. 0. 1. 0. 0. 1. 0. 1. 0.
 1. 0. 0. 0.]"
708,randomforest,"{'criterion': 'gini', 'max_features': 'log2', 'n_estimators': 553}",0.5750472263873592,0.1972799947624288,0.15092037220781626,0.35882217618099094,0.5676544874629552,0.2030789083466904,0.5559145025412517,0.11194029850746268,0.5559701492537313,0.5559701492537313,"{0: 0.587101804410782, 1: 0.587101804410782}","{0: 0.587101804410782, 1: 0.587101804410782}",0.587101804410782,"[[73 61]
 [58 76]]","[1. 0. 0. 0. 0. 1. 0. 1. 1. 0. 0. 0. 1. 0. 0. 0. 1. 0. 0. 0. 0. 1. 0. 0.
 0. 0. 1. 1. 1. 1. 1. 0. 0. 0. 1. 0. 1. 0. 1. 0. 1. 0. 1. 0. 0. 0. 1. 1.
 0. 0. 1. 0. 1. 1. 1. 1. 1. 1. 0. 1. 1. 0. 1. 0. 0. 0. 1. 1. 1. 1. 0. 0.
 1. 1. 0. 1. 1. 0. 0. 0. 1. 1. 1. 0. 0. 1. 1. 1. 1. 1. 1. 1. 0. 1. 1. 1.
 0. 0. 1. 1. 0. 1. 0. 0. 0. 0. 0. 1. 0. 1. 0. 0. 0. 1. 1. 0. 1. 0. 0. 0.
 0. 1. 1. 1. 1. 1. 1. 1. 1. 0. 0. 1. 1. 0. 1. 1. 0. 1. 0. 1. 0. 0. 0. 0.
 0. 0. 0. 0. 1. 1. 1. 0. 1. 0. 0. 1. 1. 0. 1. 0. 1. 1. 0. 0. 1. 1. 0. 1.
 1. 1. 0. 1. 1. 0. 0. 1. 1. 0. 1. 0. 0. 1. 1. 1. 0. 0. 1. 1. 0. 0. 1. 1.
 0. 1. 1. 0. 0. 1. 0. 1. 0. 0. 1. 1. 0. 0. 0. 0. 1. 1. 0. 1. 1. 1. 0. 0.
 1. 1. 0. 1. 0. 0. 0. 0. 1. 1. 1. 0. 0. 0. 1. 1. 1. 1. 1. 1. 0. 1. 0. 0.
 1. 1. 0. 0. 1. 1. 1. 1. 0. 1. 1. 0. 1. 0. 0. 1. 0. 0. 0. 1. 0. 0. 1. 1.
 1. 0. 1. 0.]","[0. 1. 0. 0. 0. 1. 1. 1. 0. 0. 0. 0. 0. 1. 0. 0. 1. 1. 0. 0. 0. 0. 0. 1.
 0. 0. 1. 0. 1. 0. 0. 1. 0. 1. 1. 0. 0. 0. 1. 0. 0. 0. 1. 1. 1. 0. 1. 0.
 1. 0. 1. 1. 0. 1. 1. 1. 1. 0. 1. 0. 0. 1. 1. 1. 0. 0. 0. 1. 1. 0. 1. 1.
 0. 0. 1. 0. 0. 1. 0. 1. 0. 1. 1. 1. 0. 1. 0. 1. 1. 1. 1. 1. 1. 1. 1. 0.
 0. 0. 1. 1. 1. 0. 0. 1. 1. 1. 0. 0. 0. 1. 1. 1. 0. 0. 0. 0. 1. 1. 1. 0.
 1. 0. 0. 1. 1. 0. 0. 0. 0. 1. 0. 0. 1. 1. 0. 1. 1. 1. 0. 1. 1. 0. 1. 0.
 1. 1. 0. 0. 0. 1. 1. 0. 1. 1. 0. 1. 0. 0. 0. 1. 1. 1. 0. 1. 0. 1. 1. 0.
 1. 0. 0. 1. 1. 0. 0. 1. 0. 1. 1. 0. 0. 1. 0. 0. 1. 1. 0. 1. 1. 0. 0. 0.
 0. 1. 1. 0. 0. 1. 0. 0. 1. 0. 1. 1. 1. 0. 0. 0. 1. 1. 0. 0. 0. 0. 1. 0.
 0. 1. 0. 1. 1. 1. 1. 0. 0. 0. 0. 1. 1. 1. 1. 0. 1. 1. 1. 1. 0. 1. 0. 0.
 1. 0. 0. 1. 1. 1. 1. 1. 0. 0. 1. 1. 1. 0. 0. 1. 0. 1. 0. 0. 1. 0. 1. 0.
 1. 0. 0. 0.]"
817,randomforest,"{'criterion': 'gini', 'max_features': 'sqrt', 'n_estimators': 565}",0.5777538905503801,0.18296710478894085,0.15063002360605185,0.32234920042886744,0.570067928636477,0.18762220417419764,0.5556670149773598,0.11194029850746268,0.5559701492537313,0.5559701492537313,"{0: 0.5859879705947872, 1: 0.5859879705947872}","{0: 0.5859879705947872, 1: 0.5859879705947872}",0.5859879705947872,"[[71 63]
 [56 78]]","[1. 0. 0. 0. 0. 1. 0. 1. 1. 0. 0. 0. 1. 0. 0. 0. 1. 0. 0. 0. 0. 1. 0. 0.
 0. 0. 1. 1. 1. 1. 1. 0. 0. 0. 1. 0. 0. 0. 1. 0. 1. 0. 1. 0. 0. 0. 1. 1.
 0. 0. 1. 0. 1. 1. 1. 1. 1. 1. 0. 1. 1. 0. 1. 0. 0. 0. 1. 1. 1. 1. 0. 0.
 1. 1. 0. 1. 1. 0. 0. 0. 1. 1. 1. 0. 0. 1. 1. 1. 1. 1. 1. 1. 0. 1. 1. 1.
 0. 0. 1. 1. 0. 1. 1. 0. 0. 0. 0. 1. 0. 1. 0. 0. 0. 1. 1. 0. 1. 0. 0. 0.
 0. 1. 1. 1. 1. 1. 1. 1. 1. 0. 0. 1. 1. 0. 1. 1. 0. 1. 0. 1. 1. 0. 0. 0.
 1. 0. 0. 0. 1. 1. 1. 0. 1. 1. 0. 1. 1. 0. 1. 0. 1. 1. 0. 0. 1. 1. 0. 1.
 1. 1. 0. 1. 1. 1. 0. 1. 1. 0. 1. 0. 0. 0. 1. 1. 0. 0. 1. 1. 0. 0. 1. 1.
 1. 1. 1. 0. 1. 1. 0. 0. 0. 0. 1. 1. 0. 0. 0. 0. 1. 1. 0. 1. 1. 1. 0. 0.
 1. 1. 0. 1. 0. 0. 0. 0. 1. 1. 1. 0. 0. 0. 1. 1. 1. 1. 1. 1. 0. 1. 0. 0.
 1. 1. 0. 0. 1. 1. 0. 1. 0. 1. 1. 0. 1. 0. 0. 1. 0. 1. 0. 1. 0. 0. 1. 1.
 1. 0. 1. 0.]","[0. 1. 0. 0. 0. 1. 1. 1. 0. 0. 0. 0. 0. 1. 0. 0. 1. 1. 0. 0. 0. 0. 0. 1.
 0. 0. 1. 0. 1. 0. 0. 1. 0. 1. 1. 0. 0. 0. 1. 0. 0. 0. 1. 1. 1. 0. 1. 0.
 1. 0. 1. 1. 0. 1. 1. 1. 1. 0. 1. 0. 0. 1. 1. 1. 0. 0. 0. 1. 1. 0. 1. 1.
 0. 0. 1. 0. 0. 1. 0. 1. 0. 1. 1. 1. 0. 1. 0. 1. 1. 1. 1. 1. 1. 1. 1. 0.
 0. 0. 1. 1. 1. 0. 0. 1. 1. 1. 0. 0. 0. 1. 1. 1. 0. 0. 0. 0. 1. 1. 1. 0.
 1. 0. 0. 1. 1. 0. 0. 0. 0. 1. 0. 0. 1. 1. 0. 1. 1. 1. 0. 1. 1. 0. 1. 0.
 1. 1. 0. 0. 0. 1. 1. 0. 1. 1. 0. 1. 0. 0. 0. 1. 1. 1. 0. 1. 0. 1. 1. 0.
 1. 0. 0. 1. 1. 0. 0. 1. 0. 1. 1. 0. 0. 1. 0. 0. 1. 1. 0. 1. 1. 0. 0. 0.
 0. 1. 1. 0. 0. 1. 0. 0. 1. 0. 1. 1. 1. 0. 0. 0. 1. 1. 0. 0. 0. 0. 1. 0.
 0. 1. 0. 1. 1. 1. 1. 0. 0. 0. 0. 1. 1. 1. 1. 0. 1. 1. 1. 1. 0. 1. 0. 0.
 1. 0. 0. 1. 1. 1. 1. 1. 0. 0. 1. 1. 1. 0. 0. 1. 0. 1. 0. 0. 1. 0. 1. 0.
 1. 0. 0. 0.]"
333,randomforest,"{'criterion': 'gini', 'max_features': 'log2', 'n_estimators': 55}",0.5772589890750237,0.17951431801162226,0.1504051237468882,0.3097410158903892,0.5718057125819223,0.17909926663104156,0.5629399383912019,0.12686567164179108,0.5634328358208955,0.5634328358208955,"{0: 0.5817275562486076, 1: 0.5817275562486077}","{0: 0.5817275562486076, 1: 0.5817275562486077}",0.5817275562486077,"[[71 63]
 [54 80]]","[1. 0. 0. 0. 0. 1. 0. 1. 1. 0. 0. 1. 1. 0. 0. 0. 1. 0. 0. 0. 0. 1. 0. 0.
 0. 0. 0. 1. 1. 1. 1. 0. 0. 0. 1. 0. 0. 0. 1. 0. 1. 0. 1. 1. 0. 0. 1. 1.
 0. 0. 1. 1. 1. 1. 1. 0. 1. 1. 0. 1. 0. 1. 1. 1. 0. 0. 1. 1. 1. 1. 0. 0.
 1. 1. 0. 1. 1. 0. 1. 0. 0. 1. 1. 0. 0. 1. 1. 0. 1. 1. 1. 1. 0. 1. 1. 1.
 0. 0. 0. 1. 0. 1. 0. 0. 0. 0. 0. 1. 0. 1. 0. 0. 0. 1. 1. 1. 1. 0. 0. 0.
 0. 1. 1. 1. 1. 1. 1. 1. 1. 0. 0. 1. 1. 0. 1. 0. 0. 1. 0. 1. 1. 0. 0. 0.
 1. 0. 0. 0. 1. 1. 1. 0. 1. 1. 0. 1. 1. 0. 1. 0. 1. 1. 0. 0. 1. 1. 0. 1.
 1. 1. 0. 1. 1. 0. 0. 1. 1. 0. 1. 0. 0. 1. 1. 1. 0. 1. 1. 1. 0. 0. 1. 1.
 1. 1. 0. 0. 1. 1. 0. 0. 0. 0. 1. 1. 0. 0. 0. 0. 1. 1. 0. 1. 1. 1. 0. 0.
 1. 1. 0. 0. 0. 1. 0. 0. 1. 1. 1. 0. 1. 0. 1. 1. 1. 1. 1. 1. 0. 1. 0. 0.
 1. 1. 0. 0. 1. 1. 1. 1. 0. 1. 1. 0. 1. 0. 1. 1. 0. 0. 0. 1. 1. 0. 1. 1.
 1. 0. 1. 0.]","[0. 1. 0. 0. 0. 1. 1. 1. 0. 0. 0. 0. 0. 1. 0. 0. 1. 1. 0. 0. 0. 0. 0. 1.
 0. 0. 1. 0. 1. 0. 0. 1. 0. 1. 1. 0. 0. 0. 1. 0. 0. 0. 1. 1. 1. 0. 1. 0.
 1. 0. 1. 1. 0. 1. 1. 1. 1. 0. 1. 0. 0. 1. 1. 1. 0. 0. 0. 1. 1. 0. 1. 1.
 0. 0. 1. 0. 0. 1. 0. 1. 0. 1. 1. 1. 0. 1. 0. 1. 1. 1. 1. 1. 1. 1. 1. 0.
 0. 0. 1. 1. 1. 0. 0. 1. 1. 1. 0. 0. 0. 1. 1. 1. 0. 0. 0. 0. 1. 1. 1. 0.
 1. 0. 0. 1. 1. 0. 0. 0. 0. 1. 0. 0. 1. 1. 0. 1. 1. 1. 0. 1. 1. 0. 1. 0.
 1. 1. 0. 0. 0. 1. 1. 0. 1. 1. 0. 1. 0. 0. 0. 1. 1. 1. 0. 1. 0. 1. 1. 0.
 1. 0. 0. 1. 1. 0. 0. 1. 0. 1. 1. 0. 0. 1. 0. 0. 1. 1. 0. 1. 1. 0. 0. 0.
 0. 1. 1. 0. 0. 1. 0. 0. 1. 0. 1. 1. 1. 0. 0. 0. 1. 1. 0. 0. 0. 0. 1. 0.
 0. 1. 0. 1. 1. 1. 1. 0. 0. 0. 0. 1. 1. 1. 1. 0. 1. 1. 1. 1. 0. 1. 0. 0.
 1. 0. 0. 1. 1. 1. 1. 1. 0. 0. 1. 1. 1. 0. 0. 1. 0. 1. 0. 0. 1. 0. 1. 0.
 1. 0. 0. 0.]"
480,randomforest,"{'criterion': 'gini', 'max_features': 'sqrt', 'n_estimators': 549}",0.5838902262424314,0.18422449830474766,0.15040506479525023,0.3379012563880273,0.578253785864673,0.19118078381117176,0.5669471220816849,0.13432835820895528,0.5671641791044776,0.5671641791044777,"{0: 0.5913900646023613, 1: 0.5913900646023613}","{0: 0.5913900646023613, 1: 0.5913900646023613}",0.5913900646023613,"[[73 61]
 [55 79]]","[1. 0. 0. 0. 0. 1. 0. 1. 1. 0. 0. 0. 1. 0. 0. 0. 1. 0. 0. 0. 0. 1. 0. 0.
 0. 0. 1. 1. 1. 1. 1. 0. 0. 0. 1. 0. 0. 0. 1. 0. 1. 0. 1. 0. 0. 1. 1. 0.
 0. 0. 1. 0. 0. 1. 1. 1. 1. 1. 0. 1. 1. 0. 1. 1. 0. 0. 1. 1. 1. 1. 0. 0.
 0. 1. 0. 1. 1. 0. 0. 0. 1. 1. 1. 0. 0. 1. 0. 1. 1. 1. 1. 1. 0. 1. 1. 1.
 0. 0. 1. 1. 0. 1. 1. 0. 0. 0. 0. 1. 0. 1. 0. 0. 0. 1. 1. 0. 1. 0. 0. 0.
 0. 1. 1. 1. 1. 1. 1. 1. 1. 0. 0. 1. 1. 0. 1. 1. 0. 1. 0. 1. 1. 0. 0. 0.
 0. 0. 0. 0. 1. 1. 1. 0. 1. 0. 0. 1. 1. 0. 1. 0. 1. 1. 0. 0. 1. 1. 0. 1.
 1. 1. 0. 1. 1. 1. 0. 1. 1. 0. 1. 0. 0. 1. 1. 1. 0. 0. 1. 1. 0. 0. 1. 1.
 1. 1. 1. 0. 1. 1. 0. 1. 0. 0. 1. 1. 0. 0. 0. 0. 1. 1. 0. 1. 1. 1. 0. 0.
 1. 1. 0. 1. 0. 0. 0. 0. 1. 1. 1. 0. 1. 0. 1. 1. 1. 1. 1. 1. 0. 1. 0. 0.
 1. 1. 0. 0. 1. 1. 0. 1. 0. 1. 1. 0. 1. 0. 0. 1. 0. 1. 0. 1. 0. 0. 1. 1.
 1. 0. 1. 0.]","[0. 1. 0. 0. 0. 1. 1. 1. 0. 0. 0. 0. 0. 1. 0. 0. 1. 1. 0. 0. 0. 0. 0. 1.
 0. 0. 1. 0. 1. 0. 0. 1. 0. 1. 1. 0. 0. 0. 1. 0. 0. 0. 1. 1. 1. 0. 1. 0.
 1. 0. 1. 1. 0. 1. 1. 1. 1. 0. 1. 0. 0. 1. 1. 1. 0. 0. 0. 1. 1. 0. 1. 1.
 0. 0. 1. 0. 0. 1. 0. 1. 0. 1. 1. 1. 0. 1. 0. 1. 1. 1. 1. 1. 1. 1. 1. 0.
 0. 0. 1. 1. 1. 0. 0. 1. 1. 1. 0. 0. 0. 1. 1. 1. 0. 0. 0. 0. 1. 1. 1. 0.
 1. 0. 0. 1. 1. 0. 0. 0. 0. 1. 0. 0. 1. 1. 0. 1. 1. 1. 0. 1. 1. 0. 1. 0.
 1. 1. 0. 0. 0. 1. 1. 0. 1. 1. 0. 1. 0. 0. 0. 1. 1. 1. 0. 1. 0. 1. 1. 0.
 1. 0. 0. 1. 1. 0. 0. 1. 0. 1. 1. 0. 0. 1. 0. 0. 1. 1. 0. 1. 1. 0. 0. 0.
 0. 1. 1. 0. 0. 1. 0. 0. 1. 0. 1. 1. 1. 0. 0. 0. 1. 1. 0. 0. 0. 0. 1. 0.
 0. 1. 0. 1. 1. 1. 1. 0. 0. 0. 0. 1. 1. 1. 1. 0. 1. 1. 1. 1. 0. 1. 0. 0.
 1. 0. 0. 1. 1. 1. 1. 1. 0. 0. 1. 1. 1. 0. 0. 1. 0. 1. 0. 0. 1. 0. 1. 0.
 1. 0. 0. 0.]"
812,randomforest,"{'criterion': 'gini', 'max_features': 'sqrt', 'n_estimators': 313}",0.5688327850279674,0.19686862828148952,0.15036023481125604,0.359257813094637,0.5601854500039983,0.20385966294206265,0.5481992337164752,0.09701492537313428,0.5485074626865671,0.5485074626865671,"{0: 0.58958008465137, 1: 0.58958008465137}","{0: 0.58958008465137, 1: 0.58958008465137}",0.58958008465137,"[[70 64]
 [57 77]]","[1. 0. 0. 0. 0. 1. 0. 1. 1. 0. 0. 0. 1. 0. 0. 0. 0. 0. 0. 0. 0. 1. 0. 0.
 0. 0. 1. 1. 1. 1. 1. 0. 0. 0. 1. 0. 1. 0. 1. 0. 0. 0. 1. 0. 0. 1. 1. 1.
 0. 0. 1. 0. 1. 1. 1. 0. 1. 1. 0. 1. 0. 1. 1. 0. 0. 0. 1. 1. 1. 1. 0. 0.
 1. 1. 0. 1. 1. 0. 1. 0. 1. 1. 1. 0. 0. 1. 0. 1. 1. 1. 1. 1. 0. 1. 1. 1.
 0. 0. 1. 1. 0. 1. 1. 0. 0. 0. 0. 1. 0. 1. 0. 0. 0. 1. 1. 0. 1. 0. 0. 0.
 0. 1. 1. 1. 1. 1. 1. 1. 1. 0. 0. 1. 1. 0. 1. 1. 0. 1. 0. 1. 1. 0. 0. 0.
 0. 0. 0. 0. 1. 1. 1. 0. 1. 1. 0. 1. 1. 0. 1. 0. 1. 1. 0. 0. 1. 1. 0. 1.
 1. 1. 0. 1. 1. 1. 0. 1. 1. 0. 1. 0. 0. 1. 1. 1. 0. 0. 1. 1. 0. 0. 1. 1.
 1. 1. 1. 1. 1. 1. 0. 0. 0. 0. 1. 1. 0. 0. 0. 0. 1. 1. 0. 1. 1. 1. 0. 0.
 1. 1. 0. 1. 0. 0. 0. 0. 1. 1. 1. 0. 1. 0. 1. 1. 1. 1. 1. 1. 0. 1. 0. 0.
 1. 1. 0. 0. 1. 1. 0. 1. 0. 1. 1. 0. 1. 0. 0. 1. 0. 0. 0. 1. 0. 0. 1. 1.
 1. 0. 1. 0.]","[0. 1. 0. 0. 0. 1. 1. 1. 0. 0. 0. 0. 0. 1. 0. 0. 1. 1. 0. 0. 0. 0. 0. 1.
 0. 0. 1. 0. 1. 0. 0. 1. 0. 1. 1. 0. 0. 0. 1. 0. 0. 0. 1. 1. 1. 0. 1. 0.
 1. 0. 1. 1. 0. 1. 1. 1. 1. 0. 1. 0. 0. 1. 1. 1. 0. 0. 0. 1. 1. 0. 1. 1.
 0. 0. 1. 0. 0. 1. 0. 1. 0. 1. 1. 1. 0. 1. 0. 1. 1. 1. 1. 1. 1. 1. 1. 0.
 0. 0. 1. 1. 1. 0. 0. 1. 1. 1. 0. 0. 0. 1. 1. 1. 0. 0. 0. 0. 1. 1. 1. 0.
 1. 0. 0. 1. 1. 0. 0. 0. 0. 1. 0. 0. 1. 1. 0. 1. 1. 1. 0. 1. 1. 0. 1. 0.
 1. 1. 0. 0. 0. 1. 1. 0. 1. 1. 0. 1. 0. 0. 0. 1. 1. 1. 0. 1. 0. 1. 1. 0.
 1. 0. 0. 1. 1. 0. 0. 1. 0. 1. 1. 0. 0. 1. 0. 0. 1. 1. 0. 1. 1. 0. 0. 0.
 0. 1. 1. 0. 0. 1. 0. 0. 1. 0. 1. 1. 1. 0. 0. 0. 1. 1. 0. 0. 0. 0. 1. 0.
 0. 1. 0. 1. 1. 1. 1. 0. 0. 0. 0. 1. 1. 1. 1. 0. 1. 1. 1. 1. 0. 1. 0. 0.
 1. 0. 0. 1. 1. 1. 1. 1. 0. 0. 1. 1. 1. 0. 0. 1. 0. 1. 0. 0. 1. 0. 1. 0.
 1. 0. 0. 0.]"
25,randomforest,"{'criterion': 'entropy', 'max_features': 'sqrt', 'n_estimators': 549}",0.5670935095965404,0.19264999142375416,0.15035363980213148,0.34599629624085415,0.5598433712345002,0.19757279898978516,0.5408849705427653,0.08208955223880599,0.5410447761194029,0.5410447761194029,"{0: 0.5798897304522166, 1: 0.5798897304522166}","{0: 0.5798897304522166, 1: 0.5798897304522166}",0.5798897304522166,"[[70 64]
 [59 75]]","[1. 0. 0. 0. 0. 1. 0. 1. 1. 0. 0. 0. 1. 0. 0. 0. 1. 0. 0. 0. 0. 1. 0. 0.
 0. 0. 1. 1. 1. 1. 1. 0. 0. 0. 1. 0. 1. 0. 1. 0. 0. 1. 1. 0. 0. 0. 1. 1.
 0. 0. 1. 0. 1. 1. 1. 1. 1. 1. 0. 1. 0. 0. 1. 0. 0. 0. 1. 1. 1. 1. 0. 0.
 1. 1. 0. 1. 1. 0. 1. 0. 1. 1. 1. 0. 0. 1. 0. 1. 1. 1. 1. 1. 0. 1. 1. 1.
 0. 0. 1. 1. 0. 1. 1. 0. 0. 0. 0. 1. 0. 1. 0. 0. 0. 1. 1. 0. 1. 0. 0. 0.
 0. 1. 1. 1. 1. 1. 1. 1. 1. 0. 0. 1. 1. 0. 1. 0. 0. 1. 0. 1. 0. 0. 0. 0.
 0. 0. 0. 0. 1. 1. 1. 0. 1. 1. 0. 1. 1. 0. 1. 0. 1. 1. 0. 0. 1. 0. 0. 1.
 1. 1. 0. 1. 1. 1. 0. 1. 1. 0. 1. 0. 0. 0. 1. 1. 0. 0. 1. 1. 0. 0. 1. 1.
 1. 1. 1. 0. 1. 1. 0. 1. 0. 0. 1. 1. 0. 0. 0. 0. 1. 1. 0. 1. 1. 1. 1. 0.
 1. 1. 0. 1. 0. 0. 0. 0. 1. 1. 1. 0. 0. 0. 1. 1. 1. 1. 1. 1. 0. 1. 0. 0.
 1. 1. 0. 0. 1. 1. 0. 1. 0. 1. 1. 0. 1. 0. 0. 1. 0. 1. 0. 1. 0. 0. 1. 1.
 1. 0. 1. 0.]","[0. 1. 0. 0. 0. 1. 1. 1. 0. 0. 0. 0. 0. 1. 0. 0. 1. 1. 0. 0. 0. 0. 0. 1.
 0. 0. 1. 0. 1. 0. 0. 1. 0. 1. 1. 0. 0. 0. 1. 0. 0. 0. 1. 1. 1. 0. 1. 0.
 1. 0. 1. 1. 0. 1. 1. 1. 1. 0. 1. 0. 0. 1. 1. 1. 0. 0. 0. 1. 1. 0. 1. 1.
 0. 0. 1. 0. 0. 1. 0. 1. 0. 1. 1. 1. 0. 1. 0. 1. 1. 1. 1. 1. 1. 1. 1. 0.
 0. 0. 1. 1. 1. 0. 0. 1. 1. 1. 0. 0. 0. 1. 1. 1. 0. 0. 0. 0. 1. 1. 1. 0.
 1. 0. 0. 1. 1. 0. 0. 0. 0. 1. 0. 0. 1. 1. 0. 1. 1. 1. 0. 1. 1. 0. 1. 0.
 1. 1. 0. 0. 0. 1. 1. 0. 1. 1. 0. 1. 0. 0. 0. 1. 1. 1. 0. 1. 0. 1. 1. 0.
 1. 0. 0. 1. 1. 0. 0. 1. 0. 1. 1. 0. 0. 1. 0. 0. 1. 1. 0. 1. 1. 0. 0. 0.
 0. 1. 1. 0. 0. 1. 0. 0. 1. 0. 1. 1. 1. 0. 0. 0. 1. 1. 0. 0. 0. 0. 1. 0.
 0. 1. 0. 1. 1. 1. 1. 0. 0. 0. 0. 1. 1. 1. 1. 0. 1. 1. 1. 1. 0. 1. 0. 0.
 1. 0. 0. 1. 1. 1. 1. 1. 0. 0. 1. 1. 1. 0. 0. 1. 0. 1. 0. 0. 1. 0. 1. 0.
 1. 0. 0. 0.]"
155,randomforest,"{'criterion': 'gini', 'max_features': 'sqrt', 'n_estimators': 523}",0.5720689361317656,0.18767461477852052,0.14981585193983582,0.33692062604226314,0.5638312833373317,0.19491285686103327,0.5518394648829431,0.10447761194029848,0.5522388059701493,0.5522388059701493,"{0: 0.578748050790822, 1: 0.578748050790822}","{0: 0.578748050790822, 1: 0.578748050790822}",0.578748050790822,"[[70 64]
 [56 78]]","[1. 0. 0. 0. 0. 1. 0. 1. 1. 0. 0. 0. 1. 0. 0. 0. 1. 0. 0. 0. 0. 1. 0. 0.
 0. 0. 1. 1. 1. 1. 1. 0. 0. 0. 1. 1. 1. 0. 1. 0. 1. 0. 1. 0. 0. 0. 1. 1.
 0. 0. 1. 0. 1. 1. 1. 1. 1. 1. 0. 1. 1. 0. 1. 0. 0. 0. 1. 1. 1. 1. 0. 0.
 1. 1. 0. 1. 1. 0. 0. 0. 1. 1. 1. 0. 0. 1. 0. 1. 1. 1. 1. 1. 0. 1. 1. 1.
 0. 0. 1. 1. 0. 1. 1. 0. 0. 0. 0. 1. 0. 1. 0. 0. 0. 1. 1. 0. 1. 0. 0. 0.
 0. 1. 1. 1. 1. 1. 1. 1. 1. 0. 0. 1. 1. 0. 1. 1. 0. 1. 0. 1. 1. 0. 0. 0.
 1. 0. 0. 0. 1. 1. 1. 0. 1. 1. 0. 1. 1. 0. 1. 0. 1. 1. 0. 0. 1. 0. 0. 1.
 1. 1. 0. 1. 1. 0. 0. 1. 1. 0. 1. 0. 0. 1. 1. 1. 0. 0. 1. 1. 0. 0. 1. 1.
 1. 1. 1. 1. 1. 1. 0. 0. 0. 0. 1. 1. 0. 0. 0. 0. 1. 1. 0. 1. 1. 1. 0. 0.
 1. 1. 0. 1. 0. 0. 0. 0. 1. 1. 1. 0. 1. 0. 0. 1. 1. 1. 1. 1. 0. 1. 0. 0.
 1. 1. 0. 0. 1. 1. 1. 1. 0. 1. 1. 0. 1. 0. 0. 1. 0. 0. 0. 1. 0. 0. 1. 1.
 1. 0. 1. 0.]","[0. 1. 0. 0. 0. 1. 1. 1. 0. 0. 0. 0. 0. 1. 0. 0. 1. 1. 0. 0. 0. 0. 0. 1.
 0. 0. 1. 0. 1. 0. 0. 1. 0. 1. 1. 0. 0. 0. 1. 0. 0. 0. 1. 1. 1. 0. 1. 0.
 1. 0. 1. 1. 0. 1. 1. 1. 1. 0. 1. 0. 0. 1. 1. 1. 0. 0. 0. 1. 1. 0. 1. 1.
 0. 0. 1. 0. 0. 1. 0. 1. 0. 1. 1. 1. 0. 1. 0. 1. 1. 1. 1. 1. 1. 1. 1. 0.
 0. 0. 1. 1. 1. 0. 0. 1. 1. 1. 0. 0. 0. 1. 1. 1. 0. 0. 0. 0. 1. 1. 1. 0.
 1. 0. 0. 1. 1. 0. 0. 0. 0. 1. 0. 0. 1. 1. 0. 1. 1. 1. 0. 1. 1. 0. 1. 0.
 1. 1. 0. 0. 0. 1. 1. 0. 1. 1. 0. 1. 0. 0. 0. 1. 1. 1. 0. 1. 0. 1. 1. 0.
 1. 0. 0. 1. 1. 0. 0. 1. 0. 1. 1. 0. 0. 1. 0. 0. 1. 1. 0. 1. 1. 0. 0. 0.
 0. 1. 1. 0. 0. 1. 0. 0. 1. 0. 1. 1. 1. 0. 0. 0. 1. 1. 0. 0. 0. 0. 1. 0.
 0. 1. 0. 1. 1. 1. 1. 0. 0. 0. 0. 1. 1. 1. 1. 0. 1. 1. 1. 1. 0. 1. 0. 0.
 1. 0. 0. 1. 1. 1. 1. 1. 0. 0. 1. 1. 1. 0. 0. 1. 0. 1. 0. 0. 1. 0. 1. 0.
 1. 0. 0. 0.]"
508,randomforest,"{'criterion': 'gini', 'max_features': 'sqrt', 'n_estimators': 253}",0.5767788689278253,0.18938770924150203,0.14953075909077765,0.3450917441198235,0.5715054975639653,0.19427651401816728,0.5518394648829431,0.10447761194029848,0.5522388059701493,0.5522388059701493,"{0: 0.587296725328581, 1: 0.5872967253285809}","{0: 0.587296725328581, 1: 0.5872967253285809}",0.5872967253285809,"[[70 64]
 [56 78]]","[1. 0. 0. 0. 0. 1. 0. 1. 1. 0. 0. 0. 1. 0. 0. 0. 0. 0. 0. 1. 0. 1. 0. 0.
 0. 0. 1. 1. 1. 1. 1. 0. 0. 0. 1. 1. 1. 0. 1. 0. 0. 0. 1. 1. 0. 0. 1. 1.
 0. 0. 1. 0. 1. 1. 1. 1. 1. 1. 0. 1. 1. 0. 1. 0. 0. 0. 1. 1. 1. 1. 0. 0.
 0. 1. 0. 1. 1. 0. 0. 0. 1. 1. 1. 0. 0. 1. 0. 1. 1. 1. 1. 1. 0. 1. 1. 1.
 0. 0. 1. 1. 0. 1. 0. 0. 0. 0. 0. 1. 0. 1. 0. 0. 0. 1. 1. 0. 1. 0. 0. 0.
 0. 1. 1. 1. 1. 1. 1. 1. 1. 0. 0. 1. 1. 0. 1. 1. 0. 1. 0. 1. 1. 0. 1. 0.
 1. 0. 0. 0. 1. 1. 1. 0. 0. 0. 0. 1. 1. 0. 1. 0. 1. 1. 0. 0. 1. 1. 0. 1.
 1. 1. 1. 1. 1. 1. 0. 1. 1. 0. 1. 1. 0. 0. 1. 1. 0. 0. 1. 1. 1. 0. 1. 1.
 0. 1. 1. 0. 1. 1. 0. 1. 0. 0. 1. 1. 0. 0. 0. 0. 1. 1. 0. 1. 1. 1. 0. 0.
 1. 1. 0. 1. 0. 0. 0. 0. 1. 1. 1. 0. 1. 0. 1. 1. 1. 1. 1. 1. 0. 1. 0. 0.
 1. 1. 0. 0. 1. 1. 0. 1. 0. 1. 1. 0. 1. 0. 0. 1. 0. 0. 0. 1. 0. 0. 1. 1.
 1. 0. 1. 0.]","[0. 1. 0. 0. 0. 1. 1. 1. 0. 0. 0. 0. 0. 1. 0. 0. 1. 1. 0. 0. 0. 0. 0. 1.
 0. 0. 1. 0. 1. 0. 0. 1. 0. 1. 1. 0. 0. 0. 1. 0. 0. 0. 1. 1. 1. 0. 1. 0.
 1. 0. 1. 1. 0. 1. 1. 1. 1. 0. 1. 0. 0. 1. 1. 1. 0. 0. 0. 1. 1. 0. 1. 1.
 0. 0. 1. 0. 0. 1. 0. 1. 0. 1. 1. 1. 0. 1. 0. 1. 1. 1. 1. 1. 1. 1. 1. 0.
 0. 0. 1. 1. 1. 0. 0. 1. 1. 1. 0. 0. 0. 1. 1. 1. 0. 0. 0. 0. 1. 1. 1. 0.
 1. 0. 0. 1. 1. 0. 0. 0. 0. 1. 0. 0. 1. 1. 0. 1. 1. 1. 0. 1. 1. 0. 1. 0.
 1. 1. 0. 0. 0. 1. 1. 0. 1. 1. 0. 1. 0. 0. 0. 1. 1. 1. 0. 1. 0. 1. 1. 0.
 1. 0. 0. 1. 1. 0. 0. 1. 0. 1. 1. 0. 0. 1. 0. 0. 1. 1. 0. 1. 1. 0. 0. 0.
 0. 1. 1. 0. 0. 1. 0. 0. 1. 0. 1. 1. 1. 0. 0. 0. 1. 1. 0. 0. 0. 0. 1. 0.
 0. 1. 0. 1. 1. 1. 1. 0. 0. 0. 0. 1. 1. 1. 1. 0. 1. 1. 1. 1. 0. 1. 0. 0.
 1. 0. 0. 1. 1. 1. 1. 1. 0. 0. 1. 1. 1. 0. 0. 1. 0. 1. 0. 0. 1. 0. 1. 0.
 1. 0. 0. 0.]"
621,randomforest,"{'criterion': 'gini', 'max_features': 'sqrt', 'n_estimators': 221}",0.5820886353263014,0.17489801942567276,0.14935269650080968,0.31987226955023507,0.5788066417602707,0.18640073970104187,0.5629399383912019,0.12686567164179108,0.5634328358208955,0.5634328358208955,"{0: 0.5972376921363332, 1: 0.5972376921363332}","{0: 0.5972376921363332, 1: 0.5972376921363332}",0.5972376921363332,"[[71 63]
 [54 80]]","[1. 0. 0. 0. 0. 1. 0. 1. 1. 0. 0. 0. 1. 0. 0. 0. 1. 0. 0. 0. 0. 1. 1. 0.
 0. 0. 1. 1. 1. 1. 1. 0. 0. 0. 1. 0. 0. 0. 1. 0. 1. 0. 1. 0. 0. 0. 1. 0.
 0. 0. 1. 0. 1. 1. 1. 1. 1. 1. 0. 1. 1. 0. 1. 1. 0. 0. 1. 1. 1. 1. 0. 0.
 1. 1. 0. 1. 1. 0. 0. 0. 1. 1. 1. 0. 0. 1. 0. 1. 1. 1. 1. 1. 0. 1. 1. 1.
 0. 0. 1. 1. 0. 1. 1. 1. 0. 0. 0. 1. 0. 1. 0. 0. 0. 1. 1. 1. 1. 0. 0. 0.
 0. 1. 1. 1. 1. 1. 1. 1. 1. 0. 0. 1. 1. 0. 1. 0. 0. 1. 0. 1. 1. 0. 1. 0.
 0. 0. 0. 0. 1. 1. 1. 0. 1. 1. 0. 1. 1. 0. 1. 0. 1. 1. 0. 0. 1. 1. 0. 1.
 1. 1. 0. 1. 1. 0. 0. 1. 1. 0. 1. 0. 0. 0. 1. 1. 0. 0. 1. 0. 0. 0. 1. 1.
 1. 1. 1. 1. 1. 1. 0. 0. 0. 0. 1. 1. 0. 1. 0. 0. 1. 1. 0. 1. 1. 1. 0. 0.
 1. 1. 0. 1. 0. 0. 0. 0. 1. 1. 1. 0. 1. 1. 1. 1. 1. 1. 1. 1. 0. 1. 0. 0.
 1. 1. 0. 0. 1. 1. 1. 1. 0. 1. 1. 0. 1. 0. 0. 1. 0. 0. 0. 1. 0. 0. 1. 0.
 1. 0. 1. 0.]","[0. 1. 0. 0. 0. 1. 1. 1. 0. 0. 0. 0. 0. 1. 0. 0. 1. 1. 0. 0. 0. 0. 0. 1.
 0. 0. 1. 0. 1. 0. 0. 1. 0. 1. 1. 0. 0. 0. 1. 0. 0. 0. 1. 1. 1. 0. 1. 0.
 1. 0. 1. 1. 0. 1. 1. 1. 1. 0. 1. 0. 0. 1. 1. 1. 0. 0. 0. 1. 1. 0. 1. 1.
 0. 0. 1. 0. 0. 1. 0. 1. 0. 1. 1. 1. 0. 1. 0. 1. 1. 1. 1. 1. 1. 1. 1. 0.
 0. 0. 1. 1. 1. 0. 0. 1. 1. 1. 0. 0. 0. 1. 1. 1. 0. 0. 0. 0. 1. 1. 1. 0.
 1. 0. 0. 1. 1. 0. 0. 0. 0. 1. 0. 0. 1. 1. 0. 1. 1. 1. 0. 1. 1. 0. 1. 0.
 1. 1. 0. 0. 0. 1. 1. 0. 1. 1. 0. 1. 0. 0. 0. 1. 1. 1. 0. 1. 0. 1. 1. 0.
 1. 0. 0. 1. 1. 0. 0. 1. 0. 1. 1. 0. 0. 1. 0. 0. 1. 1. 0. 1. 1. 0. 0. 0.
 0. 1. 1. 0. 0. 1. 0. 0. 1. 0. 1. 1. 1. 0. 0. 0. 1. 1. 0. 0. 0. 0. 1. 0.
 0. 1. 0. 1. 1. 1. 1. 0. 0. 0. 0. 1. 1. 1. 1. 0. 1. 1. 1. 1. 0. 1. 0. 0.
 1. 0. 0. 1. 1. 1. 1. 1. 0. 0. 1. 1. 1. 0. 0. 1. 0. 1. 0. 0. 1. 0. 1. 0.
 1. 0. 0. 0.]"
353,randomforest,"{'criterion': 'entropy', 'max_features': 'sqrt', 'n_estimators': 111}",0.5875737720675213,0.18633867522274966,0.14928931226725342,0.32541166304647856,0.5794798745907617,0.18276444049857946,0.5626961215011924,0.12686567164179108,0.5634328358208955,0.5634328358208955,"{0: 0.586879037647583, 1: 0.5868790376475831}","{0: 0.586879037647583, 1: 0.5868790376475831}",0.5868790376475831,"[[70 64]
 [53 81]]","[1. 0. 0. 0. 0. 1. 0. 1. 1. 0. 0. 0. 1. 0. 0. 0. 1. 0. 0. 1. 0. 1. 0. 0.
 0. 0. 1. 1. 1. 1. 1. 0. 0. 0. 0. 0. 1. 0. 1. 0. 1. 1. 0. 0. 0. 0. 1. 0.
 0. 0. 1. 0. 1. 1. 1. 1. 1. 1. 0. 1. 1. 0. 1. 1. 0. 0. 1. 1. 1. 1. 0. 0.
 1. 1. 0. 1. 1. 0. 1. 0. 1. 1. 1. 1. 0. 1. 0. 1. 1. 1. 1. 1. 0. 1. 1. 1.
 0. 0. 1. 1. 0. 1. 0. 1. 1. 0. 0. 1. 0. 1. 0. 0. 0. 1. 1. 0. 1. 0. 0. 0.
 0. 1. 1. 1. 1. 1. 1. 1. 1. 0. 0. 1. 1. 0. 1. 1. 0. 1. 0. 1. 1. 0. 1. 0.
 1. 1. 0. 0. 1. 1. 1. 0. 1. 1. 0. 1. 1. 0. 1. 0. 1. 1. 0. 0. 1. 0. 0. 1.
 1. 1. 1. 1. 1. 1. 0. 1. 1. 0. 1. 1. 0. 1. 1. 1. 0. 0. 0. 0. 0. 0. 1. 1.
 0. 1. 1. 1. 0. 1. 0. 0. 0. 0. 1. 1. 0. 0. 0. 0. 1. 1. 0. 1. 1. 1. 0. 0.
 1. 1. 0. 0. 0. 0. 0. 0. 1. 1. 1. 0. 1. 0. 0. 1. 1. 1. 1. 1. 0. 1. 0. 0.
 1. 1. 0. 0. 1. 1. 1. 1. 0. 1. 1. 0. 1. 0. 0. 1. 0. 1. 0. 1. 0. 0. 1. 1.
 1. 0. 1. 0.]","[0. 1. 0. 0. 0. 1. 1. 1. 0. 0. 0. 0. 0. 1. 0. 0. 1. 1. 0. 0. 0. 0. 0. 1.
 0. 0. 1. 0. 1. 0. 0. 1. 0. 1. 1. 0. 0. 0. 1. 0. 0. 0. 1. 1. 1. 0. 1. 0.
 1. 0. 1. 1. 0. 1. 1. 1. 1. 0. 1. 0. 0. 1. 1. 1. 0. 0. 0. 1. 1. 0. 1. 1.
 0. 0. 1. 0. 0. 1. 0. 1. 0. 1. 1. 1. 0. 1. 0. 1. 1. 1. 1. 1. 1. 1. 1. 0.
 0. 0. 1. 1. 1. 0. 0. 1. 1. 1. 0. 0. 0. 1. 1. 1. 0. 0. 0. 0. 1. 1. 1. 0.
 1. 0. 0. 1. 1. 0. 0. 0. 0. 1. 0. 0. 1. 1. 0. 1. 1. 1. 0. 1. 1. 0. 1. 0.
 1. 1. 0. 0. 0. 1. 1. 0. 1. 1. 0. 1. 0. 0. 0. 1. 1. 1. 0. 1. 0. 1. 1. 0.
 1. 0. 0. 1. 1. 0. 0. 1. 0. 1. 1. 0. 0. 1. 0. 0. 1. 1. 0. 1. 1. 0. 0. 0.
 0. 1. 1. 0. 0. 1. 0. 0. 1. 0. 1. 1. 1. 0. 0. 0. 1. 1. 0. 0. 0. 0. 1. 0.
 0. 1. 0. 1. 1. 1. 1. 0. 0. 0. 0. 1. 1. 1. 1. 0. 1. 1. 1. 1. 0. 1. 0. 0.
 1. 0. 0. 1. 1. 1. 1. 1. 0. 0. 1. 1. 1. 0. 0. 1. 0. 1. 0. 0. 1. 0. 1. 0.
 1. 0. 0. 0.]"
66,randomforest,"{'criterion': 'gini', 'max_features': 'log2', 'n_estimators': 149}",0.5772070894201534,0.19594185396322056,0.14928205895512883,0.34724624188731323,0.5716173611334902,0.20063541649793848,0.5516145223356198,0.10447761194029848,0.5522388059701493,0.5522388059701493,"{0: 0.5801124972154154, 1: 0.5801124972154155}","{0: 0.5801124972154154, 1: 0.5801124972154155}",0.5801124972154155,"[[69 65]
 [55 79]]","[1. 0. 0. 0. 0. 1. 0. 1. 1. 0. 0. 0. 1. 0. 0. 0. 1. 0. 0. 1. 0. 1. 1. 0.
 1. 0. 1. 1. 1. 1. 1. 0. 0. 0. 1. 0. 0. 0. 1. 0. 0. 0. 1. 0. 0. 1. 1. 1.
 0. 0. 1. 0. 1. 1. 1. 1. 1. 1. 0. 1. 1. 0. 1. 1. 0. 0. 1. 1. 1. 1. 0. 0.
 0. 1. 0. 1. 1. 0. 0. 0. 1. 1. 1. 0. 0. 1. 1. 1. 1. 1. 1. 1. 0. 1. 1. 1.
 0. 0. 1. 1. 0. 1. 1. 0. 0. 0. 0. 1. 0. 1. 0. 0. 1. 1. 1. 0. 1. 0. 0. 0.
 0. 1. 1. 1. 1. 1. 1. 1. 0. 0. 0. 1. 1. 0. 1. 1. 0. 1. 0. 1. 1. 0. 0. 0.
 0. 0. 0. 0. 1. 1. 1. 0. 1. 0. 0. 1. 1. 0. 1. 0. 1. 1. 0. 0. 1. 1. 0. 1.
 1. 1. 0. 1. 1. 1. 0. 1. 1. 0. 1. 0. 0. 0. 1. 1. 0. 0. 1. 1. 0. 0. 1. 1.
 1. 1. 1. 0. 1. 1. 0. 1. 0. 0. 1. 1. 0. 0. 0. 0. 1. 1. 0. 1. 1. 1. 0. 0.
 1. 1. 0. 1. 0. 0. 0. 0. 1. 1. 1. 0. 1. 0. 1. 1. 1. 1. 1. 1. 0. 1. 0. 0.
 1. 1. 0. 0. 1. 1. 1. 1. 0. 0. 1. 0. 1. 0. 0. 1. 0. 1. 0. 1. 0. 0. 1. 1.
 1. 0. 1. 0.]","[0. 1. 0. 0. 0. 1. 1. 1. 0. 0. 0. 0. 0. 1. 0. 0. 1. 1. 0. 0. 0. 0. 0. 1.
 0. 0. 1. 0. 1. 0. 0. 1. 0. 1. 1. 0. 0. 0. 1. 0. 0. 0. 1. 1. 1. 0. 1. 0.
 1. 0. 1. 1. 0. 1. 1. 1. 1. 0. 1. 0. 0. 1. 1. 1. 0. 0. 0. 1. 1. 0. 1. 1.
 0. 0. 1. 0. 0. 1. 0. 1. 0. 1. 1. 1. 0. 1. 0. 1. 1. 1. 1. 1. 1. 1. 1. 0.
 0. 0. 1. 1. 1. 0. 0. 1. 1. 1. 0. 0. 0. 1. 1. 1. 0. 0. 0. 0. 1. 1. 1. 0.
 1. 0. 0. 1. 1. 0. 0. 0. 0. 1. 0. 0. 1. 1. 0. 1. 1. 1. 0. 1. 1. 0. 1. 0.
 1. 1. 0. 0. 0. 1. 1. 0. 1. 1. 0. 1. 0. 0. 0. 1. 1. 1. 0. 1. 0. 1. 1. 0.
 1. 0. 0. 1. 1. 0. 0. 1. 0. 1. 1. 0. 0. 1. 0. 0. 1. 1. 0. 1. 1. 0. 0. 0.
 0. 1. 1. 0. 0. 1. 0. 0. 1. 0. 1. 1. 1. 0. 0. 0. 1. 1. 0. 0. 0. 0. 1. 0.
 0. 1. 0. 1. 1. 1. 1. 0. 0. 0. 0. 1. 1. 1. 1. 0. 1. 1. 1. 1. 0. 1. 0. 0.
 1. 0. 0. 1. 1. 1. 1. 1. 0. 0. 1. 1. 1. 0. 0. 1. 0. 1. 0. 0. 1. 0. 1. 0.
 1. 0. 0. 0.]"
955,AdaBoost,"{'algorithm': 'SAMME.R', 'learning_rate': 0.5081632653061224, 'n_estimators': 63}",0.5666289204125226,0.17513014082977568,0.14918982100866487,0.31512234771879427,0.5622110864046347,0.17095155144875535,0.559603386809269,0.11940298507462688,0.5597014925373134,0.5597014925373134,"{0: 0.562068389396302, 1: 0.5620683893963021}","{0: 0.562068389396302, 1: 0.5620683893963021}",0.5620683893963021,"[[73 61]
 [57 77]]","[0. 0. 0. 0. 1. 1. 0. 1. 1. 1. 0. 0. 1. 1. 0. 0. 1. 0. 0. 0. 0. 1. 1. 0.
 0. 1. 1. 0. 1. 1. 1. 0. 0. 0. 1. 0. 0. 0. 0. 0. 0. 0. 1. 1. 0. 0. 1. 1.
 0. 0. 1. 1. 0. 0. 1. 1. 1. 1. 0. 1. 0. 0. 1. 0. 0. 0. 0. 1. 1. 1. 1. 1.
 1. 1. 0. 1. 1. 0. 1. 0. 1. 1. 1. 0. 0. 1. 0. 1. 1. 0. 1. 1. 0. 1. 1. 1.
 0. 0. 0. 1. 0. 1. 1. 0. 1. 0. 0. 1. 0. 1. 1. 0. 0. 0. 1. 0. 1. 1. 0. 0.
 1. 1. 1. 0. 0. 0. 1. 1. 1. 0. 0. 1. 0. 0. 1. 1. 0. 1. 1. 0. 1. 0. 1. 0.
 0. 1. 0. 1. 1. 1. 1. 0. 1. 0. 0. 1. 1. 0. 1. 0. 1. 0. 0. 0. 1. 0. 0. 1.
 1. 1. 1. 1. 1. 0. 0. 1. 0. 1. 1. 1. 0. 0. 1. 1. 0. 0. 1. 0. 1. 0. 0. 1.
 1. 1. 0. 1. 1. 1. 0. 1. 1. 0. 1. 1. 1. 0. 1. 0. 0. 1. 0. 1. 1. 0. 0. 0.
 1. 0. 0. 0. 0. 1. 0. 0. 0. 0. 1. 1. 1. 1. 0. 1. 1. 1. 1. 1. 0. 1. 0. 0.
 1. 1. 1. 0. 1. 1. 0. 1. 0. 1. 1. 0. 0. 0. 0. 1. 0. 1. 0. 1. 0. 0. 1. 1.
 0. 0. 1. 0.]","[0. 1. 0. 0. 0. 1. 1. 1. 0. 0. 0. 0. 0. 1. 0. 0. 1. 1. 0. 0. 0. 0. 0. 1.
 0. 0. 1. 0. 1. 0. 0. 1. 0. 1. 1. 0. 0. 0. 1. 0. 0. 0. 1. 1. 1. 0. 1. 0.
 1. 0. 1. 1. 0. 1. 1. 1. 1. 0. 1. 0. 0. 1. 1. 1. 0. 0. 0. 1. 1. 0. 1. 1.
 0. 0. 1. 0. 0. 1. 0. 1. 0. 1. 1. 1. 0. 1. 0. 1. 1. 1. 1. 1. 1. 1. 1. 0.
 0. 0. 1. 1. 1. 0. 0. 1. 1. 1. 0. 0. 0. 1. 1. 1. 0. 0. 0. 0. 1. 1. 1. 0.
 1. 0. 0. 1. 1. 0. 0. 0. 0. 1. 0. 0. 1. 1. 0. 1. 1. 1. 0. 1. 1. 0. 1. 0.
 1. 1. 0. 0. 0. 1. 1. 0. 1. 1. 0. 1. 0. 0. 0. 1. 1. 1. 0. 1. 0. 1. 1. 0.
 1. 0. 0. 1. 1. 0. 0. 1. 0. 1. 1. 0. 0. 1. 0. 0. 1. 1. 0. 1. 1. 0. 0. 0.
 0. 1. 1. 0. 0. 1. 0. 0. 1. 0. 1. 1. 1. 0. 0. 0. 1. 1. 0. 0. 0. 0. 1. 0.
 0. 1. 0. 1. 1. 1. 1. 0. 0. 0. 0. 1. 1. 1. 1. 0. 1. 1. 1. 1. 0. 1. 0. 0.
 1. 0. 0. 1. 1. 1. 1. 1. 0. 0. 1. 1. 1. 0. 0. 1. 0. 1. 0. 0. 1. 0. 1. 0.
 1. 0. 0. 0.]"
408,randomforest,"{'criterion': 'gini', 'max_features': 'sqrt', 'n_estimators': 229}",0.5638652784566546,0.19887946086844568,0.1490927426477809,0.3509254242248412,0.5601854500039983,0.20275270477651575,0.5484508807352225,0.09701492537313428,0.5485074626865671,0.5485074626865671,"{0: 0.5727611940298507, 1: 0.5727611940298508}","{0: 0.5727611940298507, 1: 0.5727611940298508}",0.5727611940298508,"[[72 62]
 [59 75]]","[1. 0. 0. 0. 0. 1. 0. 1. 1. 0. 0. 0. 1. 0. 0. 0. 0. 0. 0. 0. 0. 1. 0. 0.
 0. 0. 1. 1. 1. 1. 1. 0. 0. 0. 1. 0. 0. 0. 1. 0. 0. 0. 1. 0. 0. 0. 1. 0.
 0. 0. 1. 0. 1. 1. 1. 0. 1. 1. 0. 1. 0. 0. 1. 0. 0. 0. 1. 1. 1. 1. 0. 0.
 0. 1. 0. 1. 1. 0. 0. 0. 1. 1. 1. 0. 0. 1. 1. 1. 1. 1. 1. 1. 0. 1. 1. 1.
 0. 0. 1. 1. 0. 1. 1. 1. 0. 0. 0. 1. 0. 1. 0. 0. 0. 1. 1. 1. 1. 0. 0. 0.
 0. 1. 1. 1. 1. 1. 1. 1. 1. 0. 0. 1. 1. 0. 1. 1. 0. 1. 0. 1. 0. 0. 1. 0.
 1. 0. 0. 0. 1. 1. 1. 0. 1. 0. 0. 1. 1. 0. 1. 0. 1. 1. 0. 0. 1. 0. 0. 1.
 1. 1. 1. 1. 1. 1. 0. 1. 1. 0. 1. 0. 0. 0. 1. 1. 0. 0. 1. 1. 1. 0. 1. 1.
 1. 1. 0. 1. 1. 1. 0. 0. 0. 0. 1. 1. 0. 0. 0. 0. 1. 1. 0. 1. 1. 1. 0. 0.
 1. 1. 0. 1. 0. 0. 0. 0. 1. 1. 1. 0. 0. 0. 1. 1. 1. 1. 1. 1. 0. 1. 0. 0.
 1. 1. 0. 0. 1. 1. 1. 1. 0. 1. 1. 0. 1. 0. 0. 1. 0. 0. 0. 1. 0. 0. 1. 1.
 1. 0. 1. 0.]","[0. 1. 0. 0. 0. 1. 1. 1. 0. 0. 0. 0. 0. 1. 0. 0. 1. 1. 0. 0. 0. 0. 0. 1.
 0. 0. 1. 0. 1. 0. 0. 1. 0. 1. 1. 0. 0. 0. 1. 0. 0. 0. 1. 1. 1. 0. 1. 0.
 1. 0. 1. 1. 0. 1. 1. 1. 1. 0. 1. 0. 0. 1. 1. 1. 0. 0. 0. 1. 1. 0. 1. 1.
 0. 0. 1. 0. 0. 1. 0. 1. 0. 1. 1. 1. 0. 1. 0. 1. 1. 1. 1. 1. 1. 1. 1. 0.
 0. 0. 1. 1. 1. 0. 0. 1. 1. 1. 0. 0. 0. 1. 1. 1. 0. 0. 0. 0. 1. 1. 1. 0.
 1. 0. 0. 1. 1. 0. 0. 0. 0. 1. 0. 0. 1. 1. 0. 1. 1. 1. 0. 1. 1. 0. 1. 0.
 1. 1. 0. 0. 0. 1. 1. 0. 1. 1. 0. 1. 0. 0. 0. 1. 1. 1. 0. 1. 0. 1. 1. 0.
 1. 0. 0. 1. 1. 0. 0. 1. 0. 1. 1. 0. 0. 1. 0. 0. 1. 1. 0. 1. 1. 0. 0. 0.
 0. 1. 1. 0. 0. 1. 0. 0. 1. 0. 1. 1. 1. 0. 0. 0. 1. 1. 0. 0. 0. 0. 1. 0.
 0. 1. 0. 1. 1. 1. 1. 0. 0. 0. 0. 1. 1. 1. 1. 0. 1. 1. 1. 1. 0. 1. 0. 0.
 1. 0. 0. 1. 1. 1. 1. 1. 0. 0. 1. 1. 1. 0. 0. 1. 0. 1. 0. 0. 1. 0. 1. 0.
 1. 0. 0. 0.]"
329,randomforest,"{'criterion': 'gini', 'max_features': 'log2', 'n_estimators': 521}",0.5779040936213349,0.20841729551735833,0.14908485450846745,0.3745257681621315,0.5731524598460082,0.21202708231287112,0.5588169642857144,0.11940298507462688,0.5597014925373134,0.5597014925373134,"{0: 0.5908888393851638, 1: 0.5908888393851638}","{0: 0.5908888393851638, 1: 0.5908888393851638}",0.5908888393851638,"[[69 65]
 [53 81]]","[1. 0. 0. 0. 0. 1. 0. 1. 1. 0. 0. 0. 1. 0. 0. 0. 1. 0. 0. 0. 0. 1. 0. 0.
 0. 0. 1. 1. 1. 1. 1. 0. 0. 0. 1. 0. 1. 0. 1. 0. 1. 0. 1. 1. 0. 0. 1. 1.
 0. 0. 1. 0. 1. 1. 1. 1. 1. 1. 0. 1. 1. 0. 1. 0. 0. 0. 1. 1. 1. 1. 0. 0.
 1. 1. 0. 1. 1. 0. 0. 0. 1. 1. 1. 0. 0. 1. 0. 1. 1. 1. 1. 1. 0. 1. 1. 1.
 0. 0. 1. 1. 0. 1. 0. 0. 0. 0. 0. 1. 0. 1. 0. 0. 0. 1. 1. 0. 1. 0. 0. 0.
 0. 1. 1. 1. 1. 1. 1. 1. 1. 0. 0. 1. 1. 0. 1. 1. 0. 1. 0. 1. 1. 0. 1. 0.
 0. 0. 0. 0. 1. 1. 1. 0. 1. 1. 0. 1. 1. 0. 1. 0. 1. 1. 0. 0. 1. 1. 0. 1.
 1. 1. 1. 1. 1. 1. 0. 1. 1. 0. 1. 0. 0. 1. 1. 1. 0. 0. 1. 1. 0. 0. 1. 1.
 1. 1. 1. 1. 1. 1. 0. 0. 0. 0. 1. 1. 0. 1. 0. 0. 1. 1. 0. 1. 1. 1. 0. 0.
 1. 1. 0. 1. 0. 0. 0. 0. 1. 1. 1. 0. 1. 0. 1. 1. 1. 1. 1. 1. 0. 1. 0. 0.
 1. 1. 0. 0. 1. 1. 1. 1. 0. 1. 1. 0. 1. 0. 0. 1. 0. 0. 0. 1. 0. 0. 1. 1.
 1. 0. 1. 0.]","[0. 1. 0. 0. 0. 1. 1. 1. 0. 0. 0. 0. 0. 1. 0. 0. 1. 1. 0. 0. 0. 0. 0. 1.
 0. 0. 1. 0. 1. 0. 0. 1. 0. 1. 1. 0. 0. 0. 1. 0. 0. 0. 1. 1. 1. 0. 1. 0.
 1. 0. 1. 1. 0. 1. 1. 1. 1. 0. 1. 0. 0. 1. 1. 1. 0. 0. 0. 1. 1. 0. 1. 1.
 0. 0. 1. 0. 0. 1. 0. 1. 0. 1. 1. 1. 0. 1. 0. 1. 1. 1. 1. 1. 1. 1. 1. 0.
 0. 0. 1. 1. 1. 0. 0. 1. 1. 1. 0. 0. 0. 1. 1. 1. 0. 0. 0. 0. 1. 1. 1. 0.
 1. 0. 0. 1. 1. 0. 0. 0. 0. 1. 0. 0. 1. 1. 0. 1. 1. 1. 0. 1. 1. 0. 1. 0.
 1. 1. 0. 0. 0. 1. 1. 0. 1. 1. 0. 1. 0. 0. 0. 1. 1. 1. 0. 1. 0. 1. 1. 0.
 1. 0. 0. 1. 1. 0. 0. 1. 0. 1. 1. 0. 0. 1. 0. 0. 1. 1. 0. 1. 1. 0. 0. 0.
 0. 1. 1. 0. 0. 1. 0. 0. 1. 0. 1. 1. 1. 0. 0. 0. 1. 1. 0. 0. 0. 0. 1. 0.
 0. 1. 0. 1. 1. 1. 1. 0. 0. 0. 0. 1. 1. 1. 1. 0. 1. 1. 1. 1. 0. 1. 0. 0.
 1. 0. 0. 1. 1. 1. 1. 1. 0. 0. 1. 1. 1. 0. 0. 1. 0. 1. 0. 0. 1. 0. 1. 0.
 1. 0. 0. 0.]"
328,randomforest,"{'criterion': 'entropy', 'max_features': 'sqrt', 'n_estimators': 269}",0.5654795150702822,0.18915626533663962,0.14867112672843488,0.3376469193146335,0.5579768984002854,0.19441478024997427,0.5484508807352225,0.09701492537313428,0.5485074626865671,0.5485074626865671,"{0: 0.5765760748496325, 1: 0.5765760748496325}","{0: 0.5765760748496325, 1: 0.5765760748496325}",0.5765760748496325,"[[72 62]
 [59 75]]","[1. 0. 0. 0. 0. 1. 0. 1. 1. 0. 0. 0. 1. 0. 0. 0. 1. 0. 0. 1. 0. 1. 0. 0.
 0. 0. 1. 1. 1. 1. 1. 0. 0. 0. 1. 0. 0. 0. 1. 0. 1. 0. 1. 0. 0. 0. 1. 1.
 0. 0. 1. 0. 0. 1. 1. 1. 1. 1. 0. 1. 0. 0. 1. 0. 0. 0. 1. 1. 1. 1. 0. 0.
 1. 1. 0. 1. 1. 0. 0. 0. 1. 1. 1. 0. 0. 1. 0. 1. 1. 1. 1. 1. 0. 1. 1. 1.
 0. 0. 1. 1. 0. 1. 1. 0. 0. 0. 0. 1. 0. 1. 0. 0. 0. 1. 1. 0. 1. 0. 0. 0.
 0. 1. 1. 1. 1. 1. 1. 1. 1. 0. 0. 1. 1. 0. 1. 1. 0. 1. 0. 1. 1. 0. 0. 0.
 0. 0. 0. 0. 1. 1. 1. 0. 1. 1. 0. 1. 1. 0. 1. 0. 1. 1. 0. 0. 1. 0. 0. 1.
 1. 1. 1. 1. 1. 0. 0. 1. 1. 0. 1. 0. 0. 0. 1. 1. 0. 0. 1. 1. 0. 0. 1. 1.
 0. 1. 1. 1. 1. 1. 0. 1. 0. 0. 1. 1. 0. 0. 0. 0. 1. 1. 0. 1. 1. 1. 0. 0.
 1. 1. 0. 1. 0. 0. 0. 0. 1. 1. 1. 0. 0. 0. 0. 1. 1. 1. 1. 1. 0. 1. 0. 0.
 1. 1. 0. 0. 1. 1. 0. 1. 0. 1. 1. 0. 1. 0. 0. 1. 0. 1. 0. 1. 0. 0. 1. 1.
 1. 0. 1. 0.]","[0. 1. 0. 0. 0. 1. 1. 1. 0. 0. 0. 0. 0. 1. 0. 0. 1. 1. 0. 0. 0. 0. 0. 1.
 0. 0. 1. 0. 1. 0. 0. 1. 0. 1. 1. 0. 0. 0. 1. 0. 0. 0. 1. 1. 1. 0. 1. 0.
 1. 0. 1. 1. 0. 1. 1. 1. 1. 0. 1. 0. 0. 1. 1. 1. 0. 0. 0. 1. 1. 0. 1. 1.
 0. 0. 1. 0. 0. 1. 0. 1. 0. 1. 1. 1. 0. 1. 0. 1. 1. 1. 1. 1. 1. 1. 1. 0.
 0. 0. 1. 1. 1. 0. 0. 1. 1. 1. 0. 0. 0. 1. 1. 1. 0. 0. 0. 0. 1. 1. 1. 0.
 1. 0. 0. 1. 1. 0. 0. 0. 0. 1. 0. 0. 1. 1. 0. 1. 1. 1. 0. 1. 1. 0. 1. 0.
 1. 1. 0. 0. 0. 1. 1. 0. 1. 1. 0. 1. 0. 0. 0. 1. 1. 1. 0. 1. 0. 1. 1. 0.
 1. 0. 0. 1. 1. 0. 0. 1. 0. 1. 1. 0. 0. 1. 0. 0. 1. 1. 0. 1. 1. 0. 0. 0.
 0. 1. 1. 0. 0. 1. 0. 0. 1. 0. 1. 1. 1. 0. 0. 0. 1. 1. 0. 0. 0. 0. 1. 0.
 0. 1. 0. 1. 1. 1. 1. 0. 0. 0. 0. 1. 1. 1. 1. 0. 1. 1. 1. 1. 0. 1. 0. 0.
 1. 0. 0. 1. 1. 1. 1. 1. 0. 0. 1. 1. 1. 0. 0. 1. 0. 1. 0. 0. 1. 0. 1. 0.
 1. 0. 0. 0.]"
22,randomforest,"{'criterion': 'entropy', 'max_features': 'sqrt', 'n_estimators': 489}",0.5736364945538334,0.19346102913844362,0.1486327880005239,0.34334702806733813,0.5646148766108443,0.2003404799634292,0.5516145223356198,0.10447761194029848,0.5522388059701493,0.5522388059701493,"{0: 0.591250835375362, 1: 0.591250835375362}","{0: 0.591250835375362, 1: 0.591250835375362}",0.591250835375362,"[[69 65]
 [55 79]]","[1. 0. 0. 0. 0. 1. 0. 1. 1. 0. 0. 1. 1. 0. 0. 0. 1. 0. 0. 0. 0. 1. 0. 0.
 0. 0. 1. 1. 1. 1. 1. 0. 0. 0. 1. 0. 1. 0. 1. 0. 1. 0. 1. 0. 0. 0. 1. 1.
 0. 0. 1. 0. 0. 1. 1. 1. 1. 1. 0. 1. 1. 0. 1. 0. 0. 0. 1. 1. 1. 1. 0. 0.
 1. 1. 0. 1. 1. 0. 1. 0. 1. 1. 1. 0. 0. 1. 0. 1. 1. 1. 1. 1. 0. 1. 1. 1.
 0. 0. 1. 1. 1. 1. 1. 0. 0. 0. 0. 1. 0. 1. 0. 0. 0. 1. 1. 0. 1. 0. 0. 0.
 0. 1. 1. 1. 1. 1. 1. 1. 1. 0. 0. 1. 1. 0. 1. 1. 0. 1. 0. 1. 1. 0. 0. 0.
 0. 0. 0. 0. 1. 1. 1. 0. 1. 1. 0. 1. 1. 0. 1. 0. 1. 1. 0. 0. 1. 1. 0. 1.
 1. 1. 0. 1. 1. 1. 0. 1. 1. 0. 1. 0. 0. 1. 1. 1. 0. 0. 1. 1. 0. 0. 1. 1.
 1. 1. 1. 0. 1. 1. 0. 1. 0. 0. 1. 1. 0. 0. 0. 0. 1. 1. 0. 1. 1. 1. 0. 0.
 1. 1. 0. 1. 0. 0. 0. 0. 1. 1. 1. 0. 0. 0. 0. 1. 1. 1. 1. 1. 0. 1. 0. 0.
 1. 1. 0. 0. 1. 1. 1. 1. 0. 1. 1. 0. 1. 0. 0. 1. 0. 1. 0. 1. 0. 0. 1. 1.
 1. 0. 1. 0.]","[0. 1. 0. 0. 0. 1. 1. 1. 0. 0. 0. 0. 0. 1. 0. 0. 1. 1. 0. 0. 0. 0. 0. 1.
 0. 0. 1. 0. 1. 0. 0. 1. 0. 1. 1. 0. 0. 0. 1. 0. 0. 0. 1. 1. 1. 0. 1. 0.
 1. 0. 1. 1. 0. 1. 1. 1. 1. 0. 1. 0. 0. 1. 1. 1. 0. 0. 0. 1. 1. 0. 1. 1.
 0. 0. 1. 0. 0. 1. 0. 1. 0. 1. 1. 1. 0. 1. 0. 1. 1. 1. 1. 1. 1. 1. 1. 0.
 0. 0. 1. 1. 1. 0. 0. 1. 1. 1. 0. 0. 0. 1. 1. 1. 0. 0. 0. 0. 1. 1. 1. 0.
 1. 0. 0. 1. 1. 0. 0. 0. 0. 1. 0. 0. 1. 1. 0. 1. 1. 1. 0. 1. 1. 0. 1. 0.
 1. 1. 0. 0. 0. 1. 1. 0. 1. 1. 0. 1. 0. 0. 0. 1. 1. 1. 0. 1. 0. 1. 1. 0.
 1. 0. 0. 1. 1. 0. 0. 1. 0. 1. 1. 0. 0. 1. 0. 0. 1. 1. 0. 1. 1. 0. 0. 0.
 0. 1. 1. 0. 0. 1. 0. 0. 1. 0. 1. 1. 1. 0. 0. 0. 1. 1. 0. 0. 0. 0. 1. 0.
 0. 1. 0. 1. 1. 1. 1. 0. 0. 0. 0. 1. 1. 1. 1. 0. 1. 1. 1. 1. 0. 1. 0. 0.
 1. 0. 0. 1. 1. 1. 1. 1. 0. 0. 1. 1. 1. 0. 0. 1. 0. 1. 0. 0. 1. 0. 1. 0.
 1. 0. 0. 0.]"
50,randomforest,"{'criterion': 'gini', 'max_features': 'log2', 'n_estimators': 81}",0.572385988335616,0.1816905870223704,0.14850556748014065,0.32781748282573414,0.5622280832966317,0.1867061542234211,0.5558155406064151,0.11194029850746268,0.5559701492537313,0.5559701492537313,"{0: 0.5696146134996658, 1: 0.5696146134996658}","{0: 0.5696146134996658, 1: 0.5696146134996658}",0.5696146134996658,"[[72 62]
 [57 77]]","[1. 0. 0. 0. 0. 1. 0. 1. 1. 0. 0. 1. 1. 0. 0. 0. 1. 0. 0. 0. 0. 1. 0. 0.
 1. 0. 1. 1. 1. 1. 1. 0. 0. 0. 1. 0. 0. 0. 1. 0. 1. 0. 1. 0. 0. 0. 1. 0.
 0. 0. 1. 0. 1. 1. 1. 1. 1. 1. 0. 1. 1. 0. 1. 0. 0. 0. 1. 1. 1. 1. 0. 0.
 1. 1. 0. 1. 1. 0. 0. 0. 1. 1. 1. 0. 0. 1. 1. 1. 1. 1. 1. 1. 0. 1. 1. 1.
 0. 0. 1. 1. 0. 1. 0. 0. 0. 0. 0. 0. 0. 1. 0. 0. 0. 1. 1. 0. 1. 0. 0. 0.
 0. 1. 1. 1. 1. 1. 1. 1. 1. 0. 0. 0. 1. 0. 1. 0. 0. 1. 0. 1. 0. 0. 0. 0.
 1. 0. 0. 0. 1. 1. 1. 0. 1. 0. 0. 1. 1. 0. 1. 0. 1. 1. 0. 0. 1. 1. 0. 1.
 1. 1. 0. 1. 1. 0. 0. 1. 1. 0. 1. 1. 1. 1. 1. 1. 0. 0. 1. 1. 0. 1. 1. 1.
 1. 1. 1. 1. 1. 1. 0. 0. 0. 0. 1. 1. 0. 0. 0. 0. 1. 1. 0. 1. 1. 0. 1. 0.
 1. 1. 0. 0. 0. 0. 0. 0. 0. 1. 1. 0. 0. 1. 1. 1. 1. 1. 1. 1. 0. 1. 0. 0.
 1. 1. 0. 0. 1. 1. 0. 1. 0. 1. 1. 0. 1. 0. 0. 1. 0. 1. 0. 1. 0. 0. 1. 1.
 1. 0. 1. 0.]","[0. 1. 0. 0. 0. 1. 1. 1. 0. 0. 0. 0. 0. 1. 0. 0. 1. 1. 0. 0. 0. 0. 0. 1.
 0. 0. 1. 0. 1. 0. 0. 1. 0. 1. 1. 0. 0. 0. 1. 0. 0. 0. 1. 1. 1. 0. 1. 0.
 1. 0. 1. 1. 0. 1. 1. 1. 1. 0. 1. 0. 0. 1. 1. 1. 0. 0. 0. 1. 1. 0. 1. 1.
 0. 0. 1. 0. 0. 1. 0. 1. 0. 1. 1. 1. 0. 1. 0. 1. 1. 1. 1. 1. 1. 1. 1. 0.
 0. 0. 1. 1. 1. 0. 0. 1. 1. 1. 0. 0. 0. 1. 1. 1. 0. 0. 0. 0. 1. 1. 1. 0.
 1. 0. 0. 1. 1. 0. 0. 0. 0. 1. 0. 0. 1. 1. 0. 1. 1. 1. 0. 1. 1. 0. 1. 0.
 1. 1. 0. 0. 0. 1. 1. 0. 1. 1. 0. 1. 0. 0. 0. 1. 1. 1. 0. 1. 0. 1. 1. 0.
 1. 0. 0. 1. 1. 0. 0. 1. 0. 1. 1. 0. 0. 1. 0. 0. 1. 1. 0. 1. 1. 0. 0. 0.
 0. 1. 1. 0. 0. 1. 0. 0. 1. 0. 1. 1. 1. 0. 0. 0. 1. 1. 0. 0. 0. 0. 1. 0.
 0. 1. 0. 1. 1. 1. 1. 0. 0. 0. 0. 1. 1. 1. 1. 0. 1. 1. 1. 1. 0. 1. 0. 0.
 1. 0. 0. 1. 1. 1. 1. 1. 0. 0. 1. 1. 1. 0. 0. 1. 0. 1. 0. 0. 1. 0. 1. 0.
 1. 0. 0. 0.]"
117,randomforest,"{'criterion': 'entropy', 'max_features': None, 'n_estimators': 337}",0.584279423518829,0.20759794132594342,0.14833827245549205,0.3806987681070267,0.5770162502521373,0.20364641186982785,0.5518394648829431,0.10447761194029848,0.5522388059701493,0.5522388059701493,"{0: 0.5735130318556472, 1: 0.5735130318556472}","{0: 0.5735130318556472, 1: 0.5735130318556472}",0.5735130318556472,"[[70 64]
 [56 78]]","[1. 0. 0. 0. 0. 1. 0. 1. 1. 0. 0. 0. 1. 0. 0. 0. 0. 0. 0. 0. 0. 1. 0. 0.
 1. 0. 1. 1. 1. 1. 1. 0. 0. 0. 1. 1. 0. 0. 1. 0. 0. 0. 1. 1. 0. 1. 1. 0.
 0. 0. 1. 0. 0. 1. 1. 1. 1. 1. 0. 1. 0. 0. 1. 0. 0. 0. 1. 1. 1. 1. 0. 0.
 1. 1. 0. 1. 1. 0. 0. 0. 1. 1. 1. 0. 0. 1. 0. 1. 1. 1. 1. 1. 0. 1. 1. 1.
 0. 0. 1. 1. 0. 1. 1. 0. 1. 0. 0. 1. 0. 1. 0. 0. 0. 1. 1. 0. 1. 0. 0. 0.
 0. 1. 1. 1. 1. 1. 1. 1. 1. 0. 0. 1. 1. 0. 1. 1. 0. 1. 0. 1. 0. 0. 1. 0.
 1. 0. 0. 0. 1. 1. 1. 0. 1. 1. 0. 1. 1. 0. 1. 0. 1. 1. 0. 0. 1. 1. 0. 1.
 1. 1. 0. 1. 1. 1. 0. 1. 1. 0. 1. 1. 0. 0. 1. 1. 0. 0. 1. 1. 0. 0. 1. 1.
 0. 1. 0. 1. 1. 1. 0. 1. 0. 0. 1. 1. 0. 0. 0. 0. 1. 1. 0. 1. 1. 1. 0. 0.
 1. 1. 0. 1. 0. 0. 0. 0. 1. 1. 1. 0. 0. 0. 1. 1. 1. 1. 1. 1. 0. 1. 0. 0.
 1. 1. 0. 0. 1. 1. 0. 1. 0. 1. 1. 0. 1. 0. 1. 1. 0. 1. 0. 1. 0. 0. 1. 1.
 1. 0. 1. 0.]","[0. 1. 0. 0. 0. 1. 1. 1. 0. 0. 0. 0. 0. 1. 0. 0. 1. 1. 0. 0. 0. 0. 0. 1.
 0. 0. 1. 0. 1. 0. 0. 1. 0. 1. 1. 0. 0. 0. 1. 0. 0. 0. 1. 1. 1. 0. 1. 0.
 1. 0. 1. 1. 0. 1. 1. 1. 1. 0. 1. 0. 0. 1. 1. 1. 0. 0. 0. 1. 1. 0. 1. 1.
 0. 0. 1. 0. 0. 1. 0. 1. 0. 1. 1. 1. 0. 1. 0. 1. 1. 1. 1. 1. 1. 1. 1. 0.
 0. 0. 1. 1. 1. 0. 0. 1. 1. 1. 0. 0. 0. 1. 1. 1. 0. 0. 0. 0. 1. 1. 1. 0.
 1. 0. 0. 1. 1. 0. 0. 0. 0. 1. 0. 0. 1. 1. 0. 1. 1. 1. 0. 1. 1. 0. 1. 0.
 1. 1. 0. 0. 0. 1. 1. 0. 1. 1. 0. 1. 0. 0. 0. 1. 1. 1. 0. 1. 0. 1. 1. 0.
 1. 0. 0. 1. 1. 0. 0. 1. 0. 1. 1. 0. 0. 1. 0. 0. 1. 1. 0. 1. 1. 0. 0. 0.
 0. 1. 1. 0. 0. 1. 0. 0. 1. 0. 1. 1. 1. 0. 0. 0. 1. 1. 0. 0. 0. 0. 1. 0.
 0. 1. 0. 1. 1. 1. 1. 0. 0. 0. 0. 1. 1. 1. 1. 0. 1. 1. 1. 1. 0. 1. 0. 0.
 1. 0. 0. 1. 1. 1. 1. 1. 0. 0. 1. 1. 1. 0. 0. 1. 0. 1. 0. 0. 1. 0. 1. 0.
 1. 0. 0. 0.]"
889,randomforest,"{'criterion': 'gini', 'max_features': 'sqrt', 'n_estimators': 277}",0.5711663179790551,0.18301288700348212,0.1481498710894326,0.3201189199793495,0.5633238606524896,0.18670577564197757,0.5483502555745902,0.09701492537313428,0.5485074626865671,0.5485074626865671,"{0: 0.58540320784139, 1: 0.5854032078413901}","{0: 0.58540320784139, 1: 0.5854032078413901}",0.5854032078413901,"[[71 63]
 [58 76]]","[1. 0. 0. 0. 0. 1. 0. 1. 1. 0. 0. 0. 1. 0. 0. 0. 1. 0. 0. 1. 0. 1. 0. 0.
 0. 0. 1. 1. 1. 1. 1. 0. 0. 0. 1. 0. 0. 0. 1. 0. 0. 0. 1. 1. 0. 0. 1. 1.
 0. 0. 1. 0. 1. 1. 1. 1. 1. 1. 0. 1. 1. 0. 1. 0. 0. 0. 1. 1. 1. 1. 0. 0.
 1. 1. 0. 1. 1. 0. 1. 0. 1. 1. 1. 0. 0. 1. 0. 1. 1. 1. 1. 1. 0. 1. 1. 1.
 0. 0. 1. 1. 0. 1. 1. 0. 0. 0. 0. 1. 0. 1. 0. 0. 1. 1. 1. 0. 1. 0. 0. 0.
 0. 1. 1. 1. 1. 1. 1. 1. 1. 0. 0. 1. 1. 0. 1. 1. 0. 1. 0. 1. 1. 0. 0. 0.
 0. 0. 0. 0. 1. 1. 1. 0. 1. 1. 0. 1. 1. 0. 1. 0. 1. 1. 0. 0. 1. 1. 0. 1.
 1. 1. 0. 1. 1. 1. 0. 1. 1. 0. 1. 0. 0. 0. 1. 1. 0. 0. 1. 1. 0. 0. 1. 1.
 1. 1. 1. 0. 1. 1. 0. 0. 0. 0. 1. 1. 0. 0. 0. 0. 1. 1. 0. 1. 1. 1. 0. 0.
 1. 1. 0. 0. 0. 0. 0. 0. 1. 1. 1. 0. 0. 0. 0. 1. 1. 1. 1. 1. 0. 1. 0. 0.
 1. 1. 0. 0. 1. 1. 0. 1. 0. 0. 1. 0. 1. 0. 0. 1. 0. 1. 0. 1. 0. 0. 1. 1.
 1. 0. 1. 0.]","[0. 1. 0. 0. 0. 1. 1. 1. 0. 0. 0. 0. 0. 1. 0. 0. 1. 1. 0. 0. 0. 0. 0. 1.
 0. 0. 1. 0. 1. 0. 0. 1. 0. 1. 1. 0. 0. 0. 1. 0. 0. 0. 1. 1. 1. 0. 1. 0.
 1. 0. 1. 1. 0. 1. 1. 1. 1. 0. 1. 0. 0. 1. 1. 1. 0. 0. 0. 1. 1. 0. 1. 1.
 0. 0. 1. 0. 0. 1. 0. 1. 0. 1. 1. 1. 0. 1. 0. 1. 1. 1. 1. 1. 1. 1. 1. 0.
 0. 0. 1. 1. 1. 0. 0. 1. 1. 1. 0. 0. 0. 1. 1. 1. 0. 0. 0. 0. 1. 1. 1. 0.
 1. 0. 0. 1. 1. 0. 0. 0. 0. 1. 0. 0. 1. 1. 0. 1. 1. 1. 0. 1. 1. 0. 1. 0.
 1. 1. 0. 0. 0. 1. 1. 0. 1. 1. 0. 1. 0. 0. 0. 1. 1. 1. 0. 1. 0. 1. 1. 0.
 1. 0. 0. 1. 1. 0. 0. 1. 0. 1. 1. 0. 0. 1. 0. 0. 1. 1. 0. 1. 1. 0. 0. 0.
 0. 1. 1. 0. 0. 1. 0. 0. 1. 0. 1. 1. 1. 0. 0. 0. 1. 1. 0. 0. 0. 0. 1. 0.
 0. 1. 0. 1. 1. 1. 1. 0. 0. 0. 0. 1. 1. 1. 1. 0. 1. 1. 1. 1. 0. 1. 0. 0.
 1. 0. 0. 1. 1. 1. 1. 1. 0. 0. 1. 1. 1. 0. 0. 1. 0. 1. 0. 0. 1. 0. 1. 0.
 1. 0. 0. 0.]"
298,AdaBoost,"{'algorithm': 'SAMME.R', 'learning_rate': 1.4877551020408164, 'n_estimators': 52}",0.5740364785596203,0.19851077262485883,0.14810955917018825,0.36566658302374594,0.5668244128929613,0.19449909805356733,0.5330554897341901,0.06716417910447758,0.5335820895522388,0.5335820895522387,"{0: 0.5542715526843395, 1: 0.5542715526843396}","{0: 0.5542715526843395, 1: 0.5542715526843396}",0.5542715526843396,"[[67 67]
 [58 76]]","[0. 0. 0. 0. 1. 1. 0. 1. 1. 1. 0. 0. 1. 1. 0. 0. 0. 0. 0. 1. 0. 1. 1. 0.
 0. 1. 0. 1. 1. 1. 1. 0. 0. 0. 1. 1. 0. 0. 1. 0. 0. 1. 1. 1. 0. 1. 1. 0.
 0. 0. 1. 0. 0. 1. 1. 1. 0. 1. 0. 1. 0. 0. 1. 0. 0. 0. 0. 1. 1. 1. 1. 0.
 1. 1. 0. 1. 1. 0. 1. 1. 1. 1. 1. 0. 0. 1. 0. 1. 1. 1. 1. 0. 0. 1. 0. 1.
 0. 0. 0. 1. 0. 1. 1. 0. 0. 0. 0. 1. 0. 1. 0. 1. 0. 1. 1. 0. 1. 1. 0. 0.
 1. 1. 1. 0. 0. 0. 1. 1. 1. 0. 0. 1. 1. 0. 1. 0. 0. 1. 0. 1. 1. 0. 1. 0.
 1. 1. 0. 1. 1. 1. 1. 0. 1. 0. 0. 1. 1. 1. 1. 0. 1. 0. 0. 1. 1. 0. 0. 1.
 1. 1. 1. 0. 1. 0. 0. 1. 0. 1. 1. 0. 0. 1. 1. 1. 0. 0. 1. 1. 0. 0. 1. 1.
 0. 1. 0. 1. 1. 1. 0. 0. 1. 1. 1. 1. 1. 1. 1. 0. 1. 1. 0. 1. 1. 0. 0. 0.
 1. 0. 0. 0. 0. 0. 0. 0. 1. 1. 1. 1. 1. 0. 0. 1. 0. 1. 0. 1. 0. 1. 0. 0.
 1. 1. 1. 0. 1. 1. 0. 1. 0. 0. 1. 0. 1. 0. 0. 1. 0. 1. 0. 1. 1. 0. 1. 1.
 1. 0. 1. 0.]","[0. 1. 0. 0. 0. 1. 1. 1. 0. 0. 0. 0. 0. 1. 0. 0. 1. 1. 0. 0. 0. 0. 0. 1.
 0. 0. 1. 0. 1. 0. 0. 1. 0. 1. 1. 0. 0. 0. 1. 0. 0. 0. 1. 1. 1. 0. 1. 0.
 1. 0. 1. 1. 0. 1. 1. 1. 1. 0. 1. 0. 0. 1. 1. 1. 0. 0. 0. 1. 1. 0. 1. 1.
 0. 0. 1. 0. 0. 1. 0. 1. 0. 1. 1. 1. 0. 1. 0. 1. 1. 1. 1. 1. 1. 1. 1. 0.
 0. 0. 1. 1. 1. 0. 0. 1. 1. 1. 0. 0. 0. 1. 1. 1. 0. 0. 0. 0. 1. 1. 1. 0.
 1. 0. 0. 1. 1. 0. 0. 0. 0. 1. 0. 0. 1. 1. 0. 1. 1. 1. 0. 1. 1. 0. 1. 0.
 1. 1. 0. 0. 0. 1. 1. 0. 1. 1. 0. 1. 0. 0. 0. 1. 1. 1. 0. 1. 0. 1. 1. 0.
 1. 0. 0. 1. 1. 0. 0. 1. 0. 1. 1. 0. 0. 1. 0. 0. 1. 1. 0. 1. 1. 0. 0. 0.
 0. 1. 1. 0. 0. 1. 0. 0. 1. 0. 1. 1. 1. 0. 0. 0. 1. 1. 0. 0. 0. 0. 1. 0.
 0. 1. 0. 1. 1. 1. 1. 0. 0. 0. 0. 1. 1. 1. 1. 0. 1. 1. 1. 1. 0. 1. 0. 0.
 1. 0. 0. 1. 1. 1. 1. 1. 0. 0. 1. 1. 1. 0. 0. 1. 0. 1. 0. 0. 1. 0. 1. 0.
 1. 0. 0. 0.]"
496,randomforest,"{'criterion': 'gini', 'max_features': 'sqrt', 'n_estimators': 285}",0.5765771233171921,0.1994318703336036,0.1480409524579376,0.35551005943701797,0.5683699738135223,0.20419388387738857,0.5556670149773598,0.11194029850746268,0.5559701492537313,0.5559701492537313,"{0: 0.5847070617063934, 1: 0.5847070617063934}","{0: 0.5847070617063934, 1: 0.5847070617063934}",0.5847070617063934,"[[71 63]
 [56 78]]","[1. 0. 0. 0. 0. 1. 0. 1. 1. 0. 0. 0. 1. 0. 0. 0. 1. 0. 0. 0. 0. 1. 0. 0.
 0. 0. 1. 1. 1. 1. 1. 0. 0. 0. 1. 0. 1. 0. 1. 0. 1. 0. 1. 0. 0. 0. 1. 1.
 0. 0. 1. 0. 0. 1. 1. 1. 1. 1. 0. 1. 1. 0. 1. 1. 0. 0. 1. 1. 1. 1. 0. 0.
 1. 1. 0. 1. 1. 0. 0. 0. 0. 1. 1. 0. 0. 1. 0. 1. 1. 1. 1. 1. 0. 1. 1. 1.
 0. 0. 1. 1. 0. 1. 1. 0. 0. 0. 0. 1. 0. 1. 0. 0. 0. 1. 1. 0. 1. 0. 0. 0.
 0. 1. 1. 1. 1. 1. 1. 1. 1. 0. 0. 1. 1. 0. 1. 1. 0. 1. 0. 1. 0. 0. 0. 0.
 0. 0. 0. 0. 1. 1. 1. 0. 1. 1. 0. 1. 1. 0. 1. 0. 1. 1. 0. 0. 1. 1. 0. 1.
 1. 1. 0. 1. 1. 1. 0. 1. 1. 0. 1. 0. 0. 1. 1. 1. 0. 0. 1. 1. 0. 0. 1. 1.
 1. 1. 0. 1. 1. 1. 0. 0. 0. 0. 1. 1. 0. 1. 0. 0. 1. 1. 0. 1. 1. 1. 0. 0.
 1. 1. 0. 1. 0. 0. 0. 0. 1. 1. 1. 0. 0. 0. 1. 1. 1. 1. 1. 1. 0. 1. 0. 0.
 1. 1. 0. 0. 1. 1. 1. 1. 0. 1. 1. 0. 1. 0. 0. 1. 0. 1. 0. 1. 0. 0. 1. 1.
 1. 0. 1. 0.]","[0. 1. 0. 0. 0. 1. 1. 1. 0. 0. 0. 0. 0. 1. 0. 0. 1. 1. 0. 0. 0. 0. 0. 1.
 0. 0. 1. 0. 1. 0. 0. 1. 0. 1. 1. 0. 0. 0. 1. 0. 0. 0. 1. 1. 1. 0. 1. 0.
 1. 0. 1. 1. 0. 1. 1. 1. 1. 0. 1. 0. 0. 1. 1. 1. 0. 0. 0. 1. 1. 0. 1. 1.
 0. 0. 1. 0. 0. 1. 0. 1. 0. 1. 1. 1. 0. 1. 0. 1. 1. 1. 1. 1. 1. 1. 1. 0.
 0. 0. 1. 1. 1. 0. 0. 1. 1. 1. 0. 0. 0. 1. 1. 1. 0. 0. 0. 0. 1. 1. 1. 0.
 1. 0. 0. 1. 1. 0. 0. 0. 0. 1. 0. 0. 1. 1. 0. 1. 1. 1. 0. 1. 1. 0. 1. 0.
 1. 1. 0. 0. 0. 1. 1. 0. 1. 1. 0. 1. 0. 0. 0. 1. 1. 1. 0. 1. 0. 1. 1. 0.
 1. 0. 0. 1. 1. 0. 0. 1. 0. 1. 1. 0. 0. 1. 0. 0. 1. 1. 0. 1. 1. 0. 0. 0.
 0. 1. 1. 0. 0. 1. 0. 0. 1. 0. 1. 1. 1. 0. 0. 0. 1. 1. 0. 0. 0. 0. 1. 0.
 0. 1. 0. 1. 1. 1. 1. 0. 0. 0. 0. 1. 1. 1. 1. 0. 1. 1. 1. 1. 0. 1. 0. 0.
 1. 0. 0. 1. 1. 1. 1. 1. 0. 0. 1. 1. 1. 0. 0. 1. 0. 1. 0. 0. 1. 0. 1. 0.
 1. 0. 0. 0.]"
530,randomforest,"{'criterion': 'gini', 'max_features': 'log2', 'n_estimators': 545}",0.5761645145124746,0.18588623746384156,0.1480092085336114,0.32280776876506884,0.5712965611151095,0.18749859015620626,0.5558155406064151,0.11194029850746268,0.5559701492537313,0.5559701492537313,"{0: 0.5839273780351972, 1: 0.5839273780351972}","{0: 0.5839273780351972, 1: 0.5839273780351972}",0.5839273780351972,"[[72 62]
 [57 77]]","[1. 0. 0. 0. 0. 1. 0. 1. 1. 0. 0. 0. 1. 0. 0. 0. 1. 0. 0. 0. 0. 1. 0. 0.
 0. 0. 1. 1. 1. 1. 1. 0. 0. 0. 1. 0. 0. 0. 1. 0. 1. 0. 1. 1. 0. 0. 1. 1.
 0. 0. 1. 0. 1. 1. 1. 1. 1. 1. 0. 1. 1. 0. 1. 0. 0. 0. 1. 1. 1. 1. 0. 0.
 1. 1. 0. 1. 1. 0. 0. 0. 1. 1. 1. 0. 0. 1. 0. 1. 1. 1. 1. 1. 0. 1. 1. 1.
 0. 0. 0. 1. 0. 1. 1. 0. 0. 0. 0. 1. 0. 1. 0. 0. 0. 1. 1. 0. 1. 0. 0. 0.
 0. 1. 1. 1. 1. 1. 1. 1. 1. 0. 0. 1. 1. 0. 1. 1. 0. 1. 0. 1. 1. 0. 0. 0.
 0. 0. 0. 0. 1. 1. 1. 0. 1. 1. 0. 1. 1. 0. 1. 0. 1. 1. 0. 0. 1. 1. 0. 1.
 1. 1. 0. 1. 1. 0. 0. 1. 1. 0. 1. 0. 0. 0. 1. 1. 0. 0. 1. 1. 0. 0. 1. 1.
 1. 1. 1. 1. 1. 1. 0. 0. 0. 0. 1. 1. 0. 0. 0. 0. 1. 1. 0. 1. 1. 1. 0. 0.
 1. 1. 0. 1. 0. 0. 0. 0. 1. 1. 1. 0. 0. 0. 1. 1. 1. 1. 1. 1. 0. 1. 0. 0.
 1. 1. 0. 0. 1. 1. 1. 1. 0. 1. 1. 0. 1. 0. 0. 1. 0. 0. 0. 1. 0. 0. 1. 1.
 1. 0. 1. 0.]","[0. 1. 0. 0. 0. 1. 1. 1. 0. 0. 0. 0. 0. 1. 0. 0. 1. 1. 0. 0. 0. 0. 0. 1.
 0. 0. 1. 0. 1. 0. 0. 1. 0. 1. 1. 0. 0. 0. 1. 0. 0. 0. 1. 1. 1. 0. 1. 0.
 1. 0. 1. 1. 0. 1. 1. 1. 1. 0. 1. 0. 0. 1. 1. 1. 0. 0. 0. 1. 1. 0. 1. 1.
 0. 0. 1. 0. 0. 1. 0. 1. 0. 1. 1. 1. 0. 1. 0. 1. 1. 1. 1. 1. 1. 1. 1. 0.
 0. 0. 1. 1. 1. 0. 0. 1. 1. 1. 0. 0. 0. 1. 1. 1. 0. 0. 0. 0. 1. 1. 1. 0.
 1. 0. 0. 1. 1. 0. 0. 0. 0. 1. 0. 0. 1. 1. 0. 1. 1. 1. 0. 1. 1. 0. 1. 0.
 1. 1. 0. 0. 0. 1. 1. 0. 1. 1. 0. 1. 0. 0. 0. 1. 1. 1. 0. 1. 0. 1. 1. 0.
 1. 0. 0. 1. 1. 0. 0. 1. 0. 1. 1. 0. 0. 1. 0. 0. 1. 1. 0. 1. 1. 0. 0. 0.
 0. 1. 1. 0. 0. 1. 0. 0. 1. 0. 1. 1. 1. 0. 0. 0. 1. 1. 0. 0. 0. 0. 1. 0.
 0. 1. 0. 1. 1. 1. 1. 0. 0. 0. 0. 1. 1. 1. 1. 0. 1. 1. 1. 1. 0. 1. 0. 0.
 1. 0. 0. 1. 1. 1. 1. 1. 0. 0. 1. 1. 1. 0. 0. 1. 0. 1. 0. 0. 1. 0. 1. 0.
 1. 0. 0. 0.]"
970,randomforest,"{'criterion': 'gini', 'max_features': 'sqrt', 'n_estimators': 67}",0.5772963526968019,0.1720775004030867,0.14796320444509897,0.30582340375860384,0.5741897924357601,0.17419786539173776,0.56328082563824,0.12686567164179108,0.5634328358208955,0.5634328358208955,"{0: 0.5767988416128313, 1: 0.5767988416128313}","{0: 0.5767988416128313, 1: 0.5767988416128313}",0.5767988416128313,"[[73 61]
 [56 78]]","[1. 0. 0. 0. 0. 1. 0. 1. 1. 1. 0. 0. 1. 0. 0. 0. 1. 0. 0. 0. 1. 1. 0. 0.
 0. 0. 1. 1. 1. 1. 1. 0. 0. 0. 1. 1. 1. 0. 1. 0. 0. 1. 1. 0. 0. 0. 1. 0.
 0. 0. 1. 0. 1. 1. 1. 1. 1. 1. 0. 1. 1. 0. 1. 0. 0. 0. 1. 1. 1. 1. 0. 0.
 0. 1. 0. 1. 1. 0. 0. 0. 1. 1. 1. 0. 0. 1. 0. 1. 1. 1. 1. 1. 0. 1. 1. 1.
 0. 0. 1. 1. 0. 1. 0. 1. 0. 0. 0. 1. 0. 1. 0. 0. 0. 1. 1. 1. 1. 0. 0. 0.
 0. 1. 1. 1. 1. 1. 1. 1. 1. 0. 0. 0. 1. 0. 1. 0. 0. 0. 0. 1. 1. 0. 0. 0.
 0. 0. 0. 0. 1. 1. 1. 0. 1. 1. 0. 1. 1. 0. 1. 0. 1. 1. 0. 0. 1. 1. 0. 1.
 1. 1. 0. 1. 1. 0. 0. 1. 1. 0. 1. 0. 0. 0. 1. 1. 0. 0. 1. 1. 1. 0. 1. 1.
 0. 1. 1. 0. 1. 1. 0. 0. 0. 0. 1. 1. 0. 0. 0. 0. 1. 1. 0. 1. 1. 1. 0. 0.
 1. 1. 0. 1. 0. 0. 0. 0. 1. 1. 1. 0. 1. 1. 1. 1. 1. 1. 1. 1. 0. 1. 0. 0.
 1. 1. 0. 0. 1. 1. 0. 1. 0. 1. 1. 0. 1. 0. 0. 1. 0. 0. 0. 1. 0. 0. 1. 1.
 1. 0. 1. 0.]","[0. 1. 0. 0. 0. 1. 1. 1. 0. 0. 0. 0. 0. 1. 0. 0. 1. 1. 0. 0. 0. 0. 0. 1.
 0. 0. 1. 0. 1. 0. 0. 1. 0. 1. 1. 0. 0. 0. 1. 0. 0. 0. 1. 1. 1. 0. 1. 0.
 1. 0. 1. 1. 0. 1. 1. 1. 1. 0. 1. 0. 0. 1. 1. 1. 0. 0. 0. 1. 1. 0. 1. 1.
 0. 0. 1. 0. 0. 1. 0. 1. 0. 1. 1. 1. 0. 1. 0. 1. 1. 1. 1. 1. 1. 1. 1. 0.
 0. 0. 1. 1. 1. 0. 0. 1. 1. 1. 0. 0. 0. 1. 1. 1. 0. 0. 0. 0. 1. 1. 1. 0.
 1. 0. 0. 1. 1. 0. 0. 0. 0. 1. 0. 0. 1. 1. 0. 1. 1. 1. 0. 1. 1. 0. 1. 0.
 1. 1. 0. 0. 0. 1. 1. 0. 1. 1. 0. 1. 0. 0. 0. 1. 1. 1. 0. 1. 0. 1. 1. 0.
 1. 0. 0. 1. 1. 0. 0. 1. 0. 1. 1. 0. 0. 1. 0. 0. 1. 1. 0. 1. 1. 0. 0. 0.
 0. 1. 1. 0. 0. 1. 0. 0. 1. 0. 1. 1. 1. 0. 0. 0. 1. 1. 0. 0. 0. 0. 1. 0.
 0. 1. 0. 1. 1. 1. 1. 0. 0. 0. 0. 1. 1. 1. 1. 0. 1. 1. 1. 1. 0. 1. 0. 0.
 1. 0. 0. 1. 1. 1. 1. 1. 0. 0. 1. 1. 1. 0. 0. 1. 0. 1. 0. 0. 1. 0. 1. 0.
 1. 0. 0. 0.]"
351,randomforest,"{'criterion': 'gini', 'max_features': None, 'n_estimators': 173}",0.5689809518627691,0.18566418639633153,0.1478521287062297,0.3426071819886751,0.5587469579405063,0.193080486778456,0.5445478352928067,0.08955223880597019,0.5447761194029851,0.544776119402985,"{0: 0.5764925373134329, 1: 0.5764925373134328}","{0: 0.5764925373134329, 1: 0.5764925373134328}",0.5764925373134328,"[[70 64]
 [58 76]]","[1. 0. 0. 0. 0. 1. 0. 1. 1. 0. 0. 0. 1. 0. 0. 0. 0. 0. 0. 0. 0. 1. 0. 0.
 0. 0. 1. 1. 1. 1. 1. 0. 0. 0. 1. 1. 0. 0. 1. 0. 1. 0. 1. 0. 0. 0. 1. 0.
 0. 0. 1. 0. 0. 1. 1. 0. 1. 1. 0. 1. 1. 0. 1. 0. 0. 0. 1. 1. 1. 1. 0. 0.
 1. 1. 0. 1. 1. 0. 0. 0. 1. 1. 1. 0. 0. 1. 1. 1. 1. 1. 1. 1. 0. 1. 1. 1.
 0. 0. 1. 1. 0. 1. 1. 0. 0. 0. 0. 0. 0. 1. 0. 0. 0. 1. 1. 0. 1. 0. 0. 0.
 1. 1. 1. 1. 1. 1. 1. 1. 1. 0. 0. 1. 1. 0. 1. 1. 0. 1. 0. 1. 1. 0. 0. 0.
 0. 0. 0. 0. 1. 1. 1. 0. 1. 1. 0. 1. 1. 0. 1. 0. 1. 1. 0. 0. 1. 1. 0. 1.
 1. 1. 0. 1. 1. 0. 0. 1. 1. 0. 1. 0. 0. 1. 1. 1. 0. 0. 1. 1. 0. 0. 1. 1.
 1. 1. 0. 1. 0. 1. 0. 1. 0. 0. 1. 1. 0. 1. 0. 1. 1. 1. 0. 1. 1. 1. 0. 0.
 1. 1. 0. 0. 0. 0. 0. 0. 1. 1. 1. 0. 0. 0. 1. 1. 1. 1. 1. 1. 0. 1. 0. 0.
 1. 1. 0. 0. 1. 1. 1. 1. 0. 1. 1. 0. 1. 0. 0. 1. 0. 1. 0. 1. 0. 1. 1. 1.
 1. 0. 1. 0.]","[0. 1. 0. 0. 0. 1. 1. 1. 0. 0. 0. 0. 0. 1. 0. 0. 1. 1. 0. 0. 0. 0. 0. 1.
 0. 0. 1. 0. 1. 0. 0. 1. 0. 1. 1. 0. 0. 0. 1. 0. 0. 0. 1. 1. 1. 0. 1. 0.
 1. 0. 1. 1. 0. 1. 1. 1. 1. 0. 1. 0. 0. 1. 1. 1. 0. 0. 0. 1. 1. 0. 1. 1.
 0. 0. 1. 0. 0. 1. 0. 1. 0. 1. 1. 1. 0. 1. 0. 1. 1. 1. 1. 1. 1. 1. 1. 0.
 0. 0. 1. 1. 1. 0. 0. 1. 1. 1. 0. 0. 0. 1. 1. 1. 0. 0. 0. 0. 1. 1. 1. 0.
 1. 0. 0. 1. 1. 0. 0. 0. 0. 1. 0. 0. 1. 1. 0. 1. 1. 1. 0. 1. 1. 0. 1. 0.
 1. 1. 0. 0. 0. 1. 1. 0. 1. 1. 0. 1. 0. 0. 0. 1. 1. 1. 0. 1. 0. 1. 1. 0.
 1. 0. 0. 1. 1. 0. 0. 1. 0. 1. 1. 0. 0. 1. 0. 0. 1. 1. 0. 1. 1. 0. 0. 0.
 0. 1. 1. 0. 0. 1. 0. 0. 1. 0. 1. 1. 1. 0. 0. 0. 1. 1. 0. 0. 0. 0. 1. 0.
 0. 1. 0. 1. 1. 1. 1. 0. 0. 0. 0. 1. 1. 1. 1. 0. 1. 1. 1. 1. 0. 1. 0. 0.
 1. 0. 0. 1. 1. 1. 1. 1. 0. 0. 1. 1. 1. 0. 0. 1. 0. 1. 0. 0. 1. 0. 1. 0.
 1. 0. 0. 0.]"
658,randomforest,"{'criterion': 'gini', 'max_features': None, 'n_estimators': 281}",0.5783273384307145,0.19926704284381863,0.14736784734795946,0.3714592039707755,0.5697684633168504,0.20309922055971813,0.5590876136300262,0.11940298507462688,0.5597014925373134,0.5597014925373134,"{0: 0.5876308754733794, 1: 0.5876308754733792}","{0: 0.5876308754733794, 1: 0.5876308754733792}",0.5876308754733792,"[[70 64]
 [54 80]]","[1. 0. 0. 0. 0. 1. 0. 1. 1. 0. 0. 0. 1. 0. 0. 0. 0. 0. 0. 0. 0. 1. 0. 0.
 0. 0. 1. 1. 1. 1. 1. 0. 0. 0. 1. 0. 0. 0. 1. 0. 1. 0. 1. 1. 0. 1. 1. 0.
 0. 0. 1. 0. 0. 1. 1. 1. 1. 1. 0. 1. 1. 0. 1. 0. 0. 0. 1. 1. 1. 1. 0. 0.
 1. 1. 0. 1. 1. 0. 0. 0. 1. 1. 1. 0. 0. 1. 1. 1. 1. 1. 1. 1. 0. 1. 1. 1.
 0. 0. 1. 1. 0. 1. 1. 1. 0. 0. 0. 1. 0. 1. 0. 0. 0. 1. 1. 0. 1. 0. 0. 0.
 1. 1. 1. 1. 1. 1. 1. 1. 1. 0. 0. 1. 1. 0. 1. 1. 0. 1. 0. 1. 1. 0. 1. 0.
 0. 0. 0. 0. 1. 1. 1. 0. 1. 1. 0. 1. 1. 0. 1. 0. 1. 1. 0. 0. 1. 1. 0. 1.
 1. 1. 0. 1. 1. 0. 0. 1. 1. 0. 1. 0. 0. 1. 1. 1. 0. 0. 1. 1. 0. 0. 1. 1.
 0. 1. 0. 1. 1. 1. 0. 1. 0. 0. 1. 1. 0. 1. 0. 1. 1. 1. 0. 1. 1. 1. 0. 0.
 1. 1. 0. 0. 0. 0. 0. 0. 1. 1. 1. 0. 0. 0. 1. 1. 1. 1. 1. 1. 0. 1. 0. 0.
 1. 1. 0. 0. 1. 1. 1. 1. 0. 1. 1. 0. 1. 0. 0. 1. 0. 1. 0. 1. 0. 0. 1. 1.
 1. 0. 1. 0.]","[0. 1. 0. 0. 0. 1. 1. 1. 0. 0. 0. 0. 0. 1. 0. 0. 1. 1. 0. 0. 0. 0. 0. 1.
 0. 0. 1. 0. 1. 0. 0. 1. 0. 1. 1. 0. 0. 0. 1. 0. 0. 0. 1. 1. 1. 0. 1. 0.
 1. 0. 1. 1. 0. 1. 1. 1. 1. 0. 1. 0. 0. 1. 1. 1. 0. 0. 0. 1. 1. 0. 1. 1.
 0. 0. 1. 0. 0. 1. 0. 1. 0. 1. 1. 1. 0. 1. 0. 1. 1. 1. 1. 1. 1. 1. 1. 0.
 0. 0. 1. 1. 1. 0. 0. 1. 1. 1. 0. 0. 0. 1. 1. 1. 0. 0. 0. 0. 1. 1. 1. 0.
 1. 0. 0. 1. 1. 0. 0. 0. 0. 1. 0. 0. 1. 1. 0. 1. 1. 1. 0. 1. 1. 0. 1. 0.
 1. 1. 0. 0. 0. 1. 1. 0. 1. 1. 0. 1. 0. 0. 0. 1. 1. 1. 0. 1. 0. 1. 1. 0.
 1. 0. 0. 1. 1. 0. 0. 1. 0. 1. 1. 0. 0. 1. 0. 0. 1. 1. 0. 1. 1. 0. 0. 0.
 0. 1. 1. 0. 0. 1. 0. 0. 1. 0. 1. 1. 1. 0. 0. 0. 1. 1. 0. 0. 0. 0. 1. 0.
 0. 1. 0. 1. 1. 1. 1. 0. 0. 0. 0. 1. 1. 1. 1. 0. 1. 1. 1. 1. 0. 1. 0. 0.
 1. 0. 0. 1. 1. 1. 1. 1. 0. 0. 1. 1. 1. 0. 0. 1. 0. 1. 0. 0. 1. 0. 1. 0.
 1. 0. 0. 0.]"
838,randomforest,"{'criterion': 'gini', 'max_features': 'sqrt', 'n_estimators': 425}",0.5733589620899867,0.19571653359489374,0.14718150725057763,0.3646502810301408,0.5679847127931805,0.19860170143558203,0.5556670149773598,0.11194029850746268,0.5559701492537313,0.5559701492537313,"{0: 0.5837046112719982, 1: 0.5837046112719981}","{0: 0.5837046112719982, 1: 0.5837046112719981}",0.5837046112719981,"[[71 63]
 [56 78]]","[1. 0. 0. 0. 0. 1. 0. 1. 1. 0. 0. 0. 1. 0. 0. 0. 1. 0. 0. 0. 0. 1. 0. 0.
 0. 0. 1. 1. 1. 1. 1. 0. 0. 0. 1. 1. 0. 0. 1. 0. 1. 0. 1. 0. 0. 1. 1. 0.
 0. 0. 1. 0. 0. 1. 1. 1. 1. 1. 0. 1. 0. 0. 1. 0. 0. 0. 1. 1. 1. 1. 0. 0.
 1. 1. 0. 1. 1. 0. 1. 0. 1. 1. 1. 0. 0. 1. 0. 1. 1. 1. 1. 1. 0. 1. 1. 1.
 0. 0. 1. 1. 0. 1. 1. 0. 0. 0. 0. 1. 0. 1. 0. 0. 0. 1. 1. 0. 1. 0. 0. 0.
 0. 1. 1. 1. 1. 1. 1. 1. 1. 0. 0. 1. 1. 0. 1. 1. 0. 1. 0. 1. 1. 0. 0. 0.
 0. 0. 0. 0. 1. 1. 1. 0. 1. 1. 0. 1. 1. 0. 1. 0. 1. 1. 0. 0. 1. 1. 0. 1.
 1. 1. 0. 1. 1. 0. 0. 1. 1. 0. 1. 0. 0. 1. 1. 1. 0. 0. 1. 1. 0. 0. 1. 1.
 1. 1. 0. 1. 1. 1. 0. 1. 0. 0. 1. 1. 0. 0. 0. 0. 1. 1. 0. 1. 1. 1. 0. 0.
 1. 1. 0. 1. 0. 0. 0. 0. 1. 1. 1. 0. 1. 0. 1. 1. 1. 1. 1. 1. 0. 1. 0. 0.
 1. 1. 0. 0. 1. 1. 1. 1. 0. 1. 1. 0. 1. 0. 0. 1. 0. 0. 0. 1. 0. 0. 1. 1.
 1. 0. 1. 0.]","[0. 1. 0. 0. 0. 1. 1. 1. 0. 0. 0. 0. 0. 1. 0. 0. 1. 1. 0. 0. 0. 0. 0. 1.
 0. 0. 1. 0. 1. 0. 0. 1. 0. 1. 1. 0. 0. 0. 1. 0. 0. 0. 1. 1. 1. 0. 1. 0.
 1. 0. 1. 1. 0. 1. 1. 1. 1. 0. 1. 0. 0. 1. 1. 1. 0. 0. 0. 1. 1. 0. 1. 1.
 0. 0. 1. 0. 0. 1. 0. 1. 0. 1. 1. 1. 0. 1. 0. 1. 1. 1. 1. 1. 1. 1. 1. 0.
 0. 0. 1. 1. 1. 0. 0. 1. 1. 1. 0. 0. 0. 1. 1. 1. 0. 0. 0. 0. 1. 1. 1. 0.
 1. 0. 0. 1. 1. 0. 0. 0. 0. 1. 0. 0. 1. 1. 0. 1. 1. 1. 0. 1. 1. 0. 1. 0.
 1. 1. 0. 0. 0. 1. 1. 0. 1. 1. 0. 1. 0. 0. 0. 1. 1. 1. 0. 1. 0. 1. 1. 0.
 1. 0. 0. 1. 1. 0. 0. 1. 0. 1. 1. 0. 0. 1. 0. 0. 1. 1. 0. 1. 1. 0. 0. 0.
 0. 1. 1. 0. 0. 1. 0. 0. 1. 0. 1. 1. 1. 0. 0. 0. 1. 1. 0. 0. 0. 0. 1. 0.
 0. 1. 0. 1. 1. 1. 1. 0. 0. 0. 0. 1. 1. 1. 1. 0. 1. 1. 1. 1. 0. 1. 0. 0.
 1. 0. 0. 1. 1. 1. 1. 1. 0. 0. 1. 1. 1. 0. 0. 1. 0. 1. 0. 0. 1. 0. 1. 0.
 1. 0. 0. 0.]"
107,randomforest,"{'criterion': 'entropy', 'max_features': 'sqrt', 'n_estimators': 465}",0.580066946439759,0.19351133627964454,0.14711897729809323,0.3457063768967203,0.5720884215843892,0.19372544846376344,0.5481992337164752,0.09701492537313428,0.5485074626865671,0.5485074626865671,"{0: 0.5865448875027847, 1: 0.5865448875027846}","{0: 0.5865448875027847, 1: 0.5865448875027846}",0.5865448875027846,"[[70 64]
 [57 77]]","[1. 0. 0. 0. 0. 1. 0. 1. 1. 0. 0. 0. 1. 0. 0. 0. 1. 0. 0. 1. 0. 1. 0. 0.
 0. 0. 1. 1. 1. 1. 1. 0. 0. 0. 1. 1. 0. 0. 1. 0. 0. 0. 1. 0. 0. 0. 1. 0.
 0. 0. 1. 0. 1. 1. 1. 1. 1. 1. 0. 1. 1. 0. 1. 0. 0. 0. 1. 1. 1. 1. 0. 0.
 1. 1. 0. 1. 1. 0. 1. 0. 1. 1. 1. 0. 0. 1. 0. 1. 1. 1. 1. 1. 0. 1. 1. 1.
 0. 0. 1. 1. 0. 1. 1. 1. 1. 0. 0. 1. 0. 1. 0. 0. 0. 1. 1. 0. 1. 0. 0. 0.
 0. 1. 1. 1. 1. 1. 1. 1. 1. 0. 0. 1. 1. 0. 1. 1. 0. 1. 0. 1. 0. 0. 1. 0.
 0. 0. 0. 0. 1. 1. 1. 0. 1. 0. 0. 1. 1. 0. 1. 0. 1. 1. 0. 0. 1. 1. 0. 1.
 1. 1. 0. 1. 1. 1. 0. 1. 1. 0. 1. 0. 0. 0. 1. 1. 0. 0. 1. 1. 0. 0. 1. 1.
 1. 1. 1. 0. 1. 1. 0. 1. 0. 0. 1. 1. 0. 0. 0. 0. 1. 1. 0. 1. 1. 1. 0. 0.
 1. 1. 0. 0. 0. 0. 0. 0. 1. 1. 1. 0. 0. 0. 0. 1. 1. 1. 1. 1. 0. 1. 0. 0.
 1. 1. 0. 0. 1. 1. 1. 1. 0. 1. 1. 0. 1. 0. 0. 1. 0. 1. 0. 1. 0. 0. 1. 1.
 1. 0. 1. 0.]","[0. 1. 0. 0. 0. 1. 1. 1. 0. 0. 0. 0. 0. 1. 0. 0. 1. 1. 0. 0. 0. 0. 0. 1.
 0. 0. 1. 0. 1. 0. 0. 1. 0. 1. 1. 0. 0. 0. 1. 0. 0. 0. 1. 1. 1. 0. 1. 0.
 1. 0. 1. 1. 0. 1. 1. 1. 1. 0. 1. 0. 0. 1. 1. 1. 0. 0. 0. 1. 1. 0. 1. 1.
 0. 0. 1. 0. 0. 1. 0. 1. 0. 1. 1. 1. 0. 1. 0. 1. 1. 1. 1. 1. 1. 1. 1. 0.
 0. 0. 1. 1. 1. 0. 0. 1. 1. 1. 0. 0. 0. 1. 1. 1. 0. 0. 0. 0. 1. 1. 1. 0.
 1. 0. 0. 1. 1. 0. 0. 0. 0. 1. 0. 0. 1. 1. 0. 1. 1. 1. 0. 1. 1. 0. 1. 0.
 1. 1. 0. 0. 0. 1. 1. 0. 1. 1. 0. 1. 0. 0. 0. 1. 1. 1. 0. 1. 0. 1. 1. 0.
 1. 0. 0. 1. 1. 0. 0. 1. 0. 1. 1. 0. 0. 1. 0. 0. 1. 1. 0. 1. 1. 0. 0. 0.
 0. 1. 1. 0. 0. 1. 0. 0. 1. 0. 1. 1. 1. 0. 0. 0. 1. 1. 0. 0. 0. 0. 1. 0.
 0. 1. 0. 1. 1. 1. 1. 0. 0. 0. 0. 1. 1. 1. 1. 0. 1. 1. 1. 1. 0. 1. 0. 0.
 1. 0. 0. 1. 1. 1. 1. 1. 0. 0. 1. 1. 1. 0. 0. 1. 0. 1. 0. 0. 1. 0. 1. 0.
 1. 0. 0. 0.]"
457,randomforest,"{'criterion': 'gini', 'max_features': 'sqrt', 'n_estimators': 343}",0.573851502089168,0.18429030434485294,0.14688808882600682,0.3371508165888195,0.5685808740244224,0.1883954422689194,0.5556670149773598,0.11194029850746268,0.5559701492537313,0.5559701492537313,"{0: 0.5794720427712186, 1: 0.5794720427712186}","{0: 0.5794720427712186, 1: 0.5794720427712186}",0.5794720427712186,"[[71 63]
 [56 78]]","[1. 0. 0. 0. 0. 1. 0. 1. 1. 0. 0. 0. 1. 0. 0. 0. 1. 0. 0. 0. 0. 1. 0. 0.
 0. 0. 1. 1. 1. 1. 1. 0. 0. 0. 1. 0. 0. 0. 1. 0. 0. 0. 1. 0. 0. 0. 1. 1.
 0. 0. 1. 0. 1. 1. 1. 1. 1. 1. 0. 1. 1. 0. 1. 0. 0. 0. 1. 1. 1. 1. 0. 0.
 1. 1. 0. 1. 1. 0. 1. 0. 1. 1. 1. 0. 0. 1. 0. 1. 1. 1. 1. 1. 0. 1. 1. 1.
 0. 0. 1. 1. 0. 1. 1. 0. 0. 0. 0. 1. 0. 1. 0. 0. 0. 1. 1. 1. 1. 0. 0. 0.
 0. 1. 1. 1. 1. 1. 1. 1. 1. 0. 0. 1. 1. 0. 1. 1. 0. 1. 0. 1. 1. 0. 0. 0.
 0. 0. 0. 0. 1. 1. 1. 0. 1. 1. 0. 1. 1. 0. 1. 0. 1. 1. 0. 0. 1. 1. 0. 1.
 1. 1. 0. 1. 1. 0. 0. 1. 1. 0. 1. 0. 0. 0. 1. 1. 0. 0. 1. 1. 0. 0. 1. 1.
 1. 1. 1. 1. 1. 1. 0. 0. 0. 0. 1. 1. 0. 0. 0. 0. 1. 1. 0. 1. 1. 1. 0. 0.
 1. 1. 0. 0. 0. 0. 0. 0. 1. 1. 1. 0. 1. 0. 1. 1. 1. 1. 1. 1. 0. 1. 0. 0.
 1. 1. 0. 0. 1. 1. 1. 1. 0. 1. 1. 0. 1. 0. 0. 1. 0. 1. 0. 1. 0. 0. 1. 1.
 1. 0. 1. 0.]","[0. 1. 0. 0. 0. 1. 1. 1. 0. 0. 0. 0. 0. 1. 0. 0. 1. 1. 0. 0. 0. 0. 0. 1.
 0. 0. 1. 0. 1. 0. 0. 1. 0. 1. 1. 0. 0. 0. 1. 0. 0. 0. 1. 1. 1. 0. 1. 0.
 1. 0. 1. 1. 0. 1. 1. 1. 1. 0. 1. 0. 0. 1. 1. 1. 0. 0. 0. 1. 1. 0. 1. 1.
 0. 0. 1. 0. 0. 1. 0. 1. 0. 1. 1. 1. 0. 1. 0. 1. 1. 1. 1. 1. 1. 1. 1. 0.
 0. 0. 1. 1. 1. 0. 0. 1. 1. 1. 0. 0. 0. 1. 1. 1. 0. 0. 0. 0. 1. 1. 1. 0.
 1. 0. 0. 1. 1. 0. 0. 0. 0. 1. 0. 0. 1. 1. 0. 1. 1. 1. 0. 1. 1. 0. 1. 0.
 1. 1. 0. 0. 0. 1. 1. 0. 1. 1. 0. 1. 0. 0. 0. 1. 1. 1. 0. 1. 0. 1. 1. 0.
 1. 0. 0. 1. 1. 0. 0. 1. 0. 1. 1. 0. 0. 1. 0. 0. 1. 1. 0. 1. 1. 0. 0. 0.
 0. 1. 1. 0. 0. 1. 0. 0. 1. 0. 1. 1. 1. 0. 0. 0. 1. 1. 0. 0. 0. 0. 1. 0.
 0. 1. 0. 1. 1. 1. 1. 0. 0. 0. 0. 1. 1. 1. 1. 0. 1. 1. 1. 1. 0. 1. 0. 0.
 1. 0. 0. 1. 1. 1. 1. 1. 0. 0. 1. 1. 1. 0. 0. 1. 0. 1. 0. 0. 1. 0. 1. 0.
 1. 0. 0. 0.]"
465,AdaBoost,"{'algorithm': 'SAMME', 'learning_rate': 0.6714285714285714, 'n_estimators': 41}",0.5584815806401703,0.1451778661667498,0.14687946109067865,0.25865573473730813,0.5572921571409475,0.14790660330492156,0.5312259490925374,0.06716417910447758,0.5335820895522388,0.5335820895522387,"{0: 0.560815326353308, 1: 0.5608153263533081}","{0: 0.560815326353308, 1: 0.5608153263533081}",0.5608153263533081,"[[62 72]
 [53 81]]","[1. 0. 1. 0. 0. 1. 1. 1. 1. 0. 0. 1. 1. 0. 1. 0. 0. 0. 0. 1. 1. 1. 1. 0.
 1. 1. 1. 1. 1. 1. 1. 0. 0. 0. 1. 0. 1. 1. 0. 1. 0. 0. 1. 1. 0. 0. 1. 1.
 0. 0. 1. 0. 0. 0. 0. 1. 0. 1. 0. 1. 0. 1. 1. 1. 0. 0. 0. 1. 1. 1. 0. 1.
 1. 1. 0. 1. 1. 0. 1. 0. 0. 1. 1. 0. 0. 1. 0. 1. 1. 0. 1. 1. 0. 1. 1. 1.
 0. 0. 1. 0. 0. 1. 0. 1. 1. 1. 0. 1. 1. 1. 0. 0. 0. 0. 1. 0. 1. 1. 0. 1.
 0. 1. 0. 1. 0. 1. 1. 1. 0. 0. 0. 0. 1. 0. 1. 1. 0. 0. 1. 0. 0. 1. 1. 1.
 1. 1. 1. 1. 1. 1. 1. 0. 1. 1. 0. 1. 1. 0. 1. 1. 1. 1. 0. 1. 1. 0. 0. 0.
 1. 1. 1. 1. 1. 0. 1. 1. 0. 1. 0. 1. 0. 0. 0. 1. 1. 0. 1. 1. 1. 1. 1. 1.
 1. 1. 0. 0. 1. 1. 0. 0. 0. 0. 1. 1. 1. 0. 1. 0. 0. 0. 0. 1. 1. 1. 1. 0.
 1. 0. 0. 1. 0. 1. 0. 1. 0. 1. 1. 0. 0. 0. 0. 0. 1. 1. 1. 1. 0. 1. 0. 0.
 1. 0. 0. 1. 1. 1. 0. 1. 0. 0. 1. 1. 1. 1. 0. 1. 1. 1. 0. 1. 0. 1. 1. 1.
 1. 0. 1. 0.]","[0. 1. 0. 0. 0. 1. 1. 1. 0. 0. 0. 0. 0. 1. 0. 0. 1. 1. 0. 0. 0. 0. 0. 1.
 0. 0. 1. 0. 1. 0. 0. 1. 0. 1. 1. 0. 0. 0. 1. 0. 0. 0. 1. 1. 1. 0. 1. 0.
 1. 0. 1. 1. 0. 1. 1. 1. 1. 0. 1. 0. 0. 1. 1. 1. 0. 0. 0. 1. 1. 0. 1. 1.
 0. 0. 1. 0. 0. 1. 0. 1. 0. 1. 1. 1. 0. 1. 0. 1. 1. 1. 1. 1. 1. 1. 1. 0.
 0. 0. 1. 1. 1. 0. 0. 1. 1. 1. 0. 0. 0. 1. 1. 1. 0. 0. 0. 0. 1. 1. 1. 0.
 1. 0. 0. 1. 1. 0. 0. 0. 0. 1. 0. 0. 1. 1. 0. 1. 1. 1. 0. 1. 1. 0. 1. 0.
 1. 1. 0. 0. 0. 1. 1. 0. 1. 1. 0. 1. 0. 0. 0. 1. 1. 1. 0. 1. 0. 1. 1. 0.
 1. 0. 0. 1. 1. 0. 0. 1. 0. 1. 1. 0. 0. 1. 0. 0. 1. 1. 0. 1. 1. 0. 0. 0.
 0. 1. 1. 0. 0. 1. 0. 0. 1. 0. 1. 1. 1. 0. 0. 0. 1. 1. 0. 0. 0. 0. 1. 0.
 0. 1. 0. 1. 1. 1. 1. 0. 0. 0. 0. 1. 1. 1. 1. 0. 1. 1. 1. 1. 0. 1. 0. 0.
 1. 0. 0. 1. 1. 1. 1. 1. 0. 0. 1. 1. 1. 0. 0. 1. 0. 1. 0. 0. 1. 0. 1. 0.
 1. 0. 0. 0.]"
956,randomforest,"{'criterion': 'gini', 'max_features': 'sqrt', 'n_estimators': 217}",0.5751728795134867,0.18385278880180467,0.14651190395041816,0.33448224709958524,0.5696628360438843,0.18943607440725566,0.5520142642224327,0.10447761194029848,0.5522388059701493,0.5522388059701493,"{0: 0.5853753619959903, 1: 0.5853753619959903}","{0: 0.5853753619959903, 1: 0.5853753619959903}",0.5853753619959903,"[[71 63]
 [57 77]]","[1. 0. 0. 0. 0. 1. 0. 1. 1. 0. 0. 0. 1. 0. 0. 0. 1. 0. 0. 0. 0. 1. 0. 0.
 0. 0. 1. 1. 1. 1. 1. 0. 0. 0. 1. 0. 0. 0. 1. 0. 0. 0. 1. 0. 0. 0. 1. 1.
 0. 0. 1. 0. 1. 1. 1. 1. 1. 1. 0. 1. 1. 0. 1. 0. 0. 0. 1. 1. 1. 1. 0. 0.
 1. 1. 0. 1. 1. 0. 1. 0. 1. 1. 1. 0. 0. 1. 0. 1. 1. 1. 1. 1. 0. 1. 1. 1.
 0. 0. 1. 1. 0. 1. 0. 0. 0. 0. 0. 1. 0. 1. 0. 0. 0. 1. 1. 1. 1. 0. 0. 0.
 0. 1. 1. 1. 1. 1. 1. 1. 1. 0. 0. 1. 1. 0. 1. 1. 0. 1. 0. 1. 0. 0. 0. 0.
 0. 0. 0. 0. 1. 1. 1. 0. 1. 1. 0. 1. 1. 0. 1. 0. 1. 1. 0. 0. 1. 1. 0. 1.
 1. 1. 0. 1. 1. 1. 0. 1. 1. 0. 1. 0. 0. 0. 1. 1. 0. 0. 1. 1. 0. 0. 1. 1.
 1. 1. 1. 0. 1. 1. 0. 1. 0. 0. 1. 1. 0. 0. 0. 0. 1. 1. 0. 1. 1. 1. 1. 0.
 1. 1. 1. 1. 0. 0. 0. 0. 1. 1. 1. 0. 0. 0. 1. 1. 1. 1. 1. 1. 0. 1. 0. 0.
 1. 1. 0. 0. 1. 1. 0. 1. 0. 0. 1. 0. 1. 0. 0. 1. 0. 1. 0. 1. 0. 0. 1. 1.
 1. 0. 1. 0.]","[0. 1. 0. 0. 0. 1. 1. 1. 0. 0. 0. 0. 0. 1. 0. 0. 1. 1. 0. 0. 0. 0. 0. 1.
 0. 0. 1. 0. 1. 0. 0. 1. 0. 1. 1. 0. 0. 0. 1. 0. 0. 0. 1. 1. 1. 0. 1. 0.
 1. 0. 1. 1. 0. 1. 1. 1. 1. 0. 1. 0. 0. 1. 1. 1. 0. 0. 0. 1. 1. 0. 1. 1.
 0. 0. 1. 0. 0. 1. 0. 1. 0. 1. 1. 1. 0. 1. 0. 1. 1. 1. 1. 1. 1. 1. 1. 0.
 0. 0. 1. 1. 1. 0. 0. 1. 1. 1. 0. 0. 0. 1. 1. 1. 0. 0. 0. 0. 1. 1. 1. 0.
 1. 0. 0. 1. 1. 0. 0. 0. 0. 1. 0. 0. 1. 1. 0. 1. 1. 1. 0. 1. 1. 0. 1. 0.
 1. 1. 0. 0. 0. 1. 1. 0. 1. 1. 0. 1. 0. 0. 0. 1. 1. 1. 0. 1. 0. 1. 1. 0.
 1. 0. 0. 1. 1. 0. 0. 1. 0. 1. 1. 0. 0. 1. 0. 0. 1. 1. 0. 1. 1. 0. 0. 0.
 0. 1. 1. 0. 0. 1. 0. 0. 1. 0. 1. 1. 1. 0. 0. 0. 1. 1. 0. 0. 0. 0. 1. 0.
 0. 1. 0. 1. 1. 1. 1. 0. 0. 0. 0. 1. 1. 1. 1. 0. 1. 1. 1. 1. 0. 1. 0. 0.
 1. 0. 0. 1. 1. 1. 1. 1. 0. 0. 1. 1. 1. 0. 0. 1. 0. 1. 0. 0. 1. 0. 1. 0.
 1. 0. 0. 0.]"
808,randomforest,"{'criterion': 'gini', 'max_features': 'sqrt', 'n_estimators': 395}",0.5765052813769344,0.18976805909475108,0.14634949261918978,0.3490835372148539,0.5670985022295506,0.19797211221968855,0.555468826226949,0.11194029850746268,0.5559701492537313,0.5559701492537313,"{0: 0.5825907774560036, 1: 0.5825907774560036}","{0: 0.5825907774560036, 1: 0.5825907774560036}",0.5825907774560036,"[[70 64]
 [55 79]]","[1. 0. 0. 0. 0. 1. 0. 1. 1. 0. 0. 0. 1. 0. 0. 0. 1. 0. 0. 0. 0. 1. 0. 0.
 0. 0. 1. 1. 1. 1. 1. 0. 0. 0. 1. 0. 1. 0. 1. 0. 1. 0. 1. 0. 0. 0. 1. 1.
 0. 0. 1. 0. 1. 1. 1. 1. 1. 1. 0. 1. 1. 0. 1. 0. 0. 0. 1. 1. 1. 1. 0. 0.
 1. 1. 0. 1. 1. 0. 1. 0. 1. 1. 1. 0. 0. 1. 0. 1. 1. 1. 1. 1. 0. 1. 1. 1.
 0. 0. 0. 1. 0. 1. 1. 0. 0. 0. 0. 1. 0. 1. 0. 0. 0. 1. 1. 0. 1. 0. 0. 0.
 0. 1. 1. 1. 1. 1. 1. 1. 1. 0. 0. 1. 1. 0. 1. 1. 0. 1. 0. 1. 1. 0. 1. 0.
 1. 0. 0. 0. 1. 1. 1. 0. 1. 0. 0. 1. 1. 0. 1. 0. 1. 1. 0. 0. 1. 1. 0. 1.
 1. 1. 0. 1. 1. 1. 0. 1. 1. 0. 1. 0. 0. 1. 1. 1. 0. 0. 1. 1. 0. 0. 1. 1.
 1. 1. 1. 0. 1. 1. 0. 0. 0. 0. 1. 1. 0. 0. 0. 0. 1. 1. 0. 1. 1. 1. 0. 0.
 1. 1. 0. 0. 0. 0. 0. 0. 1. 1. 1. 0. 1. 0. 1. 1. 1. 1. 1. 1. 0. 1. 0. 0.
 1. 1. 0. 0. 1. 1. 1. 1. 0. 1. 1. 0. 1. 0. 0. 1. 0. 1. 0. 1. 0. 0. 1. 1.
 1. 0. 1. 0.]","[0. 1. 0. 0. 0. 1. 1. 1. 0. 0. 0. 0. 0. 1. 0. 0. 1. 1. 0. 0. 0. 0. 0. 1.
 0. 0. 1. 0. 1. 0. 0. 1. 0. 1. 1. 0. 0. 0. 1. 0. 0. 0. 1. 1. 1. 0. 1. 0.
 1. 0. 1. 1. 0. 1. 1. 1. 1. 0. 1. 0. 0. 1. 1. 1. 0. 0. 0. 1. 1. 0. 1. 1.
 0. 0. 1. 0. 0. 1. 0. 1. 0. 1. 1. 1. 0. 1. 0. 1. 1. 1. 1. 1. 1. 1. 1. 0.
 0. 0. 1. 1. 1. 0. 0. 1. 1. 1. 0. 0. 0. 1. 1. 1. 0. 0. 0. 0. 1. 1. 1. 0.
 1. 0. 0. 1. 1. 0. 0. 0. 0. 1. 0. 0. 1. 1. 0. 1. 1. 1. 0. 1. 1. 0. 1. 0.
 1. 1. 0. 0. 0. 1. 1. 0. 1. 1. 0. 1. 0. 0. 0. 1. 1. 1. 0. 1. 0. 1. 1. 0.
 1. 0. 0. 1. 1. 0. 0. 1. 0. 1. 1. 0. 0. 1. 0. 0. 1. 1. 0. 1. 1. 0. 0. 0.
 0. 1. 1. 0. 0. 1. 0. 0. 1. 0. 1. 1. 1. 0. 0. 0. 1. 1. 0. 0. 0. 0. 1. 0.
 0. 1. 0. 1. 1. 1. 1. 0. 0. 0. 0. 1. 1. 1. 1. 0. 1. 1. 1. 1. 0. 1. 0. 0.
 1. 0. 0. 1. 1. 1. 1. 1. 0. 0. 1. 1. 1. 0. 0. 1. 0. 1. 0. 0. 1. 0. 1. 0.
 1. 0. 0. 0.]"
799,randomforest,"{'criterion': 'gini', 'max_features': 'sqrt', 'n_estimators': 279}",0.5738661184640786,0.18294790808082603,0.1461148881003004,0.3398814811381921,0.5646321607007091,0.1959583204587929,0.5521390374331551,0.10447761194029848,0.5522388059701493,0.5522388059701493,"{0: 0.5892737803519714, 1: 0.5892737803519714}","{0: 0.5892737803519714, 1: 0.5892737803519714}",0.5892737803519714,"[[72 62]
 [58 76]]","[1. 0. 0. 0. 0. 1. 0. 1. 1. 0. 1. 0. 1. 0. 0. 0. 0. 0. 0. 0. 0. 1. 0. 0.
 0. 0. 1. 1. 1. 1. 1. 0. 0. 0. 1. 1. 1. 0. 1. 0. 1. 0. 1. 0. 0. 0. 1. 0.
 0. 0. 1. 0. 1. 1. 1. 1. 1. 1. 0. 1. 1. 0. 1. 1. 0. 0. 1. 1. 1. 1. 0. 0.
 1. 1. 0. 1. 1. 0. 0. 0. 1. 1. 1. 0. 0. 1. 0. 1. 1. 1. 1. 1. 0. 1. 1. 1.
 0. 0. 1. 1. 0. 1. 0. 1. 0. 0. 0. 1. 0. 1. 0. 0. 0. 1. 1. 0. 1. 0. 0. 0.
 0. 1. 1. 1. 1. 1. 1. 1. 1. 0. 0. 1. 1. 0. 1. 1. 0. 1. 0. 1. 0. 0. 0. 0.
 1. 0. 0. 0. 1. 1. 1. 0. 1. 0. 0. 1. 1. 0. 1. 0. 1. 1. 0. 0. 1. 1. 0. 1.
 1. 1. 1. 1. 1. 0. 0. 1. 1. 0. 1. 0. 0. 1. 1. 1. 0. 0. 1. 1. 0. 0. 1. 1.
 1. 1. 1. 0. 1. 1. 0. 1. 0. 0. 1. 1. 0. 0. 0. 0. 1. 1. 0. 1. 1. 1. 0. 0.
 1. 1. 0. 1. 0. 0. 0. 0. 1. 1. 1. 0. 0. 0. 0. 1. 1. 1. 1. 1. 0. 1. 0. 0.
 1. 1. 0. 0. 1. 1. 0. 1. 0. 0. 1. 0. 1. 0. 0. 1. 0. 0. 0. 1. 0. 0. 1. 0.
 1. 0. 1. 0.]","[0. 1. 0. 0. 0. 1. 1. 1. 0. 0. 0. 0. 0. 1. 0. 0. 1. 1. 0. 0. 0. 0. 0. 1.
 0. 0. 1. 0. 1. 0. 0. 1. 0. 1. 1. 0. 0. 0. 1. 0. 0. 0. 1. 1. 1. 0. 1. 0.
 1. 0. 1. 1. 0. 1. 1. 1. 1. 0. 1. 0. 0. 1. 1. 1. 0. 0. 0. 1. 1. 0. 1. 1.
 0. 0. 1. 0. 0. 1. 0. 1. 0. 1. 1. 1. 0. 1. 0. 1. 1. 1. 1. 1. 1. 1. 1. 0.
 0. 0. 1. 1. 1. 0. 0. 1. 1. 1. 0. 0. 0. 1. 1. 1. 0. 0. 0. 0. 1. 1. 1. 0.
 1. 0. 0. 1. 1. 0. 0. 0. 0. 1. 0. 0. 1. 1. 0. 1. 1. 1. 0. 1. 1. 0. 1. 0.
 1. 1. 0. 0. 0. 1. 1. 0. 1. 1. 0. 1. 0. 0. 0. 1. 1. 1. 0. 1. 0. 1. 1. 0.
 1. 0. 0. 1. 1. 0. 0. 1. 0. 1. 1. 0. 0. 1. 0. 0. 1. 1. 0. 1. 1. 0. 0. 0.
 0. 1. 1. 0. 0. 1. 0. 0. 1. 0. 1. 1. 1. 0. 0. 0. 1. 1. 0. 0. 0. 0. 1. 0.
 0. 1. 0. 1. 1. 1. 1. 0. 0. 0. 0. 1. 1. 1. 1. 0. 1. 1. 1. 1. 0. 1. 0. 0.
 1. 0. 0. 1. 1. 1. 1. 1. 0. 0. 1. 1. 1. 0. 0. 1. 0. 1. 0. 0. 1. 0. 1. 0.
 1. 0. 0. 0.]"
467,randomforest,"{'criterion': 'gini', 'max_features': None, 'n_estimators': 71}",0.5864796293319249,0.17257565442605016,0.14563343116604405,0.34730572909090046,0.5747190626726918,0.18074688014912466,0.5558155406064151,0.11194029850746268,0.5559701492537313,0.5559701492537313,"{0: 0.5764368456226331, 1: 0.5764368456226332}","{0: 0.5764368456226331, 1: 0.5764368456226332}",0.5764368456226332,"[[72 62]
 [57 77]]","[1. 0. 0. 0. 0. 1. 0. 1. 1. 0. 0. 0. 1. 0. 0. 0. 1. 0. 0. 0. 1. 1. 0. 0.
 1. 0. 1. 1. 1. 1. 1. 0. 0. 0. 1. 0. 0. 0. 1. 0. 1. 0. 1. 0. 0. 1. 1. 1.
 0. 0. 1. 0. 1. 1. 1. 1. 1. 1. 0. 1. 1. 0. 1. 0. 0. 0. 1. 0. 1. 1. 0. 0.
 0. 1. 0. 1. 1. 0. 0. 0. 1. 1. 1. 0. 0. 1. 1. 1. 1. 1. 1. 1. 0. 1. 1. 1.
 0. 0. 1. 1. 0. 1. 1. 0. 0. 0. 0. 1. 0. 1. 0. 0. 0. 1. 1. 0. 1. 0. 0. 0.
 1. 1. 1. 1. 1. 1. 1. 1. 1. 0. 0. 1. 0. 0. 1. 1. 0. 1. 0. 1. 0. 0. 1. 0.
 1. 0. 0. 1. 0. 1. 1. 0. 1. 1. 0. 1. 1. 0. 1. 0. 1. 1. 0. 0. 1. 1. 0. 1.
 1. 1. 0. 1. 1. 1. 0. 1. 1. 0. 0. 0. 0. 0. 1. 1. 1. 0. 0. 1. 0. 0. 0. 1.
 1. 1. 0. 0. 0. 1. 0. 1. 0. 0. 1. 1. 0. 0. 0. 1. 1. 1. 0. 1. 1. 1. 0. 0.
 1. 1. 0. 0. 0. 0. 0. 0. 1. 1. 1. 0. 0. 0. 1. 1. 1. 1. 1. 1. 0. 1. 0. 0.
 1. 0. 0. 0. 1. 1. 1. 1. 0. 1. 1. 0. 1. 0. 0. 1. 0. 1. 0. 1. 1. 0. 1. 0.
 1. 0. 1. 0.]","[0. 1. 0. 0. 0. 1. 1. 1. 0. 0. 0. 0. 0. 1. 0. 0. 1. 1. 0. 0. 0. 0. 0. 1.
 0. 0. 1. 0. 1. 0. 0. 1. 0. 1. 1. 0. 0. 0. 1. 0. 0. 0. 1. 1. 1. 0. 1. 0.
 1. 0. 1. 1. 0. 1. 1. 1. 1. 0. 1. 0. 0. 1. 1. 1. 0. 0. 0. 1. 1. 0. 1. 1.
 0. 0. 1. 0. 0. 1. 0. 1. 0. 1. 1. 1. 0. 1. 0. 1. 1. 1. 1. 1. 1. 1. 1. 0.
 0. 0. 1. 1. 1. 0. 0. 1. 1. 1. 0. 0. 0. 1. 1. 1. 0. 0. 0. 0. 1. 1. 1. 0.
 1. 0. 0. 1. 1. 0. 0. 0. 0. 1. 0. 0. 1. 1. 0. 1. 1. 1. 0. 1. 1. 0. 1. 0.
 1. 1. 0. 0. 0. 1. 1. 0. 1. 1. 0. 1. 0. 0. 0. 1. 1. 1. 0. 1. 0. 1. 1. 0.
 1. 0. 0. 1. 1. 0. 0. 1. 0. 1. 1. 0. 0. 1. 0. 0. 1. 1. 0. 1. 1. 0. 0. 0.
 0. 1. 1. 0. 0. 1. 0. 0. 1. 0. 1. 1. 1. 0. 0. 0. 1. 1. 0. 0. 0. 0. 1. 0.
 0. 1. 0. 1. 1. 1. 1. 0. 0. 0. 0. 1. 1. 1. 1. 0. 1. 1. 1. 1. 0. 1. 0. 0.
 1. 0. 0. 1. 1. 1. 1. 1. 0. 0. 1. 1. 1. 0. 0. 1. 0. 1. 0. 0. 1. 0. 1. 0.
 1. 0. 0. 0.]"
589,randomforest,"{'criterion': 'gini', 'max_features': 'sqrt', 'n_estimators': 201}",0.5744351419102899,0.1876321586892572,0.1455265613871337,0.3293165145435656,0.5688081351891835,0.18559215921141814,0.5520142642224327,0.10447761194029848,0.5522388059701493,0.5522388059701493,"{0: 0.5811984851860102, 1: 0.5811984851860102}","{0: 0.5811984851860102, 1: 0.5811984851860102}",0.5811984851860102,"[[71 63]
 [57 77]]","[1. 0. 0. 0. 0. 1. 0. 1. 1. 0. 0. 1. 1. 0. 0. 0. 1. 0. 0. 0. 0. 1. 0. 0.
 0. 0. 1. 1. 1. 1. 1. 0. 0. 0. 1. 0. 0. 0. 1. 0. 0. 0. 1. 1. 0. 1. 1. 1.
 0. 0. 1. 0. 0. 1. 1. 1. 1. 1. 0. 1. 0. 0. 1. 1. 0. 0. 1. 1. 1. 1. 0. 0.
 0. 1. 0. 1. 1. 0. 0. 0. 1. 1. 1. 0. 0. 1. 1. 1. 1. 1. 1. 1. 0. 1. 1. 1.
 0. 0. 1. 1. 0. 1. 1. 0. 0. 0. 0. 1. 0. 1. 0. 0. 0. 1. 1. 0. 1. 0. 0. 0.
 0. 1. 1. 1. 1. 1. 1. 1. 1. 0. 0. 1. 1. 0. 1. 0. 0. 1. 0. 1. 0. 0. 0. 0.
 0. 0. 0. 0. 1. 1. 1. 0. 1. 1. 0. 1. 1. 0. 1. 0. 1. 1. 0. 0. 1. 1. 0. 1.
 1. 1. 0. 1. 1. 1. 0. 1. 1. 0. 1. 0. 0. 0. 1. 1. 0. 1. 1. 1. 0. 0. 1. 1.
 1. 1. 1. 1. 1. 1. 0. 0. 0. 0. 1. 1. 0. 0. 0. 1. 1. 1. 0. 1. 1. 1. 0. 0.
 1. 1. 0. 1. 0. 0. 0. 0. 1. 1. 1. 0. 0. 0. 1. 1. 1. 1. 1. 1. 0. 1. 0. 0.
 1. 1. 0. 0. 1. 1. 0. 1. 0. 1. 1. 0. 1. 0. 0. 1. 0. 0. 0. 1. 0. 0. 1. 1.
 1. 0. 1. 0.]","[0. 1. 0. 0. 0. 1. 1. 1. 0. 0. 0. 0. 0. 1. 0. 0. 1. 1. 0. 0. 0. 0. 0. 1.
 0. 0. 1. 0. 1. 0. 0. 1. 0. 1. 1. 0. 0. 0. 1. 0. 0. 0. 1. 1. 1. 0. 1. 0.
 1. 0. 1. 1. 0. 1. 1. 1. 1. 0. 1. 0. 0. 1. 1. 1. 0. 0. 0. 1. 1. 0. 1. 1.
 0. 0. 1. 0. 0. 1. 0. 1. 0. 1. 1. 1. 0. 1. 0. 1. 1. 1. 1. 1. 1. 1. 1. 0.
 0. 0. 1. 1. 1. 0. 0. 1. 1. 1. 0. 0. 0. 1. 1. 1. 0. 0. 0. 0. 1. 1. 1. 0.
 1. 0. 0. 1. 1. 0. 0. 0. 0. 1. 0. 0. 1. 1. 0. 1. 1. 1. 0. 1. 1. 0. 1. 0.
 1. 1. 0. 0. 0. 1. 1. 0. 1. 1. 0. 1. 0. 0. 0. 1. 1. 1. 0. 1. 0. 1. 1. 0.
 1. 0. 0. 1. 1. 0. 0. 1. 0. 1. 1. 0. 0. 1. 0. 0. 1. 1. 0. 1. 1. 0. 0. 0.
 0. 1. 1. 0. 0. 1. 0. 0. 1. 0. 1. 1. 1. 0. 0. 0. 1. 1. 0. 0. 0. 0. 1. 0.
 0. 1. 0. 1. 1. 1. 1. 0. 0. 0. 0. 1. 1. 1. 1. 0. 1. 1. 1. 1. 0. 1. 0. 0.
 1. 0. 0. 1. 1. 1. 1. 1. 0. 0. 1. 1. 1. 0. 0. 1. 0. 1. 0. 0. 1. 0. 1. 0.
 1. 0. 0. 0.]"
246,randomforest,"{'criterion': 'gini', 'max_features': 'log2', 'n_estimators': 53}",0.5761418662423891,0.17922814372147108,0.14540103431671939,0.3164898152886981,0.5682632536967215,0.1820552525501915,0.5483502555745902,0.09701492537313428,0.5485074626865671,0.5485074626865671,"{0: 0.5676375584762753, 1: 0.5676375584762753}","{0: 0.5676375584762753, 1: 0.5676375584762753}",0.5676375584762753,"[[71 63]
 [58 76]]","[1. 0. 0. 0. 0. 1. 0. 1. 1. 0. 1. 0. 1. 0. 0. 0. 0. 0. 0. 1. 0. 1. 0. 0.
 0. 0. 1. 1. 1. 1. 1. 0. 0. 0. 1. 1. 1. 0. 1. 0. 1. 0. 1. 0. 0. 0. 1. 0.
 0. 0. 1. 0. 0. 1. 1. 0. 1. 1. 0. 1. 1. 0. 1. 0. 0. 0. 1. 1. 1. 1. 0. 0.
 1. 1. 0. 1. 1. 0. 0. 0. 0. 1. 1. 1. 0. 1. 0. 1. 1. 1. 1. 1. 0. 1. 1. 1.
 0. 0. 0. 1. 0. 1. 1. 0. 1. 0. 0. 0. 0. 1. 0. 0. 0. 1. 1. 0. 1. 0. 0. 1.
 0. 1. 1. 1. 1. 1. 1. 1. 0. 0. 0. 1. 1. 0. 1. 0. 0. 1. 0. 1. 0. 0. 1. 0.
 1. 0. 0. 1. 1. 1. 1. 0. 0. 1. 0. 1. 1. 0. 1. 0. 1. 1. 0. 0. 1. 1. 0. 1.
 1. 1. 0. 1. 1. 1. 0. 1. 1. 0. 1. 1. 0. 1. 1. 1. 0. 0. 1. 1. 0. 0. 1. 1.
 1. 1. 1. 0. 1. 1. 0. 0. 0. 0. 1. 1. 0. 0. 0. 0. 1. 1. 0. 1. 1. 0. 0. 0.
 1. 1. 0. 1. 0. 0. 0. 0. 1. 1. 1. 0. 1. 1. 0. 1. 1. 1. 1. 1. 0. 1. 0. 0.
 1. 1. 1. 0. 1. 1. 0. 1. 0. 1. 1. 0. 1. 0. 0. 1. 0. 0. 0. 1. 0. 0. 1. 0.
 1. 0. 1. 0.]","[0. 1. 0. 0. 0. 1. 1. 1. 0. 0. 0. 0. 0. 1. 0. 0. 1. 1. 0. 0. 0. 0. 0. 1.
 0. 0. 1. 0. 1. 0. 0. 1. 0. 1. 1. 0. 0. 0. 1. 0. 0. 0. 1. 1. 1. 0. 1. 0.
 1. 0. 1. 1. 0. 1. 1. 1. 1. 0. 1. 0. 0. 1. 1. 1. 0. 0. 0. 1. 1. 0. 1. 1.
 0. 0. 1. 0. 0. 1. 0. 1. 0. 1. 1. 1. 0. 1. 0. 1. 1. 1. 1. 1. 1. 1. 1. 0.
 0. 0. 1. 1. 1. 0. 0. 1. 1. 1. 0. 0. 0. 1. 1. 1. 0. 0. 0. 0. 1. 1. 1. 0.
 1. 0. 0. 1. 1. 0. 0. 0. 0. 1. 0. 0. 1. 1. 0. 1. 1. 1. 0. 1. 1. 0. 1. 0.
 1. 1. 0. 0. 0. 1. 1. 0. 1. 1. 0. 1. 0. 0. 0. 1. 1. 1. 0. 1. 0. 1. 1. 0.
 1. 0. 0. 1. 1. 0. 0. 1. 0. 1. 1. 0. 0. 1. 0. 0. 1. 1. 0. 1. 1. 0. 0. 0.
 0. 1. 1. 0. 0. 1. 0. 0. 1. 0. 1. 1. 1. 0. 0. 0. 1. 1. 0. 0. 0. 0. 1. 0.
 0. 1. 0. 1. 1. 1. 1. 0. 0. 0. 0. 1. 1. 1. 1. 0. 1. 1. 1. 1. 0. 1. 0. 0.
 1. 0. 0. 1. 1. 1. 1. 1. 0. 0. 1. 1. 1. 0. 0. 1. 0. 1. 0. 0. 1. 0. 1. 0.
 1. 0. 0. 0.]"
601,randomforest,"{'criterion': 'gini', 'max_features': 'log2', 'n_estimators': 567}",0.586853697955903,0.18845812542793536,0.1453383451673604,0.33881423327079324,0.5815880095113966,0.1857817134840359,0.5629399383912019,0.12686567164179108,0.5634328358208955,0.5634328358208955,"{0: 0.5916128313655602, 1: 0.5916128313655602}","{0: 0.5916128313655602, 1: 0.5916128313655602}",0.5916128313655602,"[[71 63]
 [54 80]]","[1. 0. 0. 0. 0. 1. 0. 1. 1. 0. 0. 0. 1. 0. 0. 0. 1. 0. 0. 0. 0. 1. 0. 0.
 1. 0. 1. 1. 1. 1. 1. 0. 0. 0. 1. 1. 1. 0. 1. 0. 1. 0. 1. 0. 0. 0. 1. 0.
 0. 0. 1. 0. 1. 1. 1. 1. 1. 1. 0. 1. 1. 0. 1. 0. 0. 0. 1. 1. 1. 1. 0. 0.
 1. 1. 0. 1. 1. 0. 0. 0. 1. 1. 1. 0. 0. 1. 1. 1. 1. 1. 1. 1. 0. 1. 1. 1.
 0. 0. 1. 1. 0. 1. 1. 1. 1. 0. 0. 1. 0. 1. 0. 0. 0. 1. 1. 0. 1. 0. 0. 0.
 0. 1. 1. 1. 1. 1. 1. 1. 1. 0. 0. 1. 1. 0. 1. 1. 0. 1. 0. 1. 1. 0. 0. 0.
 1. 0. 0. 0. 0. 1. 1. 0. 1. 1. 0. 1. 1. 0. 1. 0. 1. 1. 0. 0. 1. 1. 0. 1.
 1. 1. 1. 1. 1. 0. 0. 1. 1. 0. 1. 0. 0. 0. 1. 1. 0. 0. 1. 1. 0. 0. 1. 1.
 0. 1. 1. 0. 1. 1. 0. 0. 0. 0. 1. 1. 0. 0. 0. 0. 1. 1. 0. 1. 1. 1. 0. 0.
 1. 1. 0. 1. 0. 0. 0. 0. 1. 1. 1. 0. 1. 0. 0. 1. 1. 1. 1. 1. 0. 1. 0. 0.
 1. 1. 0. 0. 1. 1. 1. 1. 0. 1. 1. 0. 1. 0. 0. 1. 0. 0. 0. 1. 0. 0. 1. 1.
 1. 0. 1. 0.]","[0. 1. 0. 0. 0. 1. 1. 1. 0. 0. 0. 0. 0. 1. 0. 0. 1. 1. 0. 0. 0. 0. 0. 1.
 0. 0. 1. 0. 1. 0. 0. 1. 0. 1. 1. 0. 0. 0. 1. 0. 0. 0. 1. 1. 1. 0. 1. 0.
 1. 0. 1. 1. 0. 1. 1. 1. 1. 0. 1. 0. 0. 1. 1. 1. 0. 0. 0. 1. 1. 0. 1. 1.
 0. 0. 1. 0. 0. 1. 0. 1. 0. 1. 1. 1. 0. 1. 0. 1. 1. 1. 1. 1. 1. 1. 1. 0.
 0. 0. 1. 1. 1. 0. 0. 1. 1. 1. 0. 0. 0. 1. 1. 1. 0. 0. 0. 0. 1. 1. 1. 0.
 1. 0. 0. 1. 1. 0. 0. 0. 0. 1. 0. 0. 1. 1. 0. 1. 1. 1. 0. 1. 1. 0. 1. 0.
 1. 1. 0. 0. 0. 1. 1. 0. 1. 1. 0. 1. 0. 0. 0. 1. 1. 1. 0. 1. 0. 1. 1. 0.
 1. 0. 0. 1. 1. 0. 0. 1. 0. 1. 1. 0. 0. 1. 0. 0. 1. 1. 0. 1. 1. 0. 0. 0.
 0. 1. 1. 0. 0. 1. 0. 0. 1. 0. 1. 1. 1. 0. 0. 0. 1. 1. 0. 0. 0. 0. 1. 0.
 0. 1. 0. 1. 1. 1. 1. 0. 0. 0. 0. 1. 1. 1. 1. 0. 1. 1. 1. 1. 0. 1. 0. 0.
 1. 0. 0. 1. 1. 1. 1. 1. 0. 0. 1. 1. 1. 0. 0. 1. 0. 1. 0. 0. 1. 0. 1. 0.
 1. 0. 0. 0.]"
212,randomforest,"{'criterion': 'gini', 'max_features': 'sqrt', 'n_estimators': 57}",0.5805967752517099,0.17917823195247973,0.14529681541916115,0.29881161989327226,0.5777269362954847,0.16967021272229366,0.5559145025412517,0.11194029850746268,0.5559701492537313,0.5559701492537313,"{0: 0.5725941189574515, 1: 0.5725941189574516}","{0: 0.5725941189574515, 1: 0.5725941189574516}",0.5725941189574516,"[[73 61]
 [58 76]]","[1. 0. 0. 0. 0. 1. 0. 1. 1. 0. 0. 0. 1. 1. 0. 0. 0. 0. 0. 1. 0. 1. 0. 0.
 0. 0. 0. 1. 1. 1. 1. 0. 0. 0. 1. 1. 0. 0. 1. 0. 0. 0. 0. 0. 0. 0. 1. 1.
 0. 0. 1. 0. 1. 1. 1. 0. 1. 1. 0. 1. 1. 0. 1. 0. 0. 0. 1. 0. 1. 1. 0. 0.
 1. 1. 0. 1. 1. 0. 0. 0. 1. 1. 1. 0. 0. 1. 0. 1. 1. 1. 1. 1. 0. 1. 1. 1.
 0. 0. 1. 1. 0. 1. 1. 1. 1. 0. 0. 1. 0. 1. 0. 0. 0. 1. 1. 0. 1. 0. 0. 0.
 1. 1. 0. 1. 1. 1. 1. 1. 0. 0. 0. 1. 1. 0. 1. 1. 0. 0. 0. 1. 1. 0. 1. 0.
 1. 0. 0. 0. 1. 1. 1. 0. 0. 1. 0. 1. 1. 0. 1. 0. 1. 1. 0. 0. 1. 1. 0. 1.
 0. 1. 0. 1. 1. 1. 0. 1. 1. 0. 1. 0. 0. 1. 1. 1. 0. 1. 1. 1. 0. 0. 1. 1.
 1. 1. 1. 1. 0. 1. 0. 0. 0. 0. 1. 1. 0. 1. 0. 0. 1. 1. 0. 1. 1. 1. 0. 0.
 1. 0. 0. 1. 0. 0. 0. 0. 1. 1. 1. 0. 1. 0. 1. 1. 1. 1. 1. 1. 0. 1. 0. 0.
 1. 1. 0. 0. 1. 1. 0. 1. 0. 1. 1. 0. 1. 0. 0. 1. 0. 0. 0. 1. 0. 0. 1. 1.
 1. 0. 0. 0.]","[0. 1. 0. 0. 0. 1. 1. 1. 0. 0. 0. 0. 0. 1. 0. 0. 1. 1. 0. 0. 0. 0. 0. 1.
 0. 0. 1. 0. 1. 0. 0. 1. 0. 1. 1. 0. 0. 0. 1. 0. 0. 0. 1. 1. 1. 0. 1. 0.
 1. 0. 1. 1. 0. 1. 1. 1. 1. 0. 1. 0. 0. 1. 1. 1. 0. 0. 0. 1. 1. 0. 1. 1.
 0. 0. 1. 0. 0. 1. 0. 1. 0. 1. 1. 1. 0. 1. 0. 1. 1. 1. 1. 1. 1. 1. 1. 0.
 0. 0. 1. 1. 1. 0. 0. 1. 1. 1. 0. 0. 0. 1. 1. 1. 0. 0. 0. 0. 1. 1. 1. 0.
 1. 0. 0. 1. 1. 0. 0. 0. 0. 1. 0. 0. 1. 1. 0. 1. 1. 1. 0. 1. 1. 0. 1. 0.
 1. 1. 0. 0. 0. 1. 1. 0. 1. 1. 0. 1. 0. 0. 0. 1. 1. 1. 0. 1. 0. 1. 1. 0.
 1. 0. 0. 1. 1. 0. 0. 1. 0. 1. 1. 0. 0. 1. 0. 0. 1. 1. 0. 1. 1. 0. 0. 0.
 0. 1. 1. 0. 0. 1. 0. 0. 1. 0. 1. 1. 1. 0. 0. 0. 1. 1. 0. 0. 0. 0. 1. 0.
 0. 1. 0. 1. 1. 1. 1. 0. 0. 0. 0. 1. 1. 1. 1. 0. 1. 1. 1. 1. 0. 1. 0. 0.
 1. 0. 0. 1. 1. 1. 1. 1. 0. 0. 1. 1. 1. 0. 0. 1. 0. 1. 0. 0. 1. 0. 1. 0.
 1. 0. 0. 0.]"
70,randomforest,"{'criterion': 'gini', 'max_features': 'log2', 'n_estimators': 75}",0.5812197600744339,0.19969440511954245,0.14485668556279033,0.36215024793074896,0.5717419490604975,0.2028099031904803,0.5520142642224327,0.10447761194029848,0.5522388059701493,0.5522388059701493,"{0: 0.586656270884384, 1: 0.5866562708843841}","{0: 0.586656270884384, 1: 0.5866562708843841}",0.5866562708843841,"[[71 63]
 [57 77]]","[1. 0. 0. 0. 0. 1. 0. 1. 1. 0. 0. 0. 1. 0. 0. 0. 1. 0. 0. 0. 0. 1. 0. 0.
 0. 0. 1. 1. 1. 1. 1. 0. 0. 1. 1. 0. 0. 0. 1. 0. 1. 0. 1. 0. 0. 0. 1. 0.
 0. 0. 1. 0. 1. 1. 1. 1. 1. 1. 0. 1. 1. 1. 1. 0. 0. 0. 1. 1. 1. 1. 0. 0.
 1. 1. 0. 1. 1. 0. 1. 0. 0. 1. 1. 1. 0. 1. 1. 1. 1. 1. 0. 1. 0. 1. 1. 1.
 0. 0. 1. 1. 0. 1. 0. 1. 1. 0. 0. 1. 0. 1. 0. 0. 1. 1. 1. 0. 1. 0. 0. 0.
 0. 1. 1. 1. 1. 1. 1. 1. 0. 0. 0. 1. 1. 0. 1. 0. 0. 1. 0. 1. 1. 0. 0. 0.
 0. 0. 0. 0. 0. 1. 1. 0. 1. 1. 0. 1. 1. 0. 1. 0. 1. 1. 0. 0. 1. 1. 0. 1.
 1. 1. 0. 0. 1. 1. 0. 1. 1. 0. 1. 1. 0. 0. 1. 1. 0. 0. 1. 1. 0. 0. 1. 1.
 1. 1. 1. 0. 1. 1. 0. 1. 0. 0. 1. 1. 0. 1. 0. 0. 1. 1. 0. 1. 1. 1. 0. 0.
 1. 1. 0. 0. 0. 0. 0. 0. 1. 1. 1. 0. 1. 0. 0. 1. 1. 1. 1. 1. 0. 1. 0. 0.
 1. 1. 0. 0. 1. 0. 1. 0. 0. 0. 1. 0. 1. 0. 1. 1. 0. 1. 0. 1. 0. 0. 1. 1.
 1. 0. 1. 0.]","[0. 1. 0. 0. 0. 1. 1. 1. 0. 0. 0. 0. 0. 1. 0. 0. 1. 1. 0. 0. 0. 0. 0. 1.
 0. 0. 1. 0. 1. 0. 0. 1. 0. 1. 1. 0. 0. 0. 1. 0. 0. 0. 1. 1. 1. 0. 1. 0.
 1. 0. 1. 1. 0. 1. 1. 1. 1. 0. 1. 0. 0. 1. 1. 1. 0. 0. 0. 1. 1. 0. 1. 1.
 0. 0. 1. 0. 0. 1. 0. 1. 0. 1. 1. 1. 0. 1. 0. 1. 1. 1. 1. 1. 1. 1. 1. 0.
 0. 0. 1. 1. 1. 0. 0. 1. 1. 1. 0. 0. 0. 1. 1. 1. 0. 0. 0. 0. 1. 1. 1. 0.
 1. 0. 0. 1. 1. 0. 0. 0. 0. 1. 0. 0. 1. 1. 0. 1. 1. 1. 0. 1. 1. 0. 1. 0.
 1. 1. 0. 0. 0. 1. 1. 0. 1. 1. 0. 1. 0. 0. 0. 1. 1. 1. 0. 1. 0. 1. 1. 0.
 1. 0. 0. 1. 1. 0. 0. 1. 0. 1. 1. 0. 0. 1. 0. 0. 1. 1. 0. 1. 1. 0. 0. 0.
 0. 1. 1. 0. 0. 1. 0. 0. 1. 0. 1. 1. 1. 0. 0. 0. 1. 1. 0. 0. 0. 0. 1. 0.
 0. 1. 0. 1. 1. 1. 1. 0. 0. 0. 0. 1. 1. 1. 1. 0. 1. 1. 1. 1. 0. 1. 0. 0.
 1. 0. 0. 1. 1. 1. 1. 1. 0. 0. 1. 1. 1. 0. 0. 1. 0. 1. 0. 0. 1. 0. 1. 0.
 1. 0. 0. 0.]"
991,randomforest,"{'criterion': 'entropy', 'max_features': 'sqrt', 'n_estimators': 341}",0.5734709512674409,0.19296132213986966,0.14463623491540767,0.3638052340319684,0.5648099921285404,0.197870463688773,0.5516145223356198,0.10447761194029848,0.5522388059701493,0.5522388059701493,"{0: 0.5825629316106037, 1: 0.5825629316106037}","{0: 0.5825629316106037, 1: 0.5825629316106037}",0.5825629316106037,"[[69 65]
 [55 79]]","[1. 0. 0. 0. 0. 1. 0. 1. 1. 0. 0. 0. 1. 0. 0. 0. 1. 0. 0. 0. 0. 1. 0. 0.
 0. 0. 1. 1. 1. 1. 1. 0. 0. 0. 1. 0. 1. 0. 1. 0. 1. 1. 1. 0. 0. 0. 1. 1.
 0. 0. 1. 0. 1. 1. 1. 1. 1. 1. 0. 1. 0. 1. 1. 0. 0. 0. 1. 1. 1. 1. 0. 0.
 1. 1. 0. 1. 1. 0. 1. 0. 1. 1. 1. 0. 0. 1. 0. 1. 1. 1. 1. 1. 0. 1. 1. 1.
 0. 0. 1. 1. 0. 1. 1. 1. 0. 0. 0. 1. 0. 1. 0. 0. 0. 1. 1. 0. 1. 0. 0. 0.
 0. 1. 1. 1. 1. 1. 1. 1. 1. 0. 0. 1. 1. 0. 1. 1. 0. 1. 0. 1. 1. 0. 0. 0.
 0. 0. 0. 0. 1. 1. 1. 0. 1. 1. 0. 1. 1. 0. 1. 0. 1. 1. 0. 0. 1. 1. 0. 1.
 1. 1. 0. 1. 1. 1. 0. 1. 1. 0. 1. 0. 0. 0. 1. 1. 0. 0. 1. 1. 0. 0. 1. 1.
 1. 1. 1. 0. 1. 1. 0. 0. 0. 0. 1. 1. 0. 0. 0. 0. 1. 1. 0. 1. 1. 1. 0. 0.
 1. 1. 0. 0. 0. 0. 0. 0. 1. 1. 1. 0. 0. 0. 1. 1. 1. 1. 1. 1. 0. 1. 0. 0.
 1. 1. 0. 0. 1. 1. 1. 1. 0. 1. 1. 0. 1. 0. 1. 1. 0. 1. 0. 1. 0. 0. 1. 1.
 1. 0. 1. 0.]","[0. 1. 0. 0. 0. 1. 1. 1. 0. 0. 0. 0. 0. 1. 0. 0. 1. 1. 0. 0. 0. 0. 0. 1.
 0. 0. 1. 0. 1. 0. 0. 1. 0. 1. 1. 0. 0. 0. 1. 0. 0. 0. 1. 1. 1. 0. 1. 0.
 1. 0. 1. 1. 0. 1. 1. 1. 1. 0. 1. 0. 0. 1. 1. 1. 0. 0. 0. 1. 1. 0. 1. 1.
 0. 0. 1. 0. 0. 1. 0. 1. 0. 1. 1. 1. 0. 1. 0. 1. 1. 1. 1. 1. 1. 1. 1. 0.
 0. 0. 1. 1. 1. 0. 0. 1. 1. 1. 0. 0. 0. 1. 1. 1. 0. 0. 0. 0. 1. 1. 1. 0.
 1. 0. 0. 1. 1. 0. 0. 0. 0. 1. 0. 0. 1. 1. 0. 1. 1. 1. 0. 1. 1. 0. 1. 0.
 1. 1. 0. 0. 0. 1. 1. 0. 1. 1. 0. 1. 0. 0. 0. 1. 1. 1. 0. 1. 0. 1. 1. 0.
 1. 0. 0. 1. 1. 0. 0. 1. 0. 1. 1. 0. 0. 1. 0. 0. 1. 1. 0. 1. 1. 0. 0. 0.
 0. 1. 1. 0. 0. 1. 0. 0. 1. 0. 1. 1. 1. 0. 0. 0. 1. 1. 0. 0. 0. 0. 1. 0.
 0. 1. 0. 1. 1. 1. 1. 0. 0. 0. 0. 1. 1. 1. 1. 0. 1. 1. 1. 1. 0. 1. 0. 0.
 1. 0. 0. 1. 1. 1. 1. 1. 0. 0. 1. 1. 1. 0. 0. 1. 0. 1. 0. 0. 1. 0. 1. 0.
 1. 0. 0. 0.]"
873,randomforest,"{'criterion': 'gini', 'max_features': 'sqrt', 'n_estimators': 163}",0.582453103462354,0.18793292364275443,0.1440816932061769,0.33550133346413863,0.5807384521094199,0.19454807992490966,0.5665607049244326,0.13432835820895528,0.5671641791044776,0.5671641791044776,"{0: 0.5851247493873915, 1: 0.5851247493873915}","{0: 0.5851247493873915, 1: 0.5851247493873915}",0.5851247493873915,"[[71 63]
 [53 81]]","[1. 0. 0. 0. 0. 1. 0. 1. 1. 1. 0. 0. 1. 0. 0. 0. 1. 0. 0. 0. 0. 1. 0. 0.
 0. 0. 1. 1. 1. 1. 1. 0. 0. 0. 1. 0. 1. 0. 1. 0. 1. 0. 1. 1. 0. 0. 1. 0.
 0. 0. 1. 0. 0. 1. 1. 1. 1. 1. 0. 1. 1. 0. 1. 1. 0. 0. 1. 1. 1. 1. 0. 0.
 1. 1. 0. 1. 1. 0. 0. 0. 1. 1. 1. 0. 0. 1. 0. 1. 1. 1. 1. 1. 0. 1. 1. 1.
 0. 0. 1. 1. 0. 1. 1. 1. 0. 0. 0. 1. 0. 1. 0. 0. 1. 1. 1. 1. 1. 0. 0. 0.
 0. 1. 1. 1. 1. 1. 1. 1. 1. 0. 0. 1. 1. 0. 1. 1. 0. 1. 0. 1. 1. 0. 1. 0.
 0. 0. 0. 0. 1. 1. 1. 0. 1. 1. 0. 1. 1. 0. 1. 0. 1. 1. 0. 0. 1. 1. 0. 1.
 1. 1. 0. 1. 1. 1. 0. 1. 1. 0. 1. 0. 0. 0. 1. 1. 0. 0. 1. 1. 0. 0. 1. 1.
 1. 1. 1. 0. 0. 1. 0. 0. 0. 0. 1. 1. 0. 0. 0. 0. 1. 1. 0. 1. 1. 1. 0. 0.
 1. 1. 0. 1. 0. 0. 0. 0. 1. 1. 1. 0. 0. 0. 1. 1. 1. 1. 1. 1. 0. 1. 0. 0.
 1. 1. 0. 0. 1. 1. 1. 1. 0. 1. 1. 0. 1. 0. 0. 1. 0. 0. 0. 1. 0. 0. 1. 1.
 1. 0. 1. 0.]","[0. 1. 0. 0. 0. 1. 1. 1. 0. 0. 0. 0. 0. 1. 0. 0. 1. 1. 0. 0. 0. 0. 0. 1.
 0. 0. 1. 0. 1. 0. 0. 1. 0. 1. 1. 0. 0. 0. 1. 0. 0. 0. 1. 1. 1. 0. 1. 0.
 1. 0. 1. 1. 0. 1. 1. 1. 1. 0. 1. 0. 0. 1. 1. 1. 0. 0. 0. 1. 1. 0. 1. 1.
 0. 0. 1. 0. 0. 1. 0. 1. 0. 1. 1. 1. 0. 1. 0. 1. 1. 1. 1. 1. 1. 1. 1. 0.
 0. 0. 1. 1. 1. 0. 0. 1. 1. 1. 0. 0. 0. 1. 1. 1. 0. 0. 0. 0. 1. 1. 1. 0.
 1. 0. 0. 1. 1. 0. 0. 0. 0. 1. 0. 0. 1. 1. 0. 1. 1. 1. 0. 1. 1. 0. 1. 0.
 1. 1. 0. 0. 0. 1. 1. 0. 1. 1. 0. 1. 0. 0. 0. 1. 1. 1. 0. 1. 0. 1. 1. 0.
 1. 0. 0. 1. 1. 0. 0. 1. 0. 1. 1. 0. 0. 1. 0. 0. 1. 1. 0. 1. 1. 0. 0. 0.
 0. 1. 1. 0. 0. 1. 0. 0. 1. 0. 1. 1. 1. 0. 0. 0. 1. 1. 0. 0. 0. 0. 1. 0.
 0. 1. 0. 1. 1. 1. 1. 0. 0. 0. 0. 1. 1. 1. 1. 0. 1. 1. 1. 1. 0. 1. 0. 0.
 1. 0. 0. 1. 1. 1. 1. 1. 0. 0. 1. 1. 1. 0. 0. 1. 0. 1. 0. 0. 1. 0. 1. 0.
 1. 0. 0. 0.]"
864,randomforest,"{'criterion': 'gini', 'max_features': 'sqrt', 'n_estimators': 195}",0.5751259732343698,0.19426225056933344,0.14406142373042824,0.3496808782762669,0.5676622921582599,0.19991380396442487,0.5559145025412517,0.11194029850746268,0.5559701492537313,0.5559701492537313,"{0: 0.5759913120962353, 1: 0.5759913120962351}","{0: 0.5759913120962353, 1: 0.5759913120962351}",0.5759913120962351,"[[73 61]
 [58 76]]","[1. 0. 0. 0. 0. 1. 0. 1. 1. 0. 0. 0. 1. 0. 0. 0. 1. 0. 0. 1. 0. 1. 0. 0.
 0. 0. 1. 1. 1. 1. 1. 0. 0. 0. 1. 0. 1. 0. 1. 0. 1. 0. 1. 0. 0. 0. 1. 1.
 0. 0. 1. 0. 1. 1. 1. 1. 1. 1. 0. 1. 1. 0. 1. 0. 0. 0. 1. 1. 1. 1. 0. 0.
 1. 1. 0. 1. 1. 0. 0. 0. 0. 1. 1. 1. 0. 1. 0. 1. 1. 1. 1. 1. 0. 1. 1. 1.
 0. 0. 1. 1. 0. 1. 1. 0. 0. 0. 0. 1. 0. 1. 0. 0. 0. 1. 1. 0. 1. 0. 0. 0.
 0. 1. 1. 1. 1. 1. 1. 1. 0. 0. 0. 1. 1. 0. 1. 1. 0. 1. 0. 1. 1. 0. 0. 0.
 0. 0. 0. 0. 1. 1. 1. 0. 0. 0. 0. 1. 1. 0. 1. 0. 1. 1. 0. 0. 1. 1. 0. 1.
 1. 1. 0. 1. 1. 0. 0. 1. 1. 0. 1. 0. 0. 0. 1. 1. 0. 0. 1. 1. 0. 0. 1. 1.
 1. 1. 1. 1. 1. 1. 0. 0. 0. 0. 1. 1. 0. 0. 0. 0. 1. 1. 0. 1. 1. 1. 0. 0.
 1. 1. 0. 1. 0. 0. 0. 0. 1. 1. 1. 0. 1. 0. 1. 1. 1. 1. 1. 1. 0. 1. 0. 0.
 1. 1. 0. 0. 1. 1. 0. 1. 0. 0. 1. 0. 1. 0. 0. 1. 0. 0. 0. 1. 0. 0. 1. 1.
 1. 0. 1. 0.]","[0. 1. 0. 0. 0. 1. 1. 1. 0. 0. 0. 0. 0. 1. 0. 0. 1. 1. 0. 0. 0. 0. 0. 1.
 0. 0. 1. 0. 1. 0. 0. 1. 0. 1. 1. 0. 0. 0. 1. 0. 0. 0. 1. 1. 1. 0. 1. 0.
 1. 0. 1. 1. 0. 1. 1. 1. 1. 0. 1. 0. 0. 1. 1. 1. 0. 0. 0. 1. 1. 0. 1. 1.
 0. 0. 1. 0. 0. 1. 0. 1. 0. 1. 1. 1. 0. 1. 0. 1. 1. 1. 1. 1. 1. 1. 1. 0.
 0. 0. 1. 1. 1. 0. 0. 1. 1. 1. 0. 0. 0. 1. 1. 1. 0. 0. 0. 0. 1. 1. 1. 0.
 1. 0. 0. 1. 1. 0. 0. 0. 0. 1. 0. 0. 1. 1. 0. 1. 1. 1. 0. 1. 1. 0. 1. 0.
 1. 1. 0. 0. 0. 1. 1. 0. 1. 1. 0. 1. 0. 0. 0. 1. 1. 1. 0. 1. 0. 1. 1. 0.
 1. 0. 0. 1. 1. 0. 0. 1. 0. 1. 1. 0. 0. 1. 0. 0. 1. 1. 0. 1. 1. 0. 0. 0.
 0. 1. 1. 0. 0. 1. 0. 0. 1. 0. 1. 1. 1. 0. 0. 0. 1. 1. 0. 0. 0. 0. 1. 0.
 0. 1. 0. 1. 1. 1. 1. 0. 0. 0. 0. 1. 1. 1. 1. 0. 1. 1. 1. 1. 0. 1. 0. 0.
 1. 0. 0. 1. 1. 1. 1. 1. 0. 0. 1. 1. 1. 0. 0. 1. 0. 1. 0. 0. 1. 0. 1. 0.
 1. 0. 0. 0.]"
265,randomforest,"{'criterion': 'gini', 'max_features': None, 'n_estimators': 285}",0.5677371342990413,0.184921705582119,0.14343554835614658,0.34521867484666785,0.558782283278251,0.19372797815357967,0.5522388059701493,0.10447761194029848,0.5522388059701493,0.5522388059701493,"{0: 0.5806415682780129, 1: 0.5806415682780128}","{0: 0.5806415682780129, 1: 0.5806415682780128}",0.5806415682780128,"[[74 60]
 [60 74]]","[1. 0. 0. 0. 0. 1. 0. 1. 1. 0. 0. 0. 1. 0. 0. 0. 0. 0. 0. 0. 0. 1. 0. 0.
 0. 0. 1. 1. 1. 1. 1. 0. 0. 0. 1. 0. 0. 0. 1. 0. 0. 0. 1. 1. 0. 1. 1. 0.
 0. 0. 1. 0. 0. 1. 1. 1. 1. 1. 0. 1. 1. 0. 1. 0. 0. 0. 1. 1. 1. 1. 0. 0.
 1. 1. 0. 1. 1. 0. 0. 0. 1. 1. 1. 0. 0. 1. 1. 1. 1. 1. 1. 1. 0. 1. 1. 1.
 0. 0. 1. 1. 0. 1. 1. 0. 0. 0. 0. 0. 0. 1. 0. 0. 0. 1. 1. 0. 1. 0. 0. 0.
 0. 1. 1. 1. 1. 1. 1. 1. 1. 0. 0. 1. 1. 0. 1. 1. 0. 1. 0. 1. 0. 0. 0. 0.
 0. 0. 0. 1. 1. 1. 1. 0. 1. 0. 0. 1. 1. 0. 1. 0. 1. 1. 0. 0. 1. 0. 0. 1.
 1. 1. 0. 1. 1. 0. 0. 1. 1. 0. 1. 0. 0. 1. 1. 1. 0. 0. 1. 1. 0. 0. 1. 1.
 1. 1. 0. 0. 0. 1. 0. 1. 0. 0. 1. 1. 0. 0. 0. 0. 1. 1. 0. 1. 1. 1. 0. 0.
 1. 1. 0. 0. 0. 0. 0. 0. 1. 1. 1. 0. 0. 0. 1. 1. 1. 1. 1. 1. 0. 1. 0. 0.
 1. 1. 0. 0. 1. 1. 1. 1. 0. 1. 1. 0. 1. 0. 0. 1. 0. 1. 0. 1. 0. 0. 1. 1.
 1. 0. 1. 0.]","[0. 1. 0. 0. 0. 1. 1. 1. 0. 0. 0. 0. 0. 1. 0. 0. 1. 1. 0. 0. 0. 0. 0. 1.
 0. 0. 1. 0. 1. 0. 0. 1. 0. 1. 1. 0. 0. 0. 1. 0. 0. 0. 1. 1. 1. 0. 1. 0.
 1. 0. 1. 1. 0. 1. 1. 1. 1. 0. 1. 0. 0. 1. 1. 1. 0. 0. 0. 1. 1. 0. 1. 1.
 0. 0. 1. 0. 0. 1. 0. 1. 0. 1. 1. 1. 0. 1. 0. 1. 1. 1. 1. 1. 1. 1. 1. 0.
 0. 0. 1. 1. 1. 0. 0. 1. 1. 1. 0. 0. 0. 1. 1. 1. 0. 0. 0. 0. 1. 1. 1. 0.
 1. 0. 0. 1. 1. 0. 0. 0. 0. 1. 0. 0. 1. 1. 0. 1. 1. 1. 0. 1. 1. 0. 1. 0.
 1. 1. 0. 0. 0. 1. 1. 0. 1. 1. 0. 1. 0. 0. 0. 1. 1. 1. 0. 1. 0. 1. 1. 0.
 1. 0. 0. 1. 1. 0. 0. 1. 0. 1. 1. 0. 0. 1. 0. 0. 1. 1. 0. 1. 1. 0. 0. 0.
 0. 1. 1. 0. 0. 1. 0. 0. 1. 0. 1. 1. 1. 0. 0. 0. 1. 1. 0. 0. 0. 0. 1. 0.
 0. 1. 0. 1. 1. 1. 1. 0. 0. 0. 0. 1. 1. 1. 1. 0. 1. 1. 1. 1. 0. 1. 0. 0.
 1. 0. 0. 1. 1. 1. 1. 1. 0. 0. 1. 1. 1. 0. 0. 1. 0. 1. 0. 0. 1. 0. 1. 0.
 1. 0. 0. 0.]"
247,randomforest,"{'criterion': 'gini', 'max_features': 'log2', 'n_estimators': 29}",0.5775986181152146,0.19860981051945836,0.14284310537996334,0.3672941340988288,0.5686496075608979,0.19611650066888592,0.5296149774335543,0.05970149253731338,0.5298507462686567,0.5298507462686568,"{0: 0.5748496324348407, 1: 0.5748496324348408}","{0: 0.5748496324348407, 1: 0.5748496324348408}",0.5748496324348408,"[[68 66]
 [60 74]]","[1. 0. 0. 0. 0. 1. 0. 1. 1. 0. 1. 0. 1. 0. 0. 0. 1. 0. 0. 0. 0. 1. 0. 0.
 1. 0. 0. 1. 1. 1. 1. 0. 0. 0. 1. 0. 1. 0. 1. 0. 1. 0. 1. 0. 0. 0. 1. 1.
 0. 0. 0. 0. 1. 1. 1. 1. 1. 1. 0. 1. 1. 1. 1. 0. 0. 0. 0. 1. 1. 1. 0. 0.
 1. 1. 0. 0. 1. 0. 0. 0. 1. 1. 1. 0. 1. 1. 1. 1. 1. 1. 1. 1. 0. 1. 1. 1.
 0. 0. 1. 1. 1. 1. 0. 0. 1. 0. 0. 1. 0. 1. 1. 0. 0. 1. 1. 0. 1. 0. 0. 1.
 0. 1. 1. 1. 1. 1. 1. 1. 0. 0. 0. 1. 1. 0. 1. 0. 0. 1. 0. 1. 0. 1. 0. 1.
 0. 0. 0. 0. 1. 1. 1. 0. 0. 0. 0. 1. 1. 0. 1. 0. 1. 1. 0. 1. 1. 1. 0. 1.
 1. 1. 0. 1. 1. 1. 0. 1. 1. 0. 1. 0. 0. 1. 1. 1. 0. 0. 1. 1. 0. 0. 1. 1.
 1. 1. 0. 0. 1. 1. 0. 1. 0. 0. 1. 1. 0. 0. 0. 0. 1. 1. 0. 1. 1. 0. 0. 0.
 0. 0. 1. 0. 0. 0. 0. 0. 1. 1. 1. 0. 0. 0. 0. 1. 1. 1. 1. 1. 0. 1. 0. 0.
 1. 1. 0. 0. 1. 1. 1. 1. 0. 1. 1. 0. 1. 0. 0. 1. 0. 1. 0. 1. 0. 0. 1. 1.
 1. 0. 1. 0.]","[0. 1. 0. 0. 0. 1. 1. 1. 0. 0. 0. 0. 0. 1. 0. 0. 1. 1. 0. 0. 0. 0. 0. 1.
 0. 0. 1. 0. 1. 0. 0. 1. 0. 1. 1. 0. 0. 0. 1. 0. 0. 0. 1. 1. 1. 0. 1. 0.
 1. 0. 1. 1. 0. 1. 1. 1. 1. 0. 1. 0. 0. 1. 1. 1. 0. 0. 0. 1. 1. 0. 1. 1.
 0. 0. 1. 0. 0. 1. 0. 1. 0. 1. 1. 1. 0. 1. 0. 1. 1. 1. 1. 1. 1. 1. 1. 0.
 0. 0. 1. 1. 1. 0. 0. 1. 1. 1. 0. 0. 0. 1. 1. 1. 0. 0. 0. 0. 1. 1. 1. 0.
 1. 0. 0. 1. 1. 0. 0. 0. 0. 1. 0. 0. 1. 1. 0. 1. 1. 1. 0. 1. 1. 0. 1. 0.
 1. 1. 0. 0. 0. 1. 1. 0. 1. 1. 0. 1. 0. 0. 0. 1. 1. 1. 0. 1. 0. 1. 1. 0.
 1. 0. 0. 1. 1. 0. 0. 1. 0. 1. 1. 0. 0. 1. 0. 0. 1. 1. 0. 1. 1. 0. 0. 0.
 0. 1. 1. 0. 0. 1. 0. 0. 1. 0. 1. 1. 1. 0. 0. 0. 1. 1. 0. 0. 0. 0. 1. 0.
 0. 1. 0. 1. 1. 1. 1. 0. 0. 0. 0. 1. 1. 1. 1. 0. 1. 1. 1. 1. 0. 1. 0. 0.
 1. 0. 0. 1. 1. 1. 1. 1. 0. 0. 1. 1. 1. 0. 0. 1. 0. 1. 0. 0. 1. 0. 1. 0.
 1. 0. 0. 0.]"
900,randomforest,"{'criterion': 'gini', 'max_features': 'sqrt', 'n_estimators': 311}",0.571317962731625,0.19358355546229133,0.14223655763737378,0.3446605318385383,0.5634076925911603,0.19898961811015572,0.5443701226309922,0.08955223880597019,0.5447761194029851,0.5447761194029851,"{0: 0.5853196703051905, 1: 0.5853196703051905}","{0: 0.5853196703051905, 1: 0.5853196703051905}",0.5853196703051905,"[[69 65]
 [57 77]]","[1. 0. 0. 0. 0. 1. 0. 1. 1. 0. 0. 0. 1. 0. 0. 0. 0. 0. 0. 0. 0. 1. 0. 0.
 0. 0. 1. 1. 1. 1. 1. 0. 0. 0. 1. 0. 1. 0. 1. 0. 1. 1. 1. 1. 0. 0. 1. 0.
 0. 0. 1. 0. 1. 1. 1. 1. 1. 1. 0. 1. 1. 0. 1. 0. 0. 0. 1. 1. 1. 1. 0. 0.
 1. 1. 0. 1. 1. 0. 0. 0. 1. 1. 1. 0. 0. 1. 0. 1. 1. 1. 1. 1. 0. 1. 1. 1.
 0. 0. 1. 1. 0. 1. 0. 1. 0. 0. 0. 1. 0. 1. 0. 0. 0. 1. 1. 0. 1. 0. 0. 0.
 0. 1. 1. 1. 1. 1. 1. 1. 1. 0. 0. 1. 1. 0. 1. 1. 0. 1. 0. 1. 1. 0. 0. 0.
 0. 0. 0. 0. 1. 1. 1. 0. 1. 0. 0. 1. 1. 0. 1. 0. 1. 1. 0. 0. 1. 1. 0. 1.
 1. 1. 0. 1. 1. 1. 0. 1. 1. 0. 1. 0. 0. 0. 1. 1. 0. 0. 1. 1. 0. 0. 1. 1.
 1. 1. 1. 1. 1. 1. 0. 1. 0. 0. 1. 1. 0. 1. 0. 0. 1. 1. 0. 1. 1. 0. 0. 0.
 1. 1. 1. 1. 0. 0. 0. 0. 1. 1. 1. 0. 0. 0. 1. 1. 1. 1. 1. 1. 0. 1. 0. 0.
 1. 1. 0. 0. 1. 1. 0. 1. 0. 1. 1. 0. 1. 0. 0. 1. 0. 1. 0. 1. 0. 0. 1. 1.
 1. 0. 1. 0.]","[0. 1. 0. 0. 0. 1. 1. 1. 0. 0. 0. 0. 0. 1. 0. 0. 1. 1. 0. 0. 0. 0. 0. 1.
 0. 0. 1. 0. 1. 0. 0. 1. 0. 1. 1. 0. 0. 0. 1. 0. 0. 0. 1. 1. 1. 0. 1. 0.
 1. 0. 1. 1. 0. 1. 1. 1. 1. 0. 1. 0. 0. 1. 1. 1. 0. 0. 0. 1. 1. 0. 1. 1.
 0. 0. 1. 0. 0. 1. 0. 1. 0. 1. 1. 1. 0. 1. 0. 1. 1. 1. 1. 1. 1. 1. 1. 0.
 0. 0. 1. 1. 1. 0. 0. 1. 1. 1. 0. 0. 0. 1. 1. 1. 0. 0. 0. 0. 1. 1. 1. 0.
 1. 0. 0. 1. 1. 0. 0. 0. 0. 1. 0. 0. 1. 1. 0. 1. 1. 1. 0. 1. 1. 0. 1. 0.
 1. 1. 0. 0. 0. 1. 1. 0. 1. 1. 0. 1. 0. 0. 0. 1. 1. 1. 0. 1. 0. 1. 1. 0.
 1. 0. 0. 1. 1. 0. 0. 1. 0. 1. 1. 0. 0. 1. 0. 0. 1. 1. 0. 1. 1. 0. 0. 0.
 0. 1. 1. 0. 0. 1. 0. 0. 1. 0. 1. 1. 1. 0. 0. 0. 1. 1. 0. 0. 0. 0. 1. 0.
 0. 1. 0. 1. 1. 1. 1. 0. 0. 0. 0. 1. 1. 1. 1. 0. 1. 1. 1. 1. 0. 1. 0. 0.
 1. 0. 0. 1. 1. 1. 1. 1. 0. 0. 1. 1. 1. 0. 0. 1. 0. 1. 0. 0. 1. 0. 1. 0.
 1. 0. 0. 0.]"
578,randomforest,"{'criterion': 'gini', 'max_features': 'sqrt', 'n_estimators': 547}",0.5735578114743509,0.18900450726279475,0.14208494230881605,0.33592368711209486,0.5668182847618332,0.1929796987725528,0.5518394648829431,0.10447761194029848,0.5522388059701493,0.5522388059701493,"{0: 0.5850969035419915, 1: 0.5850969035419915}","{0: 0.5850969035419915, 1: 0.5850969035419915}",0.5850969035419915,"[[70 64]
 [56 78]]","[1. 0. 0. 0. 0. 1. 0. 1. 1. 0. 0. 0. 1. 0. 0. 0. 1. 0. 0. 0. 0. 1. 0. 0.
 0. 0. 1. 1. 1. 1. 1. 0. 0. 0. 1. 0. 1. 0. 1. 0. 1. 0. 1. 0. 0. 0. 1. 0.
 0. 0. 1. 0. 1. 1. 1. 1. 1. 1. 0. 1. 1. 0. 1. 0. 0. 0. 1. 1. 1. 1. 0. 0.
 1. 1. 0. 1. 1. 0. 0. 0. 1. 1. 1. 0. 0. 1. 1. 1. 1. 1. 1. 1. 0. 1. 1. 1.
 0. 0. 1. 1. 0. 1. 1. 0. 0. 0. 0. 1. 0. 1. 0. 0. 0. 1. 1. 0. 1. 0. 0. 0.
 0. 1. 1. 1. 1. 1. 1. 1. 1. 0. 0. 1. 1. 0. 1. 0. 0. 1. 0. 1. 1. 0. 0. 0.
 1. 0. 0. 0. 1. 1. 1. 0. 1. 1. 0. 1. 1. 0. 1. 0. 1. 1. 0. 0. 1. 1. 0. 1.
 1. 1. 0. 1. 1. 0. 0. 1. 1. 0. 1. 0. 0. 1. 1. 1. 0. 0. 1. 1. 0. 0. 1. 1.
 1. 1. 1. 1. 1. 1. 0. 0. 0. 0. 1. 1. 0. 1. 0. 0. 1. 1. 0. 1. 1. 1. 1. 0.
 1. 1. 0. 1. 0. 0. 0. 0. 1. 1. 1. 0. 0. 0. 1. 1. 1. 1. 1. 1. 0. 1. 0. 0.
 1. 1. 0. 0. 1. 1. 0. 1. 0. 1. 1. 0. 1. 0. 0. 1. 0. 0. 0. 1. 0. 0. 1. 1.
 1. 0. 1. 0.]","[0. 1. 0. 0. 0. 1. 1. 1. 0. 0. 0. 0. 0. 1. 0. 0. 1. 1. 0. 0. 0. 0. 0. 1.
 0. 0. 1. 0. 1. 0. 0. 1. 0. 1. 1. 0. 0. 0. 1. 0. 0. 0. 1. 1. 1. 0. 1. 0.
 1. 0. 1. 1. 0. 1. 1. 1. 1. 0. 1. 0. 0. 1. 1. 1. 0. 0. 0. 1. 1. 0. 1. 1.
 0. 0. 1. 0. 0. 1. 0. 1. 0. 1. 1. 1. 0. 1. 0. 1. 1. 1. 1. 1. 1. 1. 1. 0.
 0. 0. 1. 1. 1. 0. 0. 1. 1. 1. 0. 0. 0. 1. 1. 1. 0. 0. 0. 0. 1. 1. 1. 0.
 1. 0. 0. 1. 1. 0. 0. 0. 0. 1. 0. 0. 1. 1. 0. 1. 1. 1. 0. 1. 1. 0. 1. 0.
 1. 1. 0. 0. 0. 1. 1. 0. 1. 1. 0. 1. 0. 0. 0. 1. 1. 1. 0. 1. 0. 1. 1. 0.
 1. 0. 0. 1. 1. 0. 0. 1. 0. 1. 1. 0. 0. 1. 0. 0. 1. 1. 0. 1. 1. 0. 0. 0.
 0. 1. 1. 0. 0. 1. 0. 0. 1. 0. 1. 1. 1. 0. 0. 0. 1. 1. 0. 0. 0. 0. 1. 0.
 0. 1. 0. 1. 1. 1. 1. 0. 0. 0. 0. 1. 1. 1. 1. 0. 1. 1. 1. 1. 0. 1. 0. 0.
 1. 0. 0. 1. 1. 1. 1. 1. 0. 0. 1. 1. 1. 0. 0. 1. 0. 1. 0. 0. 1. 0. 1. 0.
 1. 0. 0. 0.]"
177,randomforest,"{'criterion': 'entropy', 'max_features': 'sqrt', 'n_estimators': 153}",0.5808755211862423,0.16118517245967137,0.14171804850111955,0.30676766582813675,0.5734194401029078,0.1713278166556694,0.5626961215011924,0.12686567164179108,0.5634328358208955,0.5634328358208955,"{0: 0.5834261528179995, 1: 0.5834261528179996}","{0: 0.5834261528179995, 1: 0.5834261528179996}",0.5834261528179996,"[[70 64]
 [53 81]]","[1. 0. 0. 0. 0. 1. 0. 1. 1. 0. 0. 0. 1. 0. 0. 0. 1. 0. 0. 0. 0. 1. 0. 0.
 0. 0. 1. 1. 1. 1. 1. 0. 0. 0. 1. 0. 0. 0. 1. 0. 1. 1. 1. 0. 0. 0. 1. 0.
 0. 0. 1. 0. 1. 1. 1. 1. 1. 1. 0. 1. 1. 0. 1. 1. 0. 0. 1. 1. 1. 1. 0. 0.
 0. 1. 0. 1. 1. 0. 1. 0. 1. 1. 1. 0. 0. 1. 0. 1. 1. 1. 1. 1. 0. 1. 1. 1.
 0. 0. 1. 1. 0. 1. 1. 1. 0. 0. 0. 0. 0. 1. 0. 0. 0. 1. 1. 1. 1. 0. 0. 0.
 0. 1. 1. 1. 1. 1. 1. 1. 1. 0. 0. 1. 1. 0. 1. 1. 0. 1. 0. 1. 1. 0. 0. 0.
 0. 0. 0. 1. 1. 1. 1. 0. 1. 1. 0. 1. 1. 0. 1. 0. 1. 1. 0. 0. 1. 1. 0. 1.
 1. 1. 0. 1. 1. 1. 0. 1. 1. 0. 1. 0. 0. 1. 1. 1. 0. 0. 1. 1. 0. 0. 1. 1.
 1. 1. 1. 0. 1. 1. 0. 0. 0. 0. 1. 1. 0. 0. 0. 0. 1. 1. 0. 1. 1. 1. 0. 0.
 1. 1. 1. 0. 0. 0. 0. 0. 1. 1. 1. 0. 0. 1. 1. 1. 1. 1. 1. 1. 0. 1. 0. 0.
 1. 1. 0. 0. 1. 1. 1. 1. 0. 1. 1. 0. 1. 0. 0. 1. 0. 1. 0. 1. 0. 0. 1. 1.
 1. 0. 1. 0.]","[0. 1. 0. 0. 0. 1. 1. 1. 0. 0. 0. 0. 0. 1. 0. 0. 1. 1. 0. 0. 0. 0. 0. 1.
 0. 0. 1. 0. 1. 0. 0. 1. 0. 1. 1. 0. 0. 0. 1. 0. 0. 0. 1. 1. 1. 0. 1. 0.
 1. 0. 1. 1. 0. 1. 1. 1. 1. 0. 1. 0. 0. 1. 1. 1. 0. 0. 0. 1. 1. 0. 1. 1.
 0. 0. 1. 0. 0. 1. 0. 1. 0. 1. 1. 1. 0. 1. 0. 1. 1. 1. 1. 1. 1. 1. 1. 0.
 0. 0. 1. 1. 1. 0. 0. 1. 1. 1. 0. 0. 0. 1. 1. 1. 0. 0. 0. 0. 1. 1. 1. 0.
 1. 0. 0. 1. 1. 0. 0. 0. 0. 1. 0. 0. 1. 1. 0. 1. 1. 1. 0. 1. 1. 0. 1. 0.
 1. 1. 0. 0. 0. 1. 1. 0. 1. 1. 0. 1. 0. 0. 0. 1. 1. 1. 0. 1. 0. 1. 1. 0.
 1. 0. 0. 1. 1. 0. 0. 1. 0. 1. 1. 0. 0. 1. 0. 0. 1. 1. 0. 1. 1. 0. 0. 0.
 0. 1. 1. 0. 0. 1. 0. 0. 1. 0. 1. 1. 1. 0. 0. 0. 1. 1. 0. 0. 0. 0. 1. 0.
 0. 1. 0. 1. 1. 1. 1. 0. 0. 0. 0. 1. 1. 1. 1. 0. 1. 1. 1. 1. 0. 1. 0. 0.
 1. 0. 0. 1. 1. 1. 1. 1. 0. 0. 1. 1. 1. 0. 0. 1. 0. 1. 0. 0. 1. 0. 1. 0.
 1. 0. 0. 0.]"
523,randomforest,"{'criterion': 'gini', 'max_features': 'sqrt', 'n_estimators': 137}",0.5623694382829355,0.19851911680605178,0.14163932631237167,0.3469937817676348,0.5549058915994399,0.20520692608720303,0.5363839285714285,0.07462686567164178,0.5373134328358209,0.5373134328358209,"{0: 0.5769659166852307, 1: 0.5769659166852307}","{0: 0.5769659166852307, 1: 0.5769659166852307}",0.5769659166852307,"[[66 68]
 [56 78]]","[1. 0. 0. 0. 0. 1. 0. 1. 1. 0. 0. 0. 1. 0. 0. 0. 0. 0. 0. 0. 0. 1. 0. 0.
 0. 0. 1. 1. 1. 1. 1. 0. 0. 0. 1. 1. 1. 0. 1. 0. 0. 0. 1. 0. 0. 1. 1. 1.
 0. 0. 1. 0. 1. 1. 1. 1. 1. 1. 0. 1. 1. 1. 1. 0. 0. 0. 1. 1. 1. 1. 0. 0.
 1. 1. 0. 1. 1. 0. 1. 0. 1. 1. 1. 0. 0. 1. 1. 1. 1. 1. 1. 1. 0. 1. 1. 1.
 0. 0. 1. 1. 0. 1. 1. 0. 0. 0. 0. 1. 0. 1. 0. 0. 0. 1. 1. 0. 1. 0. 0. 0.
 0. 1. 1. 1. 1. 1. 1. 1. 1. 0. 0. 1. 1. 0. 1. 1. 0. 0. 0. 1. 1. 0. 0. 0.
 0. 0. 0. 0. 1. 1. 1. 0. 1. 0. 0. 1. 1. 0. 1. 0. 1. 1. 0. 0. 1. 0. 0. 1.
 1. 1. 0. 1. 1. 0. 0. 1. 1. 0. 1. 1. 0. 1. 1. 1. 0. 0. 1. 1. 0. 0. 1. 1.
 1. 1. 1. 1. 1. 1. 0. 1. 0. 0. 1. 1. 0. 0. 0. 0. 1. 1. 0. 1. 1. 1. 1. 0.
 1. 1. 0. 1. 0. 0. 0. 0. 1. 1. 1. 0. 1. 1. 1. 1. 1. 1. 1. 1. 0. 1. 0. 0.
 1. 1. 0. 0. 1. 1. 0. 1. 0. 1. 1. 0. 1. 0. 0. 1. 0. 1. 0. 1. 0. 0. 1. 1.
 1. 0. 1. 0.]","[0. 1. 0. 0. 0. 1. 1. 1. 0. 0. 0. 0. 0. 1. 0. 0. 1. 1. 0. 0. 0. 0. 0. 1.
 0. 0. 1. 0. 1. 0. 0. 1. 0. 1. 1. 0. 0. 0. 1. 0. 0. 0. 1. 1. 1. 0. 1. 0.
 1. 0. 1. 1. 0. 1. 1. 1. 1. 0. 1. 0. 0. 1. 1. 1. 0. 0. 0. 1. 1. 0. 1. 1.
 0. 0. 1. 0. 0. 1. 0. 1. 0. 1. 1. 1. 0. 1. 0. 1. 1. 1. 1. 1. 1. 1. 1. 0.
 0. 0. 1. 1. 1. 0. 0. 1. 1. 1. 0. 0. 0. 1. 1. 1. 0. 0. 0. 0. 1. 1. 1. 0.
 1. 0. 0. 1. 1. 0. 0. 0. 0. 1. 0. 0. 1. 1. 0. 1. 1. 1. 0. 1. 1. 0. 1. 0.
 1. 1. 0. 0. 0. 1. 1. 0. 1. 1. 0. 1. 0. 0. 0. 1. 1. 1. 0. 1. 0. 1. 1. 0.
 1. 0. 0. 1. 1. 0. 0. 1. 0. 1. 1. 0. 0. 1. 0. 0. 1. 1. 0. 1. 1. 0. 0. 0.
 0. 1. 1. 0. 0. 1. 0. 0. 1. 0. 1. 1. 1. 0. 0. 0. 1. 1. 0. 0. 0. 0. 1. 0.
 0. 1. 0. 1. 1. 1. 1. 0. 0. 0. 0. 1. 1. 1. 1. 0. 1. 1. 1. 1. 0. 1. 0. 0.
 1. 0. 0. 1. 1. 1. 1. 1. 0. 0. 1. 1. 1. 0. 0. 1. 0. 1. 0. 0. 1. 0. 1. 0.
 1. 0. 0. 0.]"
388,randomforest,"{'criterion': 'gini', 'max_features': 'log2', 'n_estimators': 219}",0.5752890759532127,0.17976989814577973,0.14143920188373654,0.3194452307691206,0.5668876020186504,0.18470110398405168,0.5484508807352225,0.09701492537313428,0.5485074626865671,0.5485074626865671,"{0: 0.5785531298730229, 1: 0.5785531298730229}","{0: 0.5785531298730229, 1: 0.5785531298730229}",0.5785531298730229,"[[72 62]
 [59 75]]","[1. 0. 0. 0. 0. 1. 0. 1. 1. 0. 0. 0. 1. 0. 0. 0. 1. 0. 0. 0. 0. 1. 0. 0.
 0. 0. 1. 1. 1. 1. 1. 0. 0. 0. 1. 1. 0. 0. 1. 0. 1. 1. 1. 0. 0. 0. 1. 1.
 0. 0. 1. 0. 1. 1. 1. 1. 1. 1. 0. 1. 1. 0. 1. 0. 0. 0. 1. 1. 1. 1. 0. 0.
 1. 1. 0. 1. 1. 0. 0. 0. 0. 1. 1. 0. 0. 1. 0. 1. 1. 1. 1. 1. 0. 1. 1. 1.
 0. 0. 1. 1. 0. 1. 0. 0. 0. 0. 0. 1. 0. 1. 0. 0. 0. 1. 1. 0. 1. 0. 0. 0.
 0. 1. 1. 1. 1. 1. 1. 1. 1. 0. 0. 1. 1. 0. 1. 1. 0. 1. 0. 1. 0. 0. 0. 0.
 0. 0. 0. 0. 1. 1. 1. 0. 0. 1. 0. 1. 1. 0. 1. 0. 1. 1. 0. 0. 1. 1. 0. 1.
 1. 1. 0. 1. 1. 1. 0. 1. 1. 0. 1. 0. 0. 0. 1. 1. 0. 0. 1. 1. 0. 0. 0. 1.
 1. 1. 1. 0. 1. 1. 0. 0. 0. 0. 1. 1. 0. 1. 0. 0. 1. 1. 0. 1. 1. 1. 0. 0.
 1. 1. 0. 1. 0. 0. 0. 0. 1. 1. 1. 0. 0. 0. 1. 1. 1. 1. 1. 1. 0. 1. 0. 0.
 1. 1. 0. 0. 1. 1. 0. 1. 0. 1. 1. 0. 1. 0. 0. 1. 0. 1. 0. 1. 0. 0. 1. 1.
 1. 0. 1. 0.]","[0. 1. 0. 0. 0. 1. 1. 1. 0. 0. 0. 0. 0. 1. 0. 0. 1. 1. 0. 0. 0. 0. 0. 1.
 0. 0. 1. 0. 1. 0. 0. 1. 0. 1. 1. 0. 0. 0. 1. 0. 0. 0. 1. 1. 1. 0. 1. 0.
 1. 0. 1. 1. 0. 1. 1. 1. 1. 0. 1. 0. 0. 1. 1. 1. 0. 0. 0. 1. 1. 0. 1. 1.
 0. 0. 1. 0. 0. 1. 0. 1. 0. 1. 1. 1. 0. 1. 0. 1. 1. 1. 1. 1. 1. 1. 1. 0.
 0. 0. 1. 1. 1. 0. 0. 1. 1. 1. 0. 0. 0. 1. 1. 1. 0. 0. 0. 0. 1. 1. 1. 0.
 1. 0. 0. 1. 1. 0. 0. 0. 0. 1. 0. 0. 1. 1. 0. 1. 1. 1. 0. 1. 1. 0. 1. 0.
 1. 1. 0. 0. 0. 1. 1. 0. 1. 1. 0. 1. 0. 0. 0. 1. 1. 1. 0. 1. 0. 1. 1. 0.
 1. 0. 0. 1. 1. 0. 0. 1. 0. 1. 1. 0. 0. 1. 0. 0. 1. 1. 0. 1. 1. 0. 0. 0.
 0. 1. 1. 0. 0. 1. 0. 0. 1. 0. 1. 1. 1. 0. 0. 0. 1. 1. 0. 0. 0. 0. 1. 0.
 0. 1. 0. 1. 1. 1. 1. 0. 0. 0. 0. 1. 1. 1. 1. 0. 1. 1. 1. 1. 0. 1. 0. 0.
 1. 0. 0. 1. 1. 1. 1. 1. 0. 0. 1. 1. 1. 0. 0. 1. 0. 1. 0. 0. 1. 0. 1. 0.
 1. 0. 0. 0.]"
84,randomforest,"{'criterion': 'entropy', 'max_features': 'sqrt', 'n_estimators': 119}",0.5769520561608789,0.19157322029228083,0.14133697015302768,0.3466204266012679,0.568950010935898,0.19488127658118584,0.5590876136300262,0.11940298507462688,0.5597014925373134,0.5597014925373134,"{0: 0.5853475161505903, 1: 0.5853475161505903}","{0: 0.5853475161505903, 1: 0.5853475161505903}",0.5853475161505903,"[[70 64]
 [54 80]]","[1. 0. 0. 0. 0. 1. 0. 1. 1. 0. 0. 0. 1. 0. 0. 0. 1. 0. 0. 0. 0. 1. 0. 0.
 0. 0. 1. 1. 1. 1. 1. 0. 0. 0. 1. 0. 1. 0. 1. 0. 1. 0. 1. 0. 0. 0. 1. 0.
 0. 0. 1. 0. 1. 1. 1. 1. 1. 1. 0. 1. 0. 0. 1. 0. 0. 0. 1. 1. 1. 1. 0. 0.
 0. 1. 0. 1. 1. 0. 0. 0. 1. 1. 1. 0. 0. 1. 0. 1. 1. 1. 1. 1. 0. 1. 1. 1.
 0. 0. 1. 1. 0. 1. 1. 1. 0. 0. 0. 1. 0. 1. 0. 0. 0. 1. 1. 1. 1. 0. 0. 0.
 0. 1. 1. 1. 1. 1. 1. 1. 1. 0. 0. 1. 1. 0. 1. 1. 0. 1. 0. 1. 1. 0. 0. 0.
 0. 0. 0. 0. 1. 1. 1. 0. 1. 1. 0. 1. 1. 0. 1. 0. 1. 1. 0. 0. 1. 1. 0. 1.
 1. 1. 1. 1. 1. 0. 0. 1. 1. 0. 1. 1. 0. 1. 1. 1. 0. 0. 1. 1. 0. 0. 1. 1.
 0. 1. 1. 1. 1. 1. 0. 0. 0. 0. 1. 1. 0. 1. 1. 0. 1. 1. 0. 1. 1. 1. 0. 0.
 1. 1. 0. 1. 0. 0. 0. 0. 1. 1. 1. 0. 0. 0. 1. 1. 1. 1. 1. 1. 0. 1. 0. 0.
 1. 1. 0. 0. 1. 1. 1. 1. 0. 0. 1. 0. 1. 0. 1. 1. 0. 1. 0. 1. 0. 0. 1. 1.
 1. 0. 1. 0.]","[0. 1. 0. 0. 0. 1. 1. 1. 0. 0. 0. 0. 0. 1. 0. 0. 1. 1. 0. 0. 0. 0. 0. 1.
 0. 0. 1. 0. 1. 0. 0. 1. 0. 1. 1. 0. 0. 0. 1. 0. 0. 0. 1. 1. 1. 0. 1. 0.
 1. 0. 1. 1. 0. 1. 1. 1. 1. 0. 1. 0. 0. 1. 1. 1. 0. 0. 0. 1. 1. 0. 1. 1.
 0. 0. 1. 0. 0. 1. 0. 1. 0. 1. 1. 1. 0. 1. 0. 1. 1. 1. 1. 1. 1. 1. 1. 0.
 0. 0. 1. 1. 1. 0. 0. 1. 1. 1. 0. 0. 0. 1. 1. 1. 0. 0. 0. 0. 1. 1. 1. 0.
 1. 0. 0. 1. 1. 0. 0. 0. 0. 1. 0. 0. 1. 1. 0. 1. 1. 1. 0. 1. 1. 0. 1. 0.
 1. 1. 0. 0. 0. 1. 1. 0. 1. 1. 0. 1. 0. 0. 0. 1. 1. 1. 0. 1. 0. 1. 1. 0.
 1. 0. 0. 1. 1. 0. 0. 1. 0. 1. 1. 0. 0. 1. 0. 0. 1. 1. 0. 1. 1. 0. 0. 0.
 0. 1. 1. 0. 0. 1. 0. 0. 1. 0. 1. 1. 1. 0. 0. 0. 1. 1. 0. 0. 0. 0. 1. 0.
 0. 1. 0. 1. 1. 1. 1. 0. 0. 0. 0. 1. 1. 1. 1. 0. 1. 1. 1. 1. 0. 1. 0. 0.
 1. 0. 0. 1. 1. 1. 1. 1. 0. 0. 1. 1. 1. 0. 0. 1. 0. 1. 0. 0. 1. 0. 1. 0.
 1. 0. 0. 0.]"
282,randomforest,"{'criterion': 'gini', 'max_features': 'sqrt', 'n_estimators': 241}",0.5722746358574816,0.19510641882607654,0.1412716457618651,0.3573673590476915,0.5637816801627286,0.20000817165294307,0.5443701226309922,0.08955223880597019,0.5447761194029851,0.5447761194029851,"{0: 0.5767153040766319, 1: 0.5767153040766319}","{0: 0.5767153040766319, 1: 0.5767153040766319}",0.5767153040766319,"[[69 65]
 [57 77]]","[1. 0. 0. 0. 0. 1. 0. 1. 1. 0. 0. 0. 1. 0. 0. 0. 1. 0. 0. 0. 0. 1. 0. 0.
 1. 0. 1. 1. 1. 1. 1. 0. 0. 0. 1. 0. 0. 0. 1. 0. 0. 0. 1. 0. 0. 0. 1. 1.
 0. 0. 1. 0. 1. 1. 1. 1. 1. 1. 0. 1. 1. 0. 1. 1. 0. 0. 1. 1. 1. 1. 0. 0.
 1. 1. 0. 1. 1. 0. 0. 0. 1. 1. 1. 0. 0. 1. 0. 1. 1. 1. 1. 1. 0. 1. 1. 1.
 0. 0. 1. 1. 0. 1. 1. 0. 0. 0. 0. 1. 0. 1. 0. 0. 0. 1. 1. 0. 1. 0. 0. 0.
 0. 1. 1. 1. 1. 1. 1. 1. 1. 0. 0. 1. 1. 0. 1. 1. 0. 1. 0. 1. 1. 0. 0. 0.
 1. 0. 0. 0. 1. 1. 1. 0. 1. 0. 0. 1. 1. 0. 1. 0. 1. 1. 0. 0. 1. 1. 0. 1.
 1. 1. 0. 1. 1. 1. 0. 1. 1. 0. 1. 0. 0. 0. 1. 1. 0. 0. 1. 1. 0. 0. 1. 1.
 1. 1. 1. 1. 1. 1. 0. 1. 0. 0. 1. 1. 0. 0. 0. 1. 1. 1. 0. 1. 1. 1. 0. 0.
 1. 1. 0. 0. 0. 0. 0. 0. 1. 1. 1. 0. 1. 0. 1. 1. 1. 1. 1. 1. 0. 1. 0. 0.
 1. 1. 0. 0. 1. 1. 0. 1. 0. 1. 1. 0. 1. 0. 0. 1. 0. 0. 0. 1. 0. 0. 1. 1.
 1. 0. 1. 0.]","[0. 1. 0. 0. 0. 1. 1. 1. 0. 0. 0. 0. 0. 1. 0. 0. 1. 1. 0. 0. 0. 0. 0. 1.
 0. 0. 1. 0. 1. 0. 0. 1. 0. 1. 1. 0. 0. 0. 1. 0. 0. 0. 1. 1. 1. 0. 1. 0.
 1. 0. 1. 1. 0. 1. 1. 1. 1. 0. 1. 0. 0. 1. 1. 1. 0. 0. 0. 1. 1. 0. 1. 1.
 0. 0. 1. 0. 0. 1. 0. 1. 0. 1. 1. 1. 0. 1. 0. 1. 1. 1. 1. 1. 1. 1. 1. 0.
 0. 0. 1. 1. 1. 0. 0. 1. 1. 1. 0. 0. 0. 1. 1. 1. 0. 0. 0. 0. 1. 1. 1. 0.
 1. 0. 0. 1. 1. 0. 0. 0. 0. 1. 0. 0. 1. 1. 0. 1. 1. 1. 0. 1. 1. 0. 1. 0.
 1. 1. 0. 0. 0. 1. 1. 0. 1. 1. 0. 1. 0. 0. 0. 1. 1. 1. 0. 1. 0. 1. 1. 0.
 1. 0. 0. 1. 1. 0. 0. 1. 0. 1. 1. 0. 0. 1. 0. 0. 1. 1. 0. 1. 1. 0. 0. 0.
 0. 1. 1. 0. 0. 1. 0. 0. 1. 0. 1. 1. 1. 0. 0. 0. 1. 1. 0. 0. 0. 0. 1. 0.
 0. 1. 0. 1. 1. 1. 1. 0. 0. 0. 0. 1. 1. 1. 1. 0. 1. 1. 1. 1. 0. 1. 0. 0.
 1. 0. 0. 1. 1. 1. 1. 1. 0. 0. 1. 1. 1. 0. 0. 1. 0. 1. 0. 0. 1. 0. 1. 0.
 1. 0. 0. 0.]"
797,randomforest,"{'criterion': 'gini', 'max_features': 'sqrt', 'n_estimators': 51}",0.5919608857632542,0.15834307912281392,0.14112769085579258,0.303019132289466,0.5914719912703783,0.1620556391399616,0.5745320855614974,0.14925373134328357,0.5746268656716418,0.5746268656716418,"{0: 0.6118567609712631, 1: 0.611856760971263}","{0: 0.6118567609712631, 1: 0.611856760971263}",0.611856760971263,"[[75 59]
 [55 79]]","[1. 0. 0. 0. 0. 1. 0. 0. 1. 0. 0. 0. 1. 1. 0. 0. 0. 0. 0. 1. 0. 1. 1. 0.
 1. 0. 1. 1. 1. 1. 1. 0. 0. 0. 1. 0. 1. 0. 1. 0. 1. 1. 1. 0. 0. 0. 1. 0.
 0. 0. 1. 1. 1. 1. 1. 1. 1. 0. 0. 1. 1. 0. 1. 0. 0. 0. 1. 1. 1. 1. 0. 0.
 1. 1. 0. 1. 1. 0. 0. 1. 0. 1. 1. 0. 0. 1. 0. 0. 1. 1. 1. 1. 0. 1. 1. 1.
 0. 0. 1. 1. 0. 1. 0. 1. 0. 0. 0. 1. 0. 1. 0. 1. 0. 1. 1. 1. 1. 0. 0. 0.
 1. 1. 1. 1. 1. 1. 1. 1. 0. 0. 0. 0. 1. 0. 1. 1. 0. 1. 0. 1. 1. 0. 1. 0.
 1. 0. 0. 0. 1. 1. 1. 0. 0. 0. 0. 1. 1. 0. 0. 0. 1. 1. 0. 1. 1. 0. 0. 1.
 0. 0. 0. 1. 1. 1. 0. 1. 1. 0. 1. 0. 0. 0. 1. 1. 0. 0. 1. 1. 0. 0. 1. 1.
 0. 1. 1. 0. 1. 1. 0. 1. 0. 0. 1. 1. 0. 0. 0. 0. 1. 1. 0. 1. 1. 1. 0. 0.
 1. 1. 0. 0. 0. 1. 0. 0. 0. 1. 1. 0. 1. 0. 1. 1. 1. 1. 1. 1. 0. 1. 0. 0.
 1. 1. 0. 0. 1. 1. 0. 1. 0. 1. 1. 0. 1. 0. 0. 1. 0. 0. 0. 1. 0. 0. 1. 1.
 1. 0. 1. 0.]","[0. 1. 0. 0. 0. 1. 1. 1. 0. 0. 0. 0. 0. 1. 0. 0. 1. 1. 0. 0. 0. 0. 0. 1.
 0. 0. 1. 0. 1. 0. 0. 1. 0. 1. 1. 0. 0. 0. 1. 0. 0. 0. 1. 1. 1. 0. 1. 0.
 1. 0. 1. 1. 0. 1. 1. 1. 1. 0. 1. 0. 0. 1. 1. 1. 0. 0. 0. 1. 1. 0. 1. 1.
 0. 0. 1. 0. 0. 1. 0. 1. 0. 1. 1. 1. 0. 1. 0. 1. 1. 1. 1. 1. 1. 1. 1. 0.
 0. 0. 1. 1. 1. 0. 0. 1. 1. 1. 0. 0. 0. 1. 1. 1. 0. 0. 0. 0. 1. 1. 1. 0.
 1. 0. 0. 1. 1. 0. 0. 0. 0. 1. 0. 0. 1. 1. 0. 1. 1. 1. 0. 1. 1. 0. 1. 0.
 1. 1. 0. 0. 0. 1. 1. 0. 1. 1. 0. 1. 0. 0. 0. 1. 1. 1. 0. 1. 0. 1. 1. 0.
 1. 0. 0. 1. 1. 0. 0. 1. 0. 1. 1. 0. 0. 1. 0. 0. 1. 1. 0. 1. 1. 0. 0. 0.
 0. 1. 1. 0. 0. 1. 0. 0. 1. 0. 1. 1. 1. 0. 0. 0. 1. 1. 0. 0. 0. 0. 1. 0.
 0. 1. 0. 1. 1. 1. 1. 0. 0. 0. 0. 1. 1. 1. 1. 0. 1. 1. 1. 1. 0. 1. 0. 0.
 1. 0. 0. 1. 1. 1. 1. 1. 0. 0. 1. 1. 1. 0. 0. 1. 0. 1. 0. 0. 1. 0. 1. 0.
 1. 0. 0. 0.]"
445,randomforest,"{'criterion': 'gini', 'max_features': 'sqrt', 'n_estimators': 255}",0.5691757238430625,0.19271777195271905,0.14057480000688835,0.3535834748480863,0.5592136805846484,0.19658864667929274,0.5483502555745902,0.09701492537313428,0.5485074626865671,0.5485074626865671,"{0: 0.5834818445087994, 1: 0.5834818445087993}","{0: 0.5834818445087994, 1: 0.5834818445087993}",0.5834818445087993,"[[71 63]
 [58 76]]","[1. 0. 0. 0. 0. 1. 0. 1. 1. 0. 0. 1. 1. 0. 0. 0. 0. 0. 0. 0. 0. 1. 0. 0.
 0. 0. 1. 1. 1. 1. 1. 0. 0. 0. 1. 0. 1. 0. 1. 0. 1. 0. 1. 1. 0. 0. 1. 0.
 0. 0. 1. 0. 1. 1. 1. 1. 1. 1. 0. 1. 0. 0. 1. 0. 0. 0. 1. 1. 1. 1. 0. 0.
 0. 1. 0. 1. 1. 0. 0. 0. 1. 1. 1. 0. 0. 1. 1. 1. 1. 1. 1. 1. 0. 1. 1. 1.
 0. 0. 1. 1. 0. 1. 0. 0. 0. 0. 0. 1. 0. 1. 0. 0. 0. 1. 1. 0. 1. 0. 0. 0.
 0. 1. 1. 1. 1. 1. 1. 1. 1. 0. 0. 1. 1. 0. 1. 1. 0. 1. 0. 1. 1. 0. 0. 0.
 0. 0. 0. 0. 1. 1. 1. 0. 1. 1. 0. 1. 1. 0. 1. 0. 1. 1. 0. 0. 1. 0. 0. 1.
 1. 1. 0. 1. 1. 1. 0. 1. 1. 0. 1. 1. 0. 1. 1. 1. 0. 0. 1. 1. 0. 0. 1. 1.
 1. 1. 1. 1. 1. 1. 0. 0. 0. 0. 1. 1. 0. 0. 0. 0. 1. 1. 0. 1. 1. 1. 0. 0.
 1. 1. 0. 0. 0. 0. 0. 0. 1. 1. 1. 0. 0. 0. 1. 1. 1. 1. 1. 1. 0. 1. 0. 0.
 1. 1. 0. 0. 1. 1. 0. 1. 0. 1. 1. 0. 1. 0. 0. 1. 0. 1. 0. 1. 0. 0. 1. 1.
 1. 0. 1. 0.]","[0. 1. 0. 0. 0. 1. 1. 1. 0. 0. 0. 0. 0. 1. 0. 0. 1. 1. 0. 0. 0. 0. 0. 1.
 0. 0. 1. 0. 1. 0. 0. 1. 0. 1. 1. 0. 0. 0. 1. 0. 0. 0. 1. 1. 1. 0. 1. 0.
 1. 0. 1. 1. 0. 1. 1. 1. 1. 0. 1. 0. 0. 1. 1. 1. 0. 0. 0. 1. 1. 0. 1. 1.
 0. 0. 1. 0. 0. 1. 0. 1. 0. 1. 1. 1. 0. 1. 0. 1. 1. 1. 1. 1. 1. 1. 1. 0.
 0. 0. 1. 1. 1. 0. 0. 1. 1. 1. 0. 0. 0. 1. 1. 1. 0. 0. 0. 0. 1. 1. 1. 0.
 1. 0. 0. 1. 1. 0. 0. 0. 0. 1. 0. 0. 1. 1. 0. 1. 1. 1. 0. 1. 1. 0. 1. 0.
 1. 1. 0. 0. 0. 1. 1. 0. 1. 1. 0. 1. 0. 0. 0. 1. 1. 1. 0. 1. 0. 1. 1. 0.
 1. 0. 0. 1. 1. 0. 0. 1. 0. 1. 1. 0. 0. 1. 0. 0. 1. 1. 0. 1. 1. 0. 0. 0.
 0. 1. 1. 0. 0. 1. 0. 0. 1. 0. 1. 1. 1. 0. 0. 0. 1. 1. 0. 0. 0. 0. 1. 0.
 0. 1. 0. 1. 1. 1. 1. 0. 0. 0. 0. 1. 1. 1. 1. 0. 1. 1. 1. 1. 0. 1. 0. 0.
 1. 0. 0. 1. 1. 1. 1. 1. 0. 0. 1. 1. 1. 0. 0. 1. 0. 1. 0. 0. 1. 0. 1. 0.
 1. 0. 0. 0.]"
546,randomforest,"{'criterion': 'gini', 'max_features': None, 'n_estimators': 393}",0.5728456491502032,0.1886988398982896,0.14019533358664618,0.34392210686227975,0.5673388308972985,0.19238691627994245,0.5558155406064151,0.11194029850746268,0.5559701492537313,0.5559701492537313,"{0: 0.5863499665849855, 1: 0.5863499665849855}","{0: 0.5863499665849855, 1: 0.5863499665849855}",0.5863499665849855,"[[72 62]
 [57 77]]","[1. 0. 0. 0. 0. 1. 0. 1. 1. 0. 0. 0. 1. 0. 0. 0. 0. 0. 0. 0. 0. 1. 0. 0.
 0. 0. 1. 1. 1. 1. 1. 0. 0. 0. 1. 1. 0. 0. 1. 0. 1. 0. 1. 1. 0. 1. 1. 0.
 0. 0. 1. 0. 1. 1. 1. 1. 1. 1. 0. 1. 1. 0. 1. 0. 0. 0. 1. 1. 1. 1. 0. 0.
 1. 1. 0. 1. 1. 0. 0. 0. 1. 1. 1. 0. 0. 1. 0. 1. 1. 1. 1. 1. 0. 1. 1. 1.
 0. 0. 1. 1. 0. 1. 1. 0. 0. 0. 0. 1. 0. 1. 0. 0. 0. 1. 1. 0. 1. 0. 0. 0.
 0. 1. 1. 1. 1. 1. 1. 1. 1. 0. 0. 1. 1. 0. 1. 1. 0. 1. 0. 1. 1. 0. 0. 0.
 0. 0. 0. 0. 1. 1. 1. 0. 1. 1. 0. 1. 1. 0. 1. 0. 1. 1. 0. 0. 1. 1. 0. 1.
 1. 1. 0. 1. 1. 1. 0. 1. 1. 0. 1. 0. 0. 0. 1. 1. 0. 0. 1. 1. 0. 0. 1. 1.
 0. 1. 0. 1. 0. 1. 0. 0. 0. 0. 1. 1. 0. 0. 0. 0. 1. 1. 0. 1. 1. 1. 0. 0.
 1. 1. 0. 1. 0. 0. 0. 0. 1. 1. 1. 0. 0. 0. 1. 1. 1. 1. 1. 1. 0. 1. 0. 0.
 1. 1. 0. 0. 1. 1. 1. 1. 0. 1. 1. 0. 1. 0. 0. 1. 0. 1. 0. 1. 0. 0. 1. 1.
 1. 0. 1. 0.]","[0. 1. 0. 0. 0. 1. 1. 1. 0. 0. 0. 0. 0. 1. 0. 0. 1. 1. 0. 0. 0. 0. 0. 1.
 0. 0. 1. 0. 1. 0. 0. 1. 0. 1. 1. 0. 0. 0. 1. 0. 0. 0. 1. 1. 1. 0. 1. 0.
 1. 0. 1. 1. 0. 1. 1. 1. 1. 0. 1. 0. 0. 1. 1. 1. 0. 0. 0. 1. 1. 0. 1. 1.
 0. 0. 1. 0. 0. 1. 0. 1. 0. 1. 1. 1. 0. 1. 0. 1. 1. 1. 1. 1. 1. 1. 1. 0.
 0. 0. 1. 1. 1. 0. 0. 1. 1. 1. 0. 0. 0. 1. 1. 1. 0. 0. 0. 0. 1. 1. 1. 0.
 1. 0. 0. 1. 1. 0. 0. 0. 0. 1. 0. 0. 1. 1. 0. 1. 1. 1. 0. 1. 1. 0. 1. 0.
 1. 1. 0. 0. 0. 1. 1. 0. 1. 1. 0. 1. 0. 0. 0. 1. 1. 1. 0. 1. 0. 1. 1. 0.
 1. 0. 0. 1. 1. 0. 0. 1. 0. 1. 1. 0. 0. 1. 0. 0. 1. 1. 0. 1. 1. 0. 0. 0.
 0. 1. 1. 0. 0. 1. 0. 0. 1. 0. 1. 1. 1. 0. 0. 0. 1. 1. 0. 0. 0. 0. 1. 0.
 0. 1. 0. 1. 1. 1. 1. 0. 0. 0. 0. 1. 1. 1. 1. 0. 1. 1. 1. 1. 0. 1. 0. 0.
 1. 0. 0. 1. 1. 1. 1. 1. 0. 0. 1. 1. 1. 0. 0. 1. 0. 1. 0. 0. 1. 0. 1. 0.
 1. 0. 0. 0.]"
183,randomforest,"{'criterion': 'gini', 'max_features': None, 'n_estimators': 103}",0.5792454855264522,0.1977584231823903,0.14012944382911732,0.368467295319519,0.566643053034182,0.20884241117893743,0.5556670149773598,0.11194029850746268,0.5559701492537313,0.5559701492537313,"{0: 0.5796112719982178, 1: 0.5796112719982179}","{0: 0.5796112719982178, 1: 0.5796112719982179}",0.5796112719982179,"[[71 63]
 [56 78]]","[1. 0. 0. 0. 0. 1. 0. 1. 1. 0. 0. 0. 1. 0. 0. 0. 0. 0. 0. 0. 0. 1. 0. 0.
 0. 0. 1. 1. 1. 1. 1. 0. 0. 0. 1. 1. 0. 0. 1. 0. 1. 0. 1. 1. 0. 0. 1. 0.
 0. 0. 1. 0. 1. 1. 1. 1. 1. 1. 0. 1. 1. 0. 1. 0. 0. 0. 1. 1. 1. 1. 0. 0.
 1. 1. 0. 1. 1. 0. 0. 0. 0. 1. 1. 0. 0. 1. 1. 1. 1. 1. 1. 1. 0. 1. 1. 1.
 1. 0. 1. 1. 0. 1. 1. 0. 0. 0. 0. 0. 0. 1. 0. 0. 0. 1. 1. 0. 1. 0. 0. 1.
 1. 1. 0. 1. 1. 1. 1. 1. 1. 0. 0. 1. 1. 0. 1. 0. 0. 1. 0. 1. 1. 0. 1. 0.
 0. 0. 0. 0. 0. 1. 1. 0. 1. 1. 0. 1. 1. 0. 1. 0. 1. 1. 0. 0. 1. 1. 0. 1.
 1. 1. 0. 1. 0. 1. 0. 1. 1. 0. 1. 0. 0. 1. 1. 1. 0. 0. 1. 1. 1. 0. 1. 1.
 0. 0. 0. 1. 0. 1. 0. 0. 0. 0. 1. 1. 0. 1. 0. 1. 1. 1. 0. 1. 1. 1. 0. 0.
 1. 1. 0. 1. 0. 0. 0. 0. 1. 1. 1. 0. 0. 0. 1. 1. 1. 1. 1. 1. 0. 1. 0. 0.
 1. 1. 0. 0. 1. 1. 1. 1. 0. 1. 1. 0. 1. 0. 1. 1. 0. 1. 0. 1. 0. 0. 1. 1.
 1. 0. 1. 0.]","[0. 1. 0. 0. 0. 1. 1. 1. 0. 0. 0. 0. 0. 1. 0. 0. 1. 1. 0. 0. 0. 0. 0. 1.
 0. 0. 1. 0. 1. 0. 0. 1. 0. 1. 1. 0. 0. 0. 1. 0. 0. 0. 1. 1. 1. 0. 1. 0.
 1. 0. 1. 1. 0. 1. 1. 1. 1. 0. 1. 0. 0. 1. 1. 1. 0. 0. 0. 1. 1. 0. 1. 1.
 0. 0. 1. 0. 0. 1. 0. 1. 0. 1. 1. 1. 0. 1. 0. 1. 1. 1. 1. 1. 1. 1. 1. 0.
 0. 0. 1. 1. 1. 0. 0. 1. 1. 1. 0. 0. 0. 1. 1. 1. 0. 0. 0. 0. 1. 1. 1. 0.
 1. 0. 0. 1. 1. 0. 0. 0. 0. 1. 0. 0. 1. 1. 0. 1. 1. 1. 0. 1. 1. 0. 1. 0.
 1. 1. 0. 0. 0. 1. 1. 0. 1. 1. 0. 1. 0. 0. 0. 1. 1. 1. 0. 1. 0. 1. 1. 0.
 1. 0. 0. 1. 1. 0. 0. 1. 0. 1. 1. 0. 0. 1. 0. 0. 1. 1. 0. 1. 1. 0. 0. 0.
 0. 1. 1. 0. 0. 1. 0. 0. 1. 0. 1. 1. 1. 0. 0. 0. 1. 1. 0. 0. 0. 0. 1. 0.
 0. 1. 0. 1. 1. 1. 1. 0. 0. 0. 0. 1. 1. 1. 1. 0. 1. 1. 1. 1. 0. 1. 0. 0.
 1. 0. 0. 1. 1. 1. 1. 1. 0. 0. 1. 1. 1. 0. 0. 1. 0. 1. 0. 0. 1. 0. 1. 0.
 1. 0. 0. 0.]"
788,randomforest,"{'criterion': 'gini', 'max_features': 'sqrt', 'n_estimators': 143}",0.5904646634065374,0.1877863475626888,0.14010135131970944,0.3308260534816849,0.5880418025075284,0.18126091120629875,0.5704110505554549,0.14179104477611937,0.5708955223880597,0.5708955223880596,"{0: 0.5932000445533526, 1: 0.5932000445533526}","{0: 0.5932000445533526, 1: 0.5932000445533526}",0.5932000445533526,"[[72 62]
 [53 81]]","[1. 0. 0. 0. 0. 1. 0. 1. 1. 0. 0. 0. 1. 0. 0. 0. 1. 0. 0. 0. 0. 1. 0. 0.
 0. 0. 1. 1. 1. 1. 1. 0. 0. 0. 1. 1. 0. 0. 1. 0. 0. 0. 1. 0. 0. 1. 1. 0.
 0. 0. 1. 0. 0. 1. 1. 1. 1. 1. 0. 1. 1. 0. 1. 1. 0. 0. 1. 1. 1. 1. 0. 0.
 0. 1. 0. 1. 1. 0. 0. 0. 1. 1. 1. 1. 0. 1. 1. 1. 1. 1. 1. 1. 0. 1. 1. 1.
 0. 0. 1. 1. 0. 1. 0. 0. 1. 0. 0. 1. 0. 1. 0. 0. 0. 1. 1. 1. 1. 0. 0. 0.
 0. 1. 1. 1. 1. 1. 1. 1. 1. 0. 0. 1. 1. 0. 1. 1. 0. 1. 0. 1. 1. 0. 0. 0.
 0. 0. 0. 0. 1. 1. 1. 0. 1. 0. 0. 1. 1. 0. 1. 0. 1. 1. 0. 0. 1. 1. 0. 1.
 1. 1. 0. 1. 1. 1. 0. 1. 1. 0. 1. 0. 0. 1. 1. 1. 0. 0. 1. 1. 1. 0. 1. 1.
 0. 1. 1. 1. 1. 1. 0. 0. 0. 0. 1. 1. 0. 0. 0. 1. 1. 1. 0. 1. 1. 1. 0. 0.
 1. 1. 0. 1. 0. 0. 0. 0. 1. 1. 1. 0. 1. 0. 1. 1. 1. 1. 1. 1. 0. 1. 0. 0.
 1. 1. 0. 0. 1. 1. 0. 1. 0. 1. 1. 0. 1. 0. 0. 1. 0. 0. 0. 1. 0. 0. 1. 1.
 1. 0. 1. 0.]","[0. 1. 0. 0. 0. 1. 1. 1. 0. 0. 0. 0. 0. 1. 0. 0. 1. 1. 0. 0. 0. 0. 0. 1.
 0. 0. 1. 0. 1. 0. 0. 1. 0. 1. 1. 0. 0. 0. 1. 0. 0. 0. 1. 1. 1. 0. 1. 0.
 1. 0. 1. 1. 0. 1. 1. 1. 1. 0. 1. 0. 0. 1. 1. 1. 0. 0. 0. 1. 1. 0. 1. 1.
 0. 0. 1. 0. 0. 1. 0. 1. 0. 1. 1. 1. 0. 1. 0. 1. 1. 1. 1. 1. 1. 1. 1. 0.
 0. 0. 1. 1. 1. 0. 0. 1. 1. 1. 0. 0. 0. 1. 1. 1. 0. 0. 0. 0. 1. 1. 1. 0.
 1. 0. 0. 1. 1. 0. 0. 0. 0. 1. 0. 0. 1. 1. 0. 1. 1. 1. 0. 1. 1. 0. 1. 0.
 1. 1. 0. 0. 0. 1. 1. 0. 1. 1. 0. 1. 0. 0. 0. 1. 1. 1. 0. 1. 0. 1. 1. 0.
 1. 0. 0. 1. 1. 0. 0. 1. 0. 1. 1. 0. 0. 1. 0. 0. 1. 1. 0. 1. 1. 0. 0. 0.
 0. 1. 1. 0. 0. 1. 0. 0. 1. 0. 1. 1. 1. 0. 0. 0. 1. 1. 0. 0. 0. 0. 1. 0.
 0. 1. 0. 1. 1. 1. 1. 0. 0. 0. 0. 1. 1. 1. 1. 0. 1. 1. 1. 1. 0. 1. 0. 0.
 1. 0. 0. 1. 1. 1. 1. 1. 0. 0. 1. 1. 1. 0. 0. 1. 0. 1. 0. 0. 1. 0. 1. 0.
 1. 0. 0. 0.]"
503,randomforest,"{'criterion': 'gini', 'max_features': 'sqrt', 'n_estimators': 61}",0.5464520289534728,0.22474350490770306,0.13989026911943322,0.36348228786406434,0.5468489601050085,0.2253422872595424,0.5407314524555903,0.08208955223880599,0.5410447761194029,0.541044776119403,"{0: 0.5727890398752506, 1: 0.5727890398752505}","{0: 0.5727890398752506, 1: 0.5727890398752505}",0.5727890398752505,"[[69 65]
 [58 76]]","[1. 0. 0. 0. 0. 1. 0. 1. 1. 1. 0. 0. 1. 0. 0. 0. 0. 0. 0. 0. 0. 1. 0. 0.
 0. 0. 1. 1. 1. 1. 1. 0. 0. 1. 1. 1. 0. 0. 0. 0. 1. 0. 1. 0. 0. 1. 1. 0.
 0. 0. 1. 0. 0. 1. 1. 0. 1. 1. 0. 1. 0. 0. 1. 1. 0. 0. 1. 1. 1. 1. 0. 0.
 1. 1. 0. 1. 1. 0. 0. 0. 1. 1. 1. 0. 0. 1. 1. 1. 1. 1. 1. 1. 0. 1. 1. 1.
 0. 0. 1. 1. 0. 1. 0. 1. 0. 0. 0. 1. 0. 1. 0. 0. 0. 1. 1. 0. 1. 0. 0. 0.
 0. 1. 1. 1. 1. 1. 1. 1. 1. 0. 0. 1. 1. 0. 1. 0. 0. 1. 0. 0. 1. 0. 1. 0.
 0. 0. 0. 1. 1. 1. 1. 0. 0. 0. 0. 1. 1. 0. 1. 0. 1. 1. 0. 0. 1. 1. 0. 1.
 1. 1. 0. 1. 1. 0. 1. 1. 1. 0. 1. 1. 0. 1. 1. 1. 0. 0. 1. 0. 1. 0. 1. 1.
 0. 1. 0. 1. 1. 1. 0. 1. 0. 0. 1. 1. 0. 0. 0. 0. 1. 1. 0. 1. 1. 1. 0. 0.
 1. 1. 1. 1. 0. 0. 0. 0. 1. 1. 1. 0. 1. 0. 1. 1. 1. 1. 1. 1. 0. 1. 0. 0.
 1. 1. 0. 0. 1. 1. 1. 1. 0. 0. 1. 0. 1. 0. 0. 1. 0. 1. 0. 1. 0. 0. 1. 1.
 1. 0. 1. 0.]","[0. 1. 0. 0. 0. 1. 1. 1. 0. 0. 0. 0. 0. 1. 0. 0. 1. 1. 0. 0. 0. 0. 0. 1.
 0. 0. 1. 0. 1. 0. 0. 1. 0. 1. 1. 0. 0. 0. 1. 0. 0. 0. 1. 1. 1. 0. 1. 0.
 1. 0. 1. 1. 0. 1. 1. 1. 1. 0. 1. 0. 0. 1. 1. 1. 0. 0. 0. 1. 1. 0. 1. 1.
 0. 0. 1. 0. 0. 1. 0. 1. 0. 1. 1. 1. 0. 1. 0. 1. 1. 1. 1. 1. 1. 1. 1. 0.
 0. 0. 1. 1. 1. 0. 0. 1. 1. 1. 0. 0. 0. 1. 1. 1. 0. 0. 0. 0. 1. 1. 1. 0.
 1. 0. 0. 1. 1. 0. 0. 0. 0. 1. 0. 0. 1. 1. 0. 1. 1. 1. 0. 1. 1. 0. 1. 0.
 1. 1. 0. 0. 0. 1. 1. 0. 1. 1. 0. 1. 0. 0. 0. 1. 1. 1. 0. 1. 0. 1. 1. 0.
 1. 0. 0. 1. 1. 0. 0. 1. 0. 1. 1. 0. 0. 1. 0. 0. 1. 1. 0. 1. 1. 0. 0. 0.
 0. 1. 1. 0. 0. 1. 0. 0. 1. 0. 1. 1. 1. 0. 0. 0. 1. 1. 0. 0. 0. 0. 1. 0.
 0. 1. 0. 1. 1. 1. 1. 0. 0. 0. 0. 1. 1. 1. 1. 0. 1. 1. 1. 1. 0. 1. 0. 0.
 1. 0. 0. 1. 1. 1. 1. 1. 0. 0. 1. 1. 1. 0. 0. 1. 0. 1. 0. 0. 1. 0. 1. 0.
 1. 0. 0. 0.]"
674,randomforest,"{'criterion': 'gini', 'max_features': None, 'n_estimators': 41}",0.5659083083125751,0.18636270878325828,0.1398362026799234,0.3288082208414687,0.5599233297317975,0.1876282581444447,0.5484508807352225,0.09701492537313428,0.5485074626865671,0.5485074626865671,"{0: 0.5611216306527065, 1: 0.5611216306527066}","{0: 0.5611216306527065, 1: 0.5611216306527066}",0.5611216306527066,"[[72 62]
 [59 75]]","[1. 0. 0. 0. 0. 1. 0. 1. 1. 1. 0. 0. 1. 0. 0. 0. 0. 0. 0. 0. 0. 1. 1. 0.
 0. 0. 1. 1. 1. 1. 1. 0. 0. 0. 0. 0. 1. 0. 1. 0. 0. 1. 1. 1. 0. 0. 1. 0.
 0. 0. 1. 1. 1. 1. 1. 1. 1. 1. 0. 1. 0. 0. 1. 0. 0. 0. 1. 1. 1. 1. 0. 0.
 1. 1. 0. 1. 1. 0. 1. 0. 1. 1. 1. 0. 0. 1. 0. 1. 1. 1. 1. 1. 0. 1. 1. 1.
 0. 0. 1. 1. 0. 1. 0. 0. 0. 0. 0. 1. 0. 1. 0. 0. 0. 1. 1. 0. 1. 0. 0. 1.
 0. 1. 0. 1. 1. 0. 1. 1. 1. 0. 0. 0. 0. 0. 1. 1. 0. 0. 0. 1. 1. 0. 0. 0.
 0. 0. 0. 0. 1. 1. 1. 0. 0. 0. 0. 1. 0. 0. 1. 0. 1. 1. 0. 0. 1. 1. 0. 1.
 1. 1. 0. 1. 1. 0. 0. 1. 1. 0. 0. 1. 0. 1. 1. 1. 0. 0. 1. 1. 0. 0. 1. 1.
 0. 1. 1. 1. 0. 1. 0. 0. 1. 0. 1. 1. 0. 1. 0. 0. 1. 1. 0. 1. 1. 1. 0. 0.
 1. 1. 0. 1. 0. 0. 0. 1. 1. 1. 1. 0. 0. 0. 1. 1. 1. 1. 1. 1. 0. 1. 0. 0.
 1. 1. 0. 0. 1. 1. 1. 1. 0. 1. 1. 0. 1. 0. 0. 1. 0. 1. 0. 1. 0. 1. 1. 1.
 1. 0. 1. 0.]","[0. 1. 0. 0. 0. 1. 1. 1. 0. 0. 0. 0. 0. 1. 0. 0. 1. 1. 0. 0. 0. 0. 0. 1.
 0. 0. 1. 0. 1. 0. 0. 1. 0. 1. 1. 0. 0. 0. 1. 0. 0. 0. 1. 1. 1. 0. 1. 0.
 1. 0. 1. 1. 0. 1. 1. 1. 1. 0. 1. 0. 0. 1. 1. 1. 0. 0. 0. 1. 1. 0. 1. 1.
 0. 0. 1. 0. 0. 1. 0. 1. 0. 1. 1. 1. 0. 1. 0. 1. 1. 1. 1. 1. 1. 1. 1. 0.
 0. 0. 1. 1. 1. 0. 0. 1. 1. 1. 0. 0. 0. 1. 1. 1. 0. 0. 0. 0. 1. 1. 1. 0.
 1. 0. 0. 1. 1. 0. 0. 0. 0. 1. 0. 0. 1. 1. 0. 1. 1. 1. 0. 1. 1. 0. 1. 0.
 1. 1. 0. 0. 0. 1. 1. 0. 1. 1. 0. 1. 0. 0. 0. 1. 1. 1. 0. 1. 0. 1. 1. 0.
 1. 0. 0. 1. 1. 0. 0. 1. 0. 1. 1. 0. 0. 1. 0. 0. 1. 1. 0. 1. 1. 0. 0. 0.
 0. 1. 1. 0. 0. 1. 0. 0. 1. 0. 1. 1. 1. 0. 0. 0. 1. 1. 0. 0. 0. 0. 1. 0.
 0. 1. 0. 1. 1. 1. 1. 0. 0. 0. 0. 1. 1. 1. 1. 0. 1. 1. 1. 1. 0. 1. 0. 0.
 1. 0. 0. 1. 1. 1. 1. 1. 0. 0. 1. 1. 1. 0. 0. 1. 0. 1. 0. 0. 1. 0. 1. 0.
 1. 0. 0. 0.]"
758,AdaBoost,"{'algorithm': 'SAMME.R', 'learning_rate': 0.9163265306122448, 'n_estimators': 30}",0.5680762045095477,0.19840240671710394,0.13979688177797198,0.3475310281211467,0.5639959241773758,0.18934981331264303,0.5186500146192723,0.03731343283582089,0.5186567164179104,0.5186567164179104,"{0: 0.548758075295166, 1: 0.548758075295166}","{0: 0.548758075295166, 1: 0.548758075295166}",0.548758075295166,"[[69 65]
 [64 70]]","[0. 0. 0. 1. 1. 1. 0. 1. 1. 0. 0. 0. 1. 1. 0. 0. 1. 0. 0. 1. 0. 1. 0. 0.
 0. 0. 1. 0. 1. 1. 1. 0. 0. 0. 1. 0. 0. 0. 1. 0. 0. 0. 1. 1. 0. 0. 1. 1.
 0. 0. 1. 1. 0. 0. 0. 1. 1. 1. 0. 1. 0. 0. 1. 0. 1. 1. 0. 1. 1. 1. 1. 1.
 1. 1. 0. 1. 1. 0. 1. 1. 0. 1. 1. 0. 0. 1. 0. 1. 1. 1. 1. 0. 0. 1. 0. 1.
 0. 0. 0. 1. 0. 1. 0. 0. 1. 0. 0. 1. 0. 1. 1. 0. 0. 0. 1. 0. 1. 0. 0. 0.
 0. 1. 1. 0. 0. 1. 1. 1. 1. 0. 0. 1. 0. 0. 1. 0. 0. 0. 1. 0. 1. 0. 0. 0.
 0. 1. 0. 1. 1. 1. 1. 0. 1. 0. 0. 1. 1. 1. 1. 0. 1. 0. 0. 1. 1. 0. 0. 1.
 1. 1. 1. 1. 1. 1. 0. 1. 0. 1. 0. 1. 0. 0. 1. 1. 0. 0. 1. 0. 0. 0. 1. 1.
 1. 1. 0. 1. 1. 1. 0. 1. 0. 0. 1. 1. 1. 0. 1. 0. 0. 1. 0. 1. 1. 0. 0. 0.
 1. 0. 0. 1. 0. 0. 0. 0. 0. 1. 1. 0. 1. 1. 0. 1. 1. 1. 0. 1. 0. 1. 0. 0.
 1. 1. 1. 0. 1. 1. 0. 1. 0. 1. 1. 0. 1. 0. 0. 1. 0. 1. 0. 1. 0. 0. 1. 1.
 1. 0. 1. 0.]","[0. 1. 0. 0. 0. 1. 1. 1. 0. 0. 0. 0. 0. 1. 0. 0. 1. 1. 0. 0. 0. 0. 0. 1.
 0. 0. 1. 0. 1. 0. 0. 1. 0. 1. 1. 0. 0. 0. 1. 0. 0. 0. 1. 1. 1. 0. 1. 0.
 1. 0. 1. 1. 0. 1. 1. 1. 1. 0. 1. 0. 0. 1. 1. 1. 0. 0. 0. 1. 1. 0. 1. 1.
 0. 0. 1. 0. 0. 1. 0. 1. 0. 1. 1. 1. 0. 1. 0. 1. 1. 1. 1. 1. 1. 1. 1. 0.
 0. 0. 1. 1. 1. 0. 0. 1. 1. 1. 0. 0. 0. 1. 1. 1. 0. 0. 0. 0. 1. 1. 1. 0.
 1. 0. 0. 1. 1. 0. 0. 0. 0. 1. 0. 0. 1. 1. 0. 1. 1. 1. 0. 1. 1. 0. 1. 0.
 1. 1. 0. 0. 0. 1. 1. 0. 1. 1. 0. 1. 0. 0. 0. 1. 1. 1. 0. 1. 0. 1. 1. 0.
 1. 0. 0. 1. 1. 0. 0. 1. 0. 1. 1. 0. 0. 1. 0. 0. 1. 1. 0. 1. 1. 0. 0. 0.
 0. 1. 1. 0. 0. 1. 0. 0. 1. 0. 1. 1. 1. 0. 0. 0. 1. 1. 0. 0. 0. 0. 1. 0.
 0. 1. 0. 1. 1. 1. 1. 0. 0. 0. 0. 1. 1. 1. 1. 0. 1. 1. 1. 1. 0. 1. 0. 0.
 1. 0. 0. 1. 1. 1. 1. 1. 0. 0. 1. 1. 1. 0. 0. 1. 0. 1. 0. 0. 1. 0. 1. 0.
 1. 0. 0. 0.]"
858,randomforest,"{'criterion': 'gini', 'max_features': 'sqrt', 'n_estimators': 181}",0.5713978834916928,0.17770996066715058,0.1397546140796541,0.3040963250872593,0.5661591656551334,0.18029536677043634,0.5520142642224327,0.10447761194029848,0.5522388059701493,0.5522388059701493,"{0: 0.5857930496769882, 1: 0.5857930496769883}","{0: 0.5857930496769882, 1: 0.5857930496769883}",0.5857930496769883,"[[71 63]
 [57 77]]","[1. 0. 0. 0. 0. 1. 0. 1. 1. 0. 0. 0. 1. 0. 0. 0. 0. 0. 0. 1. 0. 1. 0. 0.
 1. 0. 1. 1. 1. 1. 1. 0. 0. 0. 1. 0. 1. 0. 1. 0. 1. 0. 1. 1. 0. 0. 1. 0.
 0. 0. 1. 0. 1. 1. 1. 1. 1. 1. 0. 1. 1. 0. 1. 1. 0. 0. 1. 1. 1. 1. 0. 0.
 0. 1. 0. 1. 1. 0. 0. 0. 1. 1. 1. 0. 0. 1. 0. 1. 1. 1. 1. 1. 0. 1. 1. 1.
 0. 0. 1. 1. 0. 1. 1. 0. 0. 0. 0. 0. 0. 1. 0. 0. 0. 1. 1. 0. 1. 0. 0. 0.
 0. 1. 1. 1. 1. 1. 1. 1. 1. 0. 0. 0. 1. 0. 1. 1. 0. 0. 0. 1. 1. 0. 0. 0.
 0. 0. 0. 0. 1. 1. 1. 0. 1. 1. 0. 1. 1. 0. 1. 0. 1. 1. 0. 0. 1. 1. 0. 1.
 1. 1. 0. 1. 1. 0. 0. 1. 1. 0. 1. 0. 0. 0. 1. 1. 0. 0. 1. 1. 1. 0. 1. 1.
 1. 1. 1. 1. 1. 1. 0. 1. 0. 0. 1. 1. 0. 0. 0. 1. 1. 1. 0. 1. 1. 1. 0. 0.
 1. 1. 0. 1. 0. 0. 0. 0. 1. 1. 1. 0. 0. 0. 1. 1. 1. 1. 1. 1. 0. 1. 0. 0.
 1. 1. 0. 0. 1. 1. 0. 1. 0. 1. 1. 0. 1. 0. 0. 1. 0. 0. 0. 1. 0. 0. 1. 1.
 1. 0. 1. 0.]","[0. 1. 0. 0. 0. 1. 1. 1. 0. 0. 0. 0. 0. 1. 0. 0. 1. 1. 0. 0. 0. 0. 0. 1.
 0. 0. 1. 0. 1. 0. 0. 1. 0. 1. 1. 0. 0. 0. 1. 0. 0. 0. 1. 1. 1. 0. 1. 0.
 1. 0. 1. 1. 0. 1. 1. 1. 1. 0. 1. 0. 0. 1. 1. 1. 0. 0. 0. 1. 1. 0. 1. 1.
 0. 0. 1. 0. 0. 1. 0. 1. 0. 1. 1. 1. 0. 1. 0. 1. 1. 1. 1. 1. 1. 1. 1. 0.
 0. 0. 1. 1. 1. 0. 0. 1. 1. 1. 0. 0. 0. 1. 1. 1. 0. 0. 0. 0. 1. 1. 1. 0.
 1. 0. 0. 1. 1. 0. 0. 0. 0. 1. 0. 0. 1. 1. 0. 1. 1. 1. 0. 1. 1. 0. 1. 0.
 1. 1. 0. 0. 0. 1. 1. 0. 1. 1. 0. 1. 0. 0. 0. 1. 1. 1. 0. 1. 0. 1. 1. 0.
 1. 0. 0. 1. 1. 0. 0. 1. 0. 1. 1. 0. 0. 1. 0. 0. 1. 1. 0. 1. 1. 0. 0. 0.
 0. 1. 1. 0. 0. 1. 0. 0. 1. 0. 1. 1. 1. 0. 0. 0. 1. 1. 0. 0. 0. 0. 1. 0.
 0. 1. 0. 1. 1. 1. 1. 0. 0. 0. 0. 1. 1. 1. 1. 0. 1. 1. 1. 1. 0. 1. 0. 0.
 1. 0. 0. 1. 1. 1. 1. 1. 0. 0. 1. 1. 1. 0. 0. 1. 0. 1. 0. 0. 1. 0. 1. 0.
 1. 0. 0. 0.]"
551,randomforest,"{'criterion': 'gini', 'max_features': 'log2', 'n_estimators': 79}",0.5790488153836114,0.1932007412159839,0.1386172535946745,0.3668575775879225,0.5704474662135953,0.20099969658752714,0.5485011765033485,0.09701492537313428,0.5485074626865671,0.5485074626865671,"{0: 0.5676375584762754, 1: 0.5676375584762754}","{0: 0.5676375584762754, 1: 0.5676375584762754}",0.5676375584762754,"[[73 61]
 [60 74]]","[1. 0. 0. 0. 0. 1. 0. 1. 1. 0. 1. 0. 1. 0. 0. 0. 1. 0. 0. 0. 0. 1. 0. 0.
 1. 0. 1. 1. 1. 1. 1. 0. 0. 0. 1. 1. 1. 0. 1. 0. 1. 0. 1. 1. 0. 0. 1. 1.
 0. 0. 1. 0. 1. 1. 1. 1. 1. 1. 0. 1. 0. 0. 1. 1. 0. 0. 1. 1. 1. 1. 0. 0.
 0. 1. 0. 1. 1. 0. 0. 0. 1. 1. 1. 0. 0. 1. 0. 1. 1. 1. 1. 1. 0. 1. 1. 1.
 0. 0. 1. 1. 0. 1. 0. 0. 0. 0. 0. 0. 0. 1. 0. 0. 1. 1. 1. 1. 1. 0. 0. 0.
 0. 1. 0. 1. 1. 1. 1. 1. 0. 0. 0. 1. 1. 0. 1. 1. 0. 1. 0. 1. 1. 0. 0. 0.
 0. 0. 0. 0. 1. 1. 1. 0. 1. 0. 0. 1. 1. 0. 1. 0. 1. 1. 0. 0. 1. 1. 0. 1.
 1. 1. 1. 1. 1. 1. 0. 1. 1. 0. 1. 1. 0. 0. 1. 1. 0. 0. 0. 1. 0. 0. 0. 1.
 0. 1. 1. 1. 0. 1. 0. 1. 0. 0. 1. 1. 0. 0. 0. 0. 1. 1. 0. 1. 1. 1. 0. 0.
 1. 1. 0. 0. 0. 0. 0. 0. 1. 1. 1. 0. 0. 0. 0. 1. 1. 1. 1. 1. 0. 1. 0. 0.
 1. 1. 0. 0. 1. 1. 0. 0. 0. 0. 1. 0. 1. 0. 0. 1. 0. 0. 0. 1. 0. 0. 1. 1.
 1. 0. 1. 0.]","[0. 1. 0. 0. 0. 1. 1. 1. 0. 0. 0. 0. 0. 1. 0. 0. 1. 1. 0. 0. 0. 0. 0. 1.
 0. 0. 1. 0. 1. 0. 0. 1. 0. 1. 1. 0. 0. 0. 1. 0. 0. 0. 1. 1. 1. 0. 1. 0.
 1. 0. 1. 1. 0. 1. 1. 1. 1. 0. 1. 0. 0. 1. 1. 1. 0. 0. 0. 1. 1. 0. 1. 1.
 0. 0. 1. 0. 0. 1. 0. 1. 0. 1. 1. 1. 0. 1. 0. 1. 1. 1. 1. 1. 1. 1. 1. 0.
 0. 0. 1. 1. 1. 0. 0. 1. 1. 1. 0. 0. 0. 1. 1. 1. 0. 0. 0. 0. 1. 1. 1. 0.
 1. 0. 0. 1. 1. 0. 0. 0. 0. 1. 0. 0. 1. 1. 0. 1. 1. 1. 0. 1. 1. 0. 1. 0.
 1. 1. 0. 0. 0. 1. 1. 0. 1. 1. 0. 1. 0. 0. 0. 1. 1. 1. 0. 1. 0. 1. 1. 0.
 1. 0. 0. 1. 1. 0. 0. 1. 0. 1. 1. 0. 0. 1. 0. 0. 1. 1. 0. 1. 1. 0. 0. 0.
 0. 1. 1. 0. 0. 1. 0. 0. 1. 0. 1. 1. 1. 0. 0. 0. 1. 1. 0. 0. 0. 0. 1. 0.
 0. 1. 0. 1. 1. 1. 1. 0. 0. 0. 0. 1. 1. 1. 1. 0. 1. 1. 1. 1. 0. 1. 0. 0.
 1. 0. 0. 1. 1. 1. 1. 1. 0. 0. 1. 1. 1. 0. 0. 1. 0. 1. 0. 0. 1. 0. 1. 0.
 1. 0. 0. 0.]"
462,randomforest,"{'criterion': 'gini', 'max_features': 'sqrt', 'n_estimators': 349}",0.560663688329459,0.1958408819282724,0.13843059317282355,0.33710004958409423,0.5548603353038836,0.2004603482623015,0.5445478352928067,0.08955223880597019,0.5447761194029851,0.544776119402985,"{0: 0.5782468255736245, 1: 0.5782468255736244}","{0: 0.5782468255736245, 1: 0.5782468255736244}",0.5782468255736244,"[[70 64]
 [58 76]]","[1. 0. 0. 0. 0. 1. 0. 1. 1. 0. 0. 0. 1. 0. 0. 0. 1. 0. 0. 0. 0. 1. 0. 0.
 0. 0. 1. 1. 1. 1. 1. 0. 0. 0. 1. 0. 1. 0. 1. 0. 1. 0. 1. 0. 0. 0. 1. 1.
 0. 0. 1. 0. 1. 1. 1. 1. 1. 1. 0. 1. 1. 0. 1. 1. 0. 0. 1. 1. 1. 1. 0. 0.
 1. 1. 0. 1. 1. 0. 0. 0. 1. 1. 1. 0. 0. 1. 1. 1. 1. 1. 1. 1. 0. 1. 1. 1.
 0. 0. 0. 1. 0. 1. 0. 0. 0. 0. 0. 1. 0. 1. 0. 0. 0. 1. 1. 0. 1. 0. 0. 0.
 0. 1. 1. 1. 1. 1. 1. 1. 1. 0. 0. 1. 1. 0. 1. 1. 0. 0. 0. 1. 0. 0. 1. 0.
 0. 0. 0. 0. 1. 1. 1. 0. 1. 1. 0. 1. 1. 0. 1. 0. 1. 1. 0. 0. 1. 1. 0. 1.
 1. 1. 1. 1. 1. 0. 0. 1. 1. 0. 1. 0. 0. 1. 1. 1. 0. 0. 1. 1. 0. 0. 1. 1.
 1. 1. 1. 1. 1. 1. 0. 0. 0. 0. 1. 1. 0. 0. 0. 0. 1. 1. 0. 1. 1. 1. 0. 0.
 1. 1. 0. 0. 0. 0. 0. 0. 1. 1. 1. 0. 1. 0. 0. 1. 1. 1. 1. 1. 0. 1. 0. 0.
 1. 1. 0. 0. 1. 1. 0. 1. 0. 1. 1. 0. 1. 0. 0. 1. 0. 1. 0. 1. 0. 0. 1. 1.
 1. 0. 1. 0.]","[0. 1. 0. 0. 0. 1. 1. 1. 0. 0. 0. 0. 0. 1. 0. 0. 1. 1. 0. 0. 0. 0. 0. 1.
 0. 0. 1. 0. 1. 0. 0. 1. 0. 1. 1. 0. 0. 0. 1. 0. 0. 0. 1. 1. 1. 0. 1. 0.
 1. 0. 1. 1. 0. 1. 1. 1. 1. 0. 1. 0. 0. 1. 1. 1. 0. 0. 0. 1. 1. 0. 1. 1.
 0. 0. 1. 0. 0. 1. 0. 1. 0. 1. 1. 1. 0. 1. 0. 1. 1. 1. 1. 1. 1. 1. 1. 0.
 0. 0. 1. 1. 1. 0. 0. 1. 1. 1. 0. 0. 0. 1. 1. 1. 0. 0. 0. 0. 1. 1. 1. 0.
 1. 0. 0. 1. 1. 0. 0. 0. 0. 1. 0. 0. 1. 1. 0. 1. 1. 1. 0. 1. 1. 0. 1. 0.
 1. 1. 0. 0. 0. 1. 1. 0. 1. 1. 0. 1. 0. 0. 0. 1. 1. 1. 0. 1. 0. 1. 1. 0.
 1. 0. 0. 1. 1. 0. 0. 1. 0. 1. 1. 0. 0. 1. 0. 0. 1. 1. 0. 1. 1. 0. 0. 0.
 0. 1. 1. 0. 0. 1. 0. 0. 1. 0. 1. 1. 1. 0. 0. 0. 1. 1. 0. 0. 0. 0. 1. 0.
 0. 1. 0. 1. 1. 1. 1. 0. 0. 0. 0. 1. 1. 1. 1. 0. 1. 1. 1. 1. 0. 1. 0. 0.
 1. 0. 0. 1. 1. 1. 1. 1. 0. 0. 1. 1. 1. 0. 0. 1. 0. 1. 0. 0. 1. 0. 1. 0.
 1. 0. 0. 0.]"
283,randomforest,"{'criterion': 'gini', 'max_features': 'sqrt', 'n_estimators': 133}",0.5691440961470365,0.17795154669898255,0.13817640756147007,0.32291318795796486,0.5631811848545719,0.1843971104175823,0.555468826226949,0.11194029850746268,0.5559701492537313,0.5559701492537313,"{0: 0.563126531521497, 1: 0.5631265315214969}","{0: 0.563126531521497, 1: 0.5631265315214969}",0.5631265315214969,"[[70 64]
 [55 79]]","[1. 0. 0. 0. 0. 1. 0. 1. 1. 0. 0. 0. 1. 0. 0. 0. 1. 0. 0. 0. 0. 1. 1. 0.
 0. 0. 1. 1. 1. 1. 1. 0. 0. 0. 1. 0. 0. 0. 1. 0. 1. 1. 1. 0. 0. 1. 1. 0.
 0. 0. 1. 0. 0. 1. 1. 1. 1. 1. 0. 1. 1. 0. 1. 1. 0. 0. 1. 1. 1. 1. 0. 0.
 0. 1. 0. 1. 1. 0. 1. 0. 1. 1. 1. 0. 0. 1. 0. 1. 1. 1. 1. 1. 0. 1. 1. 1.
 0. 0. 1. 1. 0. 1. 1. 0. 0. 0. 0. 1. 0. 1. 0. 0. 0. 1. 1. 0. 1. 0. 0. 0.
 0. 1. 1. 1. 1. 1. 1. 1. 1. 0. 0. 1. 1. 0. 1. 1. 0. 1. 0. 1. 0. 0. 1. 0.
 0. 0. 0. 0. 1. 1. 1. 0. 1. 1. 0. 1. 1. 0. 1. 0. 1. 1. 0. 0. 1. 1. 0. 1.
 1. 1. 0. 1. 1. 1. 0. 1. 1. 0. 1. 0. 0. 1. 1. 1. 0. 0. 1. 1. 0. 0. 1. 1.
 1. 1. 1. 0. 0. 1. 0. 1. 0. 0. 1. 1. 0. 0. 0. 1. 1. 1. 0. 1. 1. 1. 0. 0.
 1. 1. 0. 1. 0. 0. 0. 0. 1. 1. 1. 0. 0. 0. 0. 1. 1. 1. 1. 1. 0. 1. 0. 0.
 1. 1. 0. 0. 1. 1. 1. 1. 0. 1. 1. 0. 1. 0. 0. 1. 0. 1. 0. 1. 0. 0. 1. 1.
 1. 0. 1. 0.]","[0. 1. 0. 0. 0. 1. 1. 1. 0. 0. 0. 0. 0. 1. 0. 0. 1. 1. 0. 0. 0. 0. 0. 1.
 0. 0. 1. 0. 1. 0. 0. 1. 0. 1. 1. 0. 0. 0. 1. 0. 0. 0. 1. 1. 1. 0. 1. 0.
 1. 0. 1. 1. 0. 1. 1. 1. 1. 0. 1. 0. 0. 1. 1. 1. 0. 0. 0. 1. 1. 0. 1. 1.
 0. 0. 1. 0. 0. 1. 0. 1. 0. 1. 1. 1. 0. 1. 0. 1. 1. 1. 1. 1. 1. 1. 1. 0.
 0. 0. 1. 1. 1. 0. 0. 1. 1. 1. 0. 0. 0. 1. 1. 1. 0. 0. 0. 0. 1. 1. 1. 0.
 1. 0. 0. 1. 1. 0. 0. 0. 0. 1. 0. 0. 1. 1. 0. 1. 1. 1. 0. 1. 1. 0. 1. 0.
 1. 1. 0. 0. 0. 1. 1. 0. 1. 1. 0. 1. 0. 0. 0. 1. 1. 1. 0. 1. 0. 1. 1. 0.
 1. 0. 0. 1. 1. 0. 0. 1. 0. 1. 1. 0. 0. 1. 0. 0. 1. 1. 0. 1. 1. 0. 0. 0.
 0. 1. 1. 0. 0. 1. 0. 0. 1. 0. 1. 1. 1. 0. 0. 0. 1. 1. 0. 0. 0. 0. 1. 0.
 0. 1. 0. 1. 1. 1. 1. 0. 0. 0. 0. 1. 1. 1. 1. 0. 1. 1. 1. 1. 0. 1. 0. 0.
 1. 0. 0. 1. 1. 1. 1. 1. 0. 0. 1. 1. 1. 0. 0. 1. 0. 1. 0. 0. 1. 0. 1. 0.
 1. 0. 0. 0.]"
346,randomforest,"{'criterion': 'gini', 'max_features': 'sqrt', 'n_estimators': 179}",0.5701654720244616,0.1892957532083183,0.13761201679023288,0.34590915566025626,0.5656831351891836,0.19742018533012198,0.547997714062696,0.09701492537313428,0.5485074626865671,0.5485074626865671,"{0: 0.5769659166852306, 1: 0.5769659166852306}","{0: 0.5769659166852306, 1: 0.5769659166852306}",0.5769659166852306,"[[69 65]
 [56 78]]","[1. 0. 0. 0. 0. 1. 0. 1. 1. 0. 0. 0. 1. 0. 0. 0. 1. 0. 0. 0. 0. 1. 0. 0.
 0. 0. 1. 1. 1. 1. 1. 0. 0. 0. 1. 0. 0. 0. 1. 0. 1. 1. 1. 0. 0. 1. 1. 1.
 0. 0. 1. 0. 1. 1. 1. 1. 1. 1. 0. 1. 1. 0. 1. 1. 0. 0. 1. 1. 1. 1. 0. 0.
 0. 1. 0. 1. 1. 0. 0. 0. 1. 1. 1. 0. 0. 1. 0. 1. 1. 1. 1. 1. 0. 1. 1. 1.
 0. 0. 1. 1. 0. 1. 1. 0. 0. 0. 0. 1. 0. 1. 0. 0. 0. 1. 1. 0. 1. 0. 0. 0.
 0. 1. 1. 1. 1. 1. 1. 1. 1. 0. 0. 1. 1. 0. 1. 1. 0. 1. 0. 1. 1. 0. 1. 0.
 0. 0. 0. 0. 1. 1. 1. 0. 1. 0. 0. 1. 1. 0. 1. 0. 1. 1. 0. 0. 1. 1. 0. 1.
 1. 1. 0. 1. 1. 0. 0. 1. 1. 0. 1. 0. 0. 0. 1. 1. 0. 0. 1. 1. 0. 0. 1. 1.
 1. 1. 1. 1. 1. 1. 0. 0. 0. 0. 1. 1. 0. 1. 1. 0. 1. 1. 0. 1. 1. 1. 0. 0.
 1. 1. 0. 1. 0. 0. 0. 0. 1. 1. 1. 0. 0. 0. 0. 1. 1. 1. 1. 1. 0. 1. 0. 0.
 1. 1. 0. 0. 1. 1. 1. 1. 0. 1. 1. 0. 1. 0. 0. 1. 0. 1. 0. 1. 0. 0. 1. 1.
 1. 0. 1. 0.]","[0. 1. 0. 0. 0. 1. 1. 1. 0. 0. 0. 0. 0. 1. 0. 0. 1. 1. 0. 0. 0. 0. 0. 1.
 0. 0. 1. 0. 1. 0. 0. 1. 0. 1. 1. 0. 0. 0. 1. 0. 0. 0. 1. 1. 1. 0. 1. 0.
 1. 0. 1. 1. 0. 1. 1. 1. 1. 0. 1. 0. 0. 1. 1. 1. 0. 0. 0. 1. 1. 0. 1. 1.
 0. 0. 1. 0. 0. 1. 0. 1. 0. 1. 1. 1. 0. 1. 0. 1. 1. 1. 1. 1. 1. 1. 1. 0.
 0. 0. 1. 1. 1. 0. 0. 1. 1. 1. 0. 0. 0. 1. 1. 1. 0. 0. 0. 0. 1. 1. 1. 0.
 1. 0. 0. 1. 1. 0. 0. 0. 0. 1. 0. 0. 1. 1. 0. 1. 1. 1. 0. 1. 1. 0. 1. 0.
 1. 1. 0. 0. 0. 1. 1. 0. 1. 1. 0. 1. 0. 0. 0. 1. 1. 1. 0. 1. 0. 1. 1. 0.
 1. 0. 0. 1. 1. 0. 0. 1. 0. 1. 1. 0. 0. 1. 0. 0. 1. 1. 0. 1. 1. 0. 0. 0.
 0. 1. 1. 0. 0. 1. 0. 0. 1. 0. 1. 1. 1. 0. 0. 0. 1. 1. 0. 0. 0. 0. 1. 0.
 0. 1. 0. 1. 1. 1. 1. 0. 0. 0. 0. 1. 1. 1. 1. 0. 1. 1. 1. 1. 0. 1. 0. 0.
 1. 0. 0. 1. 1. 1. 1. 1. 0. 0. 1. 1. 1. 0. 0. 1. 0. 1. 0. 0. 1. 0. 1. 0.
 1. 0. 0. 0.]"
422,knn,{'n_neighbors': 85},0.5413125184561379,0.15130213175605317,0.13723557931388455,0.2596905529537615,0.53713506102619,0.1595708411758687,0.5370814063631805,0.07462686567164178,0.5373134328358209,0.5373134328358209,"{0: 0.4888895076854533, 1: 0.48888950768545336}","{0: 0.4888895076854533, 1: 0.48888950768545336}",0.48888950768545336,"[[75 59]
 [65 69]]","[1. 1. 0. 0. 1. 1. 0. 0. 1. 1. 1. 0. 0. 0. 1. 1. 1. 1. 1. 0. 0. 1. 0. 0.
 0. 0. 0. 1. 0. 1. 1. 1. 0. 0. 1. 1. 0. 0. 0. 0. 0. 0. 1. 1. 1. 0. 1. 1.
 1. 0. 0. 0. 1. 1. 1. 0. 0. 1. 0. 0. 1. 0. 1. 1. 0. 0. 0. 1. 0. 0. 1. 0.
 0. 1. 0. 0. 1. 1. 0. 0. 1. 0. 1. 0. 1. 1. 1. 1. 0. 1. 1. 0. 0. 1. 0. 1.
 1. 0. 0. 1. 1. 0. 1. 1. 0. 1. 0. 1. 0. 1. 1. 0. 1. 0. 1. 0. 0. 1. 0. 1.
 1. 1. 0. 1. 0. 1. 0. 1. 0. 0. 0. 0. 0. 0. 1. 1. 1. 0. 0. 1. 0. 1. 0. 0.
 0. 1. 0. 0. 1. 1. 0. 0. 1. 0. 0. 1. 0. 0. 0. 0. 0. 1. 0. 0. 1. 0. 0. 0.
 1. 0. 1. 0. 0. 0. 0. 1. 1. 1. 1. 0. 1. 1. 1. 1. 1. 0. 1. 0. 1. 1. 1. 0.
 1. 1. 1. 0. 0. 1. 0. 0. 1. 0. 0. 1. 0. 1. 0. 1. 1. 1. 0. 0. 0. 0. 1. 1.
 0. 0. 1. 1. 1. 1. 0. 0. 0. 1. 1. 1. 0. 0. 0. 1. 0. 0. 1. 1. 0. 1. 0. 1.
 0. 0. 1. 0. 0. 1. 1. 0. 0. 1. 1. 0. 0. 1. 0. 1. 0. 0. 0. 0. 0. 1. 1. 0.
 1. 0. 1. 1.]","[0. 1. 0. 0. 0. 1. 1. 1. 0. 0. 0. 0. 0. 1. 0. 0. 1. 1. 0. 0. 0. 0. 0. 1.
 0. 0. 1. 0. 1. 0. 0. 1. 0. 1. 1. 0. 0. 0. 1. 0. 0. 0. 1. 1. 1. 0. 1. 0.
 1. 0. 1. 1. 0. 1. 1. 1. 1. 0. 1. 0. 0. 1. 1. 1. 0. 0. 0. 1. 1. 0. 1. 1.
 0. 0. 1. 0. 0. 1. 0. 1. 0. 1. 1. 1. 0. 1. 0. 1. 1. 1. 1. 1. 1. 1. 1. 0.
 0. 0. 1. 1. 1. 0. 0. 1. 1. 1. 0. 0. 0. 1. 1. 1. 0. 0. 0. 0. 1. 1. 1. 0.
 1. 0. 0. 1. 1. 0. 0. 0. 0. 1. 0. 0. 1. 1. 0. 1. 1. 1. 0. 1. 1. 0. 1. 0.
 1. 1. 0. 0. 0. 1. 1. 0. 1. 1. 0. 1. 0. 0. 0. 1. 1. 1. 0. 1. 0. 1. 1. 0.
 1. 0. 0. 1. 1. 0. 0. 1. 0. 1. 1. 0. 0. 1. 0. 0. 1. 1. 0. 1. 1. 0. 0. 0.
 0. 1. 1. 0. 0. 1. 0. 0. 1. 0. 1. 1. 1. 0. 0. 0. 1. 1. 0. 0. 0. 0. 1. 0.
 0. 1. 0. 1. 1. 1. 1. 0. 0. 0. 0. 1. 1. 1. 1. 0. 1. 1. 1. 1. 0. 1. 0. 0.
 1. 0. 0. 1. 1. 1. 1. 1. 0. 0. 1. 1. 1. 0. 0. 1. 0. 1. 0. 0. 1. 0. 1. 0.
 1. 0. 0. 0.]"
989,knn,{'n_neighbors': 85},0.5413125184561379,0.15130213175605317,0.13723557931388455,0.2596905529537615,0.53713506102619,0.1595708411758687,0.5370814063631805,0.07462686567164178,0.5373134328358209,0.5373134328358209,"{0: 0.4888895076854533, 1: 0.48888950768545336}","{0: 0.4888895076854533, 1: 0.48888950768545336}",0.48888950768545336,"[[75 59]
 [65 69]]","[1. 1. 0. 0. 1. 1. 0. 0. 1. 1. 1. 0. 0. 0. 1. 1. 1. 1. 1. 0. 0. 1. 0. 0.
 0. 0. 0. 1. 0. 1. 1. 1. 0. 0. 1. 1. 0. 0. 0. 0. 0. 0. 1. 1. 1. 0. 1. 1.
 1. 0. 0. 0. 1. 1. 1. 0. 0. 1. 0. 0. 1. 0. 1. 1. 0. 0. 0. 1. 0. 0. 1. 0.
 0. 1. 0. 0. 1. 1. 0. 0. 1. 0. 1. 0. 1. 1. 1. 1. 0. 1. 1. 0. 0. 1. 0. 1.
 1. 0. 0. 1. 1. 0. 1. 1. 0. 1. 0. 1. 0. 1. 1. 0. 1. 0. 1. 0. 0. 1. 0. 1.
 1. 1. 0. 1. 0. 1. 0. 1. 0. 0. 0. 0. 0. 0. 1. 1. 1. 0. 0. 1. 0. 1. 0. 0.
 0. 1. 0. 0. 1. 1. 0. 0. 1. 0. 0. 1. 0. 0. 0. 0. 0. 1. 0. 0. 1. 0. 0. 0.
 1. 0. 1. 0. 0. 0. 0. 1. 1. 1. 1. 0. 1. 1. 1. 1. 1. 0. 1. 0. 1. 1. 1. 0.
 1. 1. 1. 0. 0. 1. 0. 0. 1. 0. 0. 1. 0. 1. 0. 1. 1. 1. 0. 0. 0. 0. 1. 1.
 0. 0. 1. 1. 1. 1. 0. 0. 0. 1. 1. 1. 0. 0. 0. 1. 0. 0. 1. 1. 0. 1. 0. 1.
 0. 0. 1. 0. 0. 1. 1. 0. 0. 1. 1. 0. 0. 1. 0. 1. 0. 0. 0. 0. 0. 1. 1. 0.
 1. 0. 1. 1.]","[0. 1. 0. 0. 0. 1. 1. 1. 0. 0. 0. 0. 0. 1. 0. 0. 1. 1. 0. 0. 0. 0. 0. 1.
 0. 0. 1. 0. 1. 0. 0. 1. 0. 1. 1. 0. 0. 0. 1. 0. 0. 0. 1. 1. 1. 0. 1. 0.
 1. 0. 1. 1. 0. 1. 1. 1. 1. 0. 1. 0. 0. 1. 1. 1. 0. 0. 0. 1. 1. 0. 1. 1.
 0. 0. 1. 0. 0. 1. 0. 1. 0. 1. 1. 1. 0. 1. 0. 1. 1. 1. 1. 1. 1. 1. 1. 0.
 0. 0. 1. 1. 1. 0. 0. 1. 1. 1. 0. 0. 0. 1. 1. 1. 0. 0. 0. 0. 1. 1. 1. 0.
 1. 0. 0. 1. 1. 0. 0. 0. 0. 1. 0. 0. 1. 1. 0. 1. 1. 1. 0. 1. 1. 0. 1. 0.
 1. 1. 0. 0. 0. 1. 1. 0. 1. 1. 0. 1. 0. 0. 0. 1. 1. 1. 0. 1. 0. 1. 1. 0.
 1. 0. 0. 1. 1. 0. 0. 1. 0. 1. 1. 0. 0. 1. 0. 0. 1. 1. 0. 1. 1. 0. 0. 0.
 0. 1. 1. 0. 0. 1. 0. 0. 1. 0. 1. 1. 1. 0. 0. 0. 1. 1. 0. 0. 0. 0. 1. 0.
 0. 1. 0. 1. 1. 1. 1. 0. 0. 0. 0. 1. 1. 1. 1. 0. 1. 1. 1. 1. 0. 1. 0. 0.
 1. 0. 0. 1. 1. 1. 1. 1. 0. 0. 1. 1. 1. 0. 0. 1. 0. 1. 0. 0. 1. 0. 1. 0.
 1. 0. 0. 0.]"
926,randomforest,"{'criterion': 'gini', 'max_features': 'sqrt', 'n_estimators': 349}",0.5723768303346103,0.1946730425847816,0.13707568542880744,0.3544812863896938,0.5644675702135379,0.20066541834820692,0.5513392857142857,0.10447761194029848,0.5522388059701493,0.5522388059701493,"{0: 0.5733181109378481, 1: 0.5733181109378482}","{0: 0.5733181109378481, 1: 0.5733181109378482}",0.5733181109378482,"[[68 66]
 [54 80]]","[1. 0. 0. 0. 0. 1. 0. 1. 1. 0. 0. 0. 1. 0. 0. 0. 1. 0. 0. 1. 0. 1. 0. 0.
 0. 0. 1. 1. 1. 1. 1. 0. 0. 0. 1. 0. 1. 0. 1. 0. 1. 0. 1. 0. 0. 0. 1. 0.
 0. 0. 1. 0. 1. 1. 1. 1. 1. 1. 0. 1. 1. 0. 1. 0. 0. 0. 1. 1. 1. 1. 0. 0.
 1. 1. 0. 1. 1. 0. 0. 0. 1. 1. 1. 0. 0. 1. 1. 1. 1. 1. 1. 1. 0. 1. 1. 1.
 0. 0. 1. 1. 0. 1. 1. 0. 0. 0. 0. 1. 0. 1. 0. 0. 0. 1. 1. 0. 1. 0. 0. 0.
 0. 1. 1. 1. 1. 1. 1. 1. 1. 0. 0. 1. 1. 0. 1. 1. 0. 1. 0. 1. 1. 0. 0. 0.
 0. 0. 0. 0. 1. 1. 1. 0. 1. 1. 0. 1. 1. 0. 1. 0. 1. 1. 0. 0. 1. 1. 0. 1.
 1. 1. 0. 1. 1. 1. 0. 1. 1. 0. 1. 0. 0. 1. 1. 1. 0. 0. 1. 1. 0. 0. 1. 1.
 1. 1. 1. 0. 1. 1. 0. 1. 0. 0. 1. 1. 0. 0. 0. 0. 1. 1. 0. 1. 1. 1. 0. 0.
 1. 1. 0. 1. 0. 0. 0. 0. 1. 1. 1. 0. 1. 0. 1. 1. 1. 1. 1. 1. 0. 1. 0. 0.
 1. 1. 0. 0. 1. 1. 1. 1. 0. 1. 1. 0. 1. 0. 1. 1. 0. 1. 0. 1. 0. 0. 1. 1.
 1. 0. 1. 0.]","[0. 1. 0. 0. 0. 1. 1. 1. 0. 0. 0. 0. 0. 1. 0. 0. 1. 1. 0. 0. 0. 0. 0. 1.
 0. 0. 1. 0. 1. 0. 0. 1. 0. 1. 1. 0. 0. 0. 1. 0. 0. 0. 1. 1. 1. 0. 1. 0.
 1. 0. 1. 1. 0. 1. 1. 1. 1. 0. 1. 0. 0. 1. 1. 1. 0. 0. 0. 1. 1. 0. 1. 1.
 0. 0. 1. 0. 0. 1. 0. 1. 0. 1. 1. 1. 0. 1. 0. 1. 1. 1. 1. 1. 1. 1. 1. 0.
 0. 0. 1. 1. 1. 0. 0. 1. 1. 1. 0. 0. 0. 1. 1. 1. 0. 0. 0. 0. 1. 1. 1. 0.
 1. 0. 0. 1. 1. 0. 0. 0. 0. 1. 0. 0. 1. 1. 0. 1. 1. 1. 0. 1. 1. 0. 1. 0.
 1. 1. 0. 0. 0. 1. 1. 0. 1. 1. 0. 1. 0. 0. 0. 1. 1. 1. 0. 1. 0. 1. 1. 0.
 1. 0. 0. 1. 1. 0. 0. 1. 0. 1. 1. 0. 0. 1. 0. 0. 1. 1. 0. 1. 1. 0. 0. 0.
 0. 1. 1. 0. 0. 1. 0. 0. 1. 0. 1. 1. 1. 0. 0. 0. 1. 1. 0. 0. 0. 0. 1. 0.
 0. 1. 0. 1. 1. 1. 1. 0. 0. 0. 0. 1. 1. 1. 1. 0. 1. 1. 1. 1. 0. 1. 0. 0.
 1. 0. 0. 1. 1. 1. 1. 1. 0. 0. 1. 1. 1. 0. 0. 1. 0. 1. 0. 0. 1. 0. 1. 0.
 1. 0. 0. 0.]"
320,logistic_regression,"{'penalty': 'l2', 'solver': 'saga'}",0.5434232445368914,0.18462261232307356,0.13701840467419457,0.3302827636215397,0.5451524468661565,0.18328223594011916,0.5372103386809269,0.07462686567164178,0.5373134328358209,0.5373134328358209,"{0: 0.5248941857874805, 1: 0.5248941857874805}","{0: 0.5248941857874805, 1: 0.5248941857874805}",0.5248941857874805,"[[70 64]
 [60 74]]","[1. 1. 1. 0. 0. 0. 1. 0. 1. 0. 0. 1. 0. 1. 1. 0. 0. 0. 1. 0. 1. 1. 0. 0.
 0. 1. 0. 1. 0. 1. 1. 1. 0. 0. 0. 1. 0. 1. 0. 0. 0. 0. 1. 1. 1. 1. 1. 1.
 0. 0. 1. 1. 0. 1. 0. 0. 0. 1. 1. 0. 1. 0. 1. 1. 0. 0. 0. 1. 1. 0. 0. 0.
 1. 1. 0. 1. 1. 0. 0. 0. 0. 0. 1. 0. 0. 1. 0. 0. 0. 1. 1. 1. 0. 1. 0. 1.
 0. 0. 1. 1. 1. 1. 0. 1. 1. 1. 0. 0. 0. 1. 0. 0. 0. 0. 0. 0. 1. 0. 1. 1.
 1. 0. 1. 1. 0. 1. 1. 1. 0. 0. 0. 0. 0. 0. 1. 1. 0. 0. 1. 0. 0. 1. 0. 0.
 0. 1. 1. 0. 1. 1. 0. 0. 0. 1. 0. 1. 1. 0. 0. 1. 0. 1. 0. 1. 1. 0. 0. 1.
 1. 1. 1. 1. 1. 0. 1. 1. 0. 1. 1. 0. 0. 0. 1. 1. 0. 0. 1. 0. 1. 0. 1. 1.
 1. 1. 1. 1. 0. 1. 0. 0. 1. 0. 1. 0. 1. 0. 1. 1. 1. 1. 0. 1. 0. 1. 1. 1.
 0. 0. 0. 1. 0. 1. 0. 1. 0. 1. 1. 1. 0. 1. 0. 0. 1. 0. 1. 1. 0. 0. 0. 1.
 1. 1. 1. 1. 0. 1. 0. 1. 0. 1. 1. 1. 1. 1. 0. 1. 1. 0. 0. 1. 0. 1. 1. 1.
 1. 0. 0. 0.]","[0. 1. 0. 0. 0. 1. 1. 1. 0. 0. 0. 0. 0. 1. 0. 0. 1. 1. 0. 0. 0. 0. 0. 1.
 0. 0. 1. 0. 1. 0. 0. 1. 0. 1. 1. 0. 0. 0. 1. 0. 0. 0. 1. 1. 1. 0. 1. 0.
 1. 0. 1. 1. 0. 1. 1. 1. 1. 0. 1. 0. 0. 1. 1. 1. 0. 0. 0. 1. 1. 0. 1. 1.
 0. 0. 1. 0. 0. 1. 0. 1. 0. 1. 1. 1. 0. 1. 0. 1. 1. 1. 1. 1. 1. 1. 1. 0.
 0. 0. 1. 1. 1. 0. 0. 1. 1. 1. 0. 0. 0. 1. 1. 1. 0. 0. 0. 0. 1. 1. 1. 0.
 1. 0. 0. 1. 1. 0. 0. 0. 0. 1. 0. 0. 1. 1. 0. 1. 1. 1. 0. 1. 1. 0. 1. 0.
 1. 1. 0. 0. 0. 1. 1. 0. 1. 1. 0. 1. 0. 0. 0. 1. 1. 1. 0. 1. 0. 1. 1. 0.
 1. 0. 0. 1. 1. 0. 0. 1. 0. 1. 1. 0. 0. 1. 0. 0. 1. 1. 0. 1. 1. 0. 0. 0.
 0. 1. 1. 0. 0. 1. 0. 0. 1. 0. 1. 1. 1. 0. 0. 0. 1. 1. 0. 0. 0. 0. 1. 0.
 0. 1. 0. 1. 1. 1. 1. 0. 0. 0. 0. 1. 1. 1. 1. 0. 1. 1. 1. 1. 0. 1. 0. 0.
 1. 0. 0. 1. 1. 1. 1. 1. 0. 0. 1. 1. 1. 0. 0. 1. 0. 1. 0. 0. 1. 0. 1. 0.
 1. 0. 0. 0.]"
715,logistic_regression,"{'penalty': 'l2', 'solver': 'saga'}",0.5434232445368914,0.18462261232307356,0.13701840467419457,0.3302827636215397,0.5451524468661565,0.18328223594011916,0.5372103386809269,0.07462686567164178,0.5373134328358209,0.5373134328358209,"{0: 0.5250612608598797, 1: 0.5250612608598797}","{0: 0.5250612608598797, 1: 0.5250612608598797}",0.5250612608598797,"[[70 64]
 [60 74]]","[1. 1. 1. 0. 0. 0. 1. 0. 1. 0. 0. 1. 0. 1. 1. 0. 0. 0. 1. 0. 1. 1. 0. 0.
 0. 1. 0. 1. 0. 1. 1. 1. 0. 0. 0. 1. 0. 1. 0. 0. 0. 0. 1. 1. 1. 1. 1. 1.
 0. 0. 1. 1. 0. 1. 0. 0. 0. 1. 1. 0. 1. 0. 1. 1. 0. 0. 0. 1. 1. 0. 0. 0.
 1. 1. 0. 1. 1. 0. 0. 0. 0. 0. 1. 0. 0. 1. 0. 0. 0. 1. 1. 1. 0. 1. 0. 1.
 0. 0. 1. 1. 1. 1. 0. 1. 1. 1. 0. 0. 0. 1. 0. 0. 0. 0. 0. 0. 1. 0. 1. 1.
 1. 0. 1. 1. 0. 1. 1. 1. 0. 0. 0. 0. 0. 0. 1. 1. 0. 0. 1. 0. 0. 1. 0. 0.
 0. 1. 1. 0. 1. 1. 0. 0. 0. 1. 0. 1. 1. 0. 0. 1. 0. 1. 0. 1. 1. 0. 0. 1.
 1. 1. 1. 1. 1. 0. 1. 1. 0. 1. 1. 0. 0. 0. 1. 1. 0. 0. 1. 0. 1. 0. 1. 1.
 1. 1. 1. 1. 0. 1. 0. 0. 1. 0. 1. 0. 1. 0. 1. 1. 1. 1. 0. 1. 0. 1. 1. 1.
 0. 0. 0. 1. 0. 1. 0. 1. 0. 1. 1. 1. 0. 1. 0. 0. 1. 0. 1. 1. 0. 0. 0. 1.
 1. 1. 1. 1. 0. 1. 0. 1. 0. 1. 1. 1. 1. 1. 0. 1. 1. 0. 0. 1. 0. 1. 1. 1.
 1. 0. 0. 0.]","[0. 1. 0. 0. 0. 1. 1. 1. 0. 0. 0. 0. 0. 1. 0. 0. 1. 1. 0. 0. 0. 0. 0. 1.
 0. 0. 1. 0. 1. 0. 0. 1. 0. 1. 1. 0. 0. 0. 1. 0. 0. 0. 1. 1. 1. 0. 1. 0.
 1. 0. 1. 1. 0. 1. 1. 1. 1. 0. 1. 0. 0. 1. 1. 1. 0. 0. 0. 1. 1. 0. 1. 1.
 0. 0. 1. 0. 0. 1. 0. 1. 0. 1. 1. 1. 0. 1. 0. 1. 1. 1. 1. 1. 1. 1. 1. 0.
 0. 0. 1. 1. 1. 0. 0. 1. 1. 1. 0. 0. 0. 1. 1. 1. 0. 0. 0. 0. 1. 1. 1. 0.
 1. 0. 0. 1. 1. 0. 0. 0. 0. 1. 0. 0. 1. 1. 0. 1. 1. 1. 0. 1. 1. 0. 1. 0.
 1. 1. 0. 0. 0. 1. 1. 0. 1. 1. 0. 1. 0. 0. 0. 1. 1. 1. 0. 1. 0. 1. 1. 0.
 1. 0. 0. 1. 1. 0. 0. 1. 0. 1. 1. 0. 0. 1. 0. 0. 1. 1. 0. 1. 1. 0. 0. 0.
 0. 1. 1. 0. 0. 1. 0. 0. 1. 0. 1. 1. 1. 0. 0. 0. 1. 1. 0. 0. 0. 0. 1. 0.
 0. 1. 0. 1. 1. 1. 1. 0. 0. 0. 0. 1. 1. 1. 1. 0. 1. 1. 1. 1. 0. 1. 0. 0.
 1. 0. 0. 1. 1. 1. 1. 1. 0. 0. 1. 1. 1. 0. 0. 1. 0. 1. 0. 0. 1. 0. 1. 0.
 1. 0. 0. 0.]"
854,logistic_regression,"{'penalty': 'l2', 'solver': 'saga'}",0.5434232445368914,0.18462261232307356,0.13701840467419457,0.3302827636215397,0.5451524468661565,0.18328223594011916,0.5372103386809269,0.07462686567164178,0.5373134328358209,0.5373134328358209,"{0: 0.524560035642682, 1: 0.5245600356426822}","{0: 0.524560035642682, 1: 0.5245600356426822}",0.5245600356426822,"[[70 64]
 [60 74]]","[1. 1. 1. 0. 0. 0. 1. 0. 1. 0. 0. 1. 0. 1. 1. 0. 0. 0. 1. 0. 1. 1. 0. 0.
 0. 1. 0. 1. 0. 1. 1. 1. 0. 0. 0. 1. 0. 1. 0. 0. 0. 0. 1. 1. 1. 1. 1. 1.
 0. 0. 1. 1. 0. 1. 0. 0. 0. 1. 1. 0. 1. 0. 1. 1. 0. 0. 0. 1. 1. 0. 0. 0.
 1. 1. 0. 1. 1. 0. 0. 0. 0. 0. 1. 0. 0. 1. 0. 0. 0. 1. 1. 1. 0. 1. 0. 1.
 0. 0. 1. 1. 1. 1. 0. 1. 1. 1. 0. 0. 0. 1. 0. 0. 0. 0. 0. 0. 1. 0. 1. 1.
 1. 0. 1. 1. 0. 1. 1. 1. 0. 0. 0. 0. 0. 0. 1. 1. 0. 0. 1. 0. 0. 1. 0. 0.
 0. 1. 1. 0. 1. 1. 0. 0. 0. 1. 0. 1. 1. 0. 0. 1. 0. 1. 0. 1. 1. 0. 0. 1.
 1. 1. 1. 1. 1. 0. 1. 1. 0. 1. 1. 0. 0. 0. 1. 1. 0. 0. 1. 0. 1. 0. 1. 1.
 1. 1. 1. 1. 0. 1. 0. 0. 1. 0. 1. 0. 1. 0. 1. 1. 1. 1. 0. 1. 0. 1. 1. 1.
 0. 0. 0. 1. 0. 1. 0. 1. 0. 1. 1. 1. 0. 1. 0. 0. 1. 0. 1. 1. 0. 0. 0. 1.
 1. 1. 1. 1. 0. 1. 0. 1. 0. 1. 1. 1. 1. 1. 0. 1. 1. 0. 0. 1. 0. 1. 1. 1.
 1. 0. 0. 0.]","[0. 1. 0. 0. 0. 1. 1. 1. 0. 0. 0. 0. 0. 1. 0. 0. 1. 1. 0. 0. 0. 0. 0. 1.
 0. 0. 1. 0. 1. 0. 0. 1. 0. 1. 1. 0. 0. 0. 1. 0. 0. 0. 1. 1. 1. 0. 1. 0.
 1. 0. 1. 1. 0. 1. 1. 1. 1. 0. 1. 0. 0. 1. 1. 1. 0. 0. 0. 1. 1. 0. 1. 1.
 0. 0. 1. 0. 0. 1. 0. 1. 0. 1. 1. 1. 0. 1. 0. 1. 1. 1. 1. 1. 1. 1. 1. 0.
 0. 0. 1. 1. 1. 0. 0. 1. 1. 1. 0. 0. 0. 1. 1. 1. 0. 0. 0. 0. 1. 1. 1. 0.
 1. 0. 0. 1. 1. 0. 0. 0. 0. 1. 0. 0. 1. 1. 0. 1. 1. 1. 0. 1. 1. 0. 1. 0.
 1. 1. 0. 0. 0. 1. 1. 0. 1. 1. 0. 1. 0. 0. 0. 1. 1. 1. 0. 1. 0. 1. 1. 0.
 1. 0. 0. 1. 1. 0. 0. 1. 0. 1. 1. 0. 0. 1. 0. 0. 1. 1. 0. 1. 1. 0. 0. 0.
 0. 1. 1. 0. 0. 1. 0. 0. 1. 0. 1. 1. 1. 0. 0. 0. 1. 1. 0. 0. 0. 0. 1. 0.
 0. 1. 0. 1. 1. 1. 1. 0. 0. 0. 0. 1. 1. 1. 1. 0. 1. 1. 1. 1. 0. 1. 0. 0.
 1. 0. 0. 1. 1. 1. 1. 1. 0. 0. 1. 1. 1. 0. 0. 1. 0. 1. 0. 0. 1. 0. 1. 0.
 1. 0. 0. 0.]"
662,logistic_regression,"{'penalty': 'l2', 'solver': 'saga'}",0.5434232445368914,0.18462261232307356,0.13701840467419457,0.3302827636215397,0.5451524468661565,0.18328223594011916,0.5372103386809269,0.07462686567164178,0.5373134328358209,0.5373134328358209,"{0: 0.5253954110046781, 1: 0.5253954110046781}","{0: 0.5253954110046781, 1: 0.5253954110046781}",0.5253954110046781,"[[70 64]
 [60 74]]","[1. 1. 1. 0. 0. 0. 1. 0. 1. 0. 0. 1. 0. 1. 1. 0. 0. 0. 1. 0. 1. 1. 0. 0.
 0. 1. 0. 1. 0. 1. 1. 1. 0. 0. 0. 1. 0. 1. 0. 0. 0. 0. 1. 1. 1. 1. 1. 1.
 0. 0. 1. 1. 0. 1. 0. 0. 0. 1. 1. 0. 1. 0. 1. 1. 0. 0. 0. 1. 1. 0. 0. 0.
 1. 1. 0. 1. 1. 0. 0. 0. 0. 0. 1. 0. 0. 1. 0. 0. 0. 1. 1. 1. 0. 1. 0. 1.
 0. 0. 1. 1. 1. 1. 0. 1. 1. 1. 0. 0. 0. 1. 0. 0. 0. 0. 0. 0. 1. 0. 1. 1.
 1. 0. 1. 1. 0. 1. 1. 1. 0. 0. 0. 0. 0. 0. 1. 1. 0. 0. 1. 0. 0. 1. 0. 0.
 0. 1. 1. 0. 1. 1. 0. 0. 0. 1. 0. 1. 1. 0. 0. 1. 0. 1. 0. 1. 1. 0. 0. 1.
 1. 1. 1. 1. 1. 0. 1. 1. 0. 1. 1. 0. 0. 0. 1. 1. 0. 0. 1. 0. 1. 0. 1. 1.
 1. 1. 1. 1. 0. 1. 0. 0. 1. 0. 1. 0. 1. 0. 1. 1. 1. 1. 0. 1. 0. 1. 1. 1.
 0. 0. 0. 1. 0. 1. 0. 1. 0. 1. 1. 1. 0. 1. 0. 0. 1. 0. 1. 1. 0. 0. 0. 1.
 1. 1. 1. 1. 0. 1. 0. 1. 0. 1. 1. 1. 1. 1. 0. 1. 1. 0. 0. 1. 0. 1. 1. 1.
 1. 0. 0. 0.]","[0. 1. 0. 0. 0. 1. 1. 1. 0. 0. 0. 0. 0. 1. 0. 0. 1. 1. 0. 0. 0. 0. 0. 1.
 0. 0. 1. 0. 1. 0. 0. 1. 0. 1. 1. 0. 0. 0. 1. 0. 0. 0. 1. 1. 1. 0. 1. 0.
 1. 0. 1. 1. 0. 1. 1. 1. 1. 0. 1. 0. 0. 1. 1. 1. 0. 0. 0. 1. 1. 0. 1. 1.
 0. 0. 1. 0. 0. 1. 0. 1. 0. 1. 1. 1. 0. 1. 0. 1. 1. 1. 1. 1. 1. 1. 1. 0.
 0. 0. 1. 1. 1. 0. 0. 1. 1. 1. 0. 0. 0. 1. 1. 1. 0. 0. 0. 0. 1. 1. 1. 0.
 1. 0. 0. 1. 1. 0. 0. 0. 0. 1. 0. 0. 1. 1. 0. 1. 1. 1. 0. 1. 1. 0. 1. 0.
 1. 1. 0. 0. 0. 1. 1. 0. 1. 1. 0. 1. 0. 0. 0. 1. 1. 1. 0. 1. 0. 1. 1. 0.
 1. 0. 0. 1. 1. 0. 0. 1. 0. 1. 1. 0. 0. 1. 0. 0. 1. 1. 0. 1. 1. 0. 0. 0.
 0. 1. 1. 0. 0. 1. 0. 0. 1. 0. 1. 1. 1. 0. 0. 0. 1. 1. 0. 0. 0. 0. 1. 0.
 0. 1. 0. 1. 1. 1. 1. 0. 0. 0. 0. 1. 1. 1. 1. 0. 1. 1. 1. 1. 0. 1. 0. 0.
 1. 0. 0. 1. 1. 1. 1. 1. 0. 0. 1. 1. 1. 0. 0. 1. 0. 1. 0. 0. 1. 0. 1. 0.
 1. 0. 0. 0.]"
912,logistic_regression,"{'penalty': 'l2', 'solver': 'saga'}",0.5434232445368914,0.18462261232307356,0.13701840467419457,0.3302827636215397,0.5451524468661565,0.18328223594011916,0.5372103386809269,0.07462686567164178,0.5373134328358209,0.5373134328358209,"{0: 0.5243372688794832, 1: 0.5243372688794832}","{0: 0.5243372688794832, 1: 0.5243372688794832}",0.5243372688794832,"[[70 64]
 [60 74]]","[1. 1. 1. 0. 0. 0. 1. 0. 1. 0. 0. 1. 0. 1. 1. 0. 0. 0. 1. 0. 1. 1. 0. 0.
 0. 1. 0. 1. 0. 1. 1. 1. 0. 0. 0. 1. 0. 1. 0. 0. 0. 0. 1. 1. 1. 1. 1. 1.
 0. 0. 1. 1. 0. 1. 0. 0. 0. 1. 1. 0. 1. 0. 1. 1. 0. 0. 0. 1. 1. 0. 0. 0.
 1. 1. 0. 1. 1. 0. 0. 0. 0. 0. 1. 0. 0. 1. 0. 0. 0. 1. 1. 1. 0. 1. 0. 1.
 0. 0. 1. 1. 1. 1. 0. 1. 1. 1. 0. 0. 0. 1. 0. 0. 0. 0. 0. 0. 1. 0. 1. 1.
 1. 0. 1. 1. 0. 1. 1. 1. 0. 0. 0. 0. 0. 0. 1. 1. 0. 0. 1. 0. 0. 1. 0. 0.
 0. 1. 1. 0. 1. 1. 0. 0. 0. 1. 0. 1. 1. 0. 0. 1. 0. 1. 0. 1. 1. 0. 0. 1.
 1. 1. 1. 1. 1. 0. 1. 1. 0. 1. 1. 0. 0. 0. 1. 1. 0. 0. 1. 0. 1. 0. 1. 1.
 1. 1. 1. 1. 0. 1. 0. 0. 1. 0. 1. 0. 1. 0. 1. 1. 1. 1. 0. 1. 0. 1. 1. 1.
 0. 0. 0. 1. 0. 1. 0. 1. 0. 1. 1. 1. 0. 1. 0. 0. 1. 0. 1. 1. 0. 0. 0. 1.
 1. 1. 1. 1. 0. 1. 0. 1. 0. 1. 1. 1. 1. 1. 0. 1. 1. 0. 0. 1. 0. 1. 1. 1.
 1. 0. 0. 0.]","[0. 1. 0. 0. 0. 1. 1. 1. 0. 0. 0. 0. 0. 1. 0. 0. 1. 1. 0. 0. 0. 0. 0. 1.
 0. 0. 1. 0. 1. 0. 0. 1. 0. 1. 1. 0. 0. 0. 1. 0. 0. 0. 1. 1. 1. 0. 1. 0.
 1. 0. 1. 1. 0. 1. 1. 1. 1. 0. 1. 0. 0. 1. 1. 1. 0. 0. 0. 1. 1. 0. 1. 1.
 0. 0. 1. 0. 0. 1. 0. 1. 0. 1. 1. 1. 0. 1. 0. 1. 1. 1. 1. 1. 1. 1. 1. 0.
 0. 0. 1. 1. 1. 0. 0. 1. 1. 1. 0. 0. 0. 1. 1. 1. 0. 0. 0. 0. 1. 1. 1. 0.
 1. 0. 0. 1. 1. 0. 0. 0. 0. 1. 0. 0. 1. 1. 0. 1. 1. 1. 0. 1. 1. 0. 1. 0.
 1. 1. 0. 0. 0. 1. 1. 0. 1. 1. 0. 1. 0. 0. 0. 1. 1. 1. 0. 1. 0. 1. 1. 0.
 1. 0. 0. 1. 1. 0. 0. 1. 0. 1. 1. 0. 0. 1. 0. 0. 1. 1. 0. 1. 1. 0. 0. 0.
 0. 1. 1. 0. 0. 1. 0. 0. 1. 0. 1. 1. 1. 0. 0. 0. 1. 1. 0. 0. 0. 0. 1. 0.
 0. 1. 0. 1. 1. 1. 1. 0. 0. 0. 0. 1. 1. 1. 1. 0. 1. 1. 1. 1. 0. 1. 0. 0.
 1. 0. 0. 1. 1. 1. 1. 1. 0. 0. 1. 1. 1. 0. 0. 1. 0. 1. 0. 0. 1. 0. 1. 0.
 1. 0. 0. 0.]"
59,logistic_regression,"{'penalty': 'l2', 'solver': 'saga'}",0.5434232445368914,0.18462261232307356,0.13701840467419457,0.3302827636215397,0.5451524468661565,0.18328223594011916,0.5372103386809269,0.07462686567164178,0.5373134328358209,0.5373134328358209,"{0: 0.5246157273334818, 1: 0.5246157273334818}","{0: 0.5246157273334818, 1: 0.5246157273334818}",0.5246157273334818,"[[70 64]
 [60 74]]","[1. 1. 1. 0. 0. 0. 1. 0. 1. 0. 0. 1. 0. 1. 1. 0. 0. 0. 1. 0. 1. 1. 0. 0.
 0. 1. 0. 1. 0. 1. 1. 1. 0. 0. 0. 1. 0. 1. 0. 0. 0. 0. 1. 1. 1. 1. 1. 1.
 0. 0. 1. 1. 0. 1. 0. 0. 0. 1. 1. 0. 1. 0. 1. 1. 0. 0. 0. 1. 1. 0. 0. 0.
 1. 1. 0. 1. 1. 0. 0. 0. 0. 0. 1. 0. 0. 1. 0. 0. 0. 1. 1. 1. 0. 1. 0. 1.
 0. 0. 1. 1. 1. 1. 0. 1. 1. 1. 0. 0. 0. 1. 0. 0. 0. 0. 0. 0. 1. 0. 1. 1.
 1. 0. 1. 1. 0. 1. 1. 1. 0. 0. 0. 0. 0. 0. 1. 1. 0. 0. 1. 0. 0. 1. 0. 0.
 0. 1. 1. 0. 1. 1. 0. 0. 0. 1. 0. 1. 1. 0. 0. 1. 0. 1. 0. 1. 1. 0. 0. 1.
 1. 1. 1. 1. 1. 0. 1. 1. 0. 1. 1. 0. 0. 0. 1. 1. 0. 0. 1. 0. 1. 0. 1. 1.
 1. 1. 1. 1. 0. 1. 0. 0. 1. 0. 1. 0. 1. 0. 1. 1. 1. 1. 0. 1. 0. 1. 1. 1.
 0. 0. 0. 1. 0. 1. 0. 1. 0. 1. 1. 1. 0. 1. 0. 0. 1. 0. 1. 1. 0. 0. 0. 1.
 1. 1. 1. 1. 0. 1. 0. 1. 0. 1. 1. 1. 1. 1. 0. 1. 1. 0. 0. 1. 0. 1. 1. 1.
 1. 0. 0. 0.]","[0. 1. 0. 0. 0. 1. 1. 1. 0. 0. 0. 0. 0. 1. 0. 0. 1. 1. 0. 0. 0. 0. 0. 1.
 0. 0. 1. 0. 1. 0. 0. 1. 0. 1. 1. 0. 0. 0. 1. 0. 0. 0. 1. 1. 1. 0. 1. 0.
 1. 0. 1. 1. 0. 1. 1. 1. 1. 0. 1. 0. 0. 1. 1. 1. 0. 0. 0. 1. 1. 0. 1. 1.
 0. 0. 1. 0. 0. 1. 0. 1. 0. 1. 1. 1. 0. 1. 0. 1. 1. 1. 1. 1. 1. 1. 1. 0.
 0. 0. 1. 1. 1. 0. 0. 1. 1. 1. 0. 0. 0. 1. 1. 1. 0. 0. 0. 0. 1. 1. 1. 0.
 1. 0. 0. 1. 1. 0. 0. 0. 0. 1. 0. 0. 1. 1. 0. 1. 1. 1. 0. 1. 1. 0. 1. 0.
 1. 1. 0. 0. 0. 1. 1. 0. 1. 1. 0. 1. 0. 0. 0. 1. 1. 1. 0. 1. 0. 1. 1. 0.
 1. 0. 0. 1. 1. 0. 0. 1. 0. 1. 1. 0. 0. 1. 0. 0. 1. 1. 0. 1. 1. 0. 0. 0.
 0. 1. 1. 0. 0. 1. 0. 0. 1. 0. 1. 1. 1. 0. 0. 0. 1. 1. 0. 0. 0. 0. 1. 0.
 0. 1. 0. 1. 1. 1. 1. 0. 0. 0. 0. 1. 1. 1. 1. 0. 1. 1. 1. 1. 0. 1. 0. 0.
 1. 0. 0. 1. 1. 1. 1. 1. 0. 0. 1. 1. 1. 0. 0. 1. 0. 1. 0. 0. 1. 0. 1. 0.
 1. 0. 0. 0.]"
374,logistic_regression,"{'penalty': 'l2', 'solver': 'saga'}",0.5434232445368914,0.18462261232307356,0.13701840467419457,0.3302827636215397,0.5451524468661565,0.18328223594011916,0.5372103386809269,0.07462686567164178,0.5373134328358209,0.5373134328358209,"{0: 0.5250612608598797, 1: 0.5250612608598797}","{0: 0.5250612608598797, 1: 0.5250612608598797}",0.5250612608598797,"[[70 64]
 [60 74]]","[1. 1. 1. 0. 0. 0. 1. 0. 1. 0. 0. 1. 0. 1. 1. 0. 0. 0. 1. 0. 1. 1. 0. 0.
 0. 1. 0. 1. 0. 1. 1. 1. 0. 0. 0. 1. 0. 1. 0. 0. 0. 0. 1. 1. 1. 1. 1. 1.
 0. 0. 1. 1. 0. 1. 0. 0. 0. 1. 1. 0. 1. 0. 1. 1. 0. 0. 0. 1. 1. 0. 0. 0.
 1. 1. 0. 1. 1. 0. 0. 0. 0. 0. 1. 0. 0. 1. 0. 0. 0. 1. 1. 1. 0. 1. 0. 1.
 0. 0. 1. 1. 1. 1. 0. 1. 1. 1. 0. 0. 0. 1. 0. 0. 0. 0. 0. 0. 1. 0. 1. 1.
 1. 0. 1. 1. 0. 1. 1. 1. 0. 0. 0. 0. 0. 0. 1. 1. 0. 0. 1. 0. 0. 1. 0. 0.
 0. 1. 1. 0. 1. 1. 0. 0. 0. 1. 0. 1. 1. 0. 0. 1. 0. 1. 0. 1. 1. 0. 0. 1.
 1. 1. 1. 1. 1. 0. 1. 1. 0. 1. 1. 0. 0. 0. 1. 1. 0. 0. 1. 0. 1. 0. 1. 1.
 1. 1. 1. 1. 0. 1. 0. 0. 1. 0. 1. 0. 1. 0. 1. 1. 1. 1. 0. 1. 0. 1. 1. 1.
 0. 0. 0. 1. 0. 1. 0. 1. 0. 1. 1. 1. 0. 1. 0. 0. 1. 0. 1. 1. 0. 0. 0. 1.
 1. 1. 1. 1. 0. 1. 0. 1. 0. 1. 1. 1. 1. 1. 0. 1. 1. 0. 0. 1. 0. 1. 1. 1.
 1. 0. 0. 0.]","[0. 1. 0. 0. 0. 1. 1. 1. 0. 0. 0. 0. 0. 1. 0. 0. 1. 1. 0. 0. 0. 0. 0. 1.
 0. 0. 1. 0. 1. 0. 0. 1. 0. 1. 1. 0. 0. 0. 1. 0. 0. 0. 1. 1. 1. 0. 1. 0.
 1. 0. 1. 1. 0. 1. 1. 1. 1. 0. 1. 0. 0. 1. 1. 1. 0. 0. 0. 1. 1. 0. 1. 1.
 0. 0. 1. 0. 0. 1. 0. 1. 0. 1. 1. 1. 0. 1. 0. 1. 1. 1. 1. 1. 1. 1. 1. 0.
 0. 0. 1. 1. 1. 0. 0. 1. 1. 1. 0. 0. 0. 1. 1. 1. 0. 0. 0. 0. 1. 1. 1. 0.
 1. 0. 0. 1. 1. 0. 0. 0. 0. 1. 0. 0. 1. 1. 0. 1. 1. 1. 0. 1. 1. 0. 1. 0.
 1. 1. 0. 0. 0. 1. 1. 0. 1. 1. 0. 1. 0. 0. 0. 1. 1. 1. 0. 1. 0. 1. 1. 0.
 1. 0. 0. 1. 1. 0. 0. 1. 0. 1. 1. 0. 0. 1. 0. 0. 1. 1. 0. 1. 1. 0. 0. 0.
 0. 1. 1. 0. 0. 1. 0. 0. 1. 0. 1. 1. 1. 0. 0. 0. 1. 1. 0. 0. 0. 0. 1. 0.
 0. 1. 0. 1. 1. 1. 1. 0. 0. 0. 0. 1. 1. 1. 1. 0. 1. 1. 1. 1. 0. 1. 0. 0.
 1. 0. 0. 1. 1. 1. 1. 1. 0. 0. 1. 1. 1. 0. 0. 1. 0. 1. 0. 0. 1. 0. 1. 0.
 1. 0. 0. 0.]"
487,logistic_regression,"{'penalty': 'l2', 'solver': 'saga'}",0.5434232445368914,0.18462261232307356,0.13701840467419457,0.3302827636215397,0.5451524468661565,0.18328223594011916,0.5372103386809269,0.07462686567164178,0.5373134328358209,0.5373134328358209,"{0: 0.5253954110046781, 1: 0.5253954110046781}","{0: 0.5253954110046781, 1: 0.5253954110046781}",0.5253954110046781,"[[70 64]
 [60 74]]","[1. 1. 1. 0. 0. 0. 1. 0. 1. 0. 0. 1. 0. 1. 1. 0. 0. 0. 1. 0. 1. 1. 0. 0.
 0. 1. 0. 1. 0. 1. 1. 1. 0. 0. 0. 1. 0. 1. 0. 0. 0. 0. 1. 1. 1. 1. 1. 1.
 0. 0. 1. 1. 0. 1. 0. 0. 0. 1. 1. 0. 1. 0. 1. 1. 0. 0. 0. 1. 1. 0. 0. 0.
 1. 1. 0. 1. 1. 0. 0. 0. 0. 0. 1. 0. 0. 1. 0. 0. 0. 1. 1. 1. 0. 1. 0. 1.
 0. 0. 1. 1. 1. 1. 0. 1. 1. 1. 0. 0. 0. 1. 0. 0. 0. 0. 0. 0. 1. 0. 1. 1.
 1. 0. 1. 1. 0. 1. 1. 1. 0. 0. 0. 0. 0. 0. 1. 1. 0. 0. 1. 0. 0. 1. 0. 0.
 0. 1. 1. 0. 1. 1. 0. 0. 0. 1. 0. 1. 1. 0. 0. 1. 0. 1. 0. 1. 1. 0. 0. 1.
 1. 1. 1. 1. 1. 0. 1. 1. 0. 1. 1. 0. 0. 0. 1. 1. 0. 0. 1. 0. 1. 0. 1. 1.
 1. 1. 1. 1. 0. 1. 0. 0. 1. 0. 1. 0. 1. 0. 1. 1. 1. 1. 0. 1. 0. 1. 1. 1.
 0. 0. 0. 1. 0. 1. 0. 1. 0. 1. 1. 1. 0. 1. 0. 0. 1. 0. 1. 1. 0. 0. 0. 1.
 1. 1. 1. 1. 0. 1. 0. 1. 0. 1. 1. 1. 1. 1. 0. 1. 1. 0. 0. 1. 0. 1. 1. 1.
 1. 0. 0. 0.]","[0. 1. 0. 0. 0. 1. 1. 1. 0. 0. 0. 0. 0. 1. 0. 0. 1. 1. 0. 0. 0. 0. 0. 1.
 0. 0. 1. 0. 1. 0. 0. 1. 0. 1. 1. 0. 0. 0. 1. 0. 0. 0. 1. 1. 1. 0. 1. 0.
 1. 0. 1. 1. 0. 1. 1. 1. 1. 0. 1. 0. 0. 1. 1. 1. 0. 0. 0. 1. 1. 0. 1. 1.
 0. 0. 1. 0. 0. 1. 0. 1. 0. 1. 1. 1. 0. 1. 0. 1. 1. 1. 1. 1. 1. 1. 1. 0.
 0. 0. 1. 1. 1. 0. 0. 1. 1. 1. 0. 0. 0. 1. 1. 1. 0. 0. 0. 0. 1. 1. 1. 0.
 1. 0. 0. 1. 1. 0. 0. 0. 0. 1. 0. 0. 1. 1. 0. 1. 1. 1. 0. 1. 1. 0. 1. 0.
 1. 1. 0. 0. 0. 1. 1. 0. 1. 1. 0. 1. 0. 0. 0. 1. 1. 1. 0. 1. 0. 1. 1. 0.
 1. 0. 0. 1. 1. 0. 0. 1. 0. 1. 1. 0. 0. 1. 0. 0. 1. 1. 0. 1. 1. 0. 0. 0.
 0. 1. 1. 0. 0. 1. 0. 0. 1. 0. 1. 1. 1. 0. 0. 0. 1. 1. 0. 0. 0. 0. 1. 0.
 0. 1. 0. 1. 1. 1. 1. 0. 0. 0. 0. 1. 1. 1. 1. 0. 1. 1. 1. 1. 0. 1. 0. 0.
 1. 0. 0. 1. 1. 1. 1. 1. 0. 0. 1. 1. 1. 0. 0. 1. 0. 1. 0. 0. 1. 0. 1. 0.
 1. 0. 0. 0.]"
536,logistic_regression,"{'penalty': 'l2', 'solver': 'saga'}",0.5434232445368914,0.18462261232307356,0.13701840467419457,0.3302827636215397,0.5451524468661565,0.18328223594011916,0.5372103386809269,0.07462686567164178,0.5373134328358209,0.5373134328358209,"{0: 0.5251726442414792, 1: 0.5251726442414792}","{0: 0.5251726442414792, 1: 0.5251726442414792}",0.5251726442414792,"[[70 64]
 [60 74]]","[1. 1. 1. 0. 0. 0. 1. 0. 1. 0. 0. 1. 0. 1. 1. 0. 0. 0. 1. 0. 1. 1. 0. 0.
 0. 1. 0. 1. 0. 1. 1. 1. 0. 0. 0. 1. 0. 1. 0. 0. 0. 0. 1. 1. 1. 1. 1. 1.
 0. 0. 1. 1. 0. 1. 0. 0. 0. 1. 1. 0. 1. 0. 1. 1. 0. 0. 0. 1. 1. 0. 0. 0.
 1. 1. 0. 1. 1. 0. 0. 0. 0. 0. 1. 0. 0. 1. 0. 0. 0. 1. 1. 1. 0. 1. 0. 1.
 0. 0. 1. 1. 1. 1. 0. 1. 1. 1. 0. 0. 0. 1. 0. 0. 0. 0. 0. 0. 1. 0. 1. 1.
 1. 0. 1. 1. 0. 1. 1. 1. 0. 0. 0. 0. 0. 0. 1. 1. 0. 0. 1. 0. 0. 1. 0. 0.
 0. 1. 1. 0. 1. 1. 0. 0. 0. 1. 0. 1. 1. 0. 0. 1. 0. 1. 0. 1. 1. 0. 0. 1.
 1. 1. 1. 1. 1. 0. 1. 1. 0. 1. 1. 0. 0. 0. 1. 1. 0. 0. 1. 0. 1. 0. 1. 1.
 1. 1. 1. 1. 0. 1. 0. 0. 1. 0. 1. 0. 1. 0. 1. 1. 1. 1. 0. 1. 0. 1. 1. 1.
 0. 0. 0. 1. 0. 1. 0. 1. 0. 1. 1. 1. 0. 1. 0. 0. 1. 0. 1. 1. 0. 0. 0. 1.
 1. 1. 1. 1. 0. 1. 0. 1. 0. 1. 1. 1. 1. 1. 0. 1. 1. 0. 0. 1. 0. 1. 1. 1.
 1. 0. 0. 0.]","[0. 1. 0. 0. 0. 1. 1. 1. 0. 0. 0. 0. 0. 1. 0. 0. 1. 1. 0. 0. 0. 0. 0. 1.
 0. 0. 1. 0. 1. 0. 0. 1. 0. 1. 1. 0. 0. 0. 1. 0. 0. 0. 1. 1. 1. 0. 1. 0.
 1. 0. 1. 1. 0. 1. 1. 1. 1. 0. 1. 0. 0. 1. 1. 1. 0. 0. 0. 1. 1. 0. 1. 1.
 0. 0. 1. 0. 0. 1. 0. 1. 0. 1. 1. 1. 0. 1. 0. 1. 1. 1. 1. 1. 1. 1. 1. 0.
 0. 0. 1. 1. 1. 0. 0. 1. 1. 1. 0. 0. 0. 1. 1. 1. 0. 0. 0. 0. 1. 1. 1. 0.
 1. 0. 0. 1. 1. 0. 0. 0. 0. 1. 0. 0. 1. 1. 0. 1. 1. 1. 0. 1. 1. 0. 1. 0.
 1. 1. 0. 0. 0. 1. 1. 0. 1. 1. 0. 1. 0. 0. 0. 1. 1. 1. 0. 1. 0. 1. 1. 0.
 1. 0. 0. 1. 1. 0. 0. 1. 0. 1. 1. 0. 0. 1. 0. 0. 1. 1. 0. 1. 1. 0. 0. 0.
 0. 1. 1. 0. 0. 1. 0. 0. 1. 0. 1. 1. 1. 0. 0. 0. 1. 1. 0. 0. 0. 0. 1. 0.
 0. 1. 0. 1. 1. 1. 1. 0. 0. 0. 0. 1. 1. 1. 1. 0. 1. 1. 1. 1. 0. 1. 0. 0.
 1. 0. 0. 1. 1. 1. 1. 1. 0. 0. 1. 1. 1. 0. 0. 1. 0. 1. 0. 0. 1. 0. 1. 0.
 1. 0. 0. 0.]"
439,logistic_regression,"{'penalty': 'l2', 'solver': 'saga'}",0.5434232445368914,0.18462261232307356,0.13701840467419457,0.3302827636215397,0.5451524468661565,0.18328223594011916,0.5372103386809269,0.07462686567164178,0.5373134328358209,0.5373134328358209,"{0: 0.5248941857874805, 1: 0.5248941857874805}","{0: 0.5248941857874805, 1: 0.5248941857874805}",0.5248941857874805,"[[70 64]
 [60 74]]","[1. 1. 1. 0. 0. 0. 1. 0. 1. 0. 0. 1. 0. 1. 1. 0. 0. 0. 1. 0. 1. 1. 0. 0.
 0. 1. 0. 1. 0. 1. 1. 1. 0. 0. 0. 1. 0. 1. 0. 0. 0. 0. 1. 1. 1. 1. 1. 1.
 0. 0. 1. 1. 0. 1. 0. 0. 0. 1. 1. 0. 1. 0. 1. 1. 0. 0. 0. 1. 1. 0. 0. 0.
 1. 1. 0. 1. 1. 0. 0. 0. 0. 0. 1. 0. 0. 1. 0. 0. 0. 1. 1. 1. 0. 1. 0. 1.
 0. 0. 1. 1. 1. 1. 0. 1. 1. 1. 0. 0. 0. 1. 0. 0. 0. 0. 0. 0. 1. 0. 1. 1.
 1. 0. 1. 1. 0. 1. 1. 1. 0. 0. 0. 0. 0. 0. 1. 1. 0. 0. 1. 0. 0. 1. 0. 0.
 0. 1. 1. 0. 1. 1. 0. 0. 0. 1. 0. 1. 1. 0. 0. 1. 0. 1. 0. 1. 1. 0. 0. 1.
 1. 1. 1. 1. 1. 0. 1. 1. 0. 1. 1. 0. 0. 0. 1. 1. 0. 0. 1. 0. 1. 0. 1. 1.
 1. 1. 1. 1. 0. 1. 0. 0. 1. 0. 1. 0. 1. 0. 1. 1. 1. 1. 0. 1. 0. 1. 1. 1.
 0. 0. 0. 1. 0. 1. 0. 1. 0. 1. 1. 1. 0. 1. 0. 0. 1. 0. 1. 1. 0. 0. 0. 1.
 1. 1. 1. 1. 0. 1. 0. 1. 0. 1. 1. 1. 1. 1. 0. 1. 1. 0. 0. 1. 0. 1. 1. 1.
 1. 0. 0. 0.]","[0. 1. 0. 0. 0. 1. 1. 1. 0. 0. 0. 0. 0. 1. 0. 0. 1. 1. 0. 0. 0. 0. 0. 1.
 0. 0. 1. 0. 1. 0. 0. 1. 0. 1. 1. 0. 0. 0. 1. 0. 0. 0. 1. 1. 1. 0. 1. 0.
 1. 0. 1. 1. 0. 1. 1. 1. 1. 0. 1. 0. 0. 1. 1. 1. 0. 0. 0. 1. 1. 0. 1. 1.
 0. 0. 1. 0. 0. 1. 0. 1. 0. 1. 1. 1. 0. 1. 0. 1. 1. 1. 1. 1. 1. 1. 1. 0.
 0. 0. 1. 1. 1. 0. 0. 1. 1. 1. 0. 0. 0. 1. 1. 1. 0. 0. 0. 0. 1. 1. 1. 0.
 1. 0. 0. 1. 1. 0. 0. 0. 0. 1. 0. 0. 1. 1. 0. 1. 1. 1. 0. 1. 1. 0. 1. 0.
 1. 1. 0. 0. 0. 1. 1. 0. 1. 1. 0. 1. 0. 0. 0. 1. 1. 1. 0. 1. 0. 1. 1. 0.
 1. 0. 0. 1. 1. 0. 0. 1. 0. 1. 1. 0. 0. 1. 0. 0. 1. 1. 0. 1. 1. 0. 0. 0.
 0. 1. 1. 0. 0. 1. 0. 0. 1. 0. 1. 1. 1. 0. 0. 0. 1. 1. 0. 0. 0. 0. 1. 0.
 0. 1. 0. 1. 1. 1. 1. 0. 0. 0. 0. 1. 1. 1. 1. 0. 1. 1. 1. 1. 0. 1. 0. 0.
 1. 0. 0. 1. 1. 1. 1. 1. 0. 0. 1. 1. 1. 0. 0. 1. 0. 1. 0. 0. 1. 0. 1. 0.
 1. 0. 0. 0.]"
92,logistic_regression,"{'penalty': None, 'solver': 'saga'}",0.5434232445368914,0.18462261232307356,0.13701840467419457,0.3302827636215397,0.5451524468661565,0.18328223594011916,0.5372103386809269,0.07462686567164178,0.5373134328358209,0.5373134328358209,"{0: 0.5248384940966808, 1: 0.5248384940966808}","{0: 0.5248384940966808, 1: 0.5248384940966808}",0.5248384940966808,"[[70 64]
 [60 74]]","[1. 1. 1. 0. 0. 0. 1. 0. 1. 0. 0. 1. 0. 1. 1. 0. 0. 0. 1. 0. 1. 1. 0. 0.
 0. 1. 0. 1. 0. 1. 1. 1. 0. 0. 0. 1. 0. 1. 0. 0. 0. 0. 1. 1. 1. 1. 1. 1.
 0. 0. 1. 1. 0. 1. 0. 0. 0. 1. 1. 0. 1. 0. 1. 1. 0. 0. 0. 1. 1. 0. 0. 0.
 1. 1. 0. 1. 1. 0. 0. 0. 0. 0. 1. 0. 0. 1. 0. 0. 0. 1. 1. 1. 0. 1. 0. 1.
 0. 0. 1. 1. 1. 1. 0. 1. 1. 1. 0. 0. 0. 1. 0. 0. 0. 0. 0. 0. 1. 0. 1. 1.
 1. 0. 1. 1. 0. 1. 1. 1. 0. 0. 0. 0. 0. 0. 1. 1. 0. 0. 1. 0. 0. 1. 0. 0.
 0. 1. 1. 0. 1. 1. 0. 0. 0. 1. 0. 1. 1. 0. 0. 1. 0. 1. 0. 1. 1. 0. 0. 1.
 1. 1. 1. 1. 1. 0. 1. 1. 0. 1. 1. 0. 0. 0. 1. 1. 0. 0. 1. 0. 1. 0. 1. 1.
 1. 1. 1. 1. 0. 1. 0. 0. 1. 0. 1. 0. 1. 0. 1. 1. 1. 1. 0. 1. 0. 1. 1. 1.
 0. 0. 0. 1. 0. 1. 0. 1. 0. 1. 1. 1. 0. 1. 0. 0. 1. 0. 1. 1. 0. 0. 0. 1.
 1. 1. 1. 1. 0. 1. 0. 1. 0. 1. 1. 1. 1. 1. 0. 1. 1. 0. 0. 1. 0. 1. 1. 1.
 1. 0. 0. 0.]","[0. 1. 0. 0. 0. 1. 1. 1. 0. 0. 0. 0. 0. 1. 0. 0. 1. 1. 0. 0. 0. 0. 0. 1.
 0. 0. 1. 0. 1. 0. 0. 1. 0. 1. 1. 0. 0. 0. 1. 0. 0. 0. 1. 1. 1. 0. 1. 0.
 1. 0. 1. 1. 0. 1. 1. 1. 1. 0. 1. 0. 0. 1. 1. 1. 0. 0. 0. 1. 1. 0. 1. 1.
 0. 0. 1. 0. 0. 1. 0. 1. 0. 1. 1. 1. 0. 1. 0. 1. 1. 1. 1. 1. 1. 1. 1. 0.
 0. 0. 1. 1. 1. 0. 0. 1. 1. 1. 0. 0. 0. 1. 1. 1. 0. 0. 0. 0. 1. 1. 1. 0.
 1. 0. 0. 1. 1. 0. 0. 0. 0. 1. 0. 0. 1. 1. 0. 1. 1. 1. 0. 1. 1. 0. 1. 0.
 1. 1. 0. 0. 0. 1. 1. 0. 1. 1. 0. 1. 0. 0. 0. 1. 1. 1. 0. 1. 0. 1. 1. 0.
 1. 0. 0. 1. 1. 0. 0. 1. 0. 1. 1. 0. 0. 1. 0. 0. 1. 1. 0. 1. 1. 0. 0. 0.
 0. 1. 1. 0. 0. 1. 0. 0. 1. 0. 1. 1. 1. 0. 0. 0. 1. 1. 0. 0. 0. 0. 1. 0.
 0. 1. 0. 1. 1. 1. 1. 0. 0. 0. 0. 1. 1. 1. 1. 0. 1. 1. 1. 1. 0. 1. 0. 0.
 1. 0. 0. 1. 1. 1. 1. 1. 0. 0. 1. 1. 1. 0. 0. 1. 0. 1. 0. 0. 1. 0. 1. 0.
 1. 0. 0. 0.]"
159,logistic_regression,"{'penalty': 'l2', 'solver': 'saga'}",0.5434232445368914,0.18462261232307356,0.13701840467419457,0.3302827636215397,0.5451524468661565,0.18328223594011916,0.5372103386809269,0.07462686567164178,0.5373134328358209,0.5373134328358209,"{0: 0.5246714190242816, 1: 0.5246714190242816}","{0: 0.5246714190242816, 1: 0.5246714190242816}",0.5246714190242816,"[[70 64]
 [60 74]]","[1. 1. 1. 0. 0. 0. 1. 0. 1. 0. 0. 1. 0. 1. 1. 0. 0. 0. 1. 0. 1. 1. 0. 0.
 0. 1. 0. 1. 0. 1. 1. 1. 0. 0. 0. 1. 0. 1. 0. 0. 0. 0. 1. 1. 1. 1. 1. 1.
 0. 0. 1. 1. 0. 1. 0. 0. 0. 1. 1. 0. 1. 0. 1. 1. 0. 0. 0. 1. 1. 0. 0. 0.
 1. 1. 0. 1. 1. 0. 0. 0. 0. 0. 1. 0. 0. 1. 0. 0. 0. 1. 1. 1. 0. 1. 0. 1.
 0. 0. 1. 1. 1. 1. 0. 1. 1. 1. 0. 0. 0. 1. 0. 0. 0. 0. 0. 0. 1. 0. 1. 1.
 1. 0. 1. 1. 0. 1. 1. 1. 0. 0. 0. 0. 0. 0. 1. 1. 0. 0. 1. 0. 0. 1. 0. 0.
 0. 1. 1. 0. 1. 1. 0. 0. 0. 1. 0. 1. 1. 0. 0. 1. 0. 1. 0. 1. 1. 0. 0. 1.
 1. 1. 1. 1. 1. 0. 1. 1. 0. 1. 1. 0. 0. 0. 1. 1. 0. 0. 1. 0. 1. 0. 1. 1.
 1. 1. 1. 1. 0. 1. 0. 0. 1. 0. 1. 0. 1. 0. 1. 1. 1. 1. 0. 1. 0. 1. 1. 1.
 0. 0. 0. 1. 0. 1. 0. 1. 0. 1. 1. 1. 0. 1. 0. 0. 1. 0. 1. 1. 0. 0. 0. 1.
 1. 1. 1. 1. 0. 1. 0. 1. 0. 1. 1. 1. 1. 1. 0. 1. 1. 0. 0. 1. 0. 1. 1. 1.
 1. 0. 0. 0.]","[0. 1. 0. 0. 0. 1. 1. 1. 0. 0. 0. 0. 0. 1. 0. 0. 1. 1. 0. 0. 0. 0. 0. 1.
 0. 0. 1. 0. 1. 0. 0. 1. 0. 1. 1. 0. 0. 0. 1. 0. 0. 0. 1. 1. 1. 0. 1. 0.
 1. 0. 1. 1. 0. 1. 1. 1. 1. 0. 1. 0. 0. 1. 1. 1. 0. 0. 0. 1. 1. 0. 1. 1.
 0. 0. 1. 0. 0. 1. 0. 1. 0. 1. 1. 1. 0. 1. 0. 1. 1. 1. 1. 1. 1. 1. 1. 0.
 0. 0. 1. 1. 1. 0. 0. 1. 1. 1. 0. 0. 0. 1. 1. 1. 0. 0. 0. 0. 1. 1. 1. 0.
 1. 0. 0. 1. 1. 0. 0. 0. 0. 1. 0. 0. 1. 1. 0. 1. 1. 1. 0. 1. 1. 0. 1. 0.
 1. 1. 0. 0. 0. 1. 1. 0. 1. 1. 0. 1. 0. 0. 0. 1. 1. 1. 0. 1. 0. 1. 1. 0.
 1. 0. 0. 1. 1. 0. 0. 1. 0. 1. 1. 0. 0. 1. 0. 0. 1. 1. 0. 1. 1. 0. 0. 0.
 0. 1. 1. 0. 0. 1. 0. 0. 1. 0. 1. 1. 1. 0. 0. 0. 1. 1. 0. 0. 0. 0. 1. 0.
 0. 1. 0. 1. 1. 1. 1. 0. 0. 0. 0. 1. 1. 1. 1. 0. 1. 1. 1. 1. 0. 1. 0. 0.
 1. 0. 0. 1. 1. 1. 1. 1. 0. 0. 1. 1. 1. 0. 0. 1. 0. 1. 0. 0. 1. 0. 1. 0.
 1. 0. 0. 0.]"
769,logistic_regression,"{'penalty': 'l2', 'solver': 'saga'}",0.5434232445368914,0.18462261232307356,0.13701840467419457,0.3302827636215397,0.5451524468661565,0.18328223594011916,0.5372103386809269,0.07462686567164178,0.5373134328358209,0.5373134328358209,"{0: 0.52500556916908, 1: 0.52500556916908}","{0: 0.52500556916908, 1: 0.52500556916908}",0.52500556916908,"[[70 64]
 [60 74]]","[1. 1. 1. 0. 0. 0. 1. 0. 1. 0. 0. 1. 0. 1. 1. 0. 0. 0. 1. 0. 1. 1. 0. 0.
 0. 1. 0. 1. 0. 1. 1. 1. 0. 0. 0. 1. 0. 1. 0. 0. 0. 0. 1. 1. 1. 1. 1. 1.
 0. 0. 1. 1. 0. 1. 0. 0. 0. 1. 1. 0. 1. 0. 1. 1. 0. 0. 0. 1. 1. 0. 0. 0.
 1. 1. 0. 1. 1. 0. 0. 0. 0. 0. 1. 0. 0. 1. 0. 0. 0. 1. 1. 1. 0. 1. 0. 1.
 0. 0. 1. 1. 1. 1. 0. 1. 1. 1. 0. 0. 0. 1. 0. 0. 0. 0. 0. 0. 1. 0. 1. 1.
 1. 0. 1. 1. 0. 1. 1. 1. 0. 0. 0. 0. 0. 0. 1. 1. 0. 0. 1. 0. 0. 1. 0. 0.
 0. 1. 1. 0. 1. 1. 0. 0. 0. 1. 0. 1. 1. 0. 0. 1. 0. 1. 0. 1. 1. 0. 0. 1.
 1. 1. 1. 1. 1. 0. 1. 1. 0. 1. 1. 0. 0. 0. 1. 1. 0. 0. 1. 0. 1. 0. 1. 1.
 1. 1. 1. 1. 0. 1. 0. 0. 1. 0. 1. 0. 1. 0. 1. 1. 1. 1. 0. 1. 0. 1. 1. 1.
 0. 0. 0. 1. 0. 1. 0. 1. 0. 1. 1. 1. 0. 1. 0. 0. 1. 0. 1. 1. 0. 0. 0. 1.
 1. 1. 1. 1. 0. 1. 0. 1. 0. 1. 1. 1. 1. 1. 0. 1. 1. 0. 0. 1. 0. 1. 1. 1.
 1. 0. 0. 0.]","[0. 1. 0. 0. 0. 1. 1. 1. 0. 0. 0. 0. 0. 1. 0. 0. 1. 1. 0. 0. 0. 0. 0. 1.
 0. 0. 1. 0. 1. 0. 0. 1. 0. 1. 1. 0. 0. 0. 1. 0. 0. 0. 1. 1. 1. 0. 1. 0.
 1. 0. 1. 1. 0. 1. 1. 1. 1. 0. 1. 0. 0. 1. 1. 1. 0. 0. 0. 1. 1. 0. 1. 1.
 0. 0. 1. 0. 0. 1. 0. 1. 0. 1. 1. 1. 0. 1. 0. 1. 1. 1. 1. 1. 1. 1. 1. 0.
 0. 0. 1. 1. 1. 0. 0. 1. 1. 1. 0. 0. 0. 1. 1. 1. 0. 0. 0. 0. 1. 1. 1. 0.
 1. 0. 0. 1. 1. 0. 0. 0. 0. 1. 0. 0. 1. 1. 0. 1. 1. 1. 0. 1. 1. 0. 1. 0.
 1. 1. 0. 0. 0. 1. 1. 0. 1. 1. 0. 1. 0. 0. 0. 1. 1. 1. 0. 1. 0. 1. 1. 0.
 1. 0. 0. 1. 1. 0. 0. 1. 0. 1. 1. 0. 0. 1. 0. 0. 1. 1. 0. 1. 1. 0. 0. 0.
 0. 1. 1. 0. 0. 1. 0. 0. 1. 0. 1. 1. 1. 0. 0. 0. 1. 1. 0. 0. 0. 0. 1. 0.
 0. 1. 0. 1. 1. 1. 1. 0. 0. 0. 0. 1. 1. 1. 1. 0. 1. 1. 1. 1. 0. 1. 0. 0.
 1. 0. 0. 1. 1. 1. 1. 1. 0. 0. 1. 1. 1. 0. 0. 1. 0. 1. 0. 0. 1. 0. 1. 0.
 1. 0. 0. 0.]"
15,logistic_regression,"{'penalty': None, 'solver': 'saga'}",0.5434232445368914,0.18462261232307356,0.13701840467419457,0.3302827636215397,0.5451524468661565,0.18328223594011916,0.5372103386809269,0.07462686567164178,0.5373134328358209,0.5373134328358209,"{0: 0.5247271107150814, 1: 0.5247271107150814}","{0: 0.5247271107150814, 1: 0.5247271107150814}",0.5247271107150814,"[[70 64]
 [60 74]]","[1. 1. 1. 0. 0. 0. 1. 0. 1. 0. 0. 1. 0. 1. 1. 0. 0. 0. 1. 0. 1. 1. 0. 0.
 0. 1. 0. 1. 0. 1. 1. 1. 0. 0. 0. 1. 0. 1. 0. 0. 0. 0. 1. 1. 1. 1. 1. 1.
 0. 0. 1. 1. 0. 1. 0. 0. 0. 1. 1. 0. 1. 0. 1. 1. 0. 0. 0. 1. 1. 0. 0. 0.
 1. 1. 0. 1. 1. 0. 0. 0. 0. 0. 1. 0. 0. 1. 0. 0. 0. 1. 1. 1. 0. 1. 0. 1.
 0. 0. 1. 1. 1. 1. 0. 1. 1. 1. 0. 0. 0. 1. 0. 0. 0. 0. 0. 0. 1. 0. 1. 1.
 1. 0. 1. 1. 0. 1. 1. 1. 0. 0. 0. 0. 0. 0. 1. 1. 0. 0. 1. 0. 0. 1. 0. 0.
 0. 1. 1. 0. 1. 1. 0. 0. 0. 1. 0. 1. 1. 0. 0. 1. 0. 1. 0. 1. 1. 0. 0. 1.
 1. 1. 1. 1. 1. 0. 1. 1. 0. 1. 1. 0. 0. 0. 1. 1. 0. 0. 1. 0. 1. 0. 1. 1.
 1. 1. 1. 1. 0. 1. 0. 0. 1. 0. 1. 0. 1. 0. 1. 1. 1. 1. 0. 1. 0. 1. 1. 1.
 0. 0. 0. 1. 0. 1. 0. 1. 0. 1. 1. 1. 0. 1. 0. 0. 1. 0. 1. 1. 0. 0. 0. 1.
 1. 1. 1. 1. 0. 1. 0. 1. 0. 1. 1. 1. 1. 1. 0. 1. 1. 0. 0. 1. 0. 1. 1. 1.
 1. 0. 0. 0.]","[0. 1. 0. 0. 0. 1. 1. 1. 0. 0. 0. 0. 0. 1. 0. 0. 1. 1. 0. 0. 0. 0. 0. 1.
 0. 0. 1. 0. 1. 0. 0. 1. 0. 1. 1. 0. 0. 0. 1. 0. 0. 0. 1. 1. 1. 0. 1. 0.
 1. 0. 1. 1. 0. 1. 1. 1. 1. 0. 1. 0. 0. 1. 1. 1. 0. 0. 0. 1. 1. 0. 1. 1.
 0. 0. 1. 0. 0. 1. 0. 1. 0. 1. 1. 1. 0. 1. 0. 1. 1. 1. 1. 1. 1. 1. 1. 0.
 0. 0. 1. 1. 1. 0. 0. 1. 1. 1. 0. 0. 0. 1. 1. 1. 0. 0. 0. 0. 1. 1. 1. 0.
 1. 0. 0. 1. 1. 0. 0. 0. 0. 1. 0. 0. 1. 1. 0. 1. 1. 1. 0. 1. 1. 0. 1. 0.
 1. 1. 0. 0. 0. 1. 1. 0. 1. 1. 0. 1. 0. 0. 0. 1. 1. 1. 0. 1. 0. 1. 1. 0.
 1. 0. 0. 1. 1. 0. 0. 1. 0. 1. 1. 0. 0. 1. 0. 0. 1. 1. 0. 1. 1. 0. 0. 0.
 0. 1. 1. 0. 0. 1. 0. 0. 1. 0. 1. 1. 1. 0. 0. 0. 1. 1. 0. 0. 0. 0. 1. 0.
 0. 1. 0. 1. 1. 1. 1. 0. 0. 0. 0. 1. 1. 1. 1. 0. 1. 1. 1. 1. 0. 1. 0. 0.
 1. 0. 0. 1. 1. 1. 1. 1. 0. 0. 1. 1. 1. 0. 0. 1. 0. 1. 0. 0. 1. 0. 1. 0.
 1. 0. 0. 0.]"
240,logistic_regression,"{'penalty': None, 'solver': 'saga'}",0.5434232445368914,0.18462261232307356,0.13701840467419457,0.3302827636215397,0.5451524468661565,0.18328223594011916,0.5372103386809269,0.07462686567164178,0.5373134328358209,0.5373134328358209,"{0: 0.5251726442414792, 1: 0.5251726442414792}","{0: 0.5251726442414792, 1: 0.5251726442414792}",0.5251726442414792,"[[70 64]
 [60 74]]","[1. 1. 1. 0. 0. 0. 1. 0. 1. 0. 0. 1. 0. 1. 1. 0. 0. 0. 1. 0. 1. 1. 0. 0.
 0. 1. 0. 1. 0. 1. 1. 1. 0. 0. 0. 1. 0. 1. 0. 0. 0. 0. 1. 1. 1. 1. 1. 1.
 0. 0. 1. 1. 0. 1. 0. 0. 0. 1. 1. 0. 1. 0. 1. 1. 0. 0. 0. 1. 1. 0. 0. 0.
 1. 1. 0. 1. 1. 0. 0. 0. 0. 0. 1. 0. 0. 1. 0. 0. 0. 1. 1. 1. 0. 1. 0. 1.
 0. 0. 1. 1. 1. 1. 0. 1. 1. 1. 0. 0. 0. 1. 0. 0. 0. 0. 0. 0. 1. 0. 1. 1.
 1. 0. 1. 1. 0. 1. 1. 1. 0. 0. 0. 0. 0. 0. 1. 1. 0. 0. 1. 0. 0. 1. 0. 0.
 0. 1. 1. 0. 1. 1. 0. 0. 0. 1. 0. 1. 1. 0. 0. 1. 0. 1. 0. 1. 1. 0. 0. 1.
 1. 1. 1. 1. 1. 0. 1. 1. 0. 1. 1. 0. 0. 0. 1. 1. 0. 0. 1. 0. 1. 0. 1. 1.
 1. 1. 1. 1. 0. 1. 0. 0. 1. 0. 1. 0. 1. 0. 1. 1. 1. 1. 0. 1. 0. 1. 1. 1.
 0. 0. 0. 1. 0. 1. 0. 1. 0. 1. 1. 1. 0. 1. 0. 0. 1. 0. 1. 1. 0. 0. 0. 1.
 1. 1. 1. 1. 0. 1. 0. 1. 0. 1. 1. 1. 1. 1. 0. 1. 1. 0. 0. 1. 0. 1. 1. 1.
 1. 0. 0. 0.]","[0. 1. 0. 0. 0. 1. 1. 1. 0. 0. 0. 0. 0. 1. 0. 0. 1. 1. 0. 0. 0. 0. 0. 1.
 0. 0. 1. 0. 1. 0. 0. 1. 0. 1. 1. 0. 0. 0. 1. 0. 0. 0. 1. 1. 1. 0. 1. 0.
 1. 0. 1. 1. 0. 1. 1. 1. 1. 0. 1. 0. 0. 1. 1. 1. 0. 0. 0. 1. 1. 0. 1. 1.
 0. 0. 1. 0. 0. 1. 0. 1. 0. 1. 1. 1. 0. 1. 0. 1. 1. 1. 1. 1. 1. 1. 1. 0.
 0. 0. 1. 1. 1. 0. 0. 1. 1. 1. 0. 0. 0. 1. 1. 1. 0. 0. 0. 0. 1. 1. 1. 0.
 1. 0. 0. 1. 1. 0. 0. 0. 0. 1. 0. 0. 1. 1. 0. 1. 1. 1. 0. 1. 1. 0. 1. 0.
 1. 1. 0. 0. 0. 1. 1. 0. 1. 1. 0. 1. 0. 0. 0. 1. 1. 1. 0. 1. 0. 1. 1. 0.
 1. 0. 0. 1. 1. 0. 0. 1. 0. 1. 1. 0. 0. 1. 0. 0. 1. 1. 0. 1. 1. 0. 0. 0.
 0. 1. 1. 0. 0. 1. 0. 0. 1. 0. 1. 1. 1. 0. 0. 0. 1. 1. 0. 0. 0. 0. 1. 0.
 0. 1. 0. 1. 1. 1. 1. 0. 0. 0. 0. 1. 1. 1. 1. 0. 1. 1. 1. 1. 0. 1. 0. 0.
 1. 0. 0. 1. 1. 1. 1. 1. 0. 0. 1. 1. 1. 0. 0. 1. 0. 1. 0. 0. 1. 0. 1. 0.
 1. 0. 0. 0.]"
275,logistic_regression,"{'penalty': 'l2', 'solver': 'saga'}",0.5434232445368914,0.18462261232307356,0.13701840467419457,0.3302827636215397,0.5451524468661565,0.18328223594011916,0.5372103386809269,0.07462686567164178,0.5373134328358209,0.5373134328358209,"{0: 0.5251169525506794, 1: 0.5251169525506795}","{0: 0.5251169525506794, 1: 0.5251169525506795}",0.5251169525506795,"[[70 64]
 [60 74]]","[1. 1. 1. 0. 0. 0. 1. 0. 1. 0. 0. 1. 0. 1. 1. 0. 0. 0. 1. 0. 1. 1. 0. 0.
 0. 1. 0. 1. 0. 1. 1. 1. 0. 0. 0. 1. 0. 1. 0. 0. 0. 0. 1. 1. 1. 1. 1. 1.
 0. 0. 1. 1. 0. 1. 0. 0. 0. 1. 1. 0. 1. 0. 1. 1. 0. 0. 0. 1. 1. 0. 0. 0.
 1. 1. 0. 1. 1. 0. 0. 0. 0. 0. 1. 0. 0. 1. 0. 0. 0. 1. 1. 1. 0. 1. 0. 1.
 0. 0. 1. 1. 1. 1. 0. 1. 1. 1. 0. 0. 0. 1. 0. 0. 0. 0. 0. 0. 1. 0. 1. 1.
 1. 0. 1. 1. 0. 1. 1. 1. 0. 0. 0. 0. 0. 0. 1. 1. 0. 0. 1. 0. 0. 1. 0. 0.
 0. 1. 1. 0. 1. 1. 0. 0. 0. 1. 0. 1. 1. 0. 0. 1. 0. 1. 0. 1. 1. 0. 0. 1.
 1. 1. 1. 1. 1. 0. 1. 1. 0. 1. 1. 0. 0. 0. 1. 1. 0. 0. 1. 0. 1. 0. 1. 1.
 1. 1. 1. 1. 0. 1. 0. 0. 1. 0. 1. 0. 1. 0. 1. 1. 1. 1. 0. 1. 0. 1. 1. 1.
 0. 0. 0. 1. 0. 1. 0. 1. 0. 1. 1. 1. 0. 1. 0. 0. 1. 0. 1. 1. 0. 0. 0. 1.
 1. 1. 1. 1. 0. 1. 0. 1. 0. 1. 1. 1. 1. 1. 0. 1. 1. 0. 0. 1. 0. 1. 1. 1.
 1. 0. 0. 0.]","[0. 1. 0. 0. 0. 1. 1. 1. 0. 0. 0. 0. 0. 1. 0. 0. 1. 1. 0. 0. 0. 0. 0. 1.
 0. 0. 1. 0. 1. 0. 0. 1. 0. 1. 1. 0. 0. 0. 1. 0. 0. 0. 1. 1. 1. 0. 1. 0.
 1. 0. 1. 1. 0. 1. 1. 1. 1. 0. 1. 0. 0. 1. 1. 1. 0. 0. 0. 1. 1. 0. 1. 1.
 0. 0. 1. 0. 0. 1. 0. 1. 0. 1. 1. 1. 0. 1. 0. 1. 1. 1. 1. 1. 1. 1. 1. 0.
 0. 0. 1. 1. 1. 0. 0. 1. 1. 1. 0. 0. 0. 1. 1. 1. 0. 0. 0. 0. 1. 1. 1. 0.
 1. 0. 0. 1. 1. 0. 0. 0. 0. 1. 0. 0. 1. 1. 0. 1. 1. 1. 0. 1. 1. 0. 1. 0.
 1. 1. 0. 0. 0. 1. 1. 0. 1. 1. 0. 1. 0. 0. 0. 1. 1. 1. 0. 1. 0. 1. 1. 0.
 1. 0. 0. 1. 1. 0. 0. 1. 0. 1. 1. 0. 0. 1. 0. 0. 1. 1. 0. 1. 1. 0. 0. 0.
 0. 1. 1. 0. 0. 1. 0. 0. 1. 0. 1. 1. 1. 0. 0. 0. 1. 1. 0. 0. 0. 0. 1. 0.
 0. 1. 0. 1. 1. 1. 1. 0. 0. 0. 0. 1. 1. 1. 1. 0. 1. 1. 1. 1. 0. 1. 0. 0.
 1. 0. 0. 1. 1. 1. 1. 1. 0. 0. 1. 1. 1. 0. 0. 1. 0. 1. 0. 0. 1. 0. 1. 0.
 1. 0. 0. 0.]"
4,logistic_regression,"{'penalty': 'l2', 'solver': 'saga'}",0.5434232445368914,0.18462261232307356,0.13701840467419457,0.3302827636215397,0.5451524468661565,0.18328223594011916,0.5372103386809269,0.07462686567164178,0.5373134328358209,0.5373134328358209,"{0: 0.5252283359322789, 1: 0.5252283359322789}","{0: 0.5252283359322789, 1: 0.5252283359322789}",0.5252283359322789,"[[70 64]
 [60 74]]","[1. 1. 1. 0. 0. 0. 1. 0. 1. 0. 0. 1. 0. 1. 1. 0. 0. 0. 1. 0. 1. 1. 0. 0.
 0. 1. 0. 1. 0. 1. 1. 1. 0. 0. 0. 1. 0. 1. 0. 0. 0. 0. 1. 1. 1. 1. 1. 1.
 0. 0. 1. 1. 0. 1. 0. 0. 0. 1. 1. 0. 1. 0. 1. 1. 0. 0. 0. 1. 1. 0. 0. 0.
 1. 1. 0. 1. 1. 0. 0. 0. 0. 0. 1. 0. 0. 1. 0. 0. 0. 1. 1. 1. 0. 1. 0. 1.
 0. 0. 1. 1. 1. 1. 0. 1. 1. 1. 0. 0. 0. 1. 0. 0. 0. 0. 0. 0. 1. 0. 1. 1.
 1. 0. 1. 1. 0. 1. 1. 1. 0. 0. 0. 0. 0. 0. 1. 1. 0. 0. 1. 0. 0. 1. 0. 0.
 0. 1. 1. 0. 1. 1. 0. 0. 0. 1. 0. 1. 1. 0. 0. 1. 0. 1. 0. 1. 1. 0. 0. 1.
 1. 1. 1. 1. 1. 0. 1. 1. 0. 1. 1. 0. 0. 0. 1. 1. 0. 0. 1. 0. 1. 0. 1. 1.
 1. 1. 1. 1. 0. 1. 0. 0. 1. 0. 1. 0. 1. 0. 1. 1. 1. 1. 0. 1. 0. 1. 1. 1.
 0. 0. 0. 1. 0. 1. 0. 1. 0. 1. 1. 1. 0. 1. 0. 0. 1. 0. 1. 1. 0. 0. 0. 1.
 1. 1. 1. 1. 0. 1. 0. 1. 0. 1. 1. 1. 1. 1. 0. 1. 1. 0. 0. 1. 0. 1. 1. 1.
 1. 0. 0. 0.]","[0. 1. 0. 0. 0. 1. 1. 1. 0. 0. 0. 0. 0. 1. 0. 0. 1. 1. 0. 0. 0. 0. 0. 1.
 0. 0. 1. 0. 1. 0. 0. 1. 0. 1. 1. 0. 0. 0. 1. 0. 0. 0. 1. 1. 1. 0. 1. 0.
 1. 0. 1. 1. 0. 1. 1. 1. 1. 0. 1. 0. 0. 1. 1. 1. 0. 0. 0. 1. 1. 0. 1. 1.
 0. 0. 1. 0. 0. 1. 0. 1. 0. 1. 1. 1. 0. 1. 0. 1. 1. 1. 1. 1. 1. 1. 1. 0.
 0. 0. 1. 1. 1. 0. 0. 1. 1. 1. 0. 0. 0. 1. 1. 1. 0. 0. 0. 0. 1. 1. 1. 0.
 1. 0. 0. 1. 1. 0. 0. 0. 0. 1. 0. 0. 1. 1. 0. 1. 1. 1. 0. 1. 1. 0. 1. 0.
 1. 1. 0. 0. 0. 1. 1. 0. 1. 1. 0. 1. 0. 0. 0. 1. 1. 1. 0. 1. 0. 1. 1. 0.
 1. 0. 0. 1. 1. 0. 0. 1. 0. 1. 1. 0. 0. 1. 0. 0. 1. 1. 0. 1. 1. 0. 0. 0.
 0. 1. 1. 0. 0. 1. 0. 0. 1. 0. 1. 1. 1. 0. 0. 0. 1. 1. 0. 0. 0. 0. 1. 0.
 0. 1. 0. 1. 1. 1. 1. 0. 0. 0. 0. 1. 1. 1. 1. 0. 1. 1. 1. 1. 0. 1. 0. 0.
 1. 0. 0. 1. 1. 1. 1. 1. 0. 0. 1. 1. 1. 0. 0. 1. 0. 1. 0. 0. 1. 0. 1. 0.
 1. 0. 0. 0.]"
188,logistic_regression,"{'penalty': None, 'solver': 'saga'}",0.5434232445368914,0.18462261232307356,0.13701840467419457,0.3302827636215397,0.5451524468661565,0.18328223594011916,0.5372103386809269,0.07462686567164178,0.5373134328358209,0.5373134328358209,"{0: 0.5253397193138785, 1: 0.5253397193138785}","{0: 0.5253397193138785, 1: 0.5253397193138785}",0.5253397193138785,"[[70 64]
 [60 74]]","[1. 1. 1. 0. 0. 0. 1. 0. 1. 0. 0. 1. 0. 1. 1. 0. 0. 0. 1. 0. 1. 1. 0. 0.
 0. 1. 0. 1. 0. 1. 1. 1. 0. 0. 0. 1. 0. 1. 0. 0. 0. 0. 1. 1. 1. 1. 1. 1.
 0. 0. 1. 1. 0. 1. 0. 0. 0. 1. 1. 0. 1. 0. 1. 1. 0. 0. 0. 1. 1. 0. 0. 0.
 1. 1. 0. 1. 1. 0. 0. 0. 0. 0. 1. 0. 0. 1. 0. 0. 0. 1. 1. 1. 0. 1. 0. 1.
 0. 0. 1. 1. 1. 1. 0. 1. 1. 1. 0. 0. 0. 1. 0. 0. 0. 0. 0. 0. 1. 0. 1. 1.
 1. 0. 1. 1. 0. 1. 1. 1. 0. 0. 0. 0. 0. 0. 1. 1. 0. 0. 1. 0. 0. 1. 0. 0.
 0. 1. 1. 0. 1. 1. 0. 0. 0. 1. 0. 1. 1. 0. 0. 1. 0. 1. 0. 1. 1. 0. 0. 1.
 1. 1. 1. 1. 1. 0. 1. 1. 0. 1. 1. 0. 0. 0. 1. 1. 0. 0. 1. 0. 1. 0. 1. 1.
 1. 1. 1. 1. 0. 1. 0. 0. 1. 0. 1. 0. 1. 0. 1. 1. 1. 1. 0. 1. 0. 1. 1. 1.
 0. 0. 0. 1. 0. 1. 0. 1. 0. 1. 1. 1. 0. 1. 0. 0. 1. 0. 1. 1. 0. 0. 0. 1.
 1. 1. 1. 1. 0. 1. 0. 1. 0. 1. 1. 1. 1. 1. 0. 1. 1. 0. 0. 1. 0. 1. 1. 1.
 1. 0. 0. 0.]","[0. 1. 0. 0. 0. 1. 1. 1. 0. 0. 0. 0. 0. 1. 0. 0. 1. 1. 0. 0. 0. 0. 0. 1.
 0. 0. 1. 0. 1. 0. 0. 1. 0. 1. 1. 0. 0. 0. 1. 0. 0. 0. 1. 1. 1. 0. 1. 0.
 1. 0. 1. 1. 0. 1. 1. 1. 1. 0. 1. 0. 0. 1. 1. 1. 0. 0. 0. 1. 1. 0. 1. 1.
 0. 0. 1. 0. 0. 1. 0. 1. 0. 1. 1. 1. 0. 1. 0. 1. 1. 1. 1. 1. 1. 1. 1. 0.
 0. 0. 1. 1. 1. 0. 0. 1. 1. 1. 0. 0. 0. 1. 1. 1. 0. 0. 0. 0. 1. 1. 1. 0.
 1. 0. 0. 1. 1. 0. 0. 0. 0. 1. 0. 0. 1. 1. 0. 1. 1. 1. 0. 1. 1. 0. 1. 0.
 1. 1. 0. 0. 0. 1. 1. 0. 1. 1. 0. 1. 0. 0. 0. 1. 1. 1. 0. 1. 0. 1. 1. 0.
 1. 0. 0. 1. 1. 0. 0. 1. 0. 1. 1. 0. 0. 1. 0. 0. 1. 1. 0. 1. 1. 0. 0. 0.
 0. 1. 1. 0. 0. 1. 0. 0. 1. 0. 1. 1. 1. 0. 0. 0. 1. 1. 0. 0. 0. 0. 1. 0.
 0. 1. 0. 1. 1. 1. 1. 0. 0. 0. 0. 1. 1. 1. 1. 0. 1. 1. 1. 1. 0. 1. 0. 0.
 1. 0. 0. 1. 1. 1. 1. 1. 0. 0. 1. 1. 1. 0. 0. 1. 0. 1. 0. 0. 1. 0. 1. 0.
 1. 0. 0. 0.]"
609,logistic_regression,"{'penalty': 'l2', 'solver': 'saga'}",0.5434232445368914,0.18462261232307356,0.13701840467419457,0.3302827636215397,0.5451524468661565,0.18328223594011916,0.5372103386809269,0.07462686567164178,0.5373134328358209,0.5373134328358209,"{0: 0.5247828024058809, 1: 0.524782802405881}","{0: 0.5247828024058809, 1: 0.524782802405881}",0.524782802405881,"[[70 64]
 [60 74]]","[1. 1. 1. 0. 0. 0. 1. 0. 1. 0. 0. 1. 0. 1. 1. 0. 0. 0. 1. 0. 1. 1. 0. 0.
 0. 1. 0. 1. 0. 1. 1. 1. 0. 0. 0. 1. 0. 1. 0. 0. 0. 0. 1. 1. 1. 1. 1. 1.
 0. 0. 1. 1. 0. 1. 0. 0. 0. 1. 1. 0. 1. 0. 1. 1. 0. 0. 0. 1. 1. 0. 0. 0.
 1. 1. 0. 1. 1. 0. 0. 0. 0. 0. 1. 0. 0. 1. 0. 0. 0. 1. 1. 1. 0. 1. 0. 1.
 0. 0. 1. 1. 1. 1. 0. 1. 1. 1. 0. 0. 0. 1. 0. 0. 0. 0. 0. 0. 1. 0. 1. 1.
 1. 0. 1. 1. 0. 1. 1. 1. 0. 0. 0. 0. 0. 0. 1. 1. 0. 0. 1. 0. 0. 1. 0. 0.
 0. 1. 1. 0. 1. 1. 0. 0. 0. 1. 0. 1. 1. 0. 0. 1. 0. 1. 0. 1. 1. 0. 0. 1.
 1. 1. 1. 1. 1. 0. 1. 1. 0. 1. 1. 0. 0. 0. 1. 1. 0. 0. 1. 0. 1. 0. 1. 1.
 1. 1. 1. 1. 0. 1. 0. 0. 1. 0. 1. 0. 1. 0. 1. 1. 1. 1. 0. 1. 0. 1. 1. 1.
 0. 0. 0. 1. 0. 1. 0. 1. 0. 1. 1. 1. 0. 1. 0. 0. 1. 0. 1. 1. 0. 0. 0. 1.
 1. 1. 1. 1. 0. 1. 0. 1. 0. 1. 1. 1. 1. 1. 0. 1. 1. 0. 0. 1. 0. 1. 1. 1.
 1. 0. 0. 0.]","[0. 1. 0. 0. 0. 1. 1. 1. 0. 0. 0. 0. 0. 1. 0. 0. 1. 1. 0. 0. 0. 0. 0. 1.
 0. 0. 1. 0. 1. 0. 0. 1. 0. 1. 1. 0. 0. 0. 1. 0. 0. 0. 1. 1. 1. 0. 1. 0.
 1. 0. 1. 1. 0. 1. 1. 1. 1. 0. 1. 0. 0. 1. 1. 1. 0. 0. 0. 1. 1. 0. 1. 1.
 0. 0. 1. 0. 0. 1. 0. 1. 0. 1. 1. 1. 0. 1. 0. 1. 1. 1. 1. 1. 1. 1. 1. 0.
 0. 0. 1. 1. 1. 0. 0. 1. 1. 1. 0. 0. 0. 1. 1. 1. 0. 0. 0. 0. 1. 1. 1. 0.
 1. 0. 0. 1. 1. 0. 0. 0. 0. 1. 0. 0. 1. 1. 0. 1. 1. 1. 0. 1. 1. 0. 1. 0.
 1. 1. 0. 0. 0. 1. 1. 0. 1. 1. 0. 1. 0. 0. 0. 1. 1. 1. 0. 1. 0. 1. 1. 0.
 1. 0. 0. 1. 1. 0. 0. 1. 0. 1. 1. 0. 0. 1. 0. 0. 1. 1. 0. 1. 1. 0. 0. 0.
 0. 1. 1. 0. 0. 1. 0. 0. 1. 0. 1. 1. 1. 0. 0. 0. 1. 1. 0. 0. 0. 0. 1. 0.
 0. 1. 0. 1. 1. 1. 1. 0. 0. 0. 0. 1. 1. 1. 1. 0. 1. 1. 1. 1. 0. 1. 0. 0.
 1. 0. 0. 1. 1. 1. 1. 1. 0. 0. 1. 1. 1. 0. 0. 1. 0. 1. 0. 0. 1. 0. 1. 0.
 1. 0. 0. 0.]"
966,logistic_regression,"{'penalty': 'l2', 'solver': 'saga'}",0.5434232445368914,0.18462261232307356,0.13701840467419457,0.3302827636215397,0.5451524468661565,0.18328223594011916,0.5372103386809269,0.07462686567164178,0.5373134328358209,0.5373134328358209,"{0: 0.5251169525506795, 1: 0.5251169525506795}","{0: 0.5251169525506795, 1: 0.5251169525506795}",0.5251169525506795,"[[70 64]
 [60 74]]","[1. 1. 1. 0. 0. 0. 1. 0. 1. 0. 0. 1. 0. 1. 1. 0. 0. 0. 1. 0. 1. 1. 0. 0.
 0. 1. 0. 1. 0. 1. 1. 1. 0. 0. 0. 1. 0. 1. 0. 0. 0. 0. 1. 1. 1. 1. 1. 1.
 0. 0. 1. 1. 0. 1. 0. 0. 0. 1. 1. 0. 1. 0. 1. 1. 0. 0. 0. 1. 1. 0. 0. 0.
 1. 1. 0. 1. 1. 0. 0. 0. 0. 0. 1. 0. 0. 1. 0. 0. 0. 1. 1. 1. 0. 1. 0. 1.
 0. 0. 1. 1. 1. 1. 0. 1. 1. 1. 0. 0. 0. 1. 0. 0. 0. 0. 0. 0. 1. 0. 1. 1.
 1. 0. 1. 1. 0. 1. 1. 1. 0. 0. 0. 0. 0. 0. 1. 1. 0. 0. 1. 0. 0. 1. 0. 0.
 0. 1. 1. 0. 1. 1. 0. 0. 0. 1. 0. 1. 1. 0. 0. 1. 0. 1. 0. 1. 1. 0. 0. 1.
 1. 1. 1. 1. 1. 0. 1. 1. 0. 1. 1. 0. 0. 0. 1. 1. 0. 0. 1. 0. 1. 0. 1. 1.
 1. 1. 1. 1. 0. 1. 0. 0. 1. 0. 1. 0. 1. 0. 1. 1. 1. 1. 0. 1. 0. 1. 1. 1.
 0. 0. 0. 1. 0. 1. 0. 1. 0. 1. 1. 1. 0. 1. 0. 0. 1. 0. 1. 1. 0. 0. 0. 1.
 1. 1. 1. 1. 0. 1. 0. 1. 0. 1. 1. 1. 1. 1. 0. 1. 1. 0. 0. 1. 0. 1. 1. 1.
 1. 0. 0. 0.]","[0. 1. 0. 0. 0. 1. 1. 1. 0. 0. 0. 0. 0. 1. 0. 0. 1. 1. 0. 0. 0. 0. 0. 1.
 0. 0. 1. 0. 1. 0. 0. 1. 0. 1. 1. 0. 0. 0. 1. 0. 0. 0. 1. 1. 1. 0. 1. 0.
 1. 0. 1. 1. 0. 1. 1. 1. 1. 0. 1. 0. 0. 1. 1. 1. 0. 0. 0. 1. 1. 0. 1. 1.
 0. 0. 1. 0. 0. 1. 0. 1. 0. 1. 1. 1. 0. 1. 0. 1. 1. 1. 1. 1. 1. 1. 1. 0.
 0. 0. 1. 1. 1. 0. 0. 1. 1. 1. 0. 0. 0. 1. 1. 1. 0. 0. 0. 0. 1. 1. 1. 0.
 1. 0. 0. 1. 1. 0. 0. 0. 0. 1. 0. 0. 1. 1. 0. 1. 1. 1. 0. 1. 1. 0. 1. 0.
 1. 1. 0. 0. 0. 1. 1. 0. 1. 1. 0. 1. 0. 0. 0. 1. 1. 1. 0. 1. 0. 1. 1. 0.
 1. 0. 0. 1. 1. 0. 0. 1. 0. 1. 1. 0. 0. 1. 0. 0. 1. 1. 0. 1. 1. 0. 0. 0.
 0. 1. 1. 0. 0. 1. 0. 0. 1. 0. 1. 1. 1. 0. 0. 0. 1. 1. 0. 0. 0. 0. 1. 0.
 0. 1. 0. 1. 1. 1. 1. 0. 0. 0. 0. 1. 1. 1. 1. 0. 1. 1. 1. 1. 0. 1. 0. 0.
 1. 0. 0. 1. 1. 1. 1. 1. 0. 0. 1. 1. 1. 0. 0. 1. 0. 1. 0. 0. 1. 0. 1. 0.
 1. 0. 0. 0.]"
863,randomforest,"{'criterion': 'gini', 'max_features': 'sqrt', 'n_estimators': 275}",0.5778509790072883,0.18490031606275015,0.13695251126471256,0.3530336250051909,0.5718031166115843,0.1910403921442544,0.5631347962382445,0.12686567164179108,0.5634328358208955,0.5634328358208955,"{0: 0.5979338382713298, 1: 0.5979338382713298}","{0: 0.5979338382713298, 1: 0.5979338382713298}",0.5979338382713298,"[[72 62]
 [55 79]]","[1. 0. 0. 0. 0. 1. 0. 1. 1. 0. 0. 0. 1. 0. 0. 0. 1. 0. 0. 0. 0. 1. 0. 0.
 0. 0. 1. 1. 1. 1. 1. 0. 0. 0. 1. 0. 0. 0. 1. 0. 1. 0. 1. 1. 0. 0. 1. 1.
 0. 0. 1. 0. 0. 1. 1. 1. 1. 1. 0. 1. 1. 0. 1. 0. 0. 0. 1. 1. 1. 1. 0. 0.
 1. 1. 0. 1. 1. 0. 0. 0. 1. 1. 1. 0. 0. 1. 1. 1. 1. 1. 1. 1. 0. 1. 1. 1.
 0. 0. 1. 1. 0. 1. 1. 1. 0. 0. 0. 1. 0. 1. 0. 0. 0. 1. 1. 1. 1. 0. 0. 0.
 0. 1. 1. 1. 1. 1. 1. 1. 1. 0. 0. 1. 1. 0. 1. 1. 0. 1. 0. 1. 0. 0. 0. 0.
 1. 0. 0. 0. 1. 1. 1. 0. 1. 0. 0. 1. 1. 0. 1. 0. 1. 1. 0. 0. 1. 1. 0. 1.
 1. 1. 0. 1. 1. 0. 0. 1. 1. 0. 1. 0. 0. 1. 1. 1. 0. 0. 1. 1. 0. 0. 1. 1.
 1. 1. 1. 0. 0. 1. 0. 1. 0. 0. 1. 1. 0. 0. 0. 0. 1. 1. 0. 1. 1. 1. 0. 0.
 1. 1. 0. 0. 0. 0. 0. 0. 1. 1. 1. 0. 1. 0. 1. 1. 1. 1. 1. 1. 0. 1. 0. 0.
 1. 1. 0. 0. 1. 1. 1. 1. 0. 1. 1. 0. 1. 0. 0. 1. 0. 0. 0. 1. 0. 0. 1. 1.
 1. 0. 1. 0.]","[0. 1. 0. 0. 0. 1. 1. 1. 0. 0. 0. 0. 0. 1. 0. 0. 1. 1. 0. 0. 0. 0. 0. 1.
 0. 0. 1. 0. 1. 0. 0. 1. 0. 1. 1. 0. 0. 0. 1. 0. 0. 0. 1. 1. 1. 0. 1. 0.
 1. 0. 1. 1. 0. 1. 1. 1. 1. 0. 1. 0. 0. 1. 1. 1. 0. 0. 0. 1. 1. 0. 1. 1.
 0. 0. 1. 0. 0. 1. 0. 1. 0. 1. 1. 1. 0. 1. 0. 1. 1. 1. 1. 1. 1. 1. 1. 0.
 0. 0. 1. 1. 1. 0. 0. 1. 1. 1. 0. 0. 0. 1. 1. 1. 0. 0. 0. 0. 1. 1. 1. 0.
 1. 0. 0. 1. 1. 0. 0. 0. 0. 1. 0. 0. 1. 1. 0. 1. 1. 1. 0. 1. 1. 0. 1. 0.
 1. 1. 0. 0. 0. 1. 1. 0. 1. 1. 0. 1. 0. 0. 0. 1. 1. 1. 0. 1. 0. 1. 1. 0.
 1. 0. 0. 1. 1. 0. 0. 1. 0. 1. 1. 0. 0. 1. 0. 0. 1. 1. 0. 1. 1. 0. 0. 0.
 0. 1. 1. 0. 0. 1. 0. 0. 1. 0. 1. 1. 1. 0. 0. 0. 1. 1. 0. 0. 0. 0. 1. 0.
 0. 1. 0. 1. 1. 1. 1. 0. 0. 0. 0. 1. 1. 1. 1. 0. 1. 1. 1. 1. 0. 1. 0. 0.
 1. 0. 0. 1. 1. 1. 1. 1. 0. 0. 1. 1. 1. 0. 0. 1. 0. 1. 0. 0. 1. 0. 1. 0.
 1. 0. 0. 0.]"
587,randomforest,"{'criterion': 'gini', 'max_features': 'sqrt', 'n_estimators': 303}",0.5677409887696644,0.18626144354414603,0.13691368663531922,0.3396481116827331,0.559984323845211,0.19303797601209347,0.5522138680033416,0.10447761194029848,0.5522388059701493,0.5522388059701493,"{0: 0.5882156382267766, 1: 0.5882156382267765}","{0: 0.5882156382267766, 1: 0.5882156382267765}",0.5882156382267765,"[[73 61]
 [59 75]]","[1. 0. 0. 0. 0. 1. 0. 1. 1. 0. 0. 0. 1. 0. 0. 0. 0. 0. 0. 0. 0. 1. 0. 0.
 1. 0. 1. 1. 1. 1. 1. 0. 0. 0. 1. 0. 0. 0. 1. 0. 1. 0. 1. 0. 0. 0. 1. 0.
 0. 0. 1. 0. 0. 1. 1. 1. 1. 1. 0. 1. 1. 0. 1. 0. 0. 0. 1. 1. 1. 1. 0. 0.
 1. 1. 0. 1. 1. 0. 1. 0. 1. 1. 1. 0. 0. 1. 1. 1. 1. 1. 1. 1. 0. 1. 1. 1.
 0. 0. 0. 1. 0. 1. 1. 1. 0. 0. 0. 1. 0. 1. 0. 0. 0. 1. 1. 0. 1. 0. 0. 0.
 0. 1. 1. 1. 1. 1. 1. 1. 0. 0. 0. 1. 1. 0. 1. 1. 0. 1. 0. 1. 1. 0. 0. 0.
 1. 0. 0. 0. 1. 1. 1. 0. 1. 0. 0. 1. 1. 0. 1. 0. 1. 1. 0. 0. 1. 1. 0. 1.
 1. 1. 0. 1. 1. 0. 0. 1. 1. 0. 1. 0. 0. 0. 1. 1. 0. 0. 1. 1. 0. 0. 1. 1.
 1. 1. 1. 0. 1. 1. 0. 0. 0. 0. 1. 1. 0. 0. 0. 0. 1. 1. 0. 1. 1. 1. 0. 0.
 1. 1. 0. 0. 0. 0. 0. 0. 1. 1. 1. 0. 1. 0. 1. 1. 1. 1. 1. 1. 0. 1. 0. 0.
 1. 1. 0. 0. 1. 1. 0. 1. 0. 1. 1. 0. 1. 0. 0. 1. 0. 0. 0. 1. 0. 0. 1. 1.
 1. 0. 1. 0.]","[0. 1. 0. 0. 0. 1. 1. 1. 0. 0. 0. 0. 0. 1. 0. 0. 1. 1. 0. 0. 0. 0. 0. 1.
 0. 0. 1. 0. 1. 0. 0. 1. 0. 1. 1. 0. 0. 0. 1. 0. 0. 0. 1. 1. 1. 0. 1. 0.
 1. 0. 1. 1. 0. 1. 1. 1. 1. 0. 1. 0. 0. 1. 1. 1. 0. 0. 0. 1. 1. 0. 1. 1.
 0. 0. 1. 0. 0. 1. 0. 1. 0. 1. 1. 1. 0. 1. 0. 1. 1. 1. 1. 1. 1. 1. 1. 0.
 0. 0. 1. 1. 1. 0. 0. 1. 1. 1. 0. 0. 0. 1. 1. 1. 0. 0. 0. 0. 1. 1. 1. 0.
 1. 0. 0. 1. 1. 0. 0. 0. 0. 1. 0. 0. 1. 1. 0. 1. 1. 1. 0. 1. 1. 0. 1. 0.
 1. 1. 0. 0. 0. 1. 1. 0. 1. 1. 0. 1. 0. 0. 0. 1. 1. 1. 0. 1. 0. 1. 1. 0.
 1. 0. 0. 1. 1. 0. 0. 1. 0. 1. 1. 0. 0. 1. 0. 0. 1. 1. 0. 1. 1. 0. 0. 0.
 0. 1. 1. 0. 0. 1. 0. 0. 1. 0. 1. 1. 1. 0. 0. 0. 1. 1. 0. 0. 0. 0. 1. 0.
 0. 1. 0. 1. 1. 1. 1. 0. 0. 0. 0. 1. 1. 1. 1. 0. 1. 1. 1. 1. 0. 1. 0. 0.
 1. 0. 0. 1. 1. 1. 1. 1. 0. 0. 1. 1. 1. 0. 0. 1. 0. 1. 0. 0. 1. 0. 1. 0.
 1. 0. 0. 0.]"
993,randomforest,"{'criterion': 'gini', 'max_features': 'sqrt', 'n_estimators': 77}",0.5597688383781046,0.18993802498337692,0.1368009399766993,0.34086826502278633,0.5543083969495259,0.19619916395180012,0.5485011765033485,0.09701492537313428,0.5485074626865671,0.5485074626865671,"{0: 0.5776620628202271, 1: 0.5776620628202274}","{0: 0.5776620628202271, 1: 0.5776620628202274}",0.5776620628202274,"[[74 60]
 [61 73]]","[1. 0. 0. 0. 0. 1. 0. 1. 1. 0. 1. 0. 1. 0. 0. 0. 1. 0. 0. 0. 0. 1. 0. 0.
 0. 0. 1. 1. 1. 1. 1. 0. 0. 0. 1. 0. 1. 0. 1. 0. 0. 1. 1. 0. 0. 0. 1. 0.
 0. 0. 1. 0. 0. 1. 1. 0. 1. 1. 0. 1. 1. 0. 1. 0. 0. 0. 1. 1. 1. 1. 0. 0.
 1. 1. 0. 1. 1. 0. 0. 0. 1. 1. 1. 0. 0. 1. 0. 1. 1. 1. 1. 0. 0. 1. 1. 1.
 0. 0. 0. 1. 1. 1. 1. 0. 0. 0. 0. 1. 0. 1. 0. 0. 0. 1. 1. 0. 1. 0. 0. 0.
 0. 1. 1. 1. 1. 1. 1. 1. 0. 0. 0. 0. 0. 0. 1. 0. 0. 1. 0. 1. 0. 0. 1. 0.
 0. 0. 0. 0. 1. 1. 1. 0. 1. 1. 0. 1. 1. 0. 1. 0. 1. 1. 0. 0. 1. 1. 0. 1.
 1. 1. 1. 1. 1. 1. 0. 1. 1. 0. 1. 0. 0. 1. 1. 1. 0. 0. 1. 1. 0. 0. 1. 1.
 0. 1. 0. 0. 1. 1. 0. 0. 0. 0. 1. 1. 0. 0. 0. 0. 1. 1. 0. 1. 1. 1. 0. 0.
 1. 1. 0. 0. 0. 1. 0. 0. 1. 1. 1. 0. 1. 0. 1. 1. 1. 1. 1. 1. 0. 1. 0. 0.
 1. 1. 0. 0. 1. 1. 1. 0. 0. 1. 1. 0. 1. 0. 0. 1. 0. 0. 0. 1. 0. 0. 1. 1.
 1. 0. 1. 0.]","[0. 1. 0. 0. 0. 1. 1. 1. 0. 0. 0. 0. 0. 1. 0. 0. 1. 1. 0. 0. 0. 0. 0. 1.
 0. 0. 1. 0. 1. 0. 0. 1. 0. 1. 1. 0. 0. 0. 1. 0. 0. 0. 1. 1. 1. 0. 1. 0.
 1. 0. 1. 1. 0. 1. 1. 1. 1. 0. 1. 0. 0. 1. 1. 1. 0. 0. 0. 1. 1. 0. 1. 1.
 0. 0. 1. 0. 0. 1. 0. 1. 0. 1. 1. 1. 0. 1. 0. 1. 1. 1. 1. 1. 1. 1. 1. 0.
 0. 0. 1. 1. 1. 0. 0. 1. 1. 1. 0. 0. 0. 1. 1. 1. 0. 0. 0. 0. 1. 1. 1. 0.
 1. 0. 0. 1. 1. 0. 0. 0. 0. 1. 0. 0. 1. 1. 0. 1. 1. 1. 0. 1. 1. 0. 1. 0.
 1. 1. 0. 0. 0. 1. 1. 0. 1. 1. 0. 1. 0. 0. 0. 1. 1. 1. 0. 1. 0. 1. 1. 0.
 1. 0. 0. 1. 1. 0. 0. 1. 0. 1. 1. 0. 0. 1. 0. 0. 1. 1. 0. 1. 1. 0. 0. 0.
 0. 1. 1. 0. 0. 1. 0. 0. 1. 0. 1. 1. 1. 0. 0. 0. 1. 1. 0. 0. 0. 0. 1. 0.
 0. 1. 0. 1. 1. 1. 1. 0. 0. 0. 0. 1. 1. 1. 1. 0. 1. 1. 1. 1. 0. 1. 0. 0.
 1. 0. 0. 1. 1. 1. 1. 1. 0. 0. 1. 1. 1. 0. 0. 1. 0. 1. 0. 0. 1. 0. 1. 0.
 1. 0. 0. 0.]"
669,randomforest,"{'criterion': 'gini', 'max_features': None, 'n_estimators': 131}",0.5719560057054127,0.17472974877826358,0.13641310966696307,0.33344417687207895,0.5637549148133826,0.18454004781432637,0.5559145025412517,0.11194029850746268,0.5559701492537313,0.5559701492537313,"{0: 0.5762140788594342, 1: 0.5762140788594342}","{0: 0.5762140788594342, 1: 0.5762140788594342}",0.5762140788594342,"[[73 61]
 [58 76]]","[1. 0. 0. 0. 0. 1. 0. 1. 1. 0. 0. 0. 1. 0. 0. 0. 0. 0. 0. 0. 0. 1. 0. 0.
 0. 0. 1. 1. 1. 1. 1. 0. 0. 0. 1. 0. 1. 0. 1. 0. 1. 0. 1. 0. 0. 1. 1. 1.
 0. 0. 1. 0. 0. 1. 1. 1. 1. 1. 0. 1. 1. 0. 1. 0. 0. 0. 1. 1. 1. 1. 0. 0.
 1. 1. 0. 1. 1. 0. 0. 0. 1. 1. 1. 0. 0. 1. 1. 1. 1. 1. 1. 1. 0. 1. 1. 1.
 0. 0. 1. 1. 0. 1. 0. 0. 0. 0. 0. 0. 0. 1. 0. 0. 0. 1. 1. 0. 1. 0. 0. 0.
 0. 1. 1. 1. 1. 1. 1. 1. 1. 0. 0. 1. 1. 0. 1. 1. 0. 1. 0. 1. 1. 0. 0. 0.
 0. 0. 0. 0. 0. 1. 1. 0. 1. 1. 0. 1. 1. 0. 1. 0. 1. 1. 0. 0. 1. 1. 0. 1.
 1. 1. 0. 1. 1. 0. 0. 1. 1. 0. 1. 0. 0. 1. 1. 1. 0. 0. 1. 1. 0. 0. 1. 1.
 0. 1. 0. 1. 0. 1. 0. 1. 0. 0. 1. 1. 0. 1. 0. 1. 1. 1. 0. 1. 1. 1. 0. 0.
 1. 1. 0. 1. 0. 0. 0. 0. 1. 1. 1. 0. 0. 0. 1. 1. 1. 1. 1. 1. 0. 1. 0. 0.
 1. 1. 0. 0. 1. 1. 0. 1. 0. 0. 1. 0. 1. 0. 0. 1. 0. 1. 0. 1. 0. 0. 1. 1.
 1. 0. 1. 0.]","[0. 1. 0. 0. 0. 1. 1. 1. 0. 0. 0. 0. 0. 1. 0. 0. 1. 1. 0. 0. 0. 0. 0. 1.
 0. 0. 1. 0. 1. 0. 0. 1. 0. 1. 1. 0. 0. 0. 1. 0. 0. 0. 1. 1. 1. 0. 1. 0.
 1. 0. 1. 1. 0. 1. 1. 1. 1. 0. 1. 0. 0. 1. 1. 1. 0. 0. 0. 1. 1. 0. 1. 1.
 0. 0. 1. 0. 0. 1. 0. 1. 0. 1. 1. 1. 0. 1. 0. 1. 1. 1. 1. 1. 1. 1. 1. 0.
 0. 0. 1. 1. 1. 0. 0. 1. 1. 1. 0. 0. 0. 1. 1. 1. 0. 0. 0. 0. 1. 1. 1. 0.
 1. 0. 0. 1. 1. 0. 0. 0. 0. 1. 0. 0. 1. 1. 0. 1. 1. 1. 0. 1. 1. 0. 1. 0.
 1. 1. 0. 0. 0. 1. 1. 0. 1. 1. 0. 1. 0. 0. 0. 1. 1. 1. 0. 1. 0. 1. 1. 0.
 1. 0. 0. 1. 1. 0. 0. 1. 0. 1. 1. 0. 0. 1. 0. 0. 1. 1. 0. 1. 1. 0. 0. 0.
 0. 1. 1. 0. 0. 1. 0. 0. 1. 0. 1. 1. 1. 0. 0. 0. 1. 1. 0. 0. 0. 0. 1. 0.
 0. 1. 0. 1. 1. 1. 1. 0. 0. 0. 0. 1. 1. 1. 1. 0. 1. 1. 1. 1. 0. 1. 0. 0.
 1. 0. 0. 1. 1. 1. 1. 1. 0. 0. 1. 1. 1. 0. 0. 1. 0. 1. 0. 0. 1. 0. 1. 0.
 1. 0. 0. 0.]"
435,randomforest,"{'criterion': 'gini', 'max_features': 'sqrt', 'n_estimators': 191}",0.5714726139566034,0.20459007385867398,0.13628959424550932,0.3767087314633415,0.5648558356219646,0.20997910235837106,0.5522138680033416,0.10447761194029848,0.5522388059701493,0.5522388059701493,"{0: 0.5784139006460236, 1: 0.5784139006460236}","{0: 0.5784139006460236, 1: 0.5784139006460236}",0.5784139006460236,"[[73 61]
 [59 75]]","[1. 0. 0. 0. 0. 1. 0. 1. 1. 0. 0. 0. 1. 0. 0. 0. 1. 0. 0. 0. 0. 1. 0. 0.
 0. 0. 1. 1. 1. 1. 1. 0. 0. 0. 1. 0. 0. 0. 1. 0. 1. 0. 1. 1. 0. 1. 1. 0.
 0. 0. 1. 0. 1. 1. 1. 1. 1. 1. 0. 1. 1. 0. 1. 0. 0. 0. 1. 1. 1. 1. 0. 0.
 1. 1. 0. 1. 1. 0. 1. 0. 1. 1. 1. 0. 0. 1. 0. 1. 1. 1. 1. 0. 0. 1. 1. 1.
 0. 0. 1. 1. 0. 1. 0. 1. 0. 0. 0. 1. 0. 1. 0. 0. 1. 1. 1. 0. 1. 0. 0. 0.
 0. 1. 1. 1. 1. 1. 1. 1. 0. 0. 0. 1. 1. 0. 1. 0. 0. 1. 0. 1. 0. 0. 1. 0.
 0. 0. 0. 0. 1. 1. 1. 0. 0. 1. 0. 1. 1. 0. 1. 0. 1. 1. 0. 0. 1. 0. 0. 1.
 1. 1. 0. 1. 1. 0. 0. 1. 1. 0. 1. 0. 0. 0. 1. 1. 0. 0. 1. 1. 0. 0. 1. 1.
 0. 1. 1. 0. 1. 1. 0. 0. 0. 0. 1. 1. 0. 0. 0. 1. 1. 1. 0. 1. 1. 1. 0. 0.
 1. 1. 0. 1. 0. 0. 0. 0. 1. 1. 1. 0. 0. 0. 1. 1. 1. 1. 1. 1. 0. 1. 0. 0.
 1. 1. 0. 0. 1. 1. 1. 1. 0. 1. 1. 0. 1. 0. 0. 1. 0. 0. 0. 1. 0. 0. 1. 1.
 1. 0. 1. 0.]","[0. 1. 0. 0. 0. 1. 1. 1. 0. 0. 0. 0. 0. 1. 0. 0. 1. 1. 0. 0. 0. 0. 0. 1.
 0. 0. 1. 0. 1. 0. 0. 1. 0. 1. 1. 0. 0. 0. 1. 0. 0. 0. 1. 1. 1. 0. 1. 0.
 1. 0. 1. 1. 0. 1. 1. 1. 1. 0. 1. 0. 0. 1. 1. 1. 0. 0. 0. 1. 1. 0. 1. 1.
 0. 0. 1. 0. 0. 1. 0. 1. 0. 1. 1. 1. 0. 1. 0. 1. 1. 1. 1. 1. 1. 1. 1. 0.
 0. 0. 1. 1. 1. 0. 0. 1. 1. 1. 0. 0. 0. 1. 1. 1. 0. 0. 0. 0. 1. 1. 1. 0.
 1. 0. 0. 1. 1. 0. 0. 0. 0. 1. 0. 0. 1. 1. 0. 1. 1. 1. 0. 1. 1. 0. 1. 0.
 1. 1. 0. 0. 0. 1. 1. 0. 1. 1. 0. 1. 0. 0. 0. 1. 1. 1. 0. 1. 0. 1. 1. 0.
 1. 0. 0. 1. 1. 0. 0. 1. 0. 1. 1. 0. 0. 1. 0. 0. 1. 1. 0. 1. 1. 0. 0. 0.
 0. 1. 1. 0. 0. 1. 0. 0. 1. 0. 1. 1. 1. 0. 0. 0. 1. 1. 0. 0. 0. 0. 1. 0.
 0. 1. 0. 1. 1. 1. 1. 0. 0. 0. 0. 1. 1. 1. 1. 0. 1. 1. 1. 1. 0. 1. 0. 0.
 1. 0. 0. 1. 1. 1. 1. 1. 0. 0. 1. 1. 1. 0. 0. 1. 0. 1. 0. 0. 1. 0. 1. 0.
 1. 0. 0. 0.]"
464,randomforest,"{'criterion': 'gini', 'max_features': 'log2', 'n_estimators': 83}",0.5752611066448564,0.17145427007625091,0.1360839421928047,0.3235342976572633,0.5685517346303636,0.17994686870028367,0.5558155406064151,0.11194029850746268,0.5559701492537313,0.5559701492537313,"{0: 0.5851525952327913, 1: 0.5851525952327913}","{0: 0.5851525952327913, 1: 0.5851525952327913}",0.5851525952327913,"[[72 62]
 [57 77]]","[1. 0. 0. 0. 0. 1. 0. 1. 1. 0. 0. 0. 1. 0. 0. 0. 1. 0. 0. 1. 0. 1. 0. 0.
 0. 0. 0. 1. 1. 1. 1. 0. 0. 0. 1. 0. 1. 0. 0. 0. 0. 0. 1. 0. 0. 0. 1. 1.
 0. 0. 1. 1. 1. 1. 1. 1. 1. 1. 0. 1. 1. 0. 1. 0. 0. 0. 1. 1. 1. 1. 0. 0.
 1. 1. 0. 1. 1. 0. 0. 0. 1. 1. 1. 0. 0. 1. 0. 1. 1. 1. 0. 1. 0. 1. 1. 1.
 0. 0. 1. 1. 0. 1. 0. 0. 0. 0. 0. 0. 0. 1. 0. 0. 0. 1. 1. 1. 1. 0. 0. 0.
 0. 1. 1. 1. 1. 1. 1. 1. 0. 0. 0. 1. 0. 0. 1. 1. 0. 1. 0. 1. 1. 0. 1. 0.
 1. 0. 0. 0. 1. 1. 1. 0. 1. 1. 0. 1. 1. 0. 1. 0. 1. 1. 0. 0. 1. 1. 0. 1.
 1. 1. 1. 1. 1. 1. 0. 1. 1. 0. 1. 0. 0. 1. 1. 1. 0. 0. 1. 1. 0. 0. 1. 1.
 1. 1. 0. 0. 0. 1. 0. 0. 0. 0. 1. 1. 0. 1. 0. 0. 1. 1. 0. 1. 1. 1. 0. 0.
 1. 1. 0. 1. 0. 0. 0. 0. 1. 1. 1. 0. 0. 1. 1. 1. 1. 1. 1. 1. 0. 1. 0. 0.
 1. 1. 0. 0. 1. 1. 1. 1. 0. 1. 1. 0. 1. 0. 0. 1. 0. 0. 0. 1. 0. 0. 1. 1.
 1. 0. 1. 0.]","[0. 1. 0. 0. 0. 1. 1. 1. 0. 0. 0. 0. 0. 1. 0. 0. 1. 1. 0. 0. 0. 0. 0. 1.
 0. 0. 1. 0. 1. 0. 0. 1. 0. 1. 1. 0. 0. 0. 1. 0. 0. 0. 1. 1. 1. 0. 1. 0.
 1. 0. 1. 1. 0. 1. 1. 1. 1. 0. 1. 0. 0. 1. 1. 1. 0. 0. 0. 1. 1. 0. 1. 1.
 0. 0. 1. 0. 0. 1. 0. 1. 0. 1. 1. 1. 0. 1. 0. 1. 1. 1. 1. 1. 1. 1. 1. 0.
 0. 0. 1. 1. 1. 0. 0. 1. 1. 1. 0. 0. 0. 1. 1. 1. 0. 0. 0. 0. 1. 1. 1. 0.
 1. 0. 0. 1. 1. 0. 0. 0. 0. 1. 0. 0. 1. 1. 0. 1. 1. 1. 0. 1. 1. 0. 1. 0.
 1. 1. 0. 0. 0. 1. 1. 0. 1. 1. 0. 1. 0. 0. 0. 1. 1. 1. 0. 1. 0. 1. 1. 0.
 1. 0. 0. 1. 1. 0. 0. 1. 0. 1. 1. 0. 0. 1. 0. 0. 1. 1. 0. 1. 1. 0. 0. 0.
 0. 1. 1. 0. 0. 1. 0. 0. 1. 0. 1. 1. 1. 0. 0. 0. 1. 1. 0. 0. 0. 0. 1. 0.
 0. 1. 0. 1. 1. 1. 1. 0. 0. 0. 0. 1. 1. 1. 1. 0. 1. 1. 1. 1. 0. 1. 0. 0.
 1. 0. 0. 1. 1. 1. 1. 1. 0. 0. 1. 1. 1. 0. 0. 1. 0. 1. 0. 0. 1. 0. 1. 0.
 1. 0. 0. 0.]"
417,randomforest,"{'criterion': 'gini', 'max_features': 'sqrt', 'n_estimators': 113}",0.5843455136452712,0.202678260889297,0.1354750072846931,0.3595074752773563,0.5794744942930427,0.19354587119442046,0.5481992337164752,0.09701492537313428,0.5485074626865671,0.5485074626865671,"{0: 0.5734016484740477, 1: 0.5734016484740477}","{0: 0.5734016484740477, 1: 0.5734016484740477}",0.5734016484740477,"[[70 64]
 [57 77]]","[1. 0. 0. 0. 0. 1. 0. 1. 1. 0. 0. 0. 1. 0. 0. 0. 0. 0. 0. 1. 0. 1. 0. 0.
 0. 0. 1. 1. 1. 1. 1. 0. 0. 0. 0. 0. 0. 0. 1. 0. 0. 0. 1. 1. 0. 0. 1. 1.
 0. 0. 1. 0. 1. 1. 1. 1. 1. 1. 0. 1. 1. 0. 1. 1. 0. 0. 1. 1. 1. 1. 0. 0.
 0. 1. 0. 1. 1. 0. 1. 1. 1. 1. 1. 0. 0. 1. 1. 1. 1. 1. 1. 1. 0. 1. 1. 1.
 0. 0. 1. 1. 0. 1. 1. 0. 0. 1. 0. 1. 0. 1. 0. 0. 0. 1. 1. 1. 1. 0. 0. 0.
 1. 1. 1. 1. 1. 1. 1. 1. 1. 0. 0. 1. 1. 0. 1. 1. 0. 0. 0. 1. 0. 0. 0. 0.
 0. 0. 0. 0. 1. 1. 1. 0. 1. 0. 0. 1. 1. 0. 1. 0. 1. 1. 0. 0. 1. 1. 0. 1.
 1. 1. 0. 1. 1. 1. 0. 1. 1. 0. 1. 1. 0. 0. 1. 1. 0. 0. 1. 1. 0. 0. 1. 1.
 1. 1. 0. 0. 0. 1. 0. 0. 1. 0. 1. 1. 0. 0. 0. 0. 1. 1. 0. 1. 1. 1. 0. 0.
 1. 1. 0. 1. 0. 0. 0. 0. 1. 1. 1. 0. 0. 0. 1. 1. 1. 1. 1. 1. 0. 1. 0. 0.
 1. 1. 0. 0. 1. 1. 0. 1. 1. 0. 1. 0. 1. 0. 0. 1. 0. 1. 0. 1. 0. 0. 1. 1.
 1. 0. 1. 0.]","[0. 1. 0. 0. 0. 1. 1. 1. 0. 0. 0. 0. 0. 1. 0. 0. 1. 1. 0. 0. 0. 0. 0. 1.
 0. 0. 1. 0. 1. 0. 0. 1. 0. 1. 1. 0. 0. 0. 1. 0. 0. 0. 1. 1. 1. 0. 1. 0.
 1. 0. 1. 1. 0. 1. 1. 1. 1. 0. 1. 0. 0. 1. 1. 1. 0. 0. 0. 1. 1. 0. 1. 1.
 0. 0. 1. 0. 0. 1. 0. 1. 0. 1. 1. 1. 0. 1. 0. 1. 1. 1. 1. 1. 1. 1. 1. 0.
 0. 0. 1. 1. 1. 0. 0. 1. 1. 1. 0. 0. 0. 1. 1. 1. 0. 0. 0. 0. 1. 1. 1. 0.
 1. 0. 0. 1. 1. 0. 0. 0. 0. 1. 0. 0. 1. 1. 0. 1. 1. 1. 0. 1. 1. 0. 1. 0.
 1. 1. 0. 0. 0. 1. 1. 0. 1. 1. 0. 1. 0. 0. 0. 1. 1. 1. 0. 1. 0. 1. 1. 0.
 1. 0. 0. 1. 1. 0. 0. 1. 0. 1. 1. 0. 0. 1. 0. 0. 1. 1. 0. 1. 1. 0. 0. 0.
 0. 1. 1. 0. 0. 1. 0. 0. 1. 0. 1. 1. 1. 0. 0. 0. 1. 1. 0. 0. 0. 0. 1. 0.
 0. 1. 0. 1. 1. 1. 1. 0. 0. 0. 0. 1. 1. 1. 1. 0. 1. 1. 1. 1. 0. 1. 0. 0.
 1. 0. 0. 1. 1. 1. 1. 1. 0. 0. 1. 1. 1. 0. 0. 1. 0. 1. 0. 0. 1. 0. 1. 0.
 1. 0. 0. 0.]"
335,randomforest,"{'criterion': 'gini', 'max_features': 'sqrt', 'n_estimators': 73}",0.5727318196859782,0.16307011974577967,0.13535831231741124,0.3216210134787775,0.5610208992769476,0.17236180796491904,0.5522138680033416,0.10447761194029848,0.5522388059701493,0.5522388059701493,"{0: 0.5869625751837826, 1: 0.5869625751837826}","{0: 0.5869625751837826, 1: 0.5869625751837826}",0.5869625751837826,"[[73 61]
 [59 75]]","[1. 0. 0. 0. 0. 1. 0. 1. 1. 0. 0. 1. 1. 0. 0. 0. 0. 0. 0. 1. 0. 1. 1. 0.
 1. 0. 0. 1. 1. 1. 1. 0. 0. 0. 1. 1. 0. 0. 1. 0. 0. 0. 1. 1. 0. 1. 1. 0.
 0. 0. 1. 0. 1. 1. 1. 0. 1. 1. 0. 1. 0. 1. 1. 0. 0. 0. 0. 1. 1. 1. 0. 0.
 1. 1. 0. 1. 1. 0. 0. 0. 1. 1. 1. 0. 0. 1. 0. 1. 1. 1. 1. 1. 0. 1. 1. 1.
 0. 0. 1. 1. 0. 1. 0. 0. 0. 0. 0. 0. 0. 1. 0. 0. 0. 1. 1. 0. 1. 0. 0. 0.
 0. 1. 1. 1. 1. 0. 1. 1. 1. 0. 0. 1. 1. 0. 1. 0. 0. 1. 0. 1. 0. 0. 1. 0.
 1. 0. 0. 0. 1. 1. 1. 0. 1. 1. 0. 1. 1. 0. 1. 0. 1. 1. 0. 0. 1. 1. 0. 1.
 1. 1. 0. 1. 1. 1. 1. 1. 1. 0. 1. 0. 0. 1. 1. 1. 0. 0. 1. 0. 0. 0. 0. 1.
 0. 1. 1. 0. 1. 1. 0. 1. 0. 0. 1. 1. 1. 0. 0. 0. 1. 1. 0. 1. 1. 1. 0. 0.
 1. 0. 0. 0. 0. 0. 0. 0. 1. 1. 1. 0. 1. 0. 1. 1. 1. 1. 1. 1. 0. 1. 0. 0.
 1. 1. 0. 0. 1. 1. 0. 1. 0. 1. 1. 0. 1. 0. 0. 1. 0. 0. 0. 1. 0. 0. 1. 1.
 1. 0. 1. 0.]","[0. 1. 0. 0. 0. 1. 1. 1. 0. 0. 0. 0. 0. 1. 0. 0. 1. 1. 0. 0. 0. 0. 0. 1.
 0. 0. 1. 0. 1. 0. 0. 1. 0. 1. 1. 0. 0. 0. 1. 0. 0. 0. 1. 1. 1. 0. 1. 0.
 1. 0. 1. 1. 0. 1. 1. 1. 1. 0. 1. 0. 0. 1. 1. 1. 0. 0. 0. 1. 1. 0. 1. 1.
 0. 0. 1. 0. 0. 1. 0. 1. 0. 1. 1. 1. 0. 1. 0. 1. 1. 1. 1. 1. 1. 1. 1. 0.
 0. 0. 1. 1. 1. 0. 0. 1. 1. 1. 0. 0. 0. 1. 1. 1. 0. 0. 0. 0. 1. 1. 1. 0.
 1. 0. 0. 1. 1. 0. 0. 0. 0. 1. 0. 0. 1. 1. 0. 1. 1. 1. 0. 1. 1. 0. 1. 0.
 1. 1. 0. 0. 0. 1. 1. 0. 1. 1. 0. 1. 0. 0. 0. 1. 1. 1. 0. 1. 0. 1. 1. 0.
 1. 0. 0. 1. 1. 0. 0. 1. 0. 1. 1. 0. 0. 1. 0. 0. 1. 1. 0. 1. 1. 0. 0. 0.
 0. 1. 1. 0. 0. 1. 0. 0. 1. 0. 1. 1. 1. 0. 0. 0. 1. 1. 0. 0. 0. 0. 1. 0.
 0. 1. 0. 1. 1. 1. 1. 0. 0. 0. 0. 1. 1. 1. 1. 0. 1. 1. 1. 1. 0. 1. 0. 0.
 1. 0. 0. 1. 1. 1. 1. 1. 0. 0. 1. 1. 1. 0. 0. 1. 0. 1. 0. 0. 1. 0. 1. 0.
 1. 0. 0. 0.]"
564,randomforest,"{'criterion': 'gini', 'max_features': 'sqrt', 'n_estimators': 127}",0.5802611138217558,0.19312686764033396,0.13519110435834328,0.33997922158055593,0.5743872819981691,0.18552063209823416,0.555468826226949,0.11194029850746268,0.5559701492537313,0.5559701492537313,"{0: 0.5870182668745823, 1: 0.5870182668745823}","{0: 0.5870182668745823, 1: 0.5870182668745823}",0.5870182668745823,"[[70 64]
 [55 79]]","[1. 0. 0. 0. 0. 1. 0. 1. 1. 0. 0. 0. 1. 0. 0. 0. 1. 0. 0. 1. 0. 1. 0. 0.
 0. 0. 1. 1. 1. 1. 1. 0. 0. 0. 0. 1. 1. 0. 1. 0. 0. 0. 1. 1. 0. 1. 1. 1.
 0. 0. 1. 0. 1. 1. 1. 1. 1. 1. 0. 1. 0. 0. 1. 0. 0. 0. 1. 1. 1. 1. 0. 0.
 1. 1. 0. 1. 1. 0. 0. 1. 0. 1. 1. 1. 0. 1. 0. 1. 1. 1. 1. 1. 0. 1. 1. 1.
 0. 0. 1. 1. 0. 1. 1. 0. 0. 0. 0. 1. 0. 1. 0. 0. 0. 1. 1. 0. 1. 0. 0. 0.
 0. 1. 1. 1. 1. 1. 1. 1. 1. 0. 0. 1. 1. 0. 1. 1. 0. 1. 0. 1. 1. 0. 0. 0.
 0. 0. 0. 0. 1. 1. 1. 0. 1. 1. 0. 1. 1. 0. 1. 0. 1. 1. 0. 0. 1. 1. 0. 1.
 1. 1. 1. 1. 1. 0. 0. 1. 1. 0. 1. 0. 0. 0. 1. 1. 0. 0. 1. 1. 0. 0. 1. 1.
 0. 1. 1. 0. 1. 1. 0. 0. 0. 0. 1. 1. 0. 1. 0. 0. 1. 1. 0. 1. 1. 1. 1. 0.
 1. 0. 0. 0. 0. 0. 0. 0. 1. 1. 1. 0. 0. 0. 1. 1. 1. 1. 1. 1. 0. 1. 0. 0.
 1. 1. 0. 0. 1. 1. 1. 1. 0. 1. 1. 0. 1. 0. 1. 1. 0. 1. 0. 1. 0. 0. 1. 1.
 1. 0. 1. 0.]","[0. 1. 0. 0. 0. 1. 1. 1. 0. 0. 0. 0. 0. 1. 0. 0. 1. 1. 0. 0. 0. 0. 0. 1.
 0. 0. 1. 0. 1. 0. 0. 1. 0. 1. 1. 0. 0. 0. 1. 0. 0. 0. 1. 1. 1. 0. 1. 0.
 1. 0. 1. 1. 0. 1. 1. 1. 1. 0. 1. 0. 0. 1. 1. 1. 0. 0. 0. 1. 1. 0. 1. 1.
 0. 0. 1. 0. 0. 1. 0. 1. 0. 1. 1. 1. 0. 1. 0. 1. 1. 1. 1. 1. 1. 1. 1. 0.
 0. 0. 1. 1. 1. 0. 0. 1. 1. 1. 0. 0. 0. 1. 1. 1. 0. 0. 0. 0. 1. 1. 1. 0.
 1. 0. 0. 1. 1. 0. 0. 0. 0. 1. 0. 0. 1. 1. 0. 1. 1. 1. 0. 1. 1. 0. 1. 0.
 1. 1. 0. 0. 0. 1. 1. 0. 1. 1. 0. 1. 0. 0. 0. 1. 1. 1. 0. 1. 0. 1. 1. 0.
 1. 0. 0. 1. 1. 0. 0. 1. 0. 1. 1. 0. 0. 1. 0. 0. 1. 1. 0. 1. 1. 0. 0. 0.
 0. 1. 1. 0. 0. 1. 0. 0. 1. 0. 1. 1. 1. 0. 0. 0. 1. 1. 0. 0. 0. 0. 1. 0.
 0. 1. 0. 1. 1. 1. 1. 0. 0. 0. 0. 1. 1. 1. 1. 0. 1. 1. 1. 1. 0. 1. 0. 0.
 1. 0. 0. 1. 1. 1. 1. 1. 0. 0. 1. 1. 1. 0. 0. 1. 0. 1. 0. 0. 1. 0. 1. 0.
 1. 0. 0. 0.]"
502,randomforest,"{'criterion': 'entropy', 'max_features': 'sqrt', 'n_estimators': 449}",0.5718163418237756,0.18582407203163973,0.13495758246116757,0.3379913431764044,0.5669205010938881,0.18920436721573433,0.5552208415268538,0.11194029850746268,0.5559701492537313,0.5559701492537313,"{0: 0.5910837603029628, 1: 0.5910837603029628}","{0: 0.5910837603029628, 1: 0.5910837603029628}",0.5910837603029628,"[[69 65]
 [54 80]]","[1. 0. 0. 0. 0. 1. 0. 1. 1. 0. 0. 0. 1. 0. 0. 0. 1. 0. 0. 0. 0. 1. 0. 0.
 0. 0. 1. 1. 1. 1. 1. 0. 0. 0. 1. 0. 0. 0. 1. 0. 1. 0. 1. 0. 0. 1. 1. 0.
 0. 0. 1. 1. 0. 1. 1. 1. 1. 1. 0. 1. 1. 0. 1. 0. 0. 0. 1. 1. 1. 1. 0. 0.
 0. 1. 0. 1. 1. 0. 1. 0. 1. 1. 1. 0. 0. 1. 0. 1. 1. 1. 1. 1. 0. 1. 1. 1.
 0. 0. 1. 1. 0. 1. 1. 0. 0. 0. 0. 1. 0. 1. 0. 0. 0. 1. 1. 0. 1. 0. 0. 0.
 0. 1. 1. 1. 1. 1. 1. 1. 1. 0. 0. 1. 1. 0. 1. 1. 0. 1. 0. 1. 1. 0. 0. 0.
 0. 0. 0. 0. 1. 1. 1. 0. 1. 1. 0. 1. 1. 0. 1. 0. 1. 1. 0. 0. 1. 1. 0. 1.
 1. 1. 1. 1. 1. 1. 0. 1. 1. 0. 1. 0. 0. 0. 1. 1. 0. 0. 1. 1. 0. 0. 1. 1.
 1. 1. 1. 1. 1. 1. 0. 1. 0. 0. 1. 1. 0. 1. 0. 0. 1. 1. 0. 1. 1. 1. 1. 0.
 1. 1. 0. 1. 0. 0. 0. 0. 1. 1. 1. 0. 1. 0. 1. 1. 1. 1. 1. 1. 0. 1. 0. 0.
 1. 1. 0. 0. 1. 1. 0. 1. 0. 1. 1. 0. 1. 0. 0. 1. 0. 1. 0. 1. 0. 0. 1. 1.
 1. 0. 1. 0.]","[0. 1. 0. 0. 0. 1. 1. 1. 0. 0. 0. 0. 0. 1. 0. 0. 1. 1. 0. 0. 0. 0. 0. 1.
 0. 0. 1. 0. 1. 0. 0. 1. 0. 1. 1. 0. 0. 0. 1. 0. 0. 0. 1. 1. 1. 0. 1. 0.
 1. 0. 1. 1. 0. 1. 1. 1. 1. 0. 1. 0. 0. 1. 1. 1. 0. 0. 0. 1. 1. 0. 1. 1.
 0. 0. 1. 0. 0. 1. 0. 1. 0. 1. 1. 1. 0. 1. 0. 1. 1. 1. 1. 1. 1. 1. 1. 0.
 0. 0. 1. 1. 1. 0. 0. 1. 1. 1. 0. 0. 0. 1. 1. 1. 0. 0. 0. 0. 1. 1. 1. 0.
 1. 0. 0. 1. 1. 0. 0. 0. 0. 1. 0. 0. 1. 1. 0. 1. 1. 1. 0. 1. 1. 0. 1. 0.
 1. 1. 0. 0. 0. 1. 1. 0. 1. 1. 0. 1. 0. 0. 0. 1. 1. 1. 0. 1. 0. 1. 1. 0.
 1. 0. 0. 1. 1. 0. 0. 1. 0. 1. 1. 0. 0. 1. 0. 0. 1. 1. 0. 1. 1. 0. 0. 0.
 0. 1. 1. 0. 0. 1. 0. 0. 1. 0. 1. 1. 1. 0. 0. 0. 1. 1. 0. 0. 0. 0. 1. 0.
 0. 1. 0. 1. 1. 1. 1. 0. 0. 0. 0. 1. 1. 1. 1. 0. 1. 1. 1. 1. 0. 1. 0. 0.
 1. 0. 0. 1. 1. 1. 1. 1. 0. 0. 1. 1. 1. 0. 0. 1. 0. 1. 0. 0. 1. 0. 1. 0.
 1. 0. 0. 0.]"
556,randomforest,"{'criterion': 'entropy', 'max_features': 'log2', 'n_estimators': 29}",0.5440682823234118,0.1983276031736195,0.1347616738659894,0.3176426178356944,0.5448403243262114,0.20329516269809553,0.5474426069360129,0.09701492537313428,0.5485074626865671,0.5485074626865671,"{0: 0.5888839385163734, 1: 0.5888839385163733}","{0: 0.5888839385163734, 1: 0.5888839385163733}",0.5888839385163733,"[[67 67]
 [54 80]]","[1. 0. 0. 0. 0. 1. 0. 1. 1. 0. 0. 0. 1. 0. 0. 0. 1. 0. 0. 1. 1. 1. 1. 0.
 0. 1. 1. 1. 1. 1. 1. 0. 0. 1. 1. 1. 0. 0. 1. 0. 1. 1. 1. 1. 0. 1. 1. 1.
 0. 0. 1. 0. 1. 1. 1. 1. 1. 1. 0. 1. 0. 1. 1. 0. 0. 0. 1. 1. 1. 1. 0. 0.
 1. 1. 0. 1. 1. 0. 1. 0. 0. 1. 1. 1. 0. 1. 1. 1. 1. 1. 1. 1. 0. 1. 1. 1.
 0. 0. 1. 1. 1. 1. 1. 0. 0. 0. 0. 1. 0. 1. 0. 1. 0. 1. 1. 0. 1. 0. 0. 0.
 0. 1. 1. 1. 1. 0. 1. 1. 1. 0. 0. 0. 1. 0. 1. 1. 0. 1. 1. 0. 1. 0. 0. 0.
 0. 0. 0. 1. 0. 1. 0. 0. 0. 1. 0. 1. 1. 0. 0. 1. 1. 0. 0. 0. 1. 1. 0. 0.
 1. 1. 0. 1. 1. 1. 1. 1. 1. 0. 1. 0. 0. 0. 1. 1. 0. 0. 1. 1. 0. 0. 1. 1.
 0. 1. 1. 0. 1. 1. 0. 0. 0. 0. 1. 1. 0. 0. 0. 0. 1. 1. 0. 1. 1. 1. 0. 0.
 1. 1. 0. 1. 0. 0. 0. 0. 1. 1. 1. 0. 1. 0. 0. 1. 1. 1. 1. 1. 0. 1. 0. 0.
 1. 1. 1. 0. 1. 1. 0. 1. 0. 1. 1. 0. 1. 0. 0. 1. 0. 1. 0. 1. 0. 0. 1. 1.
 1. 0. 1. 0.]","[0. 1. 0. 0. 0. 1. 1. 1. 0. 0. 0. 0. 0. 1. 0. 0. 1. 1. 0. 0. 0. 0. 0. 1.
 0. 0. 1. 0. 1. 0. 0. 1. 0. 1. 1. 0. 0. 0. 1. 0. 0. 0. 1. 1. 1. 0. 1. 0.
 1. 0. 1. 1. 0. 1. 1. 1. 1. 0. 1. 0. 0. 1. 1. 1. 0. 0. 0. 1. 1. 0. 1. 1.
 0. 0. 1. 0. 0. 1. 0. 1. 0. 1. 1. 1. 0. 1. 0. 1. 1. 1. 1. 1. 1. 1. 1. 0.
 0. 0. 1. 1. 1. 0. 0. 1. 1. 1. 0. 0. 0. 1. 1. 1. 0. 0. 0. 0. 1. 1. 1. 0.
 1. 0. 0. 1. 1. 0. 0. 0. 0. 1. 0. 0. 1. 1. 0. 1. 1. 1. 0. 1. 1. 0. 1. 0.
 1. 1. 0. 0. 0. 1. 1. 0. 1. 1. 0. 1. 0. 0. 0. 1. 1. 1. 0. 1. 0. 1. 1. 0.
 1. 0. 0. 1. 1. 0. 0. 1. 0. 1. 1. 0. 0. 1. 0. 0. 1. 1. 0. 1. 1. 0. 0. 0.
 0. 1. 1. 0. 0. 1. 0. 0. 1. 0. 1. 1. 1. 0. 0. 0. 1. 1. 0. 0. 0. 0. 1. 0.
 0. 1. 0. 1. 1. 1. 1. 0. 0. 0. 0. 1. 1. 1. 1. 0. 1. 1. 1. 1. 0. 1. 0. 0.
 1. 0. 0. 1. 1. 1. 1. 1. 0. 0. 1. 1. 1. 0. 0. 1. 0. 1. 0. 0. 1. 0. 1. 0.
 1. 0. 0. 0.]"
756,randomforest,"{'criterion': 'gini', 'max_features': 'sqrt', 'n_estimators': 143}",0.5816382333012561,0.19512783800408556,0.13456221970605936,0.33229605021990716,0.5792683943893621,0.18815457198368365,0.5549228944246738,0.11194029850746268,0.5559701492537313,0.5559701492537313,"{0: 0.5915849855201604, 1: 0.5915849855201604}","{0: 0.5915849855201604, 1: 0.5915849855201604}",0.5915849855201604,"[[68 66]
 [53 81]]","[1. 0. 0. 0. 0. 1. 0. 1. 1. 0. 0. 0. 1. 0. 0. 0. 1. 0. 0. 1. 0. 1. 0. 0.
 0. 0. 1. 1. 1. 1. 1. 0. 0. 0. 1. 0. 1. 0. 1. 0. 1. 0. 1. 1. 0. 1. 1. 1.
 0. 0. 1. 0. 0. 1. 1. 1. 1. 1. 0. 1. 1. 0. 1. 1. 0. 0. 1. 1. 1. 1. 0. 0.
 1. 1. 0. 1. 1. 0. 1. 0. 1. 1. 1. 0. 0. 1. 0. 1. 1. 1. 1. 1. 0. 1. 1. 1.
 0. 0. 1. 1. 0. 1. 0. 0. 1. 0. 0. 1. 0. 1. 0. 0. 0. 1. 1. 0. 1. 0. 0. 0.
 0. 1. 0. 1. 1. 1. 1. 1. 1. 0. 0. 1. 1. 0. 1. 1. 0. 1. 0. 1. 1. 0. 0. 0.
 0. 0. 0. 0. 1. 1. 1. 0. 1. 1. 0. 1. 1. 0. 1. 0. 1. 1. 0. 0. 1. 1. 0. 1.
 1. 1. 0. 1. 1. 1. 0. 1. 1. 0. 1. 0. 0. 0. 1. 1. 0. 0. 1. 1. 0. 0. 1. 1.
 1. 1. 1. 1. 1. 1. 0. 1. 0. 0. 1. 1. 0. 1. 0. 0. 1. 1. 0. 1. 1. 0. 0. 0.
 1. 1. 1. 0. 0. 1. 0. 0. 1. 1. 1. 0. 1. 0. 1. 1. 1. 1. 1. 1. 0. 1. 0. 0.
 1. 1. 0. 0. 1. 1. 0. 1. 0. 1. 1. 0. 1. 0. 0. 1. 0. 1. 0. 1. 0. 0. 1. 1.
 1. 0. 1. 0.]","[0. 1. 0. 0. 0. 1. 1. 1. 0. 0. 0. 0. 0. 1. 0. 0. 1. 1. 0. 0. 0. 0. 0. 1.
 0. 0. 1. 0. 1. 0. 0. 1. 0. 1. 1. 0. 0. 0. 1. 0. 0. 0. 1. 1. 1. 0. 1. 0.
 1. 0. 1. 1. 0. 1. 1. 1. 1. 0. 1. 0. 0. 1. 1. 1. 0. 0. 0. 1. 1. 0. 1. 1.
 0. 0. 1. 0. 0. 1. 0. 1. 0. 1. 1. 1. 0. 1. 0. 1. 1. 1. 1. 1. 1. 1. 1. 0.
 0. 0. 1. 1. 1. 0. 0. 1. 1. 1. 0. 0. 0. 1. 1. 1. 0. 0. 0. 0. 1. 1. 1. 0.
 1. 0. 0. 1. 1. 0. 0. 0. 0. 1. 0. 0. 1. 1. 0. 1. 1. 1. 0. 1. 1. 0. 1. 0.
 1. 1. 0. 0. 0. 1. 1. 0. 1. 1. 0. 1. 0. 0. 0. 1. 1. 1. 0. 1. 0. 1. 1. 0.
 1. 0. 0. 1. 1. 0. 0. 1. 0. 1. 1. 0. 0. 1. 0. 0. 1. 1. 0. 1. 1. 0. 0. 0.
 0. 1. 1. 0. 0. 1. 0. 0. 1. 0. 1. 1. 1. 0. 0. 0. 1. 1. 0. 0. 0. 0. 1. 0.
 0. 1. 0. 1. 1. 1. 1. 0. 0. 0. 0. 1. 1. 1. 1. 0. 1. 1. 1. 1. 0. 1. 0. 0.
 1. 0. 0. 1. 1. 1. 1. 1. 0. 0. 1. 1. 1. 0. 0. 1. 0. 1. 0. 0. 1. 0. 1. 0.
 1. 0. 0. 0.]"
242,AdaBoost,"{'algorithm': 'SAMME.R', 'learning_rate': 0.5081632653061224, 'n_estimators': 74}",0.571367639449945,0.16529070847799196,0.13405066307806957,0.26902309412463044,0.5701288033949324,0.1463370216730364,0.5520142642224327,0.10447761194029848,0.5522388059701493,0.5522388059701493,"{0: 0.5586711962575184, 1: 0.5586711962575184}","{0: 0.5586711962575184, 1: 0.5586711962575184}",0.5586711962575184,"[[71 63]
 [57 77]]","[0. 0. 0. 0. 1. 1. 0. 1. 1. 1. 0. 0. 1. 1. 0. 0. 1. 0. 0. 0. 0. 1. 1. 0.
 0. 0. 1. 0. 1. 1. 1. 0. 0. 0. 1. 1. 0. 0. 0. 0. 0. 1. 1. 1. 0. 0. 1. 1.
 0. 0. 1. 1. 0. 0. 1. 1. 1. 1. 0. 1. 0. 0. 1. 0. 0. 0. 0. 1. 1. 1. 1. 1.
 1. 1. 0. 1. 1. 0. 1. 1. 1. 1. 1. 0. 0. 1. 0. 1. 1. 1. 1. 0. 0. 1. 0. 1.
 0. 0. 0. 1. 0. 1. 1. 0. 1. 0. 0. 1. 0. 1. 0. 0. 0. 0. 1. 0. 1. 1. 0. 0.
 0. 1. 1. 0. 0. 0. 1. 1. 1. 0. 0. 1. 0. 0. 1. 1. 0. 1. 1. 0. 1. 0. 1. 0.
 0. 1. 0. 1. 1. 1. 1. 0. 1. 1. 0. 1. 1. 0. 1. 0. 1. 0. 0. 0. 1. 0. 0. 1.
 1. 1. 1. 1. 1. 0. 0. 1. 0. 1. 1. 1. 0. 0. 0. 1. 0. 0. 1. 1. 1. 0. 0. 1.
 1. 1. 0. 1. 1. 1. 0. 1. 1. 0. 1. 1. 1. 0. 1. 0. 0. 1. 0. 1. 1. 0. 0. 0.
 1. 0. 0. 0. 0. 1. 0. 0. 1. 1. 1. 1. 1. 1. 0. 1. 1. 1. 0. 1. 0. 1. 0. 0.
 1. 1. 1. 0. 1. 1. 0. 1. 0. 1. 1. 0. 1. 0. 0. 1. 0. 1. 0. 1. 0. 0. 1. 1.
 0. 0. 1. 0.]","[0. 1. 0. 0. 0. 1. 1. 1. 0. 0. 0. 0. 0. 1. 0. 0. 1. 1. 0. 0. 0. 0. 0. 1.
 0. 0. 1. 0. 1. 0. 0. 1. 0. 1. 1. 0. 0. 0. 1. 0. 0. 0. 1. 1. 1. 0. 1. 0.
 1. 0. 1. 1. 0. 1. 1. 1. 1. 0. 1. 0. 0. 1. 1. 1. 0. 0. 0. 1. 1. 0. 1. 1.
 0. 0. 1. 0. 0. 1. 0. 1. 0. 1. 1. 1. 0. 1. 0. 1. 1. 1. 1. 1. 1. 1. 1. 0.
 0. 0. 1. 1. 1. 0. 0. 1. 1. 1. 0. 0. 0. 1. 1. 1. 0. 0. 0. 0. 1. 1. 1. 0.
 1. 0. 0. 1. 1. 0. 0. 0. 0. 1. 0. 0. 1. 1. 0. 1. 1. 1. 0. 1. 1. 0. 1. 0.
 1. 1. 0. 0. 0. 1. 1. 0. 1. 1. 0. 1. 0. 0. 0. 1. 1. 1. 0. 1. 0. 1. 1. 0.
 1. 0. 0. 1. 1. 0. 0. 1. 0. 1. 1. 0. 0. 1. 0. 0. 1. 1. 0. 1. 1. 0. 0. 0.
 0. 1. 1. 0. 0. 1. 0. 0. 1. 0. 1. 1. 1. 0. 0. 0. 1. 1. 0. 0. 0. 0. 1. 0.
 0. 1. 0. 1. 1. 1. 1. 0. 0. 0. 0. 1. 1. 1. 1. 0. 1. 1. 1. 1. 0. 1. 0. 0.
 1. 0. 0. 1. 1. 1. 1. 1. 0. 0. 1. 1. 1. 0. 0. 1. 0. 1. 0. 0. 1. 0. 1. 0.
 1. 0. 0. 0.]"
61,AdaBoost,"{'algorithm': 'SAMME.R', 'learning_rate': 1.079591836734694, 'n_estimators': 41}",0.5561674318915711,0.14900408659003073,0.13363826569324178,0.27737079621888555,0.5562652960838445,0.14456788297631998,0.5596769702032859,0.11940298507462688,0.5597014925373134,0.5597014925373134,"{0: 0.563544219202495, 1: 0.563544219202495}","{0: 0.563544219202495, 1: 0.563544219202495}",0.563544219202495,"[[76 58]
 [60 74]]","[0. 0. 0. 0. 1. 1. 0. 1. 1. 1. 0. 0. 1. 0. 0. 0. 1. 0. 0. 1. 0. 1. 1. 0.
 0. 1. 1. 0. 1. 1. 1. 0. 0. 0. 0. 0. 0. 0. 1. 0. 0. 0. 1. 1. 0. 0. 1. 1.
 0. 0. 1. 0. 0. 1. 1. 1. 1. 1. 0. 1. 0. 0. 1. 0. 0. 0. 0. 1. 1. 1. 1. 1.
 1. 0. 0. 1. 1. 0. 1. 0. 0. 1. 1. 0. 0. 1. 0. 1. 1. 0. 1. 1. 0. 1. 0. 0.
 0. 0. 0. 1. 0. 1. 1. 0. 1. 1. 0. 1. 0. 1. 0. 0. 0. 0. 1. 0. 1. 0. 0. 0.
 1. 1. 0. 0. 1. 1. 1. 1. 1. 0. 0. 0. 0. 0. 1. 1. 0. 1. 1. 0. 1. 0. 0. 0.
 0. 0. 0. 1. 1. 1. 1. 0. 1. 1. 0. 1. 1. 1. 1. 0. 1. 0. 0. 0. 1. 0. 0. 1.
 1. 1. 1. 1. 1. 0. 0. 1. 0. 1. 1. 0. 0. 0. 1. 1. 1. 0. 1. 0. 0. 0. 1. 1.
 1. 1. 0. 1. 0. 1. 0. 1. 1. 0. 1. 1. 1. 0. 0. 0. 0. 1. 0. 1. 1. 0. 0. 0.
 1. 0. 0. 0. 0. 0. 0. 0. 0. 0. 1. 1. 1. 0. 1. 1. 1. 1. 1. 1. 0. 1. 0. 0.
 1. 1. 1. 0. 1. 1. 0. 1. 0. 1. 1. 0. 1. 0. 0. 1. 0. 0. 0. 1. 1. 0. 1. 1.
 0. 1. 1. 0.]","[0. 1. 0. 0. 0. 1. 1. 1. 0. 0. 0. 0. 0. 1. 0. 0. 1. 1. 0. 0. 0. 0. 0. 1.
 0. 0. 1. 0. 1. 0. 0. 1. 0. 1. 1. 0. 0. 0. 1. 0. 0. 0. 1. 1. 1. 0. 1. 0.
 1. 0. 1. 1. 0. 1. 1. 1. 1. 0. 1. 0. 0. 1. 1. 1. 0. 0. 0. 1. 1. 0. 1. 1.
 0. 0. 1. 0. 0. 1. 0. 1. 0. 1. 1. 1. 0. 1. 0. 1. 1. 1. 1. 1. 1. 1. 1. 0.
 0. 0. 1. 1. 1. 0. 0. 1. 1. 1. 0. 0. 0. 1. 1. 1. 0. 0. 0. 0. 1. 1. 1. 0.
 1. 0. 0. 1. 1. 0. 0. 0. 0. 1. 0. 0. 1. 1. 0. 1. 1. 1. 0. 1. 1. 0. 1. 0.
 1. 1. 0. 0. 0. 1. 1. 0. 1. 1. 0. 1. 0. 0. 0. 1. 1. 1. 0. 1. 0. 1. 1. 0.
 1. 0. 0. 1. 1. 0. 0. 1. 0. 1. 1. 0. 0. 1. 0. 0. 1. 1. 0. 1. 1. 0. 0. 0.
 0. 1. 1. 0. 0. 1. 0. 0. 1. 0. 1. 1. 1. 0. 0. 0. 1. 1. 0. 0. 0. 0. 1. 0.
 0. 1. 0. 1. 1. 1. 1. 0. 0. 0. 0. 1. 1. 1. 1. 0. 1. 1. 1. 1. 0. 1. 0. 0.
 1. 0. 0. 1. 1. 1. 1. 1. 0. 0. 1. 1. 1. 0. 0. 1. 0. 1. 0. 0. 1. 0. 1. 0.
 1. 0. 0. 0.]"
623,randomforest,"{'criterion': 'gini', 'max_features': 'log2', 'n_estimators': 75}",0.5912734308433892,0.17036092970917455,0.13325303561852778,0.3093242718799712,0.5823695159380643,0.1640795026711346,0.547997714062696,0.09701492537313428,0.5485074626865671,0.5485074626865671,"{0: 0.5750167075072398, 1: 0.57501670750724}","{0: 0.5750167075072398, 1: 0.57501670750724}",0.57501670750724,"[[69 65]
 [56 78]]","[1. 0. 0. 0. 0. 1. 0. 1. 1. 1. 0. 1. 1. 0. 0. 0. 1. 0. 0. 0. 0. 1. 0. 0.
 0. 0. 1. 1. 1. 1. 1. 0. 0. 0. 1. 1. 1. 0. 1. 0. 0. 1. 1. 1. 0. 0. 1. 0.
 0. 0. 1. 1. 1. 1. 1. 1. 1. 1. 0. 1. 0. 1. 1. 1. 0. 0. 1. 1. 1. 1. 0. 0.
 1. 1. 0. 1. 1. 0. 0. 0. 1. 1. 1. 0. 0. 1. 1. 1. 1. 1. 0. 1. 0. 1. 1. 1.
 0. 0. 0. 1. 0. 1. 1. 0. 1. 0. 0. 1. 0. 1. 0. 0. 0. 1. 1. 1. 1. 0. 0. 0.
 0. 1. 1. 1. 1. 1. 1. 1. 1. 0. 0. 1. 1. 0. 1. 0. 0. 1. 0. 1. 1. 0. 0. 0.
 1. 0. 0. 0. 1. 1. 1. 0. 1. 1. 0. 1. 1. 0. 1. 0. 1. 1. 0. 0. 1. 0. 0. 1.
 1. 0. 0. 1. 1. 1. 0. 1. 1. 0. 1. 0. 0. 0. 1. 1. 0. 0. 1. 1. 0. 0. 0. 1.
 0. 1. 0. 0. 1. 1. 0. 0. 0. 0. 1. 1. 0. 1. 0. 0. 1. 1. 0. 1. 1. 1. 0. 0.
 1. 0. 0. 1. 0. 0. 0. 0. 1. 1. 1. 0. 1. 0. 1. 1. 1. 1. 1. 1. 0. 1. 0. 0.
 1. 1. 1. 0. 1. 1. 0. 1. 0. 1. 1. 0. 1. 0. 0. 1. 0. 1. 0. 1. 0. 0. 1. 1.
 1. 0. 1. 0.]","[0. 1. 0. 0. 0. 1. 1. 1. 0. 0. 0. 0. 0. 1. 0. 0. 1. 1. 0. 0. 0. 0. 0. 1.
 0. 0. 1. 0. 1. 0. 0. 1. 0. 1. 1. 0. 0. 0. 1. 0. 0. 0. 1. 1. 1. 0. 1. 0.
 1. 0. 1. 1. 0. 1. 1. 1. 1. 0. 1. 0. 0. 1. 1. 1. 0. 0. 0. 1. 1. 0. 1. 1.
 0. 0. 1. 0. 0. 1. 0. 1. 0. 1. 1. 1. 0. 1. 0. 1. 1. 1. 1. 1. 1. 1. 1. 0.
 0. 0. 1. 1. 1. 0. 0. 1. 1. 1. 0. 0. 0. 1. 1. 1. 0. 0. 0. 0. 1. 1. 1. 0.
 1. 0. 0. 1. 1. 0. 0. 0. 0. 1. 0. 0. 1. 1. 0. 1. 1. 1. 0. 1. 1. 0. 1. 0.
 1. 1. 0. 0. 0. 1. 1. 0. 1. 1. 0. 1. 0. 0. 0. 1. 1. 1. 0. 1. 0. 1. 1. 0.
 1. 0. 0. 1. 1. 0. 0. 1. 0. 1. 1. 0. 0. 1. 0. 0. 1. 1. 0. 1. 1. 0. 0. 0.
 0. 1. 1. 0. 0. 1. 0. 0. 1. 0. 1. 1. 1. 0. 0. 0. 1. 1. 0. 0. 0. 0. 1. 0.
 0. 1. 0. 1. 1. 1. 1. 0. 0. 0. 0. 1. 1. 1. 1. 0. 1. 1. 1. 1. 0. 1. 0. 0.
 1. 0. 0. 1. 1. 1. 1. 1. 0. 0. 1. 1. 1. 0. 0. 1. 0. 1. 0. 0. 1. 0. 1. 0.
 1. 0. 0. 0.]"
796,randomforest,"{'criterion': 'gini', 'max_features': 'sqrt', 'n_estimators': 325}",0.5643302837521337,0.1848602031249559,0.13319428869464314,0.3210505285816205,0.556646049589598,0.19017118504065242,0.5407314524555903,0.08208955223880599,0.5410447761194029,0.541044776119403,"{0: 0.5818946313210069, 1: 0.5818946313210068}","{0: 0.5818946313210069, 1: 0.5818946313210068}",0.5818946313210068,"[[69 65]
 [58 76]]","[1. 0. 0. 0. 0. 1. 0. 1. 1. 0. 0. 1. 1. 0. 0. 0. 1. 0. 0. 1. 0. 1. 0. 0.
 0. 0. 1. 1. 1. 1. 1. 0. 0. 0. 1. 0. 1. 0. 1. 0. 1. 0. 1. 0. 0. 0. 1. 1.
 0. 0. 1. 0. 0. 1. 1. 1. 1. 1. 0. 1. 1. 0. 1. 0. 0. 0. 1. 1. 1. 1. 0. 0.
 1. 1. 0. 1. 1. 0. 0. 0. 1. 1. 1. 0. 0. 1. 0. 1. 1. 1. 1. 1. 0. 1. 1. 1.
 0. 0. 1. 1. 0. 1. 0. 0. 0. 0. 0. 1. 0. 1. 0. 0. 0. 1. 1. 0. 1. 0. 0. 0.
 0. 1. 1. 1. 1. 1. 1. 1. 1. 0. 0. 1. 1. 0. 1. 1. 0. 1. 0. 1. 1. 0. 0. 0.
 0. 0. 0. 0. 1. 1. 1. 0. 1. 1. 0. 1. 1. 0. 1. 0. 1. 1. 0. 0. 1. 1. 0. 1.
 1. 1. 1. 1. 1. 0. 0. 1. 1. 0. 1. 0. 0. 0. 1. 1. 0. 0. 1. 1. 0. 0. 1. 1.
 1. 1. 0. 1. 1. 1. 0. 1. 0. 0. 1. 1. 0. 0. 0. 0. 1. 1. 0. 1. 1. 1. 0. 0.
 1. 1. 0. 1. 0. 0. 0. 0. 1. 1. 1. 0. 1. 0. 0. 1. 1. 1. 1. 1. 0. 1. 0. 0.
 1. 1. 0. 0. 1. 1. 0. 1. 0. 1. 1. 0. 1. 0. 0. 1. 0. 1. 0. 1. 0. 0. 1. 1.
 1. 0. 1. 0.]","[0. 1. 0. 0. 0. 1. 1. 1. 0. 0. 0. 0. 0. 1. 0. 0. 1. 1. 0. 0. 0. 0. 0. 1.
 0. 0. 1. 0. 1. 0. 0. 1. 0. 1. 1. 0. 0. 0. 1. 0. 0. 0. 1. 1. 1. 0. 1. 0.
 1. 0. 1. 1. 0. 1. 1. 1. 1. 0. 1. 0. 0. 1. 1. 1. 0. 0. 0. 1. 1. 0. 1. 1.
 0. 0. 1. 0. 0. 1. 0. 1. 0. 1. 1. 1. 0. 1. 0. 1. 1. 1. 1. 1. 1. 1. 1. 0.
 0. 0. 1. 1. 1. 0. 0. 1. 1. 1. 0. 0. 0. 1. 1. 1. 0. 0. 0. 0. 1. 1. 1. 0.
 1. 0. 0. 1. 1. 0. 0. 0. 0. 1. 0. 0. 1. 1. 0. 1. 1. 1. 0. 1. 1. 0. 1. 0.
 1. 1. 0. 0. 0. 1. 1. 0. 1. 1. 0. 1. 0. 0. 0. 1. 1. 1. 0. 1. 0. 1. 1. 0.
 1. 0. 0. 1. 1. 0. 0. 1. 0. 1. 1. 0. 0. 1. 0. 0. 1. 1. 0. 1. 1. 0. 0. 0.
 0. 1. 1. 0. 0. 1. 0. 0. 1. 0. 1. 1. 1. 0. 0. 0. 1. 1. 0. 0. 0. 0. 1. 0.
 0. 1. 0. 1. 1. 1. 1. 0. 0. 0. 0. 1. 1. 1. 1. 0. 1. 1. 1. 1. 0. 1. 0. 0.
 1. 0. 0. 1. 1. 1. 1. 1. 0. 0. 1. 1. 1. 0. 0. 1. 0. 1. 0. 0. 1. 0. 1. 0.
 1. 0. 0. 0.]"
705,randomforest,"{'criterion': 'gini', 'max_features': None, 'n_estimators': 97}",0.5692770294353549,0.1881575001606223,0.13300697181744556,0.34559419658664337,0.5665603810765101,0.18531151237019916,0.5447507658033973,0.08955223880597019,0.5447761194029851,0.5447761194029851,"{0: 0.5803074181332145, 1: 0.5803074181332145}","{0: 0.5803074181332145, 1: 0.5803074181332145}",0.5803074181332145,"[[72 62]
 [60 74]]","[1. 0. 0. 0. 0. 1. 0. 1. 1. 0. 0. 0. 1. 0. 0. 0. 0. 0. 0. 0. 0. 1. 0. 0.
 0. 0. 1. 1. 1. 1. 1. 0. 0. 0. 1. 1. 0. 0. 1. 0. 1. 0. 1. 0. 0. 1. 1. 0.
 0. 0. 1. 0. 1. 1. 1. 1. 1. 1. 0. 1. 0. 0. 1. 0. 0. 0. 1. 1. 1. 1. 0. 0.
 1. 1. 0. 1. 1. 0. 0. 0. 1. 1. 1. 1. 0. 1. 0. 1. 1. 1. 1. 1. 0. 1. 1. 1.
 0. 0. 1. 1. 0. 1. 1. 0. 1. 0. 0. 0. 0. 1. 0. 0. 1. 1. 1. 0. 1. 0. 0. 0.
 0. 1. 1. 1. 1. 1. 1. 1. 1. 0. 0. 1. 1. 0. 1. 1. 0. 0. 0. 1. 1. 0. 0. 0.
 1. 0. 0. 0. 0. 1. 1. 0. 1. 1. 0. 1. 1. 0. 1. 0. 1. 1. 0. 0. 1. 0. 0. 1.
 0. 1. 0. 1. 1. 1. 0. 1. 1. 0. 1. 1. 0. 0. 1. 1. 0. 0. 1. 1. 0. 0. 1. 1.
 1. 1. 0. 0. 0. 1. 0. 0. 0. 0. 1. 1. 0. 0. 0. 0. 1. 1. 0. 1. 1. 1. 0. 0.
 1. 1. 0. 1. 0. 0. 0. 0. 1. 1. 1. 0. 1. 0. 0. 1. 1. 1. 1. 1. 0. 1. 0. 0.
 1. 1. 1. 0. 1. 1. 0. 1. 0. 1. 1. 0. 1. 0. 0. 1. 0. 0. 0. 1. 0. 1. 1. 0.
 1. 0. 1. 0.]","[0. 1. 0. 0. 0. 1. 1. 1. 0. 0. 0. 0. 0. 1. 0. 0. 1. 1. 0. 0. 0. 0. 0. 1.
 0. 0. 1. 0. 1. 0. 0. 1. 0. 1. 1. 0. 0. 0. 1. 0. 0. 0. 1. 1. 1. 0. 1. 0.
 1. 0. 1. 1. 0. 1. 1. 1. 1. 0. 1. 0. 0. 1. 1. 1. 0. 0. 0. 1. 1. 0. 1. 1.
 0. 0. 1. 0. 0. 1. 0. 1. 0. 1. 1. 1. 0. 1. 0. 1. 1. 1. 1. 1. 1. 1. 1. 0.
 0. 0. 1. 1. 1. 0. 0. 1. 1. 1. 0. 0. 0. 1. 1. 1. 0. 0. 0. 0. 1. 1. 1. 0.
 1. 0. 0. 1. 1. 0. 0. 0. 0. 1. 0. 0. 1. 1. 0. 1. 1. 1. 0. 1. 1. 0. 1. 0.
 1. 1. 0. 0. 0. 1. 1. 0. 1. 1. 0. 1. 0. 0. 0. 1. 1. 1. 0. 1. 0. 1. 1. 0.
 1. 0. 0. 1. 1. 0. 0. 1. 0. 1. 1. 0. 0. 1. 0. 0. 1. 1. 0. 1. 1. 0. 0. 0.
 0. 1. 1. 0. 0. 1. 0. 0. 1. 0. 1. 1. 1. 0. 0. 0. 1. 1. 0. 0. 0. 0. 1. 0.
 0. 1. 0. 1. 1. 1. 1. 0. 0. 0. 0. 1. 1. 1. 1. 0. 1. 1. 1. 1. 0. 1. 0. 0.
 1. 0. 0. 1. 1. 1. 1. 1. 0. 0. 1. 1. 1. 0. 0. 1. 0. 1. 0. 0. 1. 0. 1. 0.
 1. 0. 0. 0.]"
516,randomforest,"{'criterion': 'gini', 'max_features': 'sqrt', 'n_estimators': 297}",0.5668379742831566,0.1973185343542091,0.1325461447851782,0.3489975008397892,0.560234012552561,0.2007592985656911,0.5484508807352225,0.09701492537313428,0.5485074626865671,0.5485074626865671,"{0: 0.6002450434395189, 1: 0.6002450434395188}","{0: 0.6002450434395189, 1: 0.6002450434395188}",0.6002450434395188,"[[72 62]
 [59 75]]","[1. 0. 0. 0. 0. 1. 0. 1. 1. 0. 0. 0. 1. 0. 0. 0. 1. 0. 0. 0. 0. 1. 0. 0.
 0. 0. 1. 1. 1. 1. 1. 0. 0. 0. 1. 0. 1. 0. 1. 0. 1. 0. 1. 0. 0. 0. 1. 1.
 0. 0. 1. 0. 1. 1. 1. 1. 1. 1. 0. 1. 1. 0. 1. 0. 0. 0. 1. 1. 1. 1. 0. 0.
 0. 1. 0. 1. 1. 0. 0. 0. 1. 1. 1. 0. 0. 1. 0. 1. 1. 1. 1. 1. 0. 1. 1. 1.
 0. 0. 1. 1. 0. 1. 0. 0. 0. 0. 0. 1. 0. 1. 0. 0. 0. 1. 1. 0. 1. 0. 0. 0.
 0. 1. 1. 1. 1. 1. 1. 1. 1. 0. 0. 1. 1. 0. 1. 1. 0. 0. 0. 1. 0. 0. 0. 0.
 0. 0. 0. 0. 1. 1. 1. 0. 1. 1. 0. 1. 1. 0. 1. 0. 1. 1. 0. 0. 1. 1. 0. 1.
 1. 1. 1. 1. 1. 0. 0. 1. 1. 0. 1. 0. 0. 1. 1. 1. 0. 0. 1. 1. 0. 0. 1. 1.
 1. 1. 1. 0. 1. 1. 0. 0. 0. 0. 1. 1. 0. 0. 0. 0. 1. 1. 0. 1. 1. 1. 0. 0.
 1. 1. 0. 1. 0. 0. 0. 0. 1. 1. 1. 0. 0. 0. 1. 1. 1. 1. 1. 1. 0. 1. 0. 0.
 1. 1. 0. 0. 1. 1. 0. 1. 0. 1. 1. 0. 1. 0. 1. 1. 0. 0. 0. 1. 0. 0. 1. 1.
 1. 0. 1. 0.]","[0. 1. 0. 0. 0. 1. 1. 1. 0. 0. 0. 0. 0. 1. 0. 0. 1. 1. 0. 0. 0. 0. 0. 1.
 0. 0. 1. 0. 1. 0. 0. 1. 0. 1. 1. 0. 0. 0. 1. 0. 0. 0. 1. 1. 1. 0. 1. 0.
 1. 0. 1. 1. 0. 1. 1. 1. 1. 0. 1. 0. 0. 1. 1. 1. 0. 0. 0. 1. 1. 0. 1. 1.
 0. 0. 1. 0. 0. 1. 0. 1. 0. 1. 1. 1. 0. 1. 0. 1. 1. 1. 1. 1. 1. 1. 1. 0.
 0. 0. 1. 1. 1. 0. 0. 1. 1. 1. 0. 0. 0. 1. 1. 1. 0. 0. 0. 0. 1. 1. 1. 0.
 1. 0. 0. 1. 1. 0. 0. 0. 0. 1. 0. 0. 1. 1. 0. 1. 1. 1. 0. 1. 1. 0. 1. 0.
 1. 1. 0. 0. 0. 1. 1. 0. 1. 1. 0. 1. 0. 0. 0. 1. 1. 1. 0. 1. 0. 1. 1. 0.
 1. 0. 0. 1. 1. 0. 0. 1. 0. 1. 1. 0. 0. 1. 0. 0. 1. 1. 0. 1. 1. 0. 0. 0.
 0. 1. 1. 0. 0. 1. 0. 0. 1. 0. 1. 1. 1. 0. 0. 0. 1. 1. 0. 0. 0. 0. 1. 0.
 0. 1. 0. 1. 1. 1. 1. 0. 0. 0. 0. 1. 1. 1. 1. 0. 1. 1. 1. 1. 0. 1. 0. 0.
 1. 0. 0. 1. 1. 1. 1. 1. 0. 0. 1. 1. 1. 0. 0. 1. 0. 1. 0. 0. 1. 0. 1. 0.
 1. 0. 0. 0.]"
135,randomforest,"{'criterion': 'gini', 'max_features': 'log2', 'n_estimators': 445}",0.5679124103459966,0.18679795105080838,0.13222811197540665,0.31922964096292966,0.562263983030112,0.18914761660584103,0.5441414310412135,0.08955223880597019,0.5447761194029851,0.5447761194029851,"{0: 0.586851191802183, 1: 0.586851191802183}","{0: 0.586851191802183, 1: 0.586851191802183}",0.586851191802183,"[[68 66]
 [56 78]]","[1. 0. 0. 0. 0. 1. 0. 1. 1. 0. 0. 0. 1. 0. 0. 0. 1. 0. 0. 0. 0. 1. 0. 0.
 0. 0. 1. 1. 1. 1. 1. 0. 0. 0. 1. 1. 1. 0. 1. 0. 1. 0. 1. 1. 0. 0. 1. 1.
 0. 0. 1. 0. 1. 1. 1. 1. 1. 1. 0. 1. 1. 0. 1. 1. 0. 0. 1. 1. 1. 1. 0. 0.
 1. 1. 0. 1. 1. 0. 0. 0. 1. 1. 1. 0. 0. 1. 1. 1. 1. 1. 1. 1. 0. 1. 1. 1.
 0. 0. 0. 1. 0. 1. 1. 0. 0. 0. 0. 1. 0. 1. 0. 0. 0. 1. 1. 0. 1. 0. 0. 0.
 0. 1. 1. 1. 1. 1. 1. 1. 1. 0. 0. 1. 1. 0. 1. 0. 0. 1. 0. 1. 1. 0. 0. 0.
 0. 0. 0. 0. 1. 1. 1. 0. 1. 1. 0. 1. 1. 0. 1. 0. 1. 1. 0. 0. 1. 1. 0. 1.
 1. 1. 0. 1. 1. 0. 0. 1. 1. 0. 1. 0. 0. 1. 1. 1. 0. 0. 1. 1. 0. 0. 1. 1.
 1. 1. 1. 1. 1. 1. 0. 1. 0. 0. 1. 1. 0. 1. 0. 0. 1. 1. 0. 1. 1. 1. 0. 0.
 1. 1. 0. 0. 0. 0. 0. 0. 1. 1. 1. 0. 1. 0. 1. 1. 1. 1. 1. 1. 0. 1. 0. 0.
 1. 1. 0. 0. 1. 1. 0. 1. 0. 0. 1. 0. 1. 0. 0. 1. 0. 1. 0. 1. 0. 0. 1. 1.
 1. 0. 1. 0.]","[0. 1. 0. 0. 0. 1. 1. 1. 0. 0. 0. 0. 0. 1. 0. 0. 1. 1. 0. 0. 0. 0. 0. 1.
 0. 0. 1. 0. 1. 0. 0. 1. 0. 1. 1. 0. 0. 0. 1. 0. 0. 0. 1. 1. 1. 0. 1. 0.
 1. 0. 1. 1. 0. 1. 1. 1. 1. 0. 1. 0. 0. 1. 1. 1. 0. 0. 0. 1. 1. 0. 1. 1.
 0. 0. 1. 0. 0. 1. 0. 1. 0. 1. 1. 1. 0. 1. 0. 1. 1. 1. 1. 1. 1. 1. 1. 0.
 0. 0. 1. 1. 1. 0. 0. 1. 1. 1. 0. 0. 0. 1. 1. 1. 0. 0. 0. 0. 1. 1. 1. 0.
 1. 0. 0. 1. 1. 0. 0. 0. 0. 1. 0. 0. 1. 1. 0. 1. 1. 1. 0. 1. 1. 0. 1. 0.
 1. 1. 0. 0. 0. 1. 1. 0. 1. 1. 0. 1. 0. 0. 0. 1. 1. 1. 0. 1. 0. 1. 1. 0.
 1. 0. 0. 1. 1. 0. 0. 1. 0. 1. 1. 0. 0. 1. 0. 0. 1. 1. 0. 1. 1. 0. 0. 0.
 0. 1. 1. 0. 0. 1. 0. 0. 1. 0. 1. 1. 1. 0. 0. 0. 1. 1. 0. 0. 0. 0. 1. 0.
 0. 1. 0. 1. 1. 1. 1. 0. 0. 0. 0. 1. 1. 1. 1. 0. 1. 1. 1. 1. 0. 1. 0. 0.
 1. 0. 0. 1. 1. 1. 1. 1. 0. 0. 1. 1. 1. 0. 0. 1. 0. 1. 0. 0. 1. 0. 1. 0.
 1. 0. 0. 0.]"
293,randomforest,"{'criterion': 'gini', 'max_features': None, 'n_estimators': 183}",0.5799109058520754,0.204344303925227,0.13206670189410272,0.3721351854287011,0.5720774371984049,0.20254037075547754,0.5516145223356198,0.10447761194029848,0.5522388059701493,0.5522388059701493,"{0: 0.5911951436845623, 1: 0.5911951436845623}","{0: 0.5911951436845623, 1: 0.5911951436845623}",0.5911951436845623,"[[69 65]
 [55 79]]","[1. 0. 0. 0. 0. 1. 0. 1. 1. 0. 0. 0. 1. 0. 0. 0. 0. 0. 0. 0. 1. 1. 0. 0.
 0. 0. 1. 1. 1. 1. 1. 0. 0. 0. 1. 0. 1. 0. 1. 0. 1. 0. 1. 0. 0. 1. 1. 0.
 0. 0. 1. 0. 1. 1. 1. 1. 1. 1. 0. 1. 1. 0. 1. 0. 0. 0. 1. 1. 1. 1. 0. 0.
 1. 1. 0. 1. 1. 0. 0. 0. 0. 1. 1. 0. 0. 1. 0. 1. 1. 1. 1. 1. 0. 1. 1. 1.
 0. 0. 1. 1. 0. 1. 0. 1. 1. 0. 0. 1. 0. 1. 0. 0. 0. 1. 1. 0. 1. 0. 0. 0.
 0. 1. 1. 1. 1. 1. 1. 1. 1. 0. 0. 1. 1. 0. 1. 1. 0. 1. 0. 1. 0. 0. 1. 0.
 0. 0. 0. 0. 1. 1. 1. 0. 1. 1. 0. 1. 1. 0. 1. 0. 1. 1. 0. 0. 1. 1. 0. 1.
 1. 1. 0. 1. 1. 0. 0. 1. 1. 0. 1. 0. 0. 1. 1. 1. 0. 0. 1. 1. 0. 0. 1. 1.
 0. 1. 0. 1. 1. 1. 0. 1. 0. 0. 1. 1. 0. 0. 1. 1. 1. 1. 0. 1. 1. 1. 0. 0.
 1. 1. 1. 1. 0. 0. 0. 0. 1. 1. 1. 0. 0. 0. 1. 1. 1. 1. 1. 1. 0. 1. 0. 0.
 1. 1. 0. 0. 1. 1. 1. 1. 0. 1. 1. 0. 1. 0. 0. 1. 0. 1. 0. 1. 0. 0. 1. 1.
 1. 0. 1. 0.]","[0. 1. 0. 0. 0. 1. 1. 1. 0. 0. 0. 0. 0. 1. 0. 0. 1. 1. 0. 0. 0. 0. 0. 1.
 0. 0. 1. 0. 1. 0. 0. 1. 0. 1. 1. 0. 0. 0. 1. 0. 0. 0. 1. 1. 1. 0. 1. 0.
 1. 0. 1. 1. 0. 1. 1. 1. 1. 0. 1. 0. 0. 1. 1. 1. 0. 0. 0. 1. 1. 0. 1. 1.
 0. 0. 1. 0. 0. 1. 0. 1. 0. 1. 1. 1. 0. 1. 0. 1. 1. 1. 1. 1. 1. 1. 1. 0.
 0. 0. 1. 1. 1. 0. 0. 1. 1. 1. 0. 0. 0. 1. 1. 1. 0. 0. 0. 0. 1. 1. 1. 0.
 1. 0. 0. 1. 1. 0. 0. 0. 0. 1. 0. 0. 1. 1. 0. 1. 1. 1. 0. 1. 1. 0. 1. 0.
 1. 1. 0. 0. 0. 1. 1. 0. 1. 1. 0. 1. 0. 0. 0. 1. 1. 1. 0. 1. 0. 1. 1. 0.
 1. 0. 0. 1. 1. 0. 0. 1. 0. 1. 1. 0. 0. 1. 0. 0. 1. 1. 0. 1. 1. 0. 0. 0.
 0. 1. 1. 0. 0. 1. 0. 0. 1. 0. 1. 1. 1. 0. 0. 0. 1. 1. 0. 0. 0. 0. 1. 0.
 0. 1. 0. 1. 1. 1. 1. 0. 0. 0. 0. 1. 1. 1. 1. 0. 1. 1. 1. 1. 0. 1. 0. 0.
 1. 0. 0. 1. 1. 1. 1. 1. 0. 0. 1. 1. 1. 0. 0. 1. 0. 1. 0. 0. 1. 0. 1. 0.
 1. 0. 0. 0.]"
759,randomforest,"{'criterion': 'gini', 'max_features': 'sqrt', 'n_estimators': 129}",0.5711412939827262,0.18675545329535187,0.1312207668150118,0.35610547192448505,0.5649423847508525,0.19413034072496227,0.5559639669743676,0.11194029850746268,0.5559701492537313,0.5559701492537313,"{0: 0.5823958565382046, 1: 0.5823958565382046}","{0: 0.5823958565382046, 1: 0.5823958565382046}",0.5823958565382046,"[[74 60]
 [59 75]]","[1. 0. 0. 0. 0. 1. 0. 1. 1. 0. 0. 0. 1. 0. 0. 0. 0. 0. 0. 0. 0. 1. 1. 0.
 0. 0. 1. 1. 1. 1. 1. 0. 0. 0. 1. 1. 0. 0. 1. 0. 1. 0. 1. 0. 0. 1. 1. 0.
 0. 0. 1. 0. 1. 1. 1. 1. 1. 1. 0. 1. 1. 0. 1. 1. 0. 0. 1. 1. 1. 0. 0. 0.
 0. 1. 0. 1. 1. 0. 1. 0. 0. 1. 1. 0. 0. 1. 1. 1. 1. 1. 1. 1. 0. 1. 1. 1.
 0. 0. 1. 1. 0. 1. 0. 0. 0. 0. 0. 1. 0. 1. 0. 0. 0. 1. 1. 0. 1. 0. 0. 0.
 0. 1. 1. 1. 1. 1. 1. 1. 1. 0. 0. 1. 1. 0. 1. 1. 0. 1. 0. 1. 0. 0. 0. 0.
 1. 0. 0. 0. 1. 1. 1. 0. 0. 0. 0. 1. 1. 0. 1. 0. 1. 1. 0. 0. 1. 1. 0. 1.
 1. 1. 0. 1. 1. 0. 0. 1. 1. 0. 1. 0. 0. 0. 1. 1. 0. 0. 1. 0. 0. 0. 1. 1.
 0. 1. 1. 1. 0. 1. 0. 0. 0. 0. 1. 1. 0. 0. 0. 1. 1. 1. 0. 1. 1. 1. 1. 0.
 1. 1. 0. 1. 0. 0. 0. 0. 1. 1. 1. 0. 0. 0. 1. 1. 1. 1. 1. 1. 0. 1. 0. 0.
 1. 1. 0. 0. 1. 1. 1. 1. 0. 0. 1. 0. 1. 0. 0. 1. 0. 0. 0. 1. 0. 0. 1. 1.
 1. 0. 1. 0.]","[0. 1. 0. 0. 0. 1. 1. 1. 0. 0. 0. 0. 0. 1. 0. 0. 1. 1. 0. 0. 0. 0. 0. 1.
 0. 0. 1. 0. 1. 0. 0. 1. 0. 1. 1. 0. 0. 0. 1. 0. 0. 0. 1. 1. 1. 0. 1. 0.
 1. 0. 1. 1. 0. 1. 1. 1. 1. 0. 1. 0. 0. 1. 1. 1. 0. 0. 0. 1. 1. 0. 1. 1.
 0. 0. 1. 0. 0. 1. 0. 1. 0. 1. 1. 1. 0. 1. 0. 1. 1. 1. 1. 1. 1. 1. 1. 0.
 0. 0. 1. 1. 1. 0. 0. 1. 1. 1. 0. 0. 0. 1. 1. 1. 0. 0. 0. 0. 1. 1. 1. 0.
 1. 0. 0. 1. 1. 0. 0. 0. 0. 1. 0. 0. 1. 1. 0. 1. 1. 1. 0. 1. 1. 0. 1. 0.
 1. 1. 0. 0. 0. 1. 1. 0. 1. 1. 0. 1. 0. 0. 0. 1. 1. 1. 0. 1. 0. 1. 1. 0.
 1. 0. 0. 1. 1. 0. 0. 1. 0. 1. 1. 0. 0. 1. 0. 0. 1. 1. 0. 1. 1. 0. 0. 0.
 0. 1. 1. 0. 0. 1. 0. 0. 1. 0. 1. 1. 1. 0. 0. 0. 1. 1. 0. 0. 0. 0. 1. 0.
 0. 1. 0. 1. 1. 1. 1. 0. 0. 0. 0. 1. 1. 1. 1. 0. 1. 1. 1. 1. 0. 1. 0. 0.
 1. 0. 0. 1. 1. 1. 1. 1. 0. 0. 1. 1. 1. 0. 0. 1. 0. 1. 0. 0. 1. 0. 1. 0.
 1. 0. 0. 0.]"
490,randomforest,"{'criterion': 'gini', 'max_features': 'log2', 'n_estimators': 347}",0.5709477031497641,0.1823888913909983,0.13022724996862803,0.33357257759991626,0.5656027197861875,0.1884264371826467,0.5556670149773598,0.11194029850746268,0.5559701492537313,0.5559701492537313,"{0: 0.5821452439296058, 1: 0.5821452439296056}","{0: 0.5821452439296058, 1: 0.5821452439296056}",0.5821452439296056,"[[71 63]
 [56 78]]","[1. 0. 0. 0. 0. 1. 0. 1. 1. 0. 0. 0. 1. 0. 0. 0. 1. 0. 0. 0. 0. 1. 1. 0.
 0. 0. 1. 1. 1. 1. 1. 0. 0. 0. 1. 0. 1. 0. 1. 0. 0. 0. 1. 1. 0. 0. 1. 0.
 0. 0. 1. 0. 1. 1. 1. 1. 1. 1. 0. 1. 1. 0. 1. 1. 0. 0. 1. 1. 1. 1. 0. 0.
 1. 1. 0. 1. 1. 0. 0. 0. 1. 1. 1. 0. 0. 1. 0. 1. 1. 1. 1. 1. 0. 1. 1. 1.
 0. 0. 1. 1. 0. 1. 1. 0. 0. 0. 0. 1. 0. 1. 0. 0. 0. 1. 1. 1. 1. 0. 0. 0.
 0. 1. 1. 1. 1. 1. 1. 1. 1. 0. 0. 1. 1. 0. 1. 1. 0. 1. 0. 1. 0. 0. 0. 0.
 0. 0. 0. 0. 1. 1. 1. 0. 1. 0. 0. 1. 1. 0. 1. 0. 1. 1. 0. 0. 1. 0. 0. 1.
 1. 1. 0. 1. 1. 0. 0. 1. 1. 0. 1. 0. 0. 1. 1. 1. 0. 0. 1. 1. 0. 0. 1. 1.
 1. 1. 1. 1. 1. 1. 0. 0. 0. 0. 1. 1. 0. 0. 0. 0. 1. 1. 0. 1. 1. 1. 0. 0.
 1. 1. 0. 1. 0. 0. 0. 0. 1. 1. 1. 0. 1. 0. 1. 1. 1. 1. 1. 1. 0. 1. 0. 0.
 1. 1. 0. 0. 1. 1. 0. 1. 0. 1. 1. 0. 1. 0. 0. 1. 0. 1. 0. 1. 0. 0. 1. 1.
 1. 0. 1. 0.]","[0. 1. 0. 0. 0. 1. 1. 1. 0. 0. 0. 0. 0. 1. 0. 0. 1. 1. 0. 0. 0. 0. 0. 1.
 0. 0. 1. 0. 1. 0. 0. 1. 0. 1. 1. 0. 0. 0. 1. 0. 0. 0. 1. 1. 1. 0. 1. 0.
 1. 0. 1. 1. 0. 1. 1. 1. 1. 0. 1. 0. 0. 1. 1. 1. 0. 0. 0. 1. 1. 0. 1. 1.
 0. 0. 1. 0. 0. 1. 0. 1. 0. 1. 1. 1. 0. 1. 0. 1. 1. 1. 1. 1. 1. 1. 1. 0.
 0. 0. 1. 1. 1. 0. 0. 1. 1. 1. 0. 0. 0. 1. 1. 1. 0. 0. 0. 0. 1. 1. 1. 0.
 1. 0. 0. 1. 1. 0. 0. 0. 0. 1. 0. 0. 1. 1. 0. 1. 1. 1. 0. 1. 1. 0. 1. 0.
 1. 1. 0. 0. 0. 1. 1. 0. 1. 1. 0. 1. 0. 0. 0. 1. 1. 1. 0. 1. 0. 1. 1. 0.
 1. 0. 0. 1. 1. 0. 0. 1. 0. 1. 1. 0. 0. 1. 0. 0. 1. 1. 0. 1. 1. 0. 0. 0.
 0. 1. 1. 0. 0. 1. 0. 0. 1. 0. 1. 1. 1. 0. 0. 0. 1. 1. 0. 0. 0. 0. 1. 0.
 0. 1. 0. 1. 1. 1. 1. 0. 0. 0. 0. 1. 1. 1. 1. 0. 1. 1. 1. 1. 0. 1. 0. 0.
 1. 0. 0. 1. 1. 1. 1. 1. 0. 0. 1. 1. 1. 0. 0. 1. 0. 1. 0. 0. 1. 0. 1. 0.
 1. 0. 0. 0.]"
803,randomforest,"{'criterion': 'gini', 'max_features': 'sqrt', 'n_estimators': 43}",0.5552541740964153,0.19137809341219186,0.13022043064994937,0.35680784279009436,0.5487047413458703,0.1954365875927978,0.5334196855109403,0.06716417910447758,0.5335820895522388,0.5335820895522388,"{0: 0.554800623746937, 1: 0.554800623746937}","{0: 0.554800623746937, 1: 0.554800623746937}",0.554800623746937,"[[69 65]
 [60 74]]","[1. 0. 0. 0. 0. 1. 0. 1. 1. 0. 1. 0. 1. 0. 0. 0. 1. 0. 0. 0. 0. 1. 0. 0.
 1. 0. 0. 1. 1. 1. 1. 0. 0. 0. 1. 1. 1. 1. 1. 0. 0. 0. 0. 0. 0. 0. 1. 0.
 0. 0. 1. 0. 0. 1. 1. 0. 1. 1. 0. 1. 0. 0. 1. 0. 0. 0. 0. 1. 0. 1. 0. 0.
 1. 1. 0. 1. 1. 0. 0. 0. 1. 1. 1. 0. 0. 1. 1. 1. 1. 1. 1. 1. 0. 1. 1. 1.
 0. 0. 1. 0. 0. 1. 0. 0. 0. 0. 0. 1. 0. 1. 0. 0. 0. 1. 1. 0. 1. 0. 0. 0.
 0. 1. 1. 1. 1. 1. 1. 1. 1. 0. 0. 1. 0. 0. 1. 1. 0. 1. 0. 1. 0. 0. 1. 0.
 1. 1. 0. 0. 1. 1. 1. 0. 1. 1. 0. 1. 1. 0. 1. 0. 1. 1. 0. 0. 1. 1. 0. 1.
 1. 1. 1. 1. 1. 0. 0. 1. 1. 0. 1. 0. 0. 1. 1. 1. 0. 0. 1. 0. 0. 0. 1. 1.
 1. 1. 0. 1. 0. 1. 0. 0. 0. 0. 1. 1. 0. 0. 1. 1. 1. 1. 0. 1. 1. 1. 0. 0.
 1. 1. 0. 1. 0. 0. 0. 0. 1. 1. 1. 0. 1. 0. 1. 1. 1. 1. 1. 1. 0. 1. 0. 0.
 1. 1. 0. 0. 1. 1. 1. 1. 0. 1. 1. 0. 1. 0. 1. 1. 0. 1. 0. 1. 0. 0. 1. 1.
 1. 0. 1. 0.]","[0. 1. 0. 0. 0. 1. 1. 1. 0. 0. 0. 0. 0. 1. 0. 0. 1. 1. 0. 0. 0. 0. 0. 1.
 0. 0. 1. 0. 1. 0. 0. 1. 0. 1. 1. 0. 0. 0. 1. 0. 0. 0. 1. 1. 1. 0. 1. 0.
 1. 0. 1. 1. 0. 1. 1. 1. 1. 0. 1. 0. 0. 1. 1. 1. 0. 0. 0. 1. 1. 0. 1. 1.
 0. 0. 1. 0. 0. 1. 0. 1. 0. 1. 1. 1. 0. 1. 0. 1. 1. 1. 1. 1. 1. 1. 1. 0.
 0. 0. 1. 1. 1. 0. 0. 1. 1. 1. 0. 0. 0. 1. 1. 1. 0. 0. 0. 0. 1. 1. 1. 0.
 1. 0. 0. 1. 1. 0. 0. 0. 0. 1. 0. 0. 1. 1. 0. 1. 1. 1. 0. 1. 1. 0. 1. 0.
 1. 1. 0. 0. 0. 1. 1. 0. 1. 1. 0. 1. 0. 0. 0. 1. 1. 1. 0. 1. 0. 1. 1. 0.
 1. 0. 0. 1. 1. 0. 0. 1. 0. 1. 1. 0. 0. 1. 0. 0. 1. 1. 0. 1. 1. 0. 0. 0.
 0. 1. 1. 0. 0. 1. 0. 0. 1. 0. 1. 1. 1. 0. 0. 0. 1. 1. 0. 0. 0. 0. 1. 0.
 0. 1. 0. 1. 1. 1. 1. 0. 0. 0. 0. 1. 1. 1. 1. 0. 1. 1. 1. 1. 0. 1. 0. 0.
 1. 0. 0. 1. 1. 1. 1. 1. 0. 0. 1. 1. 1. 0. 0. 1. 0. 1. 0. 0. 1. 0. 1. 0.
 1. 0. 0. 0.]"
824,randomforest,"{'criterion': 'gini', 'max_features': 'sqrt', 'n_estimators': 49}",0.5849053025902261,0.18173812202226458,0.12986955936995986,0.3231422096436196,0.5818713451273935,0.17298176834138418,0.5466834416719089,0.09701492537313428,0.5485074626865671,0.5485074626865671,"{0: 0.5831476943640008, 1: 0.5831476943640008}","{0: 0.5831476943640008, 1: 0.5831476943640008}",0.5831476943640008,"[[65 69]
 [52 82]]","[1. 0. 0. 0. 0. 1. 0. 1. 1. 1. 0. 1. 1. 0. 0. 0. 0. 0. 0. 0. 1. 1. 1. 0.
 1. 0. 1. 1. 1. 1. 1. 0. 0. 0. 1. 1. 1. 0. 1. 0. 1. 0. 1. 1. 0. 0. 1. 0.
 0. 0. 1. 0. 1. 1. 1. 1. 1. 1. 0. 1. 1. 0. 1. 1. 0. 0. 0. 1. 1. 1. 0. 0.
 1. 1. 0. 0. 1. 0. 0. 0. 0. 1. 1. 0. 0. 1. 1. 1. 1. 1. 1. 1. 0. 1. 1. 1.
 0. 0. 1. 1. 0. 1. 1. 1. 1. 0. 0. 1. 0. 1. 0. 0. 0. 1. 1. 0. 1. 0. 0. 1.
 0. 1. 1. 1. 1. 1. 1. 1. 1. 0. 0. 1. 1. 0. 1. 0. 0. 1. 0. 1. 1. 0. 1. 0.
 0. 0. 0. 0. 1. 1. 1. 0. 0. 1. 0. 1. 1. 0. 1. 0. 1. 1. 0. 1. 1. 1. 0. 1.
 1. 1. 0. 1. 1. 0. 0. 1. 1. 0. 1. 0. 0. 1. 1. 1. 0. 0. 1. 1. 1. 0. 0. 1.
 1. 1. 0. 1. 0. 1. 0. 1. 1. 0. 1. 1. 0. 1. 0. 0. 1. 1. 0. 1. 1. 1. 0. 0.
 1. 1. 1. 0. 0. 0. 0. 0. 1. 1. 1. 0. 1. 0. 1. 1. 1. 1. 1. 1. 0. 1. 0. 0.
 1. 1. 0. 0. 1. 1. 0. 1. 0. 1. 1. 0. 1. 0. 1. 1. 0. 0. 0. 1. 1. 0. 1. 1.
 1. 0. 1. 0.]","[0. 1. 0. 0. 0. 1. 1. 1. 0. 0. 0. 0. 0. 1. 0. 0. 1. 1. 0. 0. 0. 0. 0. 1.
 0. 0. 1. 0. 1. 0. 0. 1. 0. 1. 1. 0. 0. 0. 1. 0. 0. 0. 1. 1. 1. 0. 1. 0.
 1. 0. 1. 1. 0. 1. 1. 1. 1. 0. 1. 0. 0. 1. 1. 1. 0. 0. 0. 1. 1. 0. 1. 1.
 0. 0. 1. 0. 0. 1. 0. 1. 0. 1. 1. 1. 0. 1. 0. 1. 1. 1. 1. 1. 1. 1. 1. 0.
 0. 0. 1. 1. 1. 0. 0. 1. 1. 1. 0. 0. 0. 1. 1. 1. 0. 0. 0. 0. 1. 1. 1. 0.
 1. 0. 0. 1. 1. 0. 0. 0. 0. 1. 0. 0. 1. 1. 0. 1. 1. 1. 0. 1. 1. 0. 1. 0.
 1. 1. 0. 0. 0. 1. 1. 0. 1. 1. 0. 1. 0. 0. 0. 1. 1. 1. 0. 1. 0. 1. 1. 0.
 1. 0. 0. 1. 1. 0. 0. 1. 0. 1. 1. 0. 0. 1. 0. 0. 1. 1. 0. 1. 1. 0. 0. 0.
 0. 1. 1. 0. 0. 1. 0. 0. 1. 0. 1. 1. 1. 0. 0. 0. 1. 1. 0. 0. 0. 0. 1. 0.
 0. 1. 0. 1. 1. 1. 1. 0. 0. 0. 0. 1. 1. 1. 1. 0. 1. 1. 1. 1. 0. 1. 0. 0.
 1. 0. 0. 1. 1. 1. 1. 1. 0. 0. 1. 1. 1. 0. 0. 1. 0. 1. 0. 0. 1. 0. 1. 0.
 1. 0. 0. 0.]"
809,randomforest,"{'criterion': 'gini', 'max_features': 'sqrt', 'n_estimators': 179}",0.5623216903966166,0.17834730145356065,0.1296370080829589,0.32233644881705314,0.5593306316592607,0.188556911332397,0.5445478352928067,0.08955223880597019,0.5447761194029851,0.544776119402985,"{0: 0.5901091557139675, 1: 0.5901091557139675}","{0: 0.5901091557139675, 1: 0.5901091557139675}",0.5901091557139675,"[[70 64]
 [58 76]]","[1. 0. 0. 0. 0. 1. 0. 1. 1. 0. 0. 0. 1. 0. 0. 0. 1. 0. 0. 0. 0. 1. 1. 0.
 0. 0. 1. 1. 1. 1. 1. 0. 0. 0. 1. 1. 0. 0. 1. 0. 0. 0. 1. 0. 0. 0. 1. 1.
 0. 0. 1. 0. 1. 1. 1. 1. 1. 1. 0. 1. 1. 0. 1. 0. 0. 0. 1. 1. 1. 1. 0. 0.
 1. 1. 0. 1. 1. 0. 0. 0. 1. 1. 1. 0. 0. 1. 1. 1. 1. 1. 1. 1. 0. 1. 1. 1.
 0. 0. 1. 1. 0. 1. 0. 0. 0. 0. 0. 1. 0. 1. 0. 0. 0. 1. 1. 1. 1. 0. 0. 0.
 0. 1. 1. 1. 1. 1. 1. 1. 1. 0. 0. 1. 1. 0. 1. 1. 0. 1. 0. 1. 0. 0. 1. 0.
 1. 0. 0. 0. 1. 1. 1. 0. 1. 1. 0. 1. 1. 0. 1. 0. 1. 1. 0. 0. 1. 1. 0. 1.
 1. 1. 0. 1. 1. 0. 0. 1. 1. 0. 1. 0. 0. 1. 1. 1. 0. 0. 1. 1. 0. 0. 1. 1.
 1. 1. 0. 1. 1. 1. 0. 0. 0. 0. 1. 1. 0. 0. 0. 0. 1. 1. 0. 1. 1. 1. 0. 0.
 1. 1. 0. 1. 0. 0. 0. 0. 1. 1. 1. 0. 0. 0. 0. 1. 1. 1. 1. 1. 0. 1. 0. 0.
 1. 1. 0. 0. 1. 1. 0. 1. 0. 1. 1. 0. 1. 0. 0. 1. 0. 0. 0. 1. 0. 0. 1. 1.
 1. 0. 1. 0.]","[0. 1. 0. 0. 0. 1. 1. 1. 0. 0. 0. 0. 0. 1. 0. 0. 1. 1. 0. 0. 0. 0. 0. 1.
 0. 0. 1. 0. 1. 0. 0. 1. 0. 1. 1. 0. 0. 0. 1. 0. 0. 0. 1. 1. 1. 0. 1. 0.
 1. 0. 1. 1. 0. 1. 1. 1. 1. 0. 1. 0. 0. 1. 1. 1. 0. 0. 0. 1. 1. 0. 1. 1.
 0. 0. 1. 0. 0. 1. 0. 1. 0. 1. 1. 1. 0. 1. 0. 1. 1. 1. 1. 1. 1. 1. 1. 0.
 0. 0. 1. 1. 1. 0. 0. 1. 1. 1. 0. 0. 0. 1. 1. 1. 0. 0. 0. 0. 1. 1. 1. 0.
 1. 0. 0. 1. 1. 0. 0. 0. 0. 1. 0. 0. 1. 1. 0. 1. 1. 1. 0. 1. 1. 0. 1. 0.
 1. 1. 0. 0. 0. 1. 1. 0. 1. 1. 0. 1. 0. 0. 0. 1. 1. 1. 0. 1. 0. 1. 1. 0.
 1. 0. 0. 1. 1. 0. 0. 1. 0. 1. 1. 0. 0. 1. 0. 0. 1. 1. 0. 1. 1. 0. 0. 0.
 0. 1. 1. 0. 0. 1. 0. 0. 1. 0. 1. 1. 1. 0. 0. 0. 1. 1. 0. 0. 0. 0. 1. 0.
 0. 1. 0. 1. 1. 1. 1. 0. 0. 0. 0. 1. 1. 1. 1. 0. 1. 1. 1. 1. 0. 1. 0. 0.
 1. 0. 0. 1. 1. 1. 1. 1. 0. 0. 1. 1. 1. 0. 0. 1. 0. 1. 0. 0. 1. 0. 1. 0.
 1. 0. 0. 0.]"
197,randomforest,"{'criterion': 'gini', 'max_features': 'sqrt', 'n_estimators': 123}",0.5858326669716367,0.18073413628869395,0.12958892755939913,0.324398723442216,0.5813607483466354,0.172246454677421,0.5631347962382445,0.12686567164179108,0.5634328358208955,0.5634328358208955,"{0: 0.589162396970372, 1: 0.589162396970372}","{0: 0.589162396970372, 1: 0.589162396970372}",0.589162396970372,"[[72 62]
 [55 79]]","[1. 0. 0. 0. 0. 1. 0. 1. 1. 1. 0. 0. 1. 0. 0. 0. 1. 0. 0. 0. 0. 1. 0. 0.
 0. 0. 1. 1. 1. 1. 1. 0. 0. 0. 1. 1. 0. 0. 1. 0. 1. 0. 1. 1. 0. 1. 1. 1.
 0. 0. 1. 0. 0. 1. 1. 1. 1. 1. 0. 1. 0. 0. 1. 1. 0. 0. 1. 1. 1. 1. 0. 0.
 0. 1. 0. 1. 1. 0. 0. 0. 1. 1. 1. 0. 0. 1. 1. 1. 1. 1. 1. 1. 0. 1. 1. 1.
 0. 0. 1. 1. 0. 1. 1. 0. 1. 0. 0. 1. 0. 1. 0. 0. 0. 1. 1. 1. 1. 0. 0. 0.
 0. 1. 1. 1. 1. 1. 1. 1. 1. 0. 0. 1. 1. 0. 1. 1. 0. 1. 0. 1. 1. 0. 0. 0.
 1. 0. 0. 0. 1. 1. 1. 0. 1. 1. 0. 1. 1. 0. 1. 0. 1. 1. 0. 0. 1. 0. 0. 1.
 1. 1. 0. 1. 1. 0. 0. 1. 1. 0. 1. 0. 0. 0. 1. 1. 0. 0. 1. 1. 0. 0. 1. 1.
 0. 1. 1. 0. 1. 1. 0. 0. 0. 0. 1. 1. 0. 0. 0. 0. 1. 1. 0. 1. 1. 1. 0. 0.
 1. 1. 0. 0. 0. 0. 0. 0. 1. 1. 1. 0. 0. 0. 1. 1. 1. 1. 1. 1. 0. 1. 0. 0.
 1. 1. 0. 0. 1. 1. 0. 1. 0. 1. 1. 0. 1. 0. 0. 1. 0. 1. 0. 1. 0. 0. 1. 1.
 1. 0. 1. 0.]","[0. 1. 0. 0. 0. 1. 1. 1. 0. 0. 0. 0. 0. 1. 0. 0. 1. 1. 0. 0. 0. 0. 0. 1.
 0. 0. 1. 0. 1. 0. 0. 1. 0. 1. 1. 0. 0. 0. 1. 0. 0. 0. 1. 1. 1. 0. 1. 0.
 1. 0. 1. 1. 0. 1. 1. 1. 1. 0. 1. 0. 0. 1. 1. 1. 0. 0. 0. 1. 1. 0. 1. 1.
 0. 0. 1. 0. 0. 1. 0. 1. 0. 1. 1. 1. 0. 1. 0. 1. 1. 1. 1. 1. 1. 1. 1. 0.
 0. 0. 1. 1. 1. 0. 0. 1. 1. 1. 0. 0. 0. 1. 1. 1. 0. 0. 0. 0. 1. 1. 1. 0.
 1. 0. 0. 1. 1. 0. 0. 0. 0. 1. 0. 0. 1. 1. 0. 1. 1. 1. 0. 1. 1. 0. 1. 0.
 1. 1. 0. 0. 0. 1. 1. 0. 1. 1. 0. 1. 0. 0. 0. 1. 1. 1. 0. 1. 0. 1. 1. 0.
 1. 0. 0. 1. 1. 0. 0. 1. 0. 1. 1. 0. 0. 1. 0. 0. 1. 1. 0. 1. 1. 0. 0. 0.
 0. 1. 1. 0. 0. 1. 0. 0. 1. 0. 1. 1. 1. 0. 0. 0. 1. 1. 0. 0. 0. 0. 1. 0.
 0. 1. 0. 1. 1. 1. 1. 0. 0. 0. 0. 1. 1. 1. 1. 0. 1. 1. 1. 1. 0. 1. 0. 0.
 1. 0. 0. 1. 1. 1. 1. 1. 0. 0. 1. 1. 1. 0. 0. 1. 0. 1. 0. 0. 1. 0. 1. 0.
 1. 0. 0. 0.]"
498,randomforest,"{'criterion': 'gini', 'max_features': None, 'n_estimators': 175}",0.5647912525468924,0.189088687655607,0.12954497788598843,0.35232065756090836,0.5570202068689972,0.1954454049645641,0.5369007803790412,0.07462686567164178,0.5373134328358209,0.5373134328358209,"{0: 0.5698930719536646, 1: 0.5698930719536646}","{0: 0.5698930719536646, 1: 0.5698930719536646}",0.5698930719536646,"[[68 66]
 [58 76]]","[1. 0. 0. 0. 0. 1. 0. 1. 1. 0. 0. 0. 1. 0. 0. 0. 0. 0. 0. 0. 0. 1. 0. 0.
 0. 0. 1. 1. 1. 1. 1. 0. 0. 0. 1. 1. 0. 0. 1. 0. 1. 0. 1. 1. 0. 1. 1. 1.
 0. 0. 1. 0. 1. 1. 1. 1. 1. 1. 0. 1. 1. 0. 1. 0. 0. 0. 1. 1. 1. 1. 0. 0.
 1. 1. 0. 1. 1. 0. 0. 0. 1. 1. 1. 0. 0. 1. 0. 1. 1. 1. 1. 1. 0. 1. 1. 1.
 0. 0. 1. 1. 0. 1. 0. 1. 0. 0. 0. 1. 0. 1. 0. 0. 0. 1. 1. 0. 1. 0. 0. 0.
 0. 1. 1. 1. 1. 1. 1. 1. 1. 0. 0. 1. 1. 0. 1. 1. 0. 1. 0. 1. 1. 0. 1. 0.
 0. 0. 0. 0. 1. 1. 1. 0. 1. 1. 0. 1. 1. 0. 1. 0. 1. 1. 1. 0. 1. 0. 0. 1.
 1. 1. 0. 1. 1. 0. 0. 1. 1. 0. 1. 0. 0. 0. 1. 1. 0. 0. 1. 1. 0. 0. 1. 1.
 1. 1. 0. 1. 1. 1. 0. 1. 0. 0. 1. 1. 0. 0. 0. 0. 1. 1. 0. 1. 1. 1. 0. 0.
 1. 1. 0. 0. 0. 0. 0. 0. 1. 1. 1. 0. 0. 0. 1. 1. 1. 1. 1. 1. 0. 1. 0. 0.
 1. 1. 0. 0. 1. 1. 0. 1. 0. 1. 1. 0. 1. 0. 0. 1. 0. 1. 0. 1. 0. 1. 1. 1.
 1. 0. 1. 0.]","[0. 1. 0. 0. 0. 1. 1. 1. 0. 0. 0. 0. 0. 1. 0. 0. 1. 1. 0. 0. 0. 0. 0. 1.
 0. 0. 1. 0. 1. 0. 0. 1. 0. 1. 1. 0. 0. 0. 1. 0. 0. 0. 1. 1. 1. 0. 1. 0.
 1. 0. 1. 1. 0. 1. 1. 1. 1. 0. 1. 0. 0. 1. 1. 1. 0. 0. 0. 1. 1. 0. 1. 1.
 0. 0. 1. 0. 0. 1. 0. 1. 0. 1. 1. 1. 0. 1. 0. 1. 1. 1. 1. 1. 1. 1. 1. 0.
 0. 0. 1. 1. 1. 0. 0. 1. 1. 1. 0. 0. 0. 1. 1. 1. 0. 0. 0. 0. 1. 1. 1. 0.
 1. 0. 0. 1. 1. 0. 0. 0. 0. 1. 0. 0. 1. 1. 0. 1. 1. 1. 0. 1. 1. 0. 1. 0.
 1. 1. 0. 0. 0. 1. 1. 0. 1. 1. 0. 1. 0. 0. 0. 1. 1. 1. 0. 1. 0. 1. 1. 0.
 1. 0. 0. 1. 1. 0. 0. 1. 0. 1. 1. 0. 0. 1. 0. 0. 1. 1. 0. 1. 1. 0. 0. 0.
 0. 1. 1. 0. 0. 1. 0. 0. 1. 0. 1. 1. 1. 0. 0. 0. 1. 1. 0. 0. 0. 0. 1. 0.
 0. 1. 0. 1. 1. 1. 1. 0. 0. 0. 0. 1. 1. 1. 1. 0. 1. 1. 1. 1. 0. 1. 0. 0.
 1. 0. 0. 1. 1. 1. 1. 1. 0. 0. 1. 1. 1. 0. 0. 1. 0. 1. 0. 0. 1. 0. 1. 0.
 1. 0. 0. 0.]"
191,randomforest,"{'criterion': 'entropy', 'max_features': 'sqrt', 'n_estimators': 101}",0.5646936241404404,0.19809875796851042,0.12943687928543962,0.3562034702933321,0.5564108084269375,0.2046329167560331,0.5372103386809269,0.07462686567164178,0.5373134328358209,0.5373134328358209,"{0: 0.5709233682334596, 1: 0.5709233682334596}","{0: 0.5709233682334596, 1: 0.5709233682334596}",0.5709233682334596,"[[70 64]
 [60 74]]","[1. 0. 0. 0. 0. 1. 0. 1. 1. 0. 0. 0. 1. 0. 0. 0. 1. 0. 0. 0. 0. 1. 0. 0.
 0. 0. 1. 1. 1. 1. 1. 0. 0. 0. 1. 0. 0. 0. 1. 0. 1. 0. 1. 0. 0. 0. 1. 0.
 0. 0. 1. 0. 1. 1. 1. 1. 1. 1. 0. 1. 1. 0. 1. 0. 1. 0. 1. 1. 1. 1. 0. 0.
 1. 1. 0. 1. 1. 0. 0. 0. 1. 1. 1. 0. 0. 1. 0. 1. 1. 1. 1. 1. 0. 1. 1. 1.
 0. 0. 1. 1. 0. 1. 0. 0. 0. 0. 0. 1. 0. 1. 0. 0. 0. 1. 1. 0. 1. 0. 0. 0.
 0. 1. 1. 1. 1. 1. 1. 1. 1. 0. 0. 1. 1. 0. 1. 1. 0. 1. 0. 1. 1. 0. 0. 0.
 0. 0. 0. 0. 1. 1. 1. 0. 1. 1. 0. 1. 1. 0. 1. 0. 1. 1. 0. 0. 1. 1. 0. 1.
 1. 1. 0. 1. 1. 1. 0. 1. 1. 0. 1. 0. 0. 0. 1. 1. 0. 0. 1. 0. 0. 0. 1. 1.
 1. 1. 0. 1. 1. 1. 0. 1. 0. 0. 1. 1. 0. 0. 0. 0. 1. 1. 0. 1. 1. 1. 0. 0.
 1. 1. 0. 1. 0. 0. 0. 0. 1. 1. 1. 0. 0. 0. 0. 1. 1. 1. 1. 1. 0. 1. 0. 0.
 1. 1. 0. 0. 1. 1. 1. 1. 0. 1. 1. 0. 1. 0. 1. 1. 0. 0. 0. 1. 0. 0. 1. 1.
 1. 0. 1. 0.]","[0. 1. 0. 0. 0. 1. 1. 1. 0. 0. 0. 0. 0. 1. 0. 0. 1. 1. 0. 0. 0. 0. 0. 1.
 0. 0. 1. 0. 1. 0. 0. 1. 0. 1. 1. 0. 0. 0. 1. 0. 0. 0. 1. 1. 1. 0. 1. 0.
 1. 0. 1. 1. 0. 1. 1. 1. 1. 0. 1. 0. 0. 1. 1. 1. 0. 0. 0. 1. 1. 0. 1. 1.
 0. 0. 1. 0. 0. 1. 0. 1. 0. 1. 1. 1. 0. 1. 0. 1. 1. 1. 1. 1. 1. 1. 1. 0.
 0. 0. 1. 1. 1. 0. 0. 1. 1. 1. 0. 0. 0. 1. 1. 1. 0. 0. 0. 0. 1. 1. 1. 0.
 1. 0. 0. 1. 1. 0. 0. 0. 0. 1. 0. 0. 1. 1. 0. 1. 1. 1. 0. 1. 1. 0. 1. 0.
 1. 1. 0. 0. 0. 1. 1. 0. 1. 1. 0. 1. 0. 0. 0. 1. 1. 1. 0. 1. 0. 1. 1. 0.
 1. 0. 0. 1. 1. 0. 0. 1. 0. 1. 1. 0. 0. 1. 0. 0. 1. 1. 0. 1. 1. 0. 0. 0.
 0. 1. 1. 0. 0. 1. 0. 0. 1. 0. 1. 1. 1. 0. 0. 0. 1. 1. 0. 0. 0. 0. 1. 0.
 0. 1. 0. 1. 1. 1. 1. 0. 0. 0. 0. 1. 1. 1. 1. 0. 1. 1. 1. 1. 0. 1. 0. 0.
 1. 0. 0. 1. 1. 1. 1. 1. 0. 0. 1. 1. 1. 0. 0. 1. 0. 1. 0. 0. 1. 0. 1. 0.
 1. 0. 0. 0.]"
85,AdaBoost,"{'algorithm': 'SAMME.R', 'learning_rate': 1.1612244897959183, 'n_estimators': 52}",0.5639600372008866,0.1866028356549045,0.12931794549881329,0.3131693197187118,0.5641466471103568,0.16826382335991105,0.5441414310412135,0.08955223880597019,0.5447761194029851,0.5447761194029851,"{0: 0.5547170862107373, 1: 0.5547170862107373}","{0: 0.5547170862107373, 1: 0.5547170862107373}",0.5547170862107373,"[[68 66]
 [56 78]]","[0. 0. 0. 0. 0. 1. 0. 1. 1. 1. 0. 0. 1. 1. 0. 1. 1. 0. 0. 0. 0. 1. 1. 0.
 0. 1. 1. 0. 1. 1. 1. 0. 0. 0. 1. 0. 0. 0. 0. 0. 0. 1. 1. 0. 0. 0. 1. 1.
 0. 0. 1. 0. 0. 1. 0. 1. 1. 1. 0. 1. 0. 0. 1. 0. 0. 0. 1. 0. 1. 1. 0. 1.
 1. 1. 0. 1. 1. 0. 1. 0. 1. 1. 1. 0. 0. 1. 0. 1. 1. 0. 1. 1. 0. 1. 1. 1.
 0. 0. 1. 1. 0. 1. 0. 0. 1. 0. 0. 1. 0. 1. 0. 0. 0. 0. 1. 0. 1. 0. 0. 0.
 1. 1. 1. 1. 0. 1. 1. 1. 1. 0. 0. 1. 1. 0. 1. 0. 0. 0. 1. 1. 1. 0. 1. 0.
 0. 1. 0. 1. 1. 1. 1. 0. 1. 1. 0. 1. 1. 1. 1. 0. 1. 1. 0. 0. 1. 0. 0. 1.
 1. 1. 1. 1. 1. 0. 0. 1. 0. 1. 1. 1. 0. 1. 1. 1. 0. 0. 1. 0. 1. 0. 0. 1.
 1. 1. 0. 1. 1. 1. 0. 1. 0. 0. 1. 1. 1. 0. 1. 0. 0. 1. 0. 1. 1. 1. 0. 0.
 1. 1. 0. 0. 0. 1. 0. 0. 1. 1. 1. 1. 1. 1. 0. 1. 1. 1. 1. 1. 0. 1. 0. 0.
 1. 1. 0. 0. 1. 1. 0. 1. 0. 1. 1. 0. 1. 0. 0. 1. 0. 1. 0. 1. 1. 0. 1. 1.
 0. 0. 1. 0.]","[0. 1. 0. 0. 0. 1. 1. 1. 0. 0. 0. 0. 0. 1. 0. 0. 1. 1. 0. 0. 0. 0. 0. 1.
 0. 0. 1. 0. 1. 0. 0. 1. 0. 1. 1. 0. 0. 0. 1. 0. 0. 0. 1. 1. 1. 0. 1. 0.
 1. 0. 1. 1. 0. 1. 1. 1. 1. 0. 1. 0. 0. 1. 1. 1. 0. 0. 0. 1. 1. 0. 1. 1.
 0. 0. 1. 0. 0. 1. 0. 1. 0. 1. 1. 1. 0. 1. 0. 1. 1. 1. 1. 1. 1. 1. 1. 0.
 0. 0. 1. 1. 1. 0. 0. 1. 1. 1. 0. 0. 0. 1. 1. 1. 0. 0. 0. 0. 1. 1. 1. 0.
 1. 0. 0. 1. 1. 0. 0. 0. 0. 1. 0. 0. 1. 1. 0. 1. 1. 1. 0. 1. 1. 0. 1. 0.
 1. 1. 0. 0. 0. 1. 1. 0. 1. 1. 0. 1. 0. 0. 0. 1. 1. 1. 0. 1. 0. 1. 1. 0.
 1. 0. 0. 1. 1. 0. 0. 1. 0. 1. 1. 0. 0. 1. 0. 0. 1. 1. 0. 1. 1. 0. 0. 0.
 0. 1. 1. 0. 0. 1. 0. 0. 1. 0. 1. 1. 1. 0. 0. 0. 1. 1. 0. 0. 0. 0. 1. 0.
 0. 1. 0. 1. 1. 1. 1. 0. 0. 0. 0. 1. 1. 1. 1. 0. 1. 1. 1. 1. 0. 1. 0. 0.
 1. 0. 0. 1. 1. 1. 1. 1. 0. 0. 1. 1. 1. 0. 0. 1. 0. 1. 0. 0. 1. 0. 1. 0.
 1. 0. 0. 0.]"
644,randomforest,"{'criterion': 'gini', 'max_features': 'sqrt', 'n_estimators': 185}",0.5616332388094721,0.19170255819666934,0.12927533391880577,0.34416191820934355,0.5562647160933452,0.19384178490110202,0.5369007803790412,0.07462686567164178,0.5373134328358209,0.5373134328358209,"{0: 0.5779405212742259, 1: 0.5779405212742259}","{0: 0.5779405212742259, 1: 0.5779405212742259}",0.5779405212742259,"[[68 66]
 [58 76]]","[1. 0. 0. 0. 0. 1. 0. 1. 1. 0. 0. 0. 1. 0. 0. 0. 1. 0. 0. 0. 0. 1. 0. 0.
 0. 0. 1. 1. 1. 1. 1. 0. 0. 0. 1. 1. 1. 1. 1. 0. 1. 1. 1. 1. 0. 1. 1. 1.
 0. 0. 1. 0. 1. 1. 1. 1. 1. 1. 0. 1. 0. 0. 1. 0. 0. 0. 1. 1. 1. 1. 0. 0.
 0. 1. 0. 1. 1. 0. 1. 0. 1. 1. 1. 0. 0. 1. 1. 1. 1. 1. 1. 1. 0. 1. 1. 1.
 0. 0. 1. 1. 0. 1. 1. 0. 0. 0. 0. 1. 0. 1. 0. 0. 0. 1. 1. 0. 1. 0. 0. 0.
 0. 1. 1. 1. 1. 1. 1. 1. 1. 0. 0. 0. 1. 0. 1. 1. 0. 1. 0. 1. 0. 0. 0. 0.
 0. 0. 0. 0. 1. 1. 1. 0. 0. 1. 0. 1. 1. 0. 1. 0. 1. 1. 0. 0. 1. 1. 0. 1.
 1. 1. 0. 1. 1. 1. 0. 1. 1. 0. 1. 1. 0. 0. 1. 1. 0. 0. 1. 1. 0. 0. 1. 1.
 1. 1. 0. 1. 0. 1. 0. 0. 0. 0. 1. 1. 0. 0. 0. 0. 1. 1. 0. 1. 1. 0. 1. 0.
 1. 1. 0. 1. 0. 0. 0. 0. 1. 1. 1. 0. 0. 0. 1. 1. 1. 1. 1. 1. 0. 1. 0. 0.
 1. 1. 0. 0. 1. 1. 0. 1. 0. 1. 1. 0. 1. 0. 0. 1. 0. 1. 0. 1. 0. 0. 1. 1.
 1. 0. 1. 0.]","[0. 1. 0. 0. 0. 1. 1. 1. 0. 0. 0. 0. 0. 1. 0. 0. 1. 1. 0. 0. 0. 0. 0. 1.
 0. 0. 1. 0. 1. 0. 0. 1. 0. 1. 1. 0. 0. 0. 1. 0. 0. 0. 1. 1. 1. 0. 1. 0.
 1. 0. 1. 1. 0. 1. 1. 1. 1. 0. 1. 0. 0. 1. 1. 1. 0. 0. 0. 1. 1. 0. 1. 1.
 0. 0. 1. 0. 0. 1. 0. 1. 0. 1. 1. 1. 0. 1. 0. 1. 1. 1. 1. 1. 1. 1. 1. 0.
 0. 0. 1. 1. 1. 0. 0. 1. 1. 1. 0. 0. 0. 1. 1. 1. 0. 0. 0. 0. 1. 1. 1. 0.
 1. 0. 0. 1. 1. 0. 0. 0. 0. 1. 0. 0. 1. 1. 0. 1. 1. 1. 0. 1. 1. 0. 1. 0.
 1. 1. 0. 0. 0. 1. 1. 0. 1. 1. 0. 1. 0. 0. 0. 1. 1. 1. 0. 1. 0. 1. 1. 0.
 1. 0. 0. 1. 1. 0. 0. 1. 0. 1. 1. 0. 0. 1. 0. 0. 1. 1. 0. 1. 1. 0. 0. 0.
 0. 1. 1. 0. 0. 1. 0. 0. 1. 0. 1. 1. 1. 0. 0. 0. 1. 1. 0. 0. 0. 0. 1. 0.
 0. 1. 0. 1. 1. 1. 1. 0. 0. 0. 0. 1. 1. 1. 1. 0. 1. 1. 1. 1. 0. 1. 0. 0.
 1. 0. 0. 1. 1. 1. 1. 1. 0. 0. 1. 1. 1. 0. 0. 1. 0. 1. 0. 0. 1. 0. 1. 0.
 1. 0. 0. 0.]"
102,AdaBoost,"{'algorithm': 'SAMME', 'learning_rate': 0.8346938775510203, 'n_estimators': 63}",0.5388119900691059,0.15204056725733026,0.12919569632719075,0.28052753965330585,0.5383361747273038,0.15388084217898879,0.5226032681113683,0.052238805970149294,0.5261194029850746,0.5261194029850746,"{0: 0.5501225217197594, 1: 0.5501225217197594}","{0: 0.5501225217197594, 1: 0.5501225217197594}",0.5501225217197594,"[[59 75]
 [52 82]]","[1. 1. 0. 0. 0. 1. 1. 1. 1. 0. 0. 1. 1. 0. 1. 0. 0. 0. 0. 1. 1. 1. 0. 0.
 1. 1. 1. 1. 1. 1. 1. 0. 0. 0. 1. 0. 1. 1. 0. 0. 0. 0. 1. 1. 0. 0. 1. 1.
 0. 0. 1. 1. 0. 0. 1. 1. 1. 1. 0. 1. 1. 1. 1. 1. 0. 0. 0. 1. 1. 1. 0. 1.
 1. 1. 0. 1. 1. 0. 1. 0. 0. 1. 1. 0. 0. 1. 0. 1. 1. 0. 1. 1. 0. 1. 1. 1.
 0. 0. 1. 0. 1. 1. 0. 1. 1. 0. 0. 1. 0. 1. 0. 0. 0. 1. 1. 0. 1. 1. 0. 1.
 0. 0. 1. 1. 0. 1. 1. 1. 1. 0. 0. 1. 1. 0. 1. 1. 0. 0. 1. 0. 0. 0. 0. 1.
 1. 1. 1. 1. 1. 1. 0. 0. 1. 1. 0. 1. 1. 0. 1. 1. 0. 1. 0. 0. 1. 0. 0. 1.
 1. 1. 1. 1. 1. 0. 0. 1. 0. 1. 0. 1. 0. 0. 1. 1. 1. 0. 1. 1. 1. 1. 1. 1.
 1. 1. 0. 1. 1. 1. 0. 1. 0. 1. 1. 1. 1. 0. 1. 0. 0. 1. 0. 1. 1. 1. 1. 0.
 0. 0. 0. 1. 0. 1. 0. 0. 0. 1. 1. 0. 0. 1. 0. 1. 1. 1. 1. 1. 0. 1. 0. 0.
 1. 1. 0. 1. 1. 1. 0. 0. 0. 1. 1. 1. 1. 0. 0. 1. 1. 1. 0. 1. 0. 1. 1. 1.
 1. 0. 1. 0.]","[0. 1. 0. 0. 0. 1. 1. 1. 0. 0. 0. 0. 0. 1. 0. 0. 1. 1. 0. 0. 0. 0. 0. 1.
 0. 0. 1. 0. 1. 0. 0. 1. 0. 1. 1. 0. 0. 0. 1. 0. 0. 0. 1. 1. 1. 0. 1. 0.
 1. 0. 1. 1. 0. 1. 1. 1. 1. 0. 1. 0. 0. 1. 1. 1. 0. 0. 0. 1. 1. 0. 1. 1.
 0. 0. 1. 0. 0. 1. 0. 1. 0. 1. 1. 1. 0. 1. 0. 1. 1. 1. 1. 1. 1. 1. 1. 0.
 0. 0. 1. 1. 1. 0. 0. 1. 1. 1. 0. 0. 0. 1. 1. 1. 0. 0. 0. 0. 1. 1. 1. 0.
 1. 0. 0. 1. 1. 0. 0. 0. 0. 1. 0. 0. 1. 1. 0. 1. 1. 1. 0. 1. 1. 0. 1. 0.
 1. 1. 0. 0. 0. 1. 1. 0. 1. 1. 0. 1. 0. 0. 0. 1. 1. 1. 0. 1. 0. 1. 1. 0.
 1. 0. 0. 1. 1. 0. 0. 1. 0. 1. 1. 0. 0. 1. 0. 0. 1. 1. 0. 1. 1. 0. 0. 0.
 0. 1. 1. 0. 0. 1. 0. 0. 1. 0. 1. 1. 1. 0. 0. 0. 1. 1. 0. 0. 0. 0. 1. 0.
 0. 1. 0. 1. 1. 1. 1. 0. 0. 0. 0. 1. 1. 1. 1. 0. 1. 1. 1. 1. 0. 1. 0. 0.
 1. 0. 0. 1. 1. 1. 1. 1. 0. 0. 1. 1. 1. 0. 0. 1. 0. 1. 0. 0. 1. 0. 1. 0.
 1. 0. 0. 0.]"
580,randomforest,"{'criterion': 'gini', 'max_features': 'sqrt', 'n_estimators': 107}",0.5634011579072064,0.20736464681231107,0.129103282794023,0.39275789451014587,0.5606257504442987,0.2096263478072181,0.5438616071428571,0.08955223880597019,0.5447761194029851,0.5447761194029851,"{0: 0.578748050790822, 1: 0.5787480507908219}","{0: 0.578748050790822, 1: 0.5787480507908219}",0.5787480507908219,"[[67 67]
 [55 79]]","[1. 0. 0. 0. 0. 1. 0. 1. 1. 0. 0. 1. 1. 0. 0. 0. 1. 0. 0. 0. 0. 1. 0. 0.
 1. 0. 0. 1. 1. 1. 1. 0. 0. 0. 1. 0. 1. 0. 1. 0. 1. 0. 1. 0. 0. 1. 1. 1.
 0. 0. 1. 1. 1. 1. 1. 1. 1. 1. 0. 1. 0. 0. 1. 1. 0. 0. 1. 1. 1. 1. 0. 0.
 1. 1. 0. 1. 1. 0. 0. 0. 1. 1. 1. 0. 0. 1. 0. 0. 1. 1. 1. 1. 0. 1. 1. 1.
 0. 0. 1. 1. 0. 1. 0. 1. 0. 0. 0. 1. 0. 1. 0. 0. 0. 1. 1. 0. 1. 0. 0. 0.
 0. 1. 1. 1. 1. 1. 1. 1. 1. 0. 0. 1. 1. 0. 1. 1. 0. 1. 0. 1. 1. 0. 1. 0.
 0. 0. 0. 0. 1. 1. 1. 0. 1. 1. 0. 1. 1. 0. 1. 0. 1. 1. 0. 0. 1. 1. 0. 1.
 1. 1. 1. 1. 1. 1. 0. 1. 1. 0. 1. 0. 0. 0. 1. 1. 0. 0. 1. 1. 0. 0. 1. 1.
 1. 1. 1. 0. 1. 1. 0. 1. 0. 0. 1. 1. 0. 0. 0. 0. 1. 1. 0. 1. 1. 0. 0. 0.
 1. 1. 1. 1. 0. 0. 0. 0. 1. 1. 1. 0. 0. 0. 1. 1. 1. 1. 1. 1. 0. 1. 0. 0.
 1. 1. 0. 0. 1. 1. 0. 1. 0. 1. 1. 0. 1. 0. 1. 1. 0. 1. 0. 1. 0. 0. 1. 1.
 1. 0. 1. 0.]","[0. 1. 0. 0. 0. 1. 1. 1. 0. 0. 0. 0. 0. 1. 0. 0. 1. 1. 0. 0. 0. 0. 0. 1.
 0. 0. 1. 0. 1. 0. 0. 1. 0. 1. 1. 0. 0. 0. 1. 0. 0. 0. 1. 1. 1. 0. 1. 0.
 1. 0. 1. 1. 0. 1. 1. 1. 1. 0. 1. 0. 0. 1. 1. 1. 0. 0. 0. 1. 1. 0. 1. 1.
 0. 0. 1. 0. 0. 1. 0. 1. 0. 1. 1. 1. 0. 1. 0. 1. 1. 1. 1. 1. 1. 1. 1. 0.
 0. 0. 1. 1. 1. 0. 0. 1. 1. 1. 0. 0. 0. 1. 1. 1. 0. 0. 0. 0. 1. 1. 1. 0.
 1. 0. 0. 1. 1. 0. 0. 0. 0. 1. 0. 0. 1. 1. 0. 1. 1. 1. 0. 1. 1. 0. 1. 0.
 1. 1. 0. 0. 0. 1. 1. 0. 1. 1. 0. 1. 0. 0. 0. 1. 1. 1. 0. 1. 0. 1. 1. 0.
 1. 0. 0. 1. 1. 0. 0. 1. 0. 1. 1. 0. 0. 1. 0. 0. 1. 1. 0. 1. 1. 0. 0. 0.
 0. 1. 1. 0. 0. 1. 0. 0. 1. 0. 1. 1. 1. 0. 0. 0. 1. 1. 0. 0. 0. 0. 1. 0.
 0. 1. 0. 1. 1. 1. 1. 0. 0. 0. 0. 1. 1. 1. 1. 0. 1. 1. 1. 1. 0. 1. 0. 0.
 1. 0. 0. 1. 1. 1. 1. 1. 0. 0. 1. 1. 1. 0. 0. 1. 0. 1. 0. 0. 1. 0. 1. 0.
 1. 0. 0. 0.]"
894,randomforest,"{'criterion': 'gini', 'max_features': 'sqrt', 'n_estimators': 223}",0.5618649113249595,0.17128508662951814,0.1283093855287741,0.3007640910807155,0.5507132130116,0.17730606132377874,0.5446746880570411,0.08955223880597019,0.5447761194029851,0.544776119402985,"{0: 0.5798897304522165, 1: 0.5798897304522166}","{0: 0.5798897304522165, 1: 0.5798897304522166}",0.5798897304522166,"[[71 63]
 [59 75]]","[1. 0. 0. 0. 0. 1. 0. 1. 1. 0. 0. 0. 1. 0. 0. 0. 1. 0. 0. 1. 0. 1. 0. 0.
 0. 0. 1. 1. 1. 1. 1. 0. 0. 0. 1. 0. 1. 0. 1. 0. 1. 0. 1. 0. 0. 0. 1. 0.
 0. 0. 1. 0. 1. 1. 1. 1. 1. 1. 0. 1. 1. 0. 1. 0. 0. 0. 1. 1. 1. 1. 0. 0.
 1. 1. 0. 1. 1. 0. 0. 0. 1. 1. 1. 0. 0. 1. 0. 1. 1. 1. 0. 1. 0. 1. 1. 1.
 0. 0. 1. 1. 0. 1. 1. 0. 0. 0. 0. 1. 0. 1. 0. 0. 0. 1. 1. 0. 1. 0. 0. 0.
 0. 1. 1. 1. 1. 1. 1. 1. 1. 0. 0. 1. 1. 0. 1. 1. 0. 1. 0. 1. 1. 0. 0. 0.
 1. 0. 0. 0. 1. 1. 1. 0. 1. 1. 0. 1. 1. 0. 1. 0. 1. 1. 0. 0. 1. 0. 0. 1.
 1. 1. 0. 1. 1. 0. 0. 1. 1. 0. 1. 0. 0. 0. 1. 1. 0. 0. 1. 1. 0. 0. 1. 1.
 0. 1. 1. 0. 1. 1. 0. 0. 0. 0. 1. 1. 0. 0. 1. 1. 1. 1. 0. 1. 1. 1. 0. 0.
 1. 1. 0. 0. 0. 0. 0. 0. 1. 1. 1. 0. 0. 1. 0. 1. 1. 1. 1. 1. 0. 1. 0. 0.
 1. 1. 0. 0. 1. 1. 0. 1. 0. 1. 1. 0. 1. 0. 0. 1. 0. 1. 0. 1. 0. 0. 1. 1.
 1. 0. 1. 0.]","[0. 1. 0. 0. 0. 1. 1. 1. 0. 0. 0. 0. 0. 1. 0. 0. 1. 1. 0. 0. 0. 0. 0. 1.
 0. 0. 1. 0. 1. 0. 0. 1. 0. 1. 1. 0. 0. 0. 1. 0. 0. 0. 1. 1. 1. 0. 1. 0.
 1. 0. 1. 1. 0. 1. 1. 1. 1. 0. 1. 0. 0. 1. 1. 1. 0. 0. 0. 1. 1. 0. 1. 1.
 0. 0. 1. 0. 0. 1. 0. 1. 0. 1. 1. 1. 0. 1. 0. 1. 1. 1. 1. 1. 1. 1. 1. 0.
 0. 0. 1. 1. 1. 0. 0. 1. 1. 1. 0. 0. 0. 1. 1. 1. 0. 0. 0. 0. 1. 1. 1. 0.
 1. 0. 0. 1. 1. 0. 0. 0. 0. 1. 0. 0. 1. 1. 0. 1. 1. 1. 0. 1. 1. 0. 1. 0.
 1. 1. 0. 0. 0. 1. 1. 0. 1. 1. 0. 1. 0. 0. 0. 1. 1. 1. 0. 1. 0. 1. 1. 0.
 1. 0. 0. 1. 1. 0. 0. 1. 0. 1. 1. 0. 0. 1. 0. 0. 1. 1. 0. 1. 1. 0. 0. 0.
 0. 1. 1. 0. 0. 1. 0. 0. 1. 0. 1. 1. 1. 0. 0. 0. 1. 1. 0. 0. 0. 0. 1. 0.
 0. 1. 0. 1. 1. 1. 1. 0. 0. 0. 0. 1. 1. 1. 1. 0. 1. 1. 1. 1. 0. 1. 0. 0.
 1. 0. 0. 1. 1. 1. 1. 1. 0. 0. 1. 1. 1. 0. 0. 1. 0. 1. 0. 0. 1. 0. 1. 0.
 1. 0. 0. 0.]"
145,randomforest,"{'criterion': 'gini', 'max_features': 'sqrt', 'n_estimators': 87}",0.5802838378136844,0.18500449753695208,0.12793965408335828,0.3208760889405941,0.5737176391410262,0.17780296440633575,0.5520142642224327,0.10447761194029848,0.5522388059701493,0.5522388059701493,"{0: 0.5676097126308755, 1: 0.5676097126308755}","{0: 0.5676097126308755, 1: 0.5676097126308755}",0.5676097126308755,"[[71 63]
 [57 77]]","[1. 0. 0. 0. 0. 1. 0. 1. 1. 0. 0. 0. 1. 0. 0. 0. 1. 0. 0. 1. 0. 0. 1. 0.
 0. 0. 1. 1. 1. 1. 1. 0. 0. 0. 1. 1. 0. 0. 1. 0. 1. 0. 1. 1. 0. 0. 1. 0.
 0. 0. 1. 0. 0. 1. 1. 1. 1. 1. 0. 1. 0. 0. 1. 0. 0. 0. 1. 1. 1. 1. 0. 0.
 1. 1. 0. 1. 1. 0. 0. 0. 1. 1. 1. 0. 0. 1. 1. 0. 1. 1. 1. 1. 0. 1. 1. 1.
 0. 0. 1. 1. 0. 1. 1. 0. 1. 0. 0. 1. 0. 1. 0. 0. 0. 1. 1. 0. 1. 0. 0. 0.
 0. 1. 1. 1. 1. 1. 1. 1. 1. 0. 0. 1. 1. 0. 1. 1. 0. 1. 0. 1. 1. 0. 0. 0.
 1. 0. 0. 0. 1. 1. 1. 0. 1. 0. 0. 1. 1. 0. 1. 0. 1. 1. 0. 0. 1. 1. 0. 1.
 1. 1. 0. 1. 1. 0. 0. 1. 1. 0. 1. 0. 0. 0. 1. 1. 0. 0. 1. 1. 0. 0. 1. 1.
 0. 1. 0. 0. 1. 1. 0. 0. 0. 0. 1. 1. 0. 1. 0. 1. 1. 1. 0. 1. 1. 1. 0. 0.
 1. 0. 0. 1. 0. 0. 0. 0. 1. 1. 1. 0. 1. 0. 1. 1. 1. 1. 1. 1. 0. 1. 0. 0.
 1. 1. 0. 0. 1. 1. 0. 1. 0. 1. 1. 0. 1. 0. 1. 1. 0. 1. 0. 1. 0. 0. 1. 1.
 1. 0. 1. 0.]","[0. 1. 0. 0. 0. 1. 1. 1. 0. 0. 0. 0. 0. 1. 0. 0. 1. 1. 0. 0. 0. 0. 0. 1.
 0. 0. 1. 0. 1. 0. 0. 1. 0. 1. 1. 0. 0. 0. 1. 0. 0. 0. 1. 1. 1. 0. 1. 0.
 1. 0. 1. 1. 0. 1. 1. 1. 1. 0. 1. 0. 0. 1. 1. 1. 0. 0. 0. 1. 1. 0. 1. 1.
 0. 0. 1. 0. 0. 1. 0. 1. 0. 1. 1. 1. 0. 1. 0. 1. 1. 1. 1. 1. 1. 1. 1. 0.
 0. 0. 1. 1. 1. 0. 0. 1. 1. 1. 0. 0. 0. 1. 1. 1. 0. 0. 0. 0. 1. 1. 1. 0.
 1. 0. 0. 1. 1. 0. 0. 0. 0. 1. 0. 0. 1. 1. 0. 1. 1. 1. 0. 1. 1. 0. 1. 0.
 1. 1. 0. 0. 0. 1. 1. 0. 1. 1. 0. 1. 0. 0. 0. 1. 1. 1. 0. 1. 0. 1. 1. 0.
 1. 0. 0. 1. 1. 0. 0. 1. 0. 1. 1. 0. 0. 1. 0. 0. 1. 1. 0. 1. 1. 0. 0. 0.
 0. 1. 1. 0. 0. 1. 0. 0. 1. 0. 1. 1. 1. 0. 0. 0. 1. 1. 0. 0. 0. 0. 1. 0.
 0. 1. 0. 1. 1. 1. 1. 0. 0. 0. 0. 1. 1. 1. 1. 0. 1. 1. 1. 1. 0. 1. 0. 0.
 1. 0. 0. 1. 1. 1. 1. 1. 0. 0. 1. 1. 1. 0. 0. 1. 0. 1. 0. 0. 1. 0. 1. 0.
 1. 0. 0. 0.]"
326,randomforest,"{'criterion': 'gini', 'max_features': 'log2', 'n_estimators': 109}",0.5804010866321113,0.15228980356659563,0.12696218157640438,0.30454238087499436,0.5728773895608573,0.16083720065492121,0.5596769702032859,0.11940298507462688,0.5597014925373134,0.5597014925373134,"{0: 0.597711071508131, 1: 0.5977110715081311}","{0: 0.597711071508131, 1: 0.5977110715081311}",0.5977110715081311,"[[74 60]
 [58 76]]","[1. 0. 0. 0. 0. 1. 0. 1. 1. 0. 0. 0. 1. 0. 0. 0. 1. 0. 0. 0. 0. 1. 0. 0.
 0. 0. 1. 1. 1. 1. 1. 0. 0. 0. 1. 0. 1. 0. 1. 0. 1. 0. 1. 1. 0. 1. 1. 0.
 0. 0. 1. 0. 0. 1. 1. 1. 1. 1. 0. 1. 1. 0. 1. 1. 0. 0. 1. 1. 1. 1. 0. 0.
 1. 1. 0. 1. 1. 0. 1. 0. 1. 1. 1. 0. 0. 1. 1. 1. 1. 1. 1. 1. 0. 1. 1. 1.
 0. 0. 0. 1. 0. 1. 1. 1. 0. 0. 0. 0. 0. 1. 0. 0. 0. 1. 1. 0. 1. 0. 0. 0.
 0. 1. 1. 1. 1. 1. 1. 1. 1. 0. 0. 1. 1. 0. 1. 1. 0. 1. 0. 1. 1. 0. 0. 0.
 1. 0. 0. 0. 0. 1. 1. 0. 0. 1. 0. 1. 1. 0. 1. 0. 1. 1. 0. 0. 1. 1. 0. 1.
 1. 1. 0. 1. 1. 0. 0. 1. 1. 0. 1. 0. 0. 0. 1. 1. 0. 0. 1. 0. 1. 0. 0. 1.
 1. 1. 1. 1. 0. 1. 0. 0. 0. 0. 1. 1. 0. 0. 0. 0. 1. 1. 0. 1. 1. 1. 0. 0.
 1. 0. 0. 1. 0. 0. 0. 0. 1. 1. 1. 0. 0. 0. 0. 1. 1. 1. 1. 1. 0. 1. 0. 0.
 1. 1. 0. 0. 1. 1. 0. 1. 0. 1. 1. 0. 1. 0. 0. 1. 0. 0. 0. 1. 0. 0. 1. 1.
 1. 0. 1. 0.]","[0. 1. 0. 0. 0. 1. 1. 1. 0. 0. 0. 0. 0. 1. 0. 0. 1. 1. 0. 0. 0. 0. 0. 1.
 0. 0. 1. 0. 1. 0. 0. 1. 0. 1. 1. 0. 0. 0. 1. 0. 0. 0. 1. 1. 1. 0. 1. 0.
 1. 0. 1. 1. 0. 1. 1. 1. 1. 0. 1. 0. 0. 1. 1. 1. 0. 0. 0. 1. 1. 0. 1. 1.
 0. 0. 1. 0. 0. 1. 0. 1. 0. 1. 1. 1. 0. 1. 0. 1. 1. 1. 1. 1. 1. 1. 1. 0.
 0. 0. 1. 1. 1. 0. 0. 1. 1. 1. 0. 0. 0. 1. 1. 1. 0. 0. 0. 0. 1. 1. 1. 0.
 1. 0. 0. 1. 1. 0. 0. 0. 0. 1. 0. 0. 1. 1. 0. 1. 1. 1. 0. 1. 1. 0. 1. 0.
 1. 1. 0. 0. 0. 1. 1. 0. 1. 1. 0. 1. 0. 0. 0. 1. 1. 1. 0. 1. 0. 1. 1. 0.
 1. 0. 0. 1. 1. 0. 0. 1. 0. 1. 1. 0. 0. 1. 0. 0. 1. 1. 0. 1. 1. 0. 0. 0.
 0. 1. 1. 0. 0. 1. 0. 0. 1. 0. 1. 1. 1. 0. 0. 0. 1. 1. 0. 0. 0. 0. 1. 0.
 0. 1. 0. 1. 1. 1. 1. 0. 0. 0. 0. 1. 1. 1. 1. 0. 1. 1. 1. 1. 0. 1. 0. 0.
 1. 0. 0. 1. 1. 1. 1. 1. 0. 0. 1. 1. 1. 0. 0. 1. 0. 1. 0. 0. 1. 0. 1. 0.
 1. 0. 0. 0.]"
555,randomforest,"{'criterion': 'gini', 'max_features': 'sqrt', 'n_estimators': 259}",0.5772688942014131,0.17909652588292446,0.1268667945993445,0.3450842528794457,0.5696090125525609,0.18620718528364205,0.5556670149773598,0.11194029850746268,0.5559701492537313,0.5559701492537313,"{0: 0.5901370015593673, 1: 0.5901370015593673}","{0: 0.5901370015593673, 1: 0.5901370015593673}",0.5901370015593673,"[[71 63]
 [56 78]]","[1. 0. 0. 0. 0. 1. 0. 1. 1. 0. 0. 0. 1. 0. 0. 0. 1. 0. 0. 0. 0. 1. 0. 0.
 0. 0. 1. 1. 1. 1. 1. 0. 0. 0. 1. 0. 1. 0. 1. 0. 1. 0. 1. 1. 0. 1. 1. 1.
 0. 0. 1. 0. 1. 1. 1. 1. 1. 1. 0. 1. 0. 0. 1. 1. 0. 0. 1. 1. 1. 1. 0. 0.
 1. 1. 0. 1. 1. 0. 0. 0. 1. 1. 1. 0. 0. 1. 0. 1. 1. 1. 1. 1. 0. 1. 1. 1.
 0. 0. 1. 1. 0. 1. 0. 0. 0. 0. 0. 0. 0. 1. 0. 0. 0. 1. 1. 1. 1. 0. 0. 0.
 0. 1. 1. 1. 1. 1. 1. 1. 1. 0. 0. 1. 1. 0. 1. 1. 0. 1. 0. 1. 0. 0. 0. 0.
 1. 0. 0. 0. 1. 1. 1. 0. 1. 0. 0. 1. 1. 0. 1. 0. 1. 1. 0. 0. 1. 1. 0. 1.
 1. 1. 0. 1. 1. 0. 0. 1. 1. 0. 1. 0. 0. 0. 1. 1. 0. 0. 1. 1. 0. 0. 1. 1.
 1. 1. 1. 0. 1. 1. 0. 1. 0. 0. 1. 1. 0. 0. 0. 1. 1. 1. 0. 1. 1. 1. 0. 0.
 1. 1. 0. 1. 0. 1. 0. 0. 1. 1. 1. 0. 0. 0. 1. 1. 1. 1. 1. 1. 0. 1. 0. 0.
 1. 1. 0. 0. 1. 1. 0. 1. 0. 1. 1. 0. 1. 0. 0. 1. 0. 0. 0. 1. 0. 0. 1. 1.
 1. 0. 1. 0.]","[0. 1. 0. 0. 0. 1. 1. 1. 0. 0. 0. 0. 0. 1. 0. 0. 1. 1. 0. 0. 0. 0. 0. 1.
 0. 0. 1. 0. 1. 0. 0. 1. 0. 1. 1. 0. 0. 0. 1. 0. 0. 0. 1. 1. 1. 0. 1. 0.
 1. 0. 1. 1. 0. 1. 1. 1. 1. 0. 1. 0. 0. 1. 1. 1. 0. 0. 0. 1. 1. 0. 1. 1.
 0. 0. 1. 0. 0. 1. 0. 1. 0. 1. 1. 1. 0. 1. 0. 1. 1. 1. 1. 1. 1. 1. 1. 0.
 0. 0. 1. 1. 1. 0. 0. 1. 1. 1. 0. 0. 0. 1. 1. 1. 0. 0. 0. 0. 1. 1. 1. 0.
 1. 0. 0. 1. 1. 0. 0. 0. 0. 1. 0. 0. 1. 1. 0. 1. 1. 1. 0. 1. 1. 0. 1. 0.
 1. 1. 0. 0. 0. 1. 1. 0. 1. 1. 0. 1. 0. 0. 0. 1. 1. 1. 0. 1. 0. 1. 1. 0.
 1. 0. 0. 1. 1. 0. 0. 1. 0. 1. 1. 0. 0. 1. 0. 0. 1. 1. 0. 1. 1. 0. 0. 0.
 0. 1. 1. 0. 0. 1. 0. 0. 1. 0. 1. 1. 1. 0. 0. 0. 1. 1. 0. 0. 0. 0. 1. 0.
 0. 1. 0. 1. 1. 1. 1. 0. 0. 0. 0. 1. 1. 1. 1. 0. 1. 1. 1. 1. 0. 1. 0. 0.
 1. 0. 0. 1. 1. 1. 1. 1. 0. 0. 1. 1. 1. 0. 0. 1. 0. 1. 0. 0. 1. 0. 1. 0.
 1. 0. 0. 0.]"
767,randomforest,"{'criterion': 'gini', 'max_features': 'sqrt', 'n_estimators': 155}",0.5737841011059438,0.15771598606008125,0.1266545400773937,0.31060152774194977,0.565209771560578,0.17128025499545282,0.5594806931520588,0.11940298507462688,0.5597014925373134,0.5597014925373134,"{0: 0.576882379149031, 1: 0.576882379149031}","{0: 0.576882379149031, 1: 0.576882379149031}",0.576882379149031,"[[72 62]
 [56 78]]","[1. 0. 0. 0. 0. 1. 0. 1. 1. 0. 0. 0. 1. 0. 0. 0. 0. 0. 0. 1. 0. 1. 1. 0.
 0. 0. 1. 1. 1. 1. 1. 0. 0. 0. 1. 1. 1. 0. 1. 0. 1. 0. 1. 0. 0. 0. 1. 0.
 0. 0. 1. 0. 0. 1. 1. 1. 1. 1. 0. 1. 1. 0. 1. 0. 0. 0. 1. 1. 1. 1. 0. 0.
 1. 1. 0. 1. 1. 0. 0. 0. 1. 1. 1. 1. 0. 1. 0. 1. 1. 1. 1. 1. 0. 1. 1. 1.
 0. 0. 1. 1. 0. 1. 1. 1. 0. 0. 0. 0. 0. 1. 0. 0. 0. 1. 1. 1. 1. 0. 0. 0.
 0. 1. 1. 1. 1. 1. 1. 1. 1. 0. 0. 1. 1. 0. 1. 1. 0. 1. 0. 1. 1. 0. 0. 0.
 1. 0. 0. 0. 1. 1. 1. 0. 1. 0. 0. 1. 1. 0. 1. 0. 1. 1. 0. 0. 1. 1. 0. 1.
 1. 1. 0. 1. 1. 0. 0. 1. 1. 0. 1. 0. 0. 1. 1. 1. 0. 0. 1. 1. 0. 0. 1. 1.
 1. 1. 1. 1. 1. 1. 0. 0. 0. 0. 1. 1. 0. 0. 0. 0. 1. 1. 0. 1. 1. 1. 0. 0.
 0. 1. 0. 0. 0. 0. 0. 0. 1. 1. 1. 0. 1. 0. 1. 1. 1. 1. 1. 1. 0. 1. 0. 0.
 1. 1. 0. 0. 1. 1. 0. 1. 0. 0. 1. 0. 1. 0. 0. 1. 0. 0. 0. 1. 0. 0. 1. 1.
 1. 0. 1. 0.]","[0. 1. 0. 0. 0. 1. 1. 1. 0. 0. 0. 0. 0. 1. 0. 0. 1. 1. 0. 0. 0. 0. 0. 1.
 0. 0. 1. 0. 1. 0. 0. 1. 0. 1. 1. 0. 0. 0. 1. 0. 0. 0. 1. 1. 1. 0. 1. 0.
 1. 0. 1. 1. 0. 1. 1. 1. 1. 0. 1. 0. 0. 1. 1. 1. 0. 0. 0. 1. 1. 0. 1. 1.
 0. 0. 1. 0. 0. 1. 0. 1. 0. 1. 1. 1. 0. 1. 0. 1. 1. 1. 1. 1. 1. 1. 1. 0.
 0. 0. 1. 1. 1. 0. 0. 1. 1. 1. 0. 0. 0. 1. 1. 1. 0. 0. 0. 0. 1. 1. 1. 0.
 1. 0. 0. 1. 1. 0. 0. 0. 0. 1. 0. 0. 1. 1. 0. 1. 1. 1. 0. 1. 1. 0. 1. 0.
 1. 1. 0. 0. 0. 1. 1. 0. 1. 1. 0. 1. 0. 0. 0. 1. 1. 1. 0. 1. 0. 1. 1. 0.
 1. 0. 0. 1. 1. 0. 0. 1. 0. 1. 1. 0. 0. 1. 0. 0. 1. 1. 0. 1. 1. 0. 0. 0.
 0. 1. 1. 0. 0. 1. 0. 0. 1. 0. 1. 1. 1. 0. 0. 0. 1. 1. 0. 0. 0. 0. 1. 0.
 0. 1. 0. 1. 1. 1. 1. 0. 0. 0. 0. 1. 1. 1. 1. 0. 1. 1. 1. 1. 0. 1. 0. 0.
 1. 0. 0. 1. 1. 1. 1. 1. 0. 0. 1. 1. 1. 0. 0. 1. 0. 1. 0. 0. 1. 0. 1. 0.
 1. 0. 0. 0.]"
821,randomforest,"{'criterion': 'entropy', 'max_features': 'sqrt', 'n_estimators': 37}",0.5634603212467506,0.19052576583519332,0.12597718937384264,0.3431090059582315,0.5610356377493474,0.18608475373308023,0.5246302322658137,0.052238805970149294,0.5261194029850746,0.5261194029850746,"{0: 0.5549120071285364, 1: 0.5549120071285364}","{0: 0.5549120071285364, 1: 0.5549120071285364}",0.5549120071285364,"[[63 71]
 [56 78]]","[1. 0. 0. 0. 0. 1. 0. 1. 1. 0. 0. 0. 1. 0. 0. 0. 1. 0. 0. 0. 0. 1. 0. 0.
 1. 1. 1. 1. 1. 1. 1. 0. 0. 0. 1. 0. 1. 1. 1. 0. 1. 1. 1. 0. 0. 0. 1. 1.
 0. 0. 1. 0. 1. 1. 1. 1. 1. 1. 0. 1. 0. 0. 1. 0. 0. 0. 1. 1. 1. 1. 0. 0.
 1. 1. 0. 1. 1. 0. 0. 0. 1. 1. 1. 0. 0. 1. 1. 1. 1. 1. 0. 1. 0. 1. 1. 1.
 0. 0. 1. 1. 1. 1. 1. 0. 1. 0. 0. 1. 0. 1. 0. 0. 0. 1. 1. 0. 1. 0. 0. 0.
 0. 1. 1. 1. 1. 1. 1. 1. 1. 0. 0. 1. 1. 0. 1. 0. 0. 1. 0. 1. 0. 0. 0. 0.
 0. 1. 0. 0. 0. 1. 0. 0. 0. 1. 0. 1. 1. 0. 1. 0. 1. 1. 0. 1. 1. 1. 0. 1.
 1. 1. 1. 1. 1. 1. 0. 1. 1. 0. 1. 1. 0. 1. 1. 1. 0. 1. 1. 0. 0. 0. 1. 1.
 1. 1. 1. 1. 1. 1. 0. 1. 0. 0. 1. 1. 0. 1. 1. 0. 1. 1. 0. 1. 1. 0. 1. 0.
 1. 1. 0. 1. 0. 1. 0. 0. 0. 1. 1. 0. 0. 0. 0. 1. 1. 1. 1. 1. 0. 1. 0. 0.
 1. 1. 0. 0. 1. 1. 0. 1. 0. 1. 1. 0. 1. 0. 1. 1. 0. 0. 0. 1. 1. 0. 1. 1.
 1. 0. 1. 0.]","[0. 1. 0. 0. 0. 1. 1. 1. 0. 0. 0. 0. 0. 1. 0. 0. 1. 1. 0. 0. 0. 0. 0. 1.
 0. 0. 1. 0. 1. 0. 0. 1. 0. 1. 1. 0. 0. 0. 1. 0. 0. 0. 1. 1. 1. 0. 1. 0.
 1. 0. 1. 1. 0. 1. 1. 1. 1. 0. 1. 0. 0. 1. 1. 1. 0. 0. 0. 1. 1. 0. 1. 1.
 0. 0. 1. 0. 0. 1. 0. 1. 0. 1. 1. 1. 0. 1. 0. 1. 1. 1. 1. 1. 1. 1. 1. 0.
 0. 0. 1. 1. 1. 0. 0. 1. 1. 1. 0. 0. 0. 1. 1. 1. 0. 0. 0. 0. 1. 1. 1. 0.
 1. 0. 0. 1. 1. 0. 0. 0. 0. 1. 0. 0. 1. 1. 0. 1. 1. 1. 0. 1. 1. 0. 1. 0.
 1. 1. 0. 0. 0. 1. 1. 0. 1. 1. 0. 1. 0. 0. 0. 1. 1. 1. 0. 1. 0. 1. 1. 0.
 1. 0. 0. 1. 1. 0. 0. 1. 0. 1. 1. 0. 0. 1. 0. 0. 1. 1. 0. 1. 1. 0. 0. 0.
 0. 1. 1. 0. 0. 1. 0. 0. 1. 0. 1. 1. 1. 0. 0. 0. 1. 1. 0. 0. 0. 0. 1. 0.
 0. 1. 0. 1. 1. 1. 1. 0. 0. 0. 0. 1. 1. 1. 1. 0. 1. 1. 1. 1. 0. 1. 0. 0.
 1. 0. 0. 1. 1. 1. 1. 1. 0. 0. 1. 1. 1. 0. 0. 1. 0. 1. 0. 0. 1. 0. 1. 0.
 1. 0. 0. 0.]"
732,randomforest,"{'criterion': 'gini', 'max_features': 'log2', 'n_estimators': 109}",0.5702907103945476,0.16062559079629124,0.12507323646032198,0.30579278459768666,0.5620864947477852,0.16777163194944972,0.5441414310412135,0.08955223880597019,0.5447761194029851,0.5447761194029851,"{0: 0.5780797505012253, 1: 0.5780797505012253}","{0: 0.5780797505012253, 1: 0.5780797505012253}",0.5780797505012253,"[[68 66]
 [56 78]]","[1. 0. 0. 0. 0. 1. 0. 1. 1. 0. 0. 0. 1. 0. 0. 0. 1. 0. 0. 1. 0. 1. 0. 0.
 0. 0. 1. 1. 1. 1. 1. 0. 0. 0. 1. 0. 0. 0. 0. 0. 1. 0. 1. 0. 0. 1. 1. 1.
 0. 0. 1. 1. 1. 1. 1. 1. 1. 1. 0. 1. 1. 0. 1. 0. 0. 0. 1. 1. 1. 1. 0. 0.
 1. 1. 0. 1. 1. 0. 0. 0. 1. 1. 1. 0. 0. 1. 0. 1. 1. 1. 1. 1. 0. 1. 1. 1.
 0. 0. 1. 1. 0. 1. 1. 1. 0. 0. 0. 1. 0. 1. 0. 0. 1. 1. 1. 0. 1. 0. 0. 0.
 0. 1. 1. 1. 1. 1. 1. 1. 1. 0. 0. 1. 1. 0. 1. 1. 0. 1. 0. 1. 1. 0. 1. 0.
 1. 0. 0. 0. 0. 1. 1. 0. 1. 1. 0. 1. 1. 0. 1. 0. 1. 1. 0. 0. 1. 1. 0. 1.
 1. 1. 0. 1. 1. 0. 0. 1. 1. 0. 1. 0. 0. 0. 1. 1. 0. 1. 1. 0. 0. 0. 1. 1.
 1. 1. 0. 1. 1. 1. 0. 1. 0. 0. 1. 1. 0. 0. 0. 0. 1. 1. 0. 1. 1. 1. 0. 0.
 1. 1. 0. 0. 0. 0. 0. 0. 1. 1. 1. 0. 1. 0. 1. 1. 1. 1. 1. 1. 0. 1. 0. 0.
 1. 1. 0. 0. 1. 1. 0. 1. 0. 1. 1. 0. 1. 0. 1. 1. 0. 0. 0. 1. 0. 0. 1. 1.
 1. 0. 1. 0.]","[0. 1. 0. 0. 0. 1. 1. 1. 0. 0. 0. 0. 0. 1. 0. 0. 1. 1. 0. 0. 0. 0. 0. 1.
 0. 0. 1. 0. 1. 0. 0. 1. 0. 1. 1. 0. 0. 0. 1. 0. 0. 0. 1. 1. 1. 0. 1. 0.
 1. 0. 1. 1. 0. 1. 1. 1. 1. 0. 1. 0. 0. 1. 1. 1. 0. 0. 0. 1. 1. 0. 1. 1.
 0. 0. 1. 0. 0. 1. 0. 1. 0. 1. 1. 1. 0. 1. 0. 1. 1. 1. 1. 1. 1. 1. 1. 0.
 0. 0. 1. 1. 1. 0. 0. 1. 1. 1. 0. 0. 0. 1. 1. 1. 0. 0. 0. 0. 1. 1. 1. 0.
 1. 0. 0. 1. 1. 0. 0. 0. 0. 1. 0. 0. 1. 1. 0. 1. 1. 1. 0. 1. 1. 0. 1. 0.
 1. 1. 0. 0. 0. 1. 1. 0. 1. 1. 0. 1. 0. 0. 0. 1. 1. 1. 0. 1. 0. 1. 1. 0.
 1. 0. 0. 1. 1. 0. 0. 1. 0. 1. 1. 0. 0. 1. 0. 0. 1. 1. 0. 1. 1. 0. 0. 0.
 0. 1. 1. 0. 0. 1. 0. 0. 1. 0. 1. 1. 1. 0. 0. 0. 1. 1. 0. 0. 0. 0. 1. 0.
 0. 1. 0. 1. 1. 1. 1. 0. 0. 0. 0. 1. 1. 1. 1. 0. 1. 1. 1. 1. 0. 1. 0. 0.
 1. 0. 0. 1. 1. 1. 1. 1. 0. 0. 1. 1. 1. 0. 0. 1. 0. 1. 0. 0. 1. 0. 1. 0.
 1. 0. 0. 0.]"
596,randomforest,"{'criterion': 'gini', 'max_features': 'sqrt', 'n_estimators': 189}",0.5701490566587815,0.17147636065907973,0.12435802982158818,0.3283207395856048,0.562335844039473,0.18109755865857957,0.5446746880570411,0.08955223880597019,0.5447761194029851,0.544776119402985,"{0: 0.577494987747828, 1: 0.577494987747828}","{0: 0.577494987747828, 1: 0.577494987747828}",0.577494987747828,"[[71 63]
 [59 75]]","[1. 0. 0. 0. 0. 1. 0. 1. 1. 0. 0. 0. 1. 0. 0. 0. 1. 0. 0. 0. 0. 1. 0. 0.
 0. 0. 1. 1. 1. 1. 1. 0. 0. 0. 1. 1. 1. 0. 1. 0. 1. 0. 1. 0. 0. 0. 1. 0.
 0. 0. 1. 0. 1. 1. 1. 1. 1. 1. 0. 1. 1. 0. 1. 0. 0. 0. 1. 1. 1. 1. 0. 0.
 0. 1. 0. 1. 1. 0. 0. 0. 1. 1. 1. 0. 0. 1. 0. 1. 1. 1. 1. 0. 0. 1. 1. 1.
 0. 0. 1. 1. 0. 1. 1. 1. 0. 0. 0. 0. 0. 1. 0. 0. 0. 1. 1. 1. 1. 0. 0. 0.
 0. 1. 1. 1. 1. 1. 1. 1. 1. 0. 0. 1. 1. 0. 1. 0. 0. 1. 0. 1. 0. 0. 0. 0.
 0. 0. 0. 0. 1. 1. 1. 0. 1. 0. 0. 1. 1. 0. 1. 0. 1. 1. 0. 0. 1. 1. 0. 1.
 1. 1. 0. 1. 1. 1. 0. 1. 1. 0. 1. 0. 0. 1. 1. 1. 0. 0. 1. 1. 0. 0. 1. 1.
 1. 1. 1. 0. 1. 1. 0. 1. 0. 0. 1. 1. 0. 1. 0. 0. 1. 1. 0. 1. 1. 0. 0. 0.
 1. 1. 0. 1. 0. 0. 0. 0. 1. 1. 1. 0. 0. 0. 1. 1. 1. 1. 1. 1. 0. 1. 0. 0.
 1. 1. 0. 0. 1. 1. 0. 1. 0. 1. 1. 0. 1. 0. 0. 1. 0. 1. 0. 1. 0. 0. 1. 1.
 1. 0. 1. 0.]","[0. 1. 0. 0. 0. 1. 1. 1. 0. 0. 0. 0. 0. 1. 0. 0. 1. 1. 0. 0. 0. 0. 0. 1.
 0. 0. 1. 0. 1. 0. 0. 1. 0. 1. 1. 0. 0. 0. 1. 0. 0. 0. 1. 1. 1. 0. 1. 0.
 1. 0. 1. 1. 0. 1. 1. 1. 1. 0. 1. 0. 0. 1. 1. 1. 0. 0. 0. 1. 1. 0. 1. 1.
 0. 0. 1. 0. 0. 1. 0. 1. 0. 1. 1. 1. 0. 1. 0. 1. 1. 1. 1. 1. 1. 1. 1. 0.
 0. 0. 1. 1. 1. 0. 0. 1. 1. 1. 0. 0. 0. 1. 1. 1. 0. 0. 0. 0. 1. 1. 1. 0.
 1. 0. 0. 1. 1. 0. 0. 0. 0. 1. 0. 0. 1. 1. 0. 1. 1. 1. 0. 1. 1. 0. 1. 0.
 1. 1. 0. 0. 0. 1. 1. 0. 1. 1. 0. 1. 0. 0. 0. 1. 1. 1. 0. 1. 0. 1. 1. 0.
 1. 0. 0. 1. 1. 0. 0. 1. 0. 1. 1. 0. 0. 1. 0. 0. 1. 1. 0. 1. 1. 0. 0. 0.
 0. 1. 1. 0. 0. 1. 0. 0. 1. 0. 1. 1. 1. 0. 0. 0. 1. 1. 0. 0. 0. 0. 1. 0.
 0. 1. 0. 1. 1. 1. 1. 0. 0. 0. 0. 1. 1. 1. 1. 0. 1. 1. 1. 1. 0. 1. 0. 0.
 1. 0. 0. 1. 1. 1. 1. 1. 0. 0. 1. 1. 1. 0. 0. 1. 0. 1. 0. 0. 1. 0. 1. 0.
 1. 0. 0. 0.]"
76,AdaBoost,"{'algorithm': 'SAMME', 'learning_rate': 0.42653061224489797, 'n_estimators': 85}",0.5319781684749935,0.173472853474742,0.1238056132045393,0.27229365993168253,0.540800315649106,0.15830030262632183,0.5144313824632368,0.03731343283582089,0.5186567164179104,0.5186567164179104,"{0: 0.5417409222543996, 1: 0.5417409222543997}","{0: 0.5417409222543996, 1: 0.5417409222543997}",0.5417409222543997,"[[57 77]
 [52 82]]","[1. 0. 1. 0. 0. 1. 1. 1. 1. 1. 0. 1. 1. 0. 1. 0. 0. 0. 0. 1. 1. 1. 1. 0.
 0. 1. 1. 1. 1. 1. 1. 0. 0. 0. 1. 0. 1. 1. 0. 1. 0. 0. 1. 1. 0. 0. 1. 1.
 0. 0. 1. 1. 0. 0. 0. 1. 0. 1. 0. 1. 0. 1. 1. 1. 1. 0. 0. 1. 1. 1. 0. 1.
 1. 1. 0. 1. 1. 0. 1. 0. 0. 1. 1. 0. 0. 1. 0. 1. 1. 0. 1. 1. 0. 1. 1. 1.
 0. 0. 1. 0. 0. 1. 1. 1. 1. 1. 0. 1. 1. 1. 0. 0. 0. 0. 1. 0. 1. 1. 0. 1.
 0. 1. 1. 1. 0. 1. 1. 1. 0. 0. 0. 0. 1. 0. 1. 1. 0. 0. 1. 0. 0. 1. 1. 1.
 1. 1. 1. 0. 1. 1. 1. 0. 1. 1. 0. 1. 1. 0. 1. 1. 1. 1. 0. 1. 1. 0. 0. 0.
 1. 1. 1. 1. 1. 0. 1. 1. 0. 1. 0. 1. 0. 0. 0. 1. 1. 0. 1. 1. 1. 1. 1. 1.
 1. 1. 0. 0. 1. 1. 0. 1. 0. 0. 1. 1. 1. 0. 1. 0. 0. 0. 0. 1. 1. 1. 1. 1.
 1. 0. 1. 1. 0. 1. 0. 1. 0. 1. 1. 0. 0. 1. 0. 0. 1. 1. 1. 1. 0. 1. 0. 0.
 1. 0. 0. 1. 1. 1. 0. 1. 0. 0. 1. 1. 1. 1. 0. 1. 1. 0. 0. 1. 0. 1. 1. 1.
 1. 0. 1. 0.]","[0. 1. 0. 0. 0. 1. 1. 1. 0. 0. 0. 0. 0. 1. 0. 0. 1. 1. 0. 0. 0. 0. 0. 1.
 0. 0. 1. 0. 1. 0. 0. 1. 0. 1. 1. 0. 0. 0. 1. 0. 0. 0. 1. 1. 1. 0. 1. 0.
 1. 0. 1. 1. 0. 1. 1. 1. 1. 0. 1. 0. 0. 1. 1. 1. 0. 0. 0. 1. 1. 0. 1. 1.
 0. 0. 1. 0. 0. 1. 0. 1. 0. 1. 1. 1. 0. 1. 0. 1. 1. 1. 1. 1. 1. 1. 1. 0.
 0. 0. 1. 1. 1. 0. 0. 1. 1. 1. 0. 0. 0. 1. 1. 1. 0. 0. 0. 0. 1. 1. 1. 0.
 1. 0. 0. 1. 1. 0. 0. 0. 0. 1. 0. 0. 1. 1. 0. 1. 1. 1. 0. 1. 1. 0. 1. 0.
 1. 1. 0. 0. 0. 1. 1. 0. 1. 1. 0. 1. 0. 0. 0. 1. 1. 1. 0. 1. 0. 1. 1. 0.
 1. 0. 0. 1. 1. 0. 0. 1. 0. 1. 1. 0. 0. 1. 0. 0. 1. 1. 0. 1. 1. 0. 0. 0.
 0. 1. 1. 0. 0. 1. 0. 0. 1. 0. 1. 1. 1. 0. 0. 0. 1. 1. 0. 0. 0. 0. 1. 0.
 0. 1. 0. 1. 1. 1. 1. 0. 0. 0. 0. 1. 1. 1. 1. 0. 1. 1. 1. 1. 0. 1. 0. 0.
 1. 0. 0. 1. 1. 1. 1. 1. 0. 0. 1. 1. 1. 0. 0. 1. 0. 1. 0. 0. 1. 0. 1. 0.
 1. 0. 0. 0.]"
988,randomforest,"{'criterion': 'gini', 'max_features': 'log2', 'n_estimators': 347}",0.55986422227264,0.19317597659561037,0.12379608582496997,0.3376950200538648,0.5531790883101366,0.1987769491194337,0.5402702815781767,0.08208955223880599,0.5410447761194029,0.541044776119403,"{0: 0.5808921808866118, 1: 0.5808921808866117}","{0: 0.5808921808866118, 1: 0.5808921808866117}",0.5808921808866117,"[[67 67]
 [56 78]]","[1. 0. 0. 0. 0. 1. 0. 1. 1. 0. 0. 0. 1. 0. 0. 0. 1. 0. 0. 0. 0. 1. 0. 0.
 0. 0. 1. 1. 1. 1. 1. 0. 0. 0. 1. 1. 1. 0. 1. 0. 1. 1. 1. 1. 0. 0. 1. 1.
 0. 0. 1. 0. 1. 1. 1. 1. 1. 1. 0. 1. 1. 0. 1. 0. 0. 0. 1. 1. 1. 1. 0. 0.
 1. 1. 0. 1. 1. 0. 1. 0. 1. 1. 1. 0. 0. 1. 0. 1. 1. 1. 1. 1. 0. 1. 1. 1.
 0. 0. 1. 1. 0. 1. 1. 0. 0. 0. 0. 1. 0. 1. 0. 0. 0. 1. 1. 0. 1. 0. 0. 0.
 0. 1. 1. 1. 1. 1. 1. 1. 1. 0. 0. 1. 1. 0. 1. 1. 0. 1. 0. 1. 0. 0. 1. 0.
 0. 0. 0. 0. 1. 1. 1. 0. 1. 1. 0. 1. 1. 0. 1. 0. 1. 1. 0. 0. 1. 0. 0. 1.
 1. 1. 0. 1. 1. 0. 0. 1. 1. 0. 1. 0. 0. 1. 1. 1. 0. 0. 1. 1. 0. 0. 1. 1.
 1. 1. 1. 0. 1. 1. 0. 0. 0. 0. 1. 1. 0. 1. 0. 0. 1. 1. 0. 1. 1. 1. 0. 0.
 1. 1. 0. 1. 0. 0. 0. 0. 1. 1. 1. 0. 0. 0. 1. 1. 1. 1. 1. 1. 0. 1. 0. 0.
 1. 1. 0. 0. 1. 1. 0. 1. 0. 1. 1. 0. 1. 0. 1. 1. 0. 1. 0. 1. 0. 0. 1. 1.
 1. 0. 1. 0.]","[0. 1. 0. 0. 0. 1. 1. 1. 0. 0. 0. 0. 0. 1. 0. 0. 1. 1. 0. 0. 0. 0. 0. 1.
 0. 0. 1. 0. 1. 0. 0. 1. 0. 1. 1. 0. 0. 0. 1. 0. 0. 0. 1. 1. 1. 0. 1. 0.
 1. 0. 1. 1. 0. 1. 1. 1. 1. 0. 1. 0. 0. 1. 1. 1. 0. 0. 0. 1. 1. 0. 1. 1.
 0. 0. 1. 0. 0. 1. 0. 1. 0. 1. 1. 1. 0. 1. 0. 1. 1. 1. 1. 1. 1. 1. 1. 0.
 0. 0. 1. 1. 1. 0. 0. 1. 1. 1. 0. 0. 0. 1. 1. 1. 0. 0. 0. 0. 1. 1. 1. 0.
 1. 0. 0. 1. 1. 0. 0. 0. 0. 1. 0. 0. 1. 1. 0. 1. 1. 1. 0. 1. 1. 0. 1. 0.
 1. 1. 0. 0. 0. 1. 1. 0. 1. 1. 0. 1. 0. 0. 0. 1. 1. 1. 0. 1. 0. 1. 1. 0.
 1. 0. 0. 1. 1. 0. 0. 1. 0. 1. 1. 0. 0. 1. 0. 0. 1. 1. 0. 1. 1. 0. 0. 0.
 0. 1. 1. 0. 0. 1. 0. 0. 1. 0. 1. 1. 1. 0. 0. 0. 1. 1. 0. 0. 0. 0. 1. 0.
 0. 1. 0. 1. 1. 1. 1. 0. 0. 0. 0. 1. 1. 1. 1. 0. 1. 1. 1. 1. 0. 1. 0. 0.
 1. 0. 0. 1. 1. 1. 1. 1. 0. 0. 1. 1. 1. 0. 0. 1. 0. 1. 0. 0. 1. 0. 1. 0.
 1. 0. 0. 0.]"
302,knn,{'n_neighbors': 75},0.5473421845245038,0.18044993170461648,0.12340901177676948,0.29948928145331716,0.5480585703871994,0.17425498136986917,0.5446746880570411,0.08955223880597019,0.5447761194029851,0.544776119402985,"{0: 0.5111104923145466, 1: 0.5111104923145467}","{0: 0.5111104923145466, 1: 0.5111104923145467}",0.5111104923145467,"[[71 63]
 [59 75]]","[1. 1. 0. 1. 0. 1. 0. 0. 1. 1. 0. 0. 0. 0. 1. 1. 1. 1. 1. 0. 0. 1. 0. 0.
 0. 0. 0. 1. 0. 1. 1. 1. 0. 0. 1. 1. 0. 0. 0. 0. 0. 1. 1. 1. 1. 0. 1. 1.
 1. 0. 0. 0. 1. 1. 1. 0. 0. 1. 0. 1. 1. 0. 1. 0. 0. 0. 0. 1. 0. 0. 1. 0.
 0. 1. 0. 0. 1. 1. 0. 0. 1. 0. 1. 0. 1. 1. 1. 1. 0. 1. 1. 0. 0. 1. 1. 1.
 1. 0. 0. 1. 1. 1. 1. 1. 1. 1. 0. 1. 0. 1. 1. 0. 1. 0. 1. 0. 0. 1. 1. 1.
 1. 1. 0. 1. 0. 1. 0. 1. 0. 1. 0. 1. 0. 0. 1. 1. 1. 0. 0. 1. 0. 1. 0. 0.
 0. 1. 0. 0. 1. 1. 0. 0. 1. 0. 0. 1. 0. 0. 0. 0. 0. 1. 0. 0. 1. 0. 0. 1.
 1. 1. 1. 0. 1. 0. 0. 1. 1. 1. 1. 0. 1. 1. 1. 1. 1. 0. 1. 0. 1. 1. 1. 0.
 1. 1. 1. 0. 0. 1. 0. 0. 1. 0. 0. 1. 1. 1. 0. 1. 1. 1. 0. 0. 0. 0. 1. 1.
 0. 0. 0. 1. 1. 1. 0. 0. 0. 1. 1. 1. 0. 0. 0. 1. 0. 0. 1. 1. 0. 1. 0. 1.
 0. 0. 0. 0. 0. 1. 1. 0. 0. 1. 1. 0. 1. 1. 0. 1. 0. 0. 0. 0. 0. 1. 1. 0.
 1. 1. 1. 1.]","[0. 1. 0. 0. 0. 1. 1. 1. 0. 0. 0. 0. 0. 1. 0. 0. 1. 1. 0. 0. 0. 0. 0. 1.
 0. 0. 1. 0. 1. 0. 0. 1. 0. 1. 1. 0. 0. 0. 1. 0. 0. 0. 1. 1. 1. 0. 1. 0.
 1. 0. 1. 1. 0. 1. 1. 1. 1. 0. 1. 0. 0. 1. 1. 1. 0. 0. 0. 1. 1. 0. 1. 1.
 0. 0. 1. 0. 0. 1. 0. 1. 0. 1. 1. 1. 0. 1. 0. 1. 1. 1. 1. 1. 1. 1. 1. 0.
 0. 0. 1. 1. 1. 0. 0. 1. 1. 1. 0. 0. 0. 1. 1. 1. 0. 0. 0. 0. 1. 1. 1. 0.
 1. 0. 0. 1. 1. 0. 0. 0. 0. 1. 0. 0. 1. 1. 0. 1. 1. 1. 0. 1. 1. 0. 1. 0.
 1. 1. 0. 0. 0. 1. 1. 0. 1. 1. 0. 1. 0. 0. 0. 1. 1. 1. 0. 1. 0. 1. 1. 0.
 1. 0. 0. 1. 1. 0. 0. 1. 0. 1. 1. 0. 0. 1. 0. 0. 1. 1. 0. 1. 1. 0. 0. 0.
 0. 1. 1. 0. 0. 1. 0. 0. 1. 0. 1. 1. 1. 0. 0. 0. 1. 1. 0. 0. 0. 0. 1. 0.
 0. 1. 0. 1. 1. 1. 1. 0. 0. 0. 0. 1. 1. 1. 1. 0. 1. 1. 1. 1. 0. 1. 0. 0.
 1. 0. 0. 1. 1. 1. 1. 1. 0. 0. 1. 1. 1. 0. 0. 1. 0. 1. 0. 0. 1. 0. 1. 0.
 1. 0. 0. 0.]"
749,knn,{'n_neighbors': 75},0.5473421845245038,0.18044993170461648,0.12340901177676948,0.29948928145331716,0.5480585703871994,0.17425498136986917,0.5446746880570411,0.08955223880597019,0.5447761194029851,0.544776119402985,"{0: 0.5111104923145466, 1: 0.5111104923145467}","{0: 0.5111104923145466, 1: 0.5111104923145467}",0.5111104923145467,"[[71 63]
 [59 75]]","[1. 1. 0. 1. 0. 1. 0. 0. 1. 1. 0. 0. 0. 0. 1. 1. 1. 1. 1. 0. 0. 1. 0. 0.
 0. 0. 0. 1. 0. 1. 1. 1. 0. 0. 1. 1. 0. 0. 0. 0. 0. 1. 1. 1. 1. 0. 1. 1.
 1. 0. 0. 0. 1. 1. 1. 0. 0. 1. 0. 1. 1. 0. 1. 0. 0. 0. 0. 1. 0. 0. 1. 0.
 0. 1. 0. 0. 1. 1. 0. 0. 1. 0. 1. 0. 1. 1. 1. 1. 0. 1. 1. 0. 0. 1. 1. 1.
 1. 0. 0. 1. 1. 1. 1. 1. 1. 1. 0. 1. 0. 1. 1. 0. 1. 0. 1. 0. 0. 1. 1. 1.
 1. 1. 0. 1. 0. 1. 0. 1. 0. 1. 0. 1. 0. 0. 1. 1. 1. 0. 0. 1. 0. 1. 0. 0.
 0. 1. 0. 0. 1. 1. 0. 0. 1. 0. 0. 1. 0. 0. 0. 0. 0. 1. 0. 0. 1. 0. 0. 1.
 1. 1. 1. 0. 1. 0. 0. 1. 1. 1. 1. 0. 1. 1. 1. 1. 1. 0. 1. 0. 1. 1. 1. 0.
 1. 1. 1. 0. 0. 1. 0. 0. 1. 0. 0. 1. 1. 1. 0. 1. 1. 1. 0. 0. 0. 0. 1. 1.
 0. 0. 0. 1. 1. 1. 0. 0. 0. 1. 1. 1. 0. 0. 0. 1. 0. 0. 1. 1. 0. 1. 0. 1.
 0. 0. 0. 0. 0. 1. 1. 0. 0. 1. 1. 0. 1. 1. 0. 1. 0. 0. 0. 0. 0. 1. 1. 0.
 1. 1. 1. 1.]","[0. 1. 0. 0. 0. 1. 1. 1. 0. 0. 0. 0. 0. 1. 0. 0. 1. 1. 0. 0. 0. 0. 0. 1.
 0. 0. 1. 0. 1. 0. 0. 1. 0. 1. 1. 0. 0. 0. 1. 0. 0. 0. 1. 1. 1. 0. 1. 0.
 1. 0. 1. 1. 0. 1. 1. 1. 1. 0. 1. 0. 0. 1. 1. 1. 0. 0. 0. 1. 1. 0. 1. 1.
 0. 0. 1. 0. 0. 1. 0. 1. 0. 1. 1. 1. 0. 1. 0. 1. 1. 1. 1. 1. 1. 1. 1. 0.
 0. 0. 1. 1. 1. 0. 0. 1. 1. 1. 0. 0. 0. 1. 1. 1. 0. 0. 0. 0. 1. 1. 1. 0.
 1. 0. 0. 1. 1. 0. 0. 0. 0. 1. 0. 0. 1. 1. 0. 1. 1. 1. 0. 1. 1. 0. 1. 0.
 1. 1. 0. 0. 0. 1. 1. 0. 1. 1. 0. 1. 0. 0. 0. 1. 1. 1. 0. 1. 0. 1. 1. 0.
 1. 0. 0. 1. 1. 0. 0. 1. 0. 1. 1. 0. 0. 1. 0. 0. 1. 1. 0. 1. 1. 0. 0. 0.
 0. 1. 1. 0. 0. 1. 0. 0. 1. 0. 1. 1. 1. 0. 0. 0. 1. 1. 0. 0. 0. 0. 1. 0.
 0. 1. 0. 1. 1. 1. 1. 0. 0. 0. 0. 1. 1. 1. 1. 0. 1. 1. 1. 1. 0. 1. 0. 0.
 1. 0. 0. 1. 1. 1. 1. 1. 0. 0. 1. 1. 1. 0. 0. 1. 0. 1. 0. 0. 1. 0. 1. 0.
 1. 0. 0. 0.]"
476,randomforest,"{'criterion': 'gini', 'max_features': 'sqrt', 'n_estimators': 85}",0.5884306062388941,0.20141882404406194,0.12289475830242214,0.38041198983720353,0.5785303574114057,0.20060289443055832,0.5443701226309922,0.08955223880597019,0.5447761194029851,0.5447761194029851,"{0: 0.5775785252840276, 1: 0.5775785252840276}","{0: 0.5775785252840276, 1: 0.5775785252840276}",0.5775785252840276,"[[69 65]
 [57 77]]","[1. 0. 0. 0. 0. 1. 0. 1. 1. 0. 1. 0. 1. 0. 0. 0. 1. 0. 0. 0. 0. 1. 0. 0.
 0. 0. 1. 1. 1. 1. 1. 0. 0. 0. 1. 0. 1. 0. 1. 0. 1. 0. 1. 0. 0. 1. 1. 0.
 0. 0. 1. 0. 0. 1. 1. 1. 1. 1. 0. 1. 1. 0. 1. 0. 0. 0. 1. 1. 1. 1. 0. 0.
 1. 1. 0. 1. 1. 0. 0. 1. 1. 1. 1. 0. 0. 1. 1. 1. 1. 1. 1. 1. 0. 1. 1. 1.
 0. 0. 1. 1. 0. 1. 0. 1. 0. 0. 0. 1. 0. 1. 0. 0. 1. 1. 1. 0. 1. 0. 0. 0.
 1. 1. 1. 1. 1. 1. 1. 1. 1. 0. 0. 1. 1. 0. 1. 0. 0. 1. 0. 1. 1. 0. 0. 0.
 0. 0. 0. 0. 1. 1. 1. 0. 0. 0. 0. 1. 1. 0. 1. 0. 1. 1. 0. 0. 1. 1. 0. 1.
 1. 1. 0. 1. 1. 1. 0. 1. 1. 0. 1. 0. 0. 1. 1. 1. 0. 0. 1. 1. 0. 0. 0. 1.
 0. 1. 1. 1. 1. 1. 0. 1. 0. 0. 0. 1. 0. 1. 0. 1. 1. 1. 0. 1. 1. 1. 1. 0.
 1. 1. 0. 1. 0. 0. 0. 0. 1. 1. 1. 0. 0. 1. 0. 1. 1. 1. 1. 1. 0. 1. 0. 0.
 1. 0. 0. 0. 1. 1. 0. 1. 0. 1. 1. 0. 1. 0. 0. 1. 0. 0. 0. 1. 0. 0. 1. 1.
 1. 0. 1. 0.]","[0. 1. 0. 0. 0. 1. 1. 1. 0. 0. 0. 0. 0. 1. 0. 0. 1. 1. 0. 0. 0. 0. 0. 1.
 0. 0. 1. 0. 1. 0. 0. 1. 0. 1. 1. 0. 0. 0. 1. 0. 0. 0. 1. 1. 1. 0. 1. 0.
 1. 0. 1. 1. 0. 1. 1. 1. 1. 0. 1. 0. 0. 1. 1. 1. 0. 0. 0. 1. 1. 0. 1. 1.
 0. 0. 1. 0. 0. 1. 0. 1. 0. 1. 1. 1. 0. 1. 0. 1. 1. 1. 1. 1. 1. 1. 1. 0.
 0. 0. 1. 1. 1. 0. 0. 1. 1. 1. 0. 0. 0. 1. 1. 1. 0. 0. 0. 0. 1. 1. 1. 0.
 1. 0. 0. 1. 1. 0. 0. 0. 0. 1. 0. 0. 1. 1. 0. 1. 1. 1. 0. 1. 1. 0. 1. 0.
 1. 1. 0. 0. 0. 1. 1. 0. 1. 1. 0. 1. 0. 0. 0. 1. 1. 1. 0. 1. 0. 1. 1. 0.
 1. 0. 0. 1. 1. 0. 0. 1. 0. 1. 1. 0. 0. 1. 0. 0. 1. 1. 0. 1. 1. 0. 0. 0.
 0. 1. 1. 0. 0. 1. 0. 0. 1. 0. 1. 1. 1. 0. 0. 0. 1. 1. 0. 0. 0. 0. 1. 0.
 0. 1. 0. 1. 1. 1. 1. 0. 0. 0. 0. 1. 1. 1. 1. 0. 1. 1. 1. 1. 0. 1. 0. 0.
 1. 0. 0. 1. 1. 1. 1. 1. 0. 0. 1. 1. 1. 0. 0. 1. 0. 1. 0. 0. 1. 0. 1. 0.
 1. 0. 0. 0.]"
347,knn,{'n_neighbors': 90},0.5232844035367673,0.17384158213134823,0.12245277688016436,0.2586027759420563,0.526467081305791,0.1688642623691123,0.5217221571579944,0.04477611940298509,0.5223880597014925,0.5223880597014925,"{0: 0.48465693918467356, 1: 0.4846569391846736}","{0: 0.48465693918467356, 1: 0.4846569391846736}",0.4846569391846736,"[[75 59]
 [69 65]]","[1. 1. 0. 0. 0. 0. 0. 0. 1. 1. 1. 0. 0. 0. 1. 1. 1. 1. 1. 0. 1. 0. 1. 0.
 0. 0. 0. 1. 0. 1. 1. 1. 0. 0. 0. 1. 0. 0. 0. 0. 0. 0. 1. 1. 1. 0. 1. 1.
 0. 0. 0. 0. 1. 1. 1. 0. 0. 1. 0. 0. 1. 0. 1. 1. 0. 0. 0. 1. 0. 0. 1. 0.
 0. 1. 0. 0. 1. 1. 0. 0. 1. 1. 1. 0. 1. 1. 1. 1. 0. 1. 1. 0. 0. 1. 0. 1.
 1. 0. 0. 1. 1. 0. 1. 0. 0. 1. 0. 1. 0. 1. 1. 0. 1. 0. 0. 0. 0. 1. 0. 1.
 1. 1. 0. 0. 0. 1. 0. 1. 0. 0. 0. 0. 0. 0. 1. 1. 1. 0. 1. 1. 0. 1. 0. 0.
 0. 1. 0. 0. 1. 1. 0. 0. 1. 0. 0. 1. 0. 0. 0. 0. 0. 1. 1. 0. 1. 0. 0. 0.
 1. 0. 1. 0. 0. 0. 0. 1. 1. 1. 1. 0. 1. 1. 1. 1. 1. 0. 0. 0. 1. 1. 1. 0.
 1. 1. 1. 0. 0. 1. 0. 0. 1. 0. 0. 1. 0. 1. 0. 1. 1. 1. 0. 0. 0. 0. 1. 1.
 0. 0. 1. 1. 1. 1. 0. 0. 0. 1. 1. 1. 0. 0. 0. 1. 0. 0. 1. 0. 0. 1. 0. 1.
 0. 0. 1. 0. 0. 1. 1. 0. 0. 1. 1. 0. 1. 1. 0. 1. 0. 0. 0. 0. 0. 1. 1. 0.
 1. 0. 1. 1.]","[0. 1. 0. 0. 0. 1. 1. 1. 0. 0. 0. 0. 0. 1. 0. 0. 1. 1. 0. 0. 0. 0. 0. 1.
 0. 0. 1. 0. 1. 0. 0. 1. 0. 1. 1. 0. 0. 0. 1. 0. 0. 0. 1. 1. 1. 0. 1. 0.
 1. 0. 1. 1. 0. 1. 1. 1. 1. 0. 1. 0. 0. 1. 1. 1. 0. 0. 0. 1. 1. 0. 1. 1.
 0. 0. 1. 0. 0. 1. 0. 1. 0. 1. 1. 1. 0. 1. 0. 1. 1. 1. 1. 1. 1. 1. 1. 0.
 0. 0. 1. 1. 1. 0. 0. 1. 1. 1. 0. 0. 0. 1. 1. 1. 0. 0. 0. 0. 1. 1. 1. 0.
 1. 0. 0. 1. 1. 0. 0. 0. 0. 1. 0. 0. 1. 1. 0. 1. 1. 1. 0. 1. 1. 0. 1. 0.
 1. 1. 0. 0. 0. 1. 1. 0. 1. 1. 0. 1. 0. 0. 0. 1. 1. 1. 0. 1. 0. 1. 1. 0.
 1. 0. 0. 1. 1. 0. 0. 1. 0. 1. 1. 0. 0. 1. 0. 0. 1. 1. 0. 1. 1. 0. 0. 0.
 0. 1. 1. 0. 0. 1. 0. 0. 1. 0. 1. 1. 1. 0. 0. 0. 1. 1. 0. 0. 0. 0. 1. 0.
 0. 1. 0. 1. 1. 1. 1. 0. 0. 0. 0. 1. 1. 1. 1. 0. 1. 1. 1. 1. 0. 1. 0. 0.
 1. 0. 0. 1. 1. 1. 1. 1. 0. 0. 1. 1. 1. 0. 0. 1. 0. 1. 0. 0. 1. 0. 1. 0.
 1. 0. 0. 0.]"
876,knn,{'n_neighbors': 90},0.5232844035367673,0.17384158213134823,0.12245277688016436,0.2586027759420563,0.526467081305791,0.1688642623691123,0.5217221571579944,0.04477611940298509,0.5223880597014925,0.5223880597014925,"{0: 0.48465693918467356, 1: 0.4846569391846736}","{0: 0.48465693918467356, 1: 0.4846569391846736}",0.4846569391846736,"[[75 59]
 [69 65]]","[1. 1. 0. 0. 0. 0. 0. 0. 1. 1. 1. 0. 0. 0. 1. 1. 1. 1. 1. 0. 1. 0. 1. 0.
 0. 0. 0. 1. 0. 1. 1. 1. 0. 0. 0. 1. 0. 0. 0. 0. 0. 0. 1. 1. 1. 0. 1. 1.
 0. 0. 0. 0. 1. 1. 1. 0. 0. 1. 0. 0. 1. 0. 1. 1. 0. 0. 0. 1. 0. 0. 1. 0.
 0. 1. 0. 0. 1. 1. 0. 0. 1. 1. 1. 0. 1. 1. 1. 1. 0. 1. 1. 0. 0. 1. 0. 1.
 1. 0. 0. 1. 1. 0. 1. 0. 0. 1. 0. 1. 0. 1. 1. 0. 1. 0. 0. 0. 0. 1. 0. 1.
 1. 1. 0. 0. 0. 1. 0. 1. 0. 0. 0. 0. 0. 0. 1. 1. 1. 0. 1. 1. 0. 1. 0. 0.
 0. 1. 0. 0. 1. 1. 0. 0. 1. 0. 0. 1. 0. 0. 0. 0. 0. 1. 1. 0. 1. 0. 0. 0.
 1. 0. 1. 0. 0. 0. 0. 1. 1. 1. 1. 0. 1. 1. 1. 1. 1. 0. 0. 0. 1. 1. 1. 0.
 1. 1. 1. 0. 0. 1. 0. 0. 1. 0. 0. 1. 0. 1. 0. 1. 1. 1. 0. 0. 0. 0. 1. 1.
 0. 0. 1. 1. 1. 1. 0. 0. 0. 1. 1. 1. 0. 0. 0. 1. 0. 0. 1. 0. 0. 1. 0. 1.
 0. 0. 1. 0. 0. 1. 1. 0. 0. 1. 1. 0. 1. 1. 0. 1. 0. 0. 0. 0. 0. 1. 1. 0.
 1. 0. 1. 1.]","[0. 1. 0. 0. 0. 1. 1. 1. 0. 0. 0. 0. 0. 1. 0. 0. 1. 1. 0. 0. 0. 0. 0. 1.
 0. 0. 1. 0. 1. 0. 0. 1. 0. 1. 1. 0. 0. 0. 1. 0. 0. 0. 1. 1. 1. 0. 1. 0.
 1. 0. 1. 1. 0. 1. 1. 1. 1. 0. 1. 0. 0. 1. 1. 1. 0. 0. 0. 1. 1. 0. 1. 1.
 0. 0. 1. 0. 0. 1. 0. 1. 0. 1. 1. 1. 0. 1. 0. 1. 1. 1. 1. 1. 1. 1. 1. 0.
 0. 0. 1. 1. 1. 0. 0. 1. 1. 1. 0. 0. 0. 1. 1. 1. 0. 0. 0. 0. 1. 1. 1. 0.
 1. 0. 0. 1. 1. 0. 0. 0. 0. 1. 0. 0. 1. 1. 0. 1. 1. 1. 0. 1. 1. 0. 1. 0.
 1. 1. 0. 0. 0. 1. 1. 0. 1. 1. 0. 1. 0. 0. 0. 1. 1. 1. 0. 1. 0. 1. 1. 0.
 1. 0. 0. 1. 1. 0. 0. 1. 0. 1. 1. 0. 0. 1. 0. 0. 1. 1. 0. 1. 1. 0. 0. 0.
 0. 1. 1. 0. 0. 1. 0. 0. 1. 0. 1. 1. 1. 0. 0. 0. 1. 1. 0. 0. 0. 0. 1. 0.
 0. 1. 0. 1. 1. 1. 1. 0. 0. 0. 0. 1. 1. 1. 1. 0. 1. 1. 1. 1. 0. 1. 0. 0.
 1. 0. 0. 1. 1. 1. 1. 1. 0. 0. 1. 1. 1. 0. 0. 1. 0. 1. 0. 0. 1. 0. 1. 0.
 1. 0. 0. 0.]"
461,randomforest,"{'criterion': 'entropy', 'max_features': 'sqrt', 'n_estimators': 95}",0.5706738666648007,0.19382134593697062,0.12231330751968959,0.3451236371332766,0.564115547684096,0.19001494138937033,0.5407314524555903,0.08208955223880599,0.5410447761194029,0.541044776119403,"{0: 0.5850969035419915, 1: 0.5850969035419915}","{0: 0.5850969035419915, 1: 0.5850969035419915}",0.5850969035419915,"[[69 65]
 [58 76]]","[1. 0. 0. 0. 0. 1. 0. 1. 1. 0. 0. 0. 1. 0. 0. 0. 1. 0. 0. 1. 0. 1. 0. 0.
 0. 0. 1. 1. 1. 1. 1. 0. 0. 0. 1. 0. 1. 0. 0. 0. 0. 0. 1. 0. 0. 0. 1. 1.
 0. 0. 1. 0. 1. 1. 1. 1. 1. 1. 0. 1. 1. 1. 1. 0. 0. 0. 1. 1. 1. 1. 0. 0.
 1. 1. 0. 1. 1. 0. 1. 0. 1. 1. 1. 0. 0. 1. 1. 1. 1. 1. 1. 1. 0. 1. 1. 1.
 0. 0. 1. 1. 0. 1. 1. 0. 1. 0. 0. 1. 0. 1. 0. 0. 0. 1. 1. 0. 1. 0. 0. 0.
 0. 1. 1. 1. 1. 1. 1. 1. 1. 0. 0. 1. 1. 0. 1. 1. 0. 0. 0. 1. 0. 0. 0. 0.
 0. 0. 0. 0. 1. 1. 1. 0. 1. 0. 0. 1. 1. 0. 1. 0. 1. 1. 0. 0. 1. 0. 0. 1.
 1. 0. 0. 1. 1. 1. 0. 1. 1. 0. 1. 0. 0. 0. 1. 1. 0. 0. 1. 1. 0. 0. 1. 1.
 1. 1. 1. 0. 1. 1. 0. 0. 1. 0. 1. 1. 0. 0. 0. 0. 1. 1. 0. 1. 1. 1. 0. 0.
 1. 1. 1. 0. 0. 0. 0. 0. 1. 1. 1. 0. 1. 0. 1. 1. 1. 1. 1. 1. 0. 1. 0. 0.
 1. 1. 0. 0. 1. 1. 1. 1. 0. 1. 1. 0. 1. 0. 0. 1. 0. 1. 0. 1. 0. 0. 1. 1.
 1. 0. 1. 0.]","[0. 1. 0. 0. 0. 1. 1. 1. 0. 0. 0. 0. 0. 1. 0. 0. 1. 1. 0. 0. 0. 0. 0. 1.
 0. 0. 1. 0. 1. 0. 0. 1. 0. 1. 1. 0. 0. 0. 1. 0. 0. 0. 1. 1. 1. 0. 1. 0.
 1. 0. 1. 1. 0. 1. 1. 1. 1. 0. 1. 0. 0. 1. 1. 1. 0. 0. 0. 1. 1. 0. 1. 1.
 0. 0. 1. 0. 0. 1. 0. 1. 0. 1. 1. 1. 0. 1. 0. 1. 1. 1. 1. 1. 1. 1. 1. 0.
 0. 0. 1. 1. 1. 0. 0. 1. 1. 1. 0. 0. 0. 1. 1. 1. 0. 0. 0. 0. 1. 1. 1. 0.
 1. 0. 0. 1. 1. 0. 0. 0. 0. 1. 0. 0. 1. 1. 0. 1. 1. 1. 0. 1. 1. 0. 1. 0.
 1. 1. 0. 0. 0. 1. 1. 0. 1. 1. 0. 1. 0. 0. 0. 1. 1. 1. 0. 1. 0. 1. 1. 0.
 1. 0. 0. 1. 1. 0. 0. 1. 0. 1. 1. 0. 0. 1. 0. 0. 1. 1. 0. 1. 1. 0. 0. 0.
 0. 1. 1. 0. 0. 1. 0. 0. 1. 0. 1. 1. 1. 0. 0. 0. 1. 1. 0. 0. 0. 0. 1. 0.
 0. 1. 0. 1. 1. 1. 1. 0. 0. 0. 0. 1. 1. 1. 1. 0. 1. 1. 1. 1. 0. 1. 0. 0.
 1. 0. 0. 1. 1. 1. 1. 1. 0. 0. 1. 1. 1. 0. 0. 1. 0. 1. 0. 0. 1. 0. 1. 0.
 1. 0. 0. 0.]"
594,randomforest,"{'criterion': 'gini', 'max_features': 'sqrt', 'n_estimators': 405}",0.558585908280524,0.1887920596435812,0.12127788888963599,0.3350500077710489,0.5508372153533444,0.19062735636143177,0.5334196855109403,0.06716417910447758,0.5335820895522388,0.5335820895522388,"{0: 0.5847070617063934, 1: 0.5847070617063934}","{0: 0.5847070617063934, 1: 0.5847070617063934}",0.5847070617063934,"[[69 65]
 [60 74]]","[1. 0. 0. 0. 0. 1. 0. 1. 1. 0. 0. 0. 1. 0. 0. 0. 1. 0. 0. 0. 0. 1. 0. 0.
 0. 0. 1. 1. 1. 1. 1. 0. 0. 0. 1. 0. 0. 0. 1. 0. 0. 0. 1. 0. 0. 0. 1. 1.
 0. 0. 1. 0. 1. 1. 1. 1. 1. 1. 0. 1. 1. 0. 1. 0. 0. 0. 1. 1. 1. 1. 0. 0.
 1. 1. 0. 1. 1. 0. 1. 0. 1. 1. 1. 0. 0. 1. 1. 1. 1. 1. 1. 1. 0. 1. 1. 1.
 0. 0. 1. 1. 0. 1. 1. 0. 0. 0. 0. 1. 0. 1. 0. 0. 0. 1. 1. 0. 1. 0. 0. 0.
 0. 1. 1. 1. 1. 1. 1. 1. 1. 0. 0. 1. 1. 0. 1. 0. 0. 1. 0. 1. 1. 0. 0. 0.
 0. 0. 0. 0. 1. 1. 1. 0. 1. 1. 0. 1. 1. 0. 1. 0. 1. 1. 0. 0. 1. 1. 0. 1.
 1. 1. 0. 1. 1. 1. 0. 1. 1. 0. 1. 0. 0. 0. 1. 1. 0. 0. 1. 1. 0. 0. 1. 1.
 1. 1. 1. 1. 1. 1. 0. 0. 0. 0. 1. 1. 0. 0. 0. 1. 1. 1. 0. 1. 1. 1. 0. 0.
 1. 1. 0. 0. 0. 0. 0. 0. 1. 1. 1. 0. 0. 0. 1. 1. 1. 1. 1. 1. 0. 1. 0. 0.
 1. 1. 0. 0. 1. 1. 0. 1. 0. 1. 1. 0. 1. 0. 0. 1. 0. 0. 0. 1. 0. 0. 1. 1.
 1. 0. 1. 0.]","[0. 1. 0. 0. 0. 1. 1. 1. 0. 0. 0. 0. 0. 1. 0. 0. 1. 1. 0. 0. 0. 0. 0. 1.
 0. 0. 1. 0. 1. 0. 0. 1. 0. 1. 1. 0. 0. 0. 1. 0. 0. 0. 1. 1. 1. 0. 1. 0.
 1. 0. 1. 1. 0. 1. 1. 1. 1. 0. 1. 0. 0. 1. 1. 1. 0. 0. 0. 1. 1. 0. 1. 1.
 0. 0. 1. 0. 0. 1. 0. 1. 0. 1. 1. 1. 0. 1. 0. 1. 1. 1. 1. 1. 1. 1. 1. 0.
 0. 0. 1. 1. 1. 0. 0. 1. 1. 1. 0. 0. 0. 1. 1. 1. 0. 0. 0. 0. 1. 1. 1. 0.
 1. 0. 0. 1. 1. 0. 0. 0. 0. 1. 0. 0. 1. 1. 0. 1. 1. 1. 0. 1. 1. 0. 1. 0.
 1. 1. 0. 0. 0. 1. 1. 0. 1. 1. 0. 1. 0. 0. 0. 1. 1. 1. 0. 1. 0. 1. 1. 0.
 1. 0. 0. 1. 1. 0. 0. 1. 0. 1. 1. 0. 0. 1. 0. 0. 1. 1. 0. 1. 1. 0. 0. 0.
 0. 1. 1. 0. 0. 1. 0. 0. 1. 0. 1. 1. 1. 0. 0. 0. 1. 1. 0. 0. 0. 0. 1. 0.
 0. 1. 0. 1. 1. 1. 1. 0. 0. 0. 0. 1. 1. 1. 1. 0. 1. 1. 1. 1. 0. 1. 0. 0.
 1. 0. 0. 1. 1. 1. 1. 1. 0. 0. 1. 1. 1. 0. 0. 1. 0. 1. 0. 0. 1. 0. 1. 0.
 1. 0. 0. 0.]"
877,randomforest,"{'criterion': 'gini', 'max_features': 'sqrt', 'n_estimators': 411}",0.5666278706008309,0.19574135154176212,0.12127598288999449,0.36728641927955896,0.5594899649335133,0.20056886187535136,0.5483502555745902,0.09701492537313428,0.5485074626865671,0.5485074626865671,"{0: 0.5853196703051904, 1: 0.5853196703051904}","{0: 0.5853196703051904, 1: 0.5853196703051904}",0.5853196703051904,"[[71 63]
 [58 76]]","[1. 0. 0. 0. 0. 1. 0. 1. 1. 0. 0. 0. 1. 0. 0. 0. 1. 0. 0. 0. 0. 1. 0. 0.
 0. 0. 1. 1. 1. 1. 1. 0. 0. 0. 1. 0. 1. 0. 1. 0. 1. 0. 1. 0. 0. 1. 1. 1.
 0. 0. 1. 0. 1. 1. 1. 1. 1. 1. 0. 1. 1. 0. 1. 0. 0. 0. 1. 1. 1. 1. 0. 0.
 1. 1. 0. 1. 1. 0. 0. 0. 1. 1. 1. 0. 0. 1. 0. 1. 1. 1. 1. 1. 0. 1. 1. 1.
 0. 0. 1. 1. 0. 1. 0. 0. 0. 0. 0. 1. 0. 1. 0. 0. 0. 1. 1. 0. 1. 0. 0. 0.
 0. 1. 1. 1. 1. 1. 1. 1. 1. 0. 0. 1. 1. 0. 1. 1. 0. 1. 0. 1. 1. 0. 0. 0.
 0. 0. 0. 0. 1. 1. 1. 0. 1. 1. 0. 1. 1. 0. 1. 0. 1. 1. 0. 0. 1. 1. 0. 1.
 1. 1. 0. 1. 1. 1. 0. 1. 1. 0. 1. 0. 0. 0. 1. 1. 0. 0. 1. 1. 0. 0. 1. 1.
 1. 1. 1. 0. 1. 1. 0. 0. 0. 0. 1. 1. 0. 0. 0. 0. 1. 1. 0. 1. 1. 1. 0. 0.
 1. 1. 0. 0. 0. 0. 0. 0. 1. 1. 1. 0. 0. 0. 1. 1. 1. 1. 1. 1. 0. 1. 0. 0.
 1. 1. 0. 0. 1. 1. 1. 1. 0. 1. 1. 0. 1. 0. 0. 1. 0. 0. 0. 1. 0. 0. 1. 1.
 1. 0. 1. 0.]","[0. 1. 0. 0. 0. 1. 1. 1. 0. 0. 0. 0. 0. 1. 0. 0. 1. 1. 0. 0. 0. 0. 0. 1.
 0. 0. 1. 0. 1. 0. 0. 1. 0. 1. 1. 0. 0. 0. 1. 0. 0. 0. 1. 1. 1. 0. 1. 0.
 1. 0. 1. 1. 0. 1. 1. 1. 1. 0. 1. 0. 0. 1. 1. 1. 0. 0. 0. 1. 1. 0. 1. 1.
 0. 0. 1. 0. 0. 1. 0. 1. 0. 1. 1. 1. 0. 1. 0. 1. 1. 1. 1. 1. 1. 1. 1. 0.
 0. 0. 1. 1. 1. 0. 0. 1. 1. 1. 0. 0. 0. 1. 1. 1. 0. 0. 0. 0. 1. 1. 1. 0.
 1. 0. 0. 1. 1. 0. 0. 0. 0. 1. 0. 0. 1. 1. 0. 1. 1. 1. 0. 1. 1. 0. 1. 0.
 1. 1. 0. 0. 0. 1. 1. 0. 1. 1. 0. 1. 0. 0. 0. 1. 1. 1. 0. 1. 0. 1. 1. 0.
 1. 0. 0. 1. 1. 0. 0. 1. 0. 1. 1. 0. 0. 1. 0. 0. 1. 1. 0. 1. 1. 0. 0. 0.
 0. 1. 1. 0. 0. 1. 0. 0. 1. 0. 1. 1. 1. 0. 0. 0. 1. 1. 0. 0. 0. 0. 1. 0.
 0. 1. 0. 1. 1. 1. 1. 0. 0. 0. 0. 1. 1. 1. 1. 0. 1. 1. 1. 1. 0. 1. 0. 0.
 1. 0. 0. 1. 1. 1. 1. 1. 0. 0. 1. 1. 1. 0. 0. 1. 0. 1. 0. 0. 1. 0. 1. 0.
 1. 0. 0. 0.]"
39,AdaBoost,"{'algorithm': 'SAMME.R', 'learning_rate': 1.7326530612244897, 'n_estimators': 85}",0.555330113274057,0.20288603435193903,0.11994527074735366,0.3709974099817887,0.555215136565943,0.1961534589498867,0.5289062499999999,0.05970149253731338,0.5298507462686567,0.5298507462686567,"{0: 0.5555803074181332, 1: 0.5555803074181332}","{0: 0.5555803074181332, 1: 0.5555803074181332}",0.5555803074181332,"[[65 69]
 [57 77]]","[0. 0. 0. 0. 1. 1. 1. 1. 0. 1. 0. 0. 1. 1. 0. 0. 0. 0. 0. 0. 1. 1. 0. 0.
 1. 1. 0. 1. 1. 1. 1. 0. 0. 1. 1. 1. 0. 0. 1. 1. 0. 1. 1. 1. 0. 1. 1. 0.
 0. 0. 0. 0. 0. 1. 1. 0. 1. 1. 0. 1. 0. 0. 1. 0. 0. 0. 0. 1. 1. 1. 0. 0.
 0. 0. 0. 0. 0. 0. 1. 1. 1. 1. 1. 0. 1. 1. 0. 0. 0. 1. 1. 1. 1. 1. 0. 1.
 0. 0. 0. 0. 1. 1. 1. 0. 0. 0. 0. 1. 0. 1. 0. 0. 1. 1. 0. 0. 1. 1. 0. 0.
 1. 1. 1. 0. 0. 1. 1. 1. 1. 0. 0. 1. 1. 0. 1. 0. 0. 0. 1. 1. 1. 1. 1. 0.
 1. 1. 1. 1. 1. 0. 1. 0. 1. 1. 0. 1. 1. 1. 1. 1. 1. 0. 0. 1. 1. 0. 0. 1.
 1. 1. 0. 0. 1. 0. 1. 1. 1. 0. 1. 1. 1. 1. 1. 0. 0. 0. 1. 1. 1. 0. 1. 1.
 0. 1. 0. 1. 1. 1. 0. 0. 0. 0. 0. 1. 1. 1. 1. 0. 1. 1. 0. 1. 1. 0. 1. 0.
 0. 0. 0. 0. 0. 1. 0. 1. 1. 1. 0. 0. 1. 1. 0. 0. 1. 1. 1. 1. 0. 1. 0. 0.
 1. 1. 1. 0. 1. 1. 1. 1. 0. 1. 0. 0. 1. 0. 0. 1. 0. 1. 0. 1. 1. 0. 1. 1.
 1. 1. 1. 0.]","[0. 1. 0. 0. 0. 1. 1. 1. 0. 0. 0. 0. 0. 1. 0. 0. 1. 1. 0. 0. 0. 0. 0. 1.
 0. 0. 1. 0. 1. 0. 0. 1. 0. 1. 1. 0. 0. 0. 1. 0. 0. 0. 1. 1. 1. 0. 1. 0.
 1. 0. 1. 1. 0. 1. 1. 1. 1. 0. 1. 0. 0. 1. 1. 1. 0. 0. 0. 1. 1. 0. 1. 1.
 0. 0. 1. 0. 0. 1. 0. 1. 0. 1. 1. 1. 0. 1. 0. 1. 1. 1. 1. 1. 1. 1. 1. 0.
 0. 0. 1. 1. 1. 0. 0. 1. 1. 1. 0. 0. 0. 1. 1. 1. 0. 0. 0. 0. 1. 1. 1. 0.
 1. 0. 0. 1. 1. 0. 0. 0. 0. 1. 0. 0. 1. 1. 0. 1. 1. 1. 0. 1. 1. 0. 1. 0.
 1. 1. 0. 0. 0. 1. 1. 0. 1. 1. 0. 1. 0. 0. 0. 1. 1. 1. 0. 1. 0. 1. 1. 0.
 1. 0. 0. 1. 1. 0. 0. 1. 0. 1. 1. 0. 0. 1. 0. 0. 1. 1. 0. 1. 1. 0. 0. 0.
 0. 1. 1. 0. 0. 1. 0. 0. 1. 0. 1. 1. 1. 0. 0. 0. 1. 1. 0. 0. 0. 0. 1. 0.
 0. 1. 0. 1. 1. 1. 1. 0. 0. 0. 0. 1. 1. 1. 1. 0. 1. 1. 1. 1. 0. 1. 0. 0.
 1. 0. 0. 1. 1. 1. 1. 1. 0. 0. 1. 1. 1. 0. 0. 1. 0. 1. 0. 0. 1. 0. 1. 0.
 1. 0. 0. 0.]"
562,AdaBoost,"{'algorithm': 'SAMME.R', 'learning_rate': 1.8959183673469386, 'n_estimators': 30}",0.5451842619487182,0.18825824618853568,0.11765519052740324,0.3051621402753362,0.5531698979783657,0.16728001544921076,0.5260498540309904,0.05970149253731338,0.5298507462686567,0.5298507462686567,"{0: 0.5498440632657609, 1: 0.5498440632657607}","{0: 0.5498440632657609, 1: 0.5498440632657607}",0.5498440632657607,"[[83 51]
 [75 59]]","[1. 0. 0. 0. 0. 1. 0. 0. 1. 0. 0. 0. 1. 0. 0. 0. 0. 0. 1. 0. 0. 0. 0. 0.
 0. 0. 0. 1. 1. 1. 1. 0. 0. 0. 0. 1. 0. 0. 1. 1. 0. 0. 0. 1. 0. 0. 1. 0.
 1. 0. 0. 1. 0. 0. 0. 0. 1. 1. 0. 1. 0. 0. 1. 0. 1. 0. 0. 1. 1. 1. 0. 0.
 0. 1. 0. 0. 0. 0. 1. 1. 0. 1. 0. 0. 0. 1. 1. 1. 1. 1. 1. 0. 0. 1. 0. 0.
 0. 0. 0. 0. 1. 1. 1. 0. 0. 0. 0. 1. 1. 1. 0. 0. 0. 1. 1. 0. 0. 1. 1. 0.
 1. 1. 1. 0. 0. 0. 1. 0. 1. 0. 0. 0. 0. 0. 1. 0. 0. 1. 0. 1. 0. 0. 0. 1.
 1. 1. 1. 1. 0. 0. 1. 0. 1. 0. 0. 1. 1. 0. 0. 1. 1. 0. 0. 1. 1. 0. 0. 1.
 1. 0. 0. 0. 0. 1. 1. 0. 0. 1. 0. 0. 0. 0. 1. 1. 0. 0. 1. 0. 1. 0. 0. 0.
 0. 1. 0. 1. 0. 1. 0. 0. 0. 0. 1. 1. 1. 1. 1. 0. 0. 1. 0. 0. 1. 1. 0. 1.
 1. 0. 0. 1. 0. 0. 0. 1. 0. 1. 0. 1. 0. 1. 1. 0. 1. 1. 1. 1. 0. 1. 0. 0.
 1. 1. 1. 1. 0. 1. 0. 1. 0. 0. 0. 1. 0. 0. 0. 1. 0. 0. 0. 0. 0. 1. 0. 0.
 1. 0. 1. 0.]","[0. 1. 0. 0. 0. 1. 1. 1. 0. 0. 0. 0. 0. 1. 0. 0. 1. 1. 0. 0. 0. 0. 0. 1.
 0. 0. 1. 0. 1. 0. 0. 1. 0. 1. 1. 0. 0. 0. 1. 0. 0. 0. 1. 1. 1. 0. 1. 0.
 1. 0. 1. 1. 0. 1. 1. 1. 1. 0. 1. 0. 0. 1. 1. 1. 0. 0. 0. 1. 1. 0. 1. 1.
 0. 0. 1. 0. 0. 1. 0. 1. 0. 1. 1. 1. 0. 1. 0. 1. 1. 1. 1. 1. 1. 1. 1. 0.
 0. 0. 1. 1. 1. 0. 0. 1. 1. 1. 0. 0. 0. 1. 1. 1. 0. 0. 0. 0. 1. 1. 1. 0.
 1. 0. 0. 1. 1. 0. 0. 0. 0. 1. 0. 0. 1. 1. 0. 1. 1. 1. 0. 1. 1. 0. 1. 0.
 1. 1. 0. 0. 0. 1. 1. 0. 1. 1. 0. 1. 0. 0. 0. 1. 1. 1. 0. 1. 0. 1. 1. 0.
 1. 0. 0. 1. 1. 0. 0. 1. 0. 1. 1. 0. 0. 1. 0. 0. 1. 1. 0. 1. 1. 0. 0. 0.
 0. 1. 1. 0. 0. 1. 0. 0. 1. 0. 1. 1. 1. 0. 0. 0. 1. 1. 0. 0. 0. 0. 1. 0.
 0. 1. 0. 1. 1. 1. 1. 0. 0. 0. 0. 1. 1. 1. 1. 0. 1. 1. 1. 1. 0. 1. 0. 0.
 1. 0. 0. 1. 1. 1. 1. 1. 0. 0. 1. 1. 1. 0. 0. 1. 0. 1. 0. 0. 1. 0. 1. 0.
 1. 0. 0. 0.]"
481,SVC,"{'C': 1, 'gamma': 0.0001, 'kernel': 'sigmoid'}",0.4889858937849029,0.20107703698529517,0.11667734689263058,0.22172828962036645,0.5086941135328232,0.18929947261742244,0.541095890410959,0.08955223880597019,0.5447761194029851,0.5447761194029851,"{0: 0.4883604366228559, 1: 0.4883604366228559}","{0: 0.4883604366228559, 1: 0.4883604366228559}",0.4883604366228559,"[[85 49]
 [73 61]]","[1. 1. 1. 0. 0. 0. 0. 1. 0. 0. 0. 0. 0. 0. 1. 1. 1. 1. 0. 0. 0. 0. 0. 1.
 1. 0. 1. 1. 1. 0. 0. 0. 0. 0. 0. 0. 0. 0. 0. 0. 0. 0. 0. 0. 0. 0. 1. 0.
 0. 0. 0. 0. 0. 1. 1. 0. 1. 1. 0. 1. 1. 1. 0. 1. 1. 1. 1. 1. 1. 0. 1. 0.
 1. 1. 0. 1. 1. 1. 0. 0. 1. 1. 1. 1. 1. 0. 0. 0. 0. 1. 0. 1. 1. 1. 1. 0.
 0. 0. 0. 0. 1. 1. 0. 1. 0. 0. 0. 0. 1. 1. 0. 1. 0. 1. 0. 0. 0. 1. 0. 1.
 0. 0. 0. 0. 1. 0. 1. 1. 0. 0. 0. 0. 0. 1. 0. 1. 1. 1. 0. 0. 0. 0. 0. 0.
 1. 1. 0. 0. 1. 1. 0. 1. 0. 1. 0. 0. 0. 0. 1. 1. 0. 0. 1. 1. 1. 0. 0. 1.
 0. 1. 0. 0. 0. 1. 1. 0. 0. 0. 1. 0. 0. 1. 0. 0. 0. 1. 1. 0. 0. 0. 0. 1.
 0. 0. 0. 1. 0. 0. 0. 0. 1. 1. 1. 1. 0. 0. 0. 1. 1. 1. 1. 0. 0. 0. 0. 0.
 1. 0. 1. 0. 0. 0. 1. 1. 0. 0. 1. 0. 0. 0. 0. 0. 0. 1. 1. 0. 1. 0. 0. 1.
 1. 1. 0. 0. 0. 1. 1. 0. 0. 0. 1. 0. 1. 1. 0. 1. 0. 0. 0. 1. 1. 0. 1. 0.
 1. 1. 0. 0.]","[0. 1. 0. 0. 0. 1. 1. 1. 0. 0. 0. 0. 0. 1. 0. 0. 1. 1. 0. 0. 0. 0. 0. 1.
 0. 0. 1. 0. 1. 0. 0. 1. 0. 1. 1. 0. 0. 0. 1. 0. 0. 0. 1. 1. 1. 0. 1. 0.
 1. 0. 1. 1. 0. 1. 1. 1. 1. 0. 1. 0. 0. 1. 1. 1. 0. 0. 0. 1. 1. 0. 1. 1.
 0. 0. 1. 0. 0. 1. 0. 1. 0. 1. 1. 1. 0. 1. 0. 1. 1. 1. 1. 1. 1. 1. 1. 0.
 0. 0. 1. 1. 1. 0. 0. 1. 1. 1. 0. 0. 0. 1. 1. 1. 0. 0. 0. 0. 1. 1. 1. 0.
 1. 0. 0. 1. 1. 0. 0. 0. 0. 1. 0. 0. 1. 1. 0. 1. 1. 1. 0. 1. 1. 0. 1. 0.
 1. 1. 0. 0. 0. 1. 1. 0. 1. 1. 0. 1. 0. 0. 0. 1. 1. 1. 0. 1. 0. 1. 1. 0.
 1. 0. 0. 1. 1. 0. 0. 1. 0. 1. 1. 0. 0. 1. 0. 0. 1. 1. 0. 1. 1. 0. 0. 0.
 0. 1. 1. 0. 0. 1. 0. 0. 1. 0. 1. 1. 1. 0. 0. 0. 1. 1. 0. 0. 0. 0. 1. 0.
 0. 1. 0. 1. 1. 1. 1. 0. 0. 0. 0. 1. 1. 1. 1. 0. 1. 1. 1. 1. 0. 1. 0. 0.
 1. 0. 0. 1. 1. 1. 1. 1. 0. 0. 1. 1. 1. 0. 0. 1. 0. 1. 0. 0. 1. 0. 1. 0.
 1. 0. 0. 0.]"
583,randomforest,"{'criterion': 'gini', 'max_features': 'sqrt', 'n_estimators': 35}",0.5614054595988499,0.1754956842512134,0.11666176392195636,0.3371260791168815,0.5551781290692581,0.18116863166080024,0.5407314524555903,0.08208955223880599,0.5410447761194029,0.541044776119403,"{0: 0.5725384272666518, 1: 0.5725384272666518}","{0: 0.5725384272666518, 1: 0.5725384272666518}",0.5725384272666518,"[[69 65]
 [58 76]]","[1. 0. 0. 0. 0. 1. 0. 0. 1. 0. 0. 0. 1. 1. 0. 0. 0. 0. 0. 0. 0. 1. 1. 0.
 1. 0. 1. 1. 1. 1. 1. 0. 0. 1. 1. 1. 0. 0. 0. 0. 1. 0. 1. 0. 0. 0. 1. 1.
 0. 0. 0. 1. 1. 1. 1. 1. 1. 1. 0. 1. 1. 0. 1. 0. 0. 0. 1. 1. 1. 1. 0. 0.
 1. 1. 0. 1. 1. 0. 1. 0. 0. 0. 1. 0. 0. 1. 0. 1. 1. 1. 0. 0. 0. 1. 1. 1.
 0. 0. 1. 1. 0. 1. 0. 1. 0. 0. 0. 0. 0. 1. 0. 0. 0. 1. 1. 1. 1. 0. 0. 0.
 0. 1. 1. 1. 1. 1. 1. 1. 1. 0. 0. 1. 1. 0. 1. 1. 0. 0. 0. 1. 0. 0. 1. 0.
 0. 0. 0. 0. 1. 1. 1. 0. 0. 0. 0. 1. 1. 0. 1. 0. 1. 1. 0. 0. 1. 1. 0. 1.
 1. 1. 1. 1. 1. 0. 0. 1. 1. 0. 1. 1. 0. 1. 1. 1. 1. 0. 1. 1. 0. 0. 1. 1.
 1. 1. 1. 0. 0. 1. 0. 0. 0. 0. 1. 1. 0. 0. 0. 0. 1. 1. 0. 1. 1. 1. 0. 0.
 1. 1. 1. 1. 0. 0. 0. 0. 1. 1. 1. 1. 0. 0. 1. 1. 1. 1. 1. 1. 0. 1. 0. 0.
 1. 1. 0. 0. 1. 1. 1. 1. 0. 1. 1. 0. 1. 0. 0. 1. 0. 1. 0. 1. 1. 0. 1. 1.
 1. 0. 1. 0.]","[0. 1. 0. 0. 0. 1. 1. 1. 0. 0. 0. 0. 0. 1. 0. 0. 1. 1. 0. 0. 0. 0. 0. 1.
 0. 0. 1. 0. 1. 0. 0. 1. 0. 1. 1. 0. 0. 0. 1. 0. 0. 0. 1. 1. 1. 0. 1. 0.
 1. 0. 1. 1. 0. 1. 1. 1. 1. 0. 1. 0. 0. 1. 1. 1. 0. 0. 0. 1. 1. 0. 1. 1.
 0. 0. 1. 0. 0. 1. 0. 1. 0. 1. 1. 1. 0. 1. 0. 1. 1. 1. 1. 1. 1. 1. 1. 0.
 0. 0. 1. 1. 1. 0. 0. 1. 1. 1. 0. 0. 0. 1. 1. 1. 0. 0. 0. 0. 1. 1. 1. 0.
 1. 0. 0. 1. 1. 0. 0. 0. 0. 1. 0. 0. 1. 1. 0. 1. 1. 1. 0. 1. 1. 0. 1. 0.
 1. 1. 0. 0. 0. 1. 1. 0. 1. 1. 0. 1. 0. 0. 0. 1. 1. 1. 0. 1. 0. 1. 1. 0.
 1. 0. 0. 1. 1. 0. 0. 1. 0. 1. 1. 0. 0. 1. 0. 0. 1. 1. 0. 1. 1. 0. 0. 0.
 0. 1. 1. 0. 0. 1. 0. 0. 1. 0. 1. 1. 1. 0. 0. 0. 1. 1. 0. 0. 0. 0. 1. 0.
 0. 1. 0. 1. 1. 1. 1. 0. 0. 0. 0. 1. 1. 1. 1. 0. 1. 1. 1. 1. 0. 1. 0. 0.
 1. 0. 0. 1. 1. 1. 1. 1. 0. 0. 1. 1. 1. 0. 0. 1. 0. 1. 0. 0. 1. 0. 1. 0.
 1. 0. 0. 0.]"
377,randomforest,"{'criterion': 'gini', 'max_features': 'log2', 'n_estimators': 47}",0.5722240006466448,0.18006078927300337,0.11634136395844702,0.35263074477858525,0.5645751612485483,0.18686153785103643,0.5516145223356198,0.10447761194029848,0.5522388059701493,0.5522388059701493,"{0: 0.5763811539318333, 1: 0.5763811539318333}","{0: 0.5763811539318333, 1: 0.5763811539318333}",0.5763811539318333,"[[69 65]
 [55 79]]","[1. 0. 0. 0. 0. 1. 0. 1. 1. 0. 0. 0. 1. 0. 0. 0. 0. 0. 0. 0. 0. 1. 1. 0.
 1. 0. 0. 1. 1. 1. 1. 0. 0. 1. 1. 1. 1. 0. 1. 0. 0. 1. 0. 0. 0. 0. 1. 0.
 0. 0. 1. 0. 0. 1. 1. 1. 1. 1. 0. 1. 1. 0. 1. 0. 0. 0. 1. 1. 1. 1. 0. 0.
 0. 0. 0. 1. 1. 0. 1. 0. 1. 1. 1. 0. 1. 1. 0. 1. 1. 1. 1. 1. 0. 1. 1. 1.
 0. 0. 1. 1. 0. 1. 1. 1. 0. 0. 0. 1. 0. 1. 0. 1. 0. 1. 1. 1. 1. 0. 0. 0.
 0. 1. 1. 1. 1. 1. 1. 1. 0. 0. 0. 1. 1. 0. 1. 1. 0. 1. 0. 1. 1. 0. 1. 0.
 1. 0. 0. 1. 1. 1. 1. 0. 1. 0. 0. 1. 1. 0. 1. 0. 1. 1. 0. 0. 1. 1. 0. 1.
 1. 1. 0. 1. 1. 0. 0. 1. 1. 0. 1. 0. 0. 1. 1. 1. 0. 0. 1. 1. 0. 0. 0. 1.
 1. 1. 1. 0. 1. 1. 0. 1. 1. 0. 1. 1. 0. 0. 0. 0. 1. 1. 0. 1. 1. 1. 0. 0.
 1. 0. 1. 0. 0. 1. 0. 0. 1. 1. 1. 0. 1. 0. 1. 1. 1. 1. 1. 1. 0. 1. 0. 0.
 1. 1. 0. 0. 1. 1. 1. 0. 0. 1. 1. 0. 1. 0. 1. 1. 0. 0. 0. 1. 0. 0. 1. 1.
 1. 0. 0. 0.]","[0. 1. 0. 0. 0. 1. 1. 1. 0. 0. 0. 0. 0. 1. 0. 0. 1. 1. 0. 0. 0. 0. 0. 1.
 0. 0. 1. 0. 1. 0. 0. 1. 0. 1. 1. 0. 0. 0. 1. 0. 0. 0. 1. 1. 1. 0. 1. 0.
 1. 0. 1. 1. 0. 1. 1. 1. 1. 0. 1. 0. 0. 1. 1. 1. 0. 0. 0. 1. 1. 0. 1. 1.
 0. 0. 1. 0. 0. 1. 0. 1. 0. 1. 1. 1. 0. 1. 0. 1. 1. 1. 1. 1. 1. 1. 1. 0.
 0. 0. 1. 1. 1. 0. 0. 1. 1. 1. 0. 0. 0. 1. 1. 1. 0. 0. 0. 0. 1. 1. 1. 0.
 1. 0. 0. 1. 1. 0. 0. 0. 0. 1. 0. 0. 1. 1. 0. 1. 1. 1. 0. 1. 1. 0. 1. 0.
 1. 1. 0. 0. 0. 1. 1. 0. 1. 1. 0. 1. 0. 0. 0. 1. 1. 1. 0. 1. 0. 1. 1. 0.
 1. 0. 0. 1. 1. 0. 0. 1. 0. 1. 1. 0. 0. 1. 0. 0. 1. 1. 0. 1. 1. 0. 0. 0.
 0. 1. 1. 0. 0. 1. 0. 0. 1. 0. 1. 1. 1. 0. 0. 0. 1. 1. 0. 0. 0. 0. 1. 0.
 0. 1. 0. 1. 1. 1. 1. 0. 0. 0. 0. 1. 1. 1. 1. 0. 1. 1. 1. 1. 0. 1. 0. 0.
 1. 0. 0. 1. 1. 1. 1. 1. 0. 0. 1. 1. 1. 0. 0. 1. 0. 1. 0. 0. 1. 0. 1. 0.
 1. 0. 0. 0.]"
613,randomforest,"{'criterion': 'gini', 'max_features': 'log2', 'n_estimators': 99}",0.5696118982682735,0.19798685094654248,0.11572878346270983,0.34929393282181564,0.5624699132259616,0.19212734479248086,0.5327950016038381,0.06716417910447758,0.5335820895522388,0.5335820895522387,"{0: 0.5715916685230564, 1: 0.5715916685230563}","{0: 0.5715916685230564, 1: 0.5715916685230563}",0.5715916685230563,"[[66 68]
 [57 77]]","[1. 0. 0. 0. 0. 1. 0. 1. 1. 0. 0. 0. 1. 0. 0. 0. 1. 0. 0. 1. 0. 1. 0. 0.
 0. 0. 1. 1. 1. 1. 1. 0. 0. 0. 0. 0. 1. 1. 1. 0. 1. 0. 1. 0. 0. 0. 1. 1.
 0. 0. 1. 0. 1. 1. 1. 1. 1. 1. 0. 1. 0. 0. 1. 0. 0. 0. 1. 1. 1. 1. 0. 0.
 1. 1. 0. 1. 1. 0. 1. 0. 1. 1. 1. 0. 0. 1. 0. 1. 1. 1. 1. 1. 0. 1. 1. 1.
 0. 0. 1. 1. 0. 1. 1. 0. 1. 0. 0. 1. 0. 1. 0. 1. 0. 1. 1. 0. 1. 0. 0. 0.
 0. 1. 1. 1. 1. 1. 1. 1. 1. 0. 0. 1. 1. 0. 1. 1. 0. 1. 0. 1. 1. 0. 0. 0.
 0. 0. 0. 0. 1. 1. 1. 0. 0. 0. 0. 1. 1. 0. 1. 0. 1. 1. 0. 0. 1. 1. 0. 1.
 1. 1. 1. 1. 1. 0. 0. 1. 1. 0. 1. 0. 0. 0. 1. 1. 0. 0. 1. 1. 0. 0. 1. 1.
 1. 1. 1. 1. 1. 1. 0. 1. 0. 0. 1. 1. 0. 0. 0. 1. 1. 1. 0. 1. 1. 1. 0. 0.
 1. 1. 0. 1. 0. 0. 0. 0. 1. 1. 1. 0. 1. 0. 1. 1. 1. 1. 1. 1. 0. 1. 0. 0.
 1. 1. 0. 0. 1. 1. 0. 1. 0. 1. 1. 0. 1. 0. 0. 1. 0. 1. 0. 1. 0. 0. 1. 1.
 1. 0. 1. 0.]","[0. 1. 0. 0. 0. 1. 1. 1. 0. 0. 0. 0. 0. 1. 0. 0. 1. 1. 0. 0. 0. 0. 0. 1.
 0. 0. 1. 0. 1. 0. 0. 1. 0. 1. 1. 0. 0. 0. 1. 0. 0. 0. 1. 1. 1. 0. 1. 0.
 1. 0. 1. 1. 0. 1. 1. 1. 1. 0. 1. 0. 0. 1. 1. 1. 0. 0. 0. 1. 1. 0. 1. 1.
 0. 0. 1. 0. 0. 1. 0. 1. 0. 1. 1. 1. 0. 1. 0. 1. 1. 1. 1. 1. 1. 1. 1. 0.
 0. 0. 1. 1. 1. 0. 0. 1. 1. 1. 0. 0. 0. 1. 1. 1. 0. 0. 0. 0. 1. 1. 1. 0.
 1. 0. 0. 1. 1. 0. 0. 0. 0. 1. 0. 0. 1. 1. 0. 1. 1. 1. 0. 1. 1. 0. 1. 0.
 1. 1. 0. 0. 0. 1. 1. 0. 1. 1. 0. 1. 0. 0. 0. 1. 1. 1. 0. 1. 0. 1. 1. 0.
 1. 0. 0. 1. 1. 0. 0. 1. 0. 1. 1. 0. 0. 1. 0. 0. 1. 1. 0. 1. 1. 0. 0. 0.
 0. 1. 1. 0. 0. 1. 0. 0. 1. 0. 1. 1. 1. 0. 0. 0. 1. 1. 0. 0. 0. 0. 1. 0.
 0. 1. 0. 1. 1. 1. 1. 0. 0. 0. 0. 1. 1. 1. 1. 0. 1. 1. 1. 1. 0. 1. 0. 0.
 1. 0. 0. 1. 1. 1. 1. 1. 0. 0. 1. 1. 1. 0. 0. 1. 0. 1. 0. 0. 1. 0. 1. 0.
 1. 0. 0. 0.]"
683,knn,{'n_neighbors': 80},0.5185225422871691,0.15487706087723996,0.11506030504697466,0.25892286977955414,0.5171249803810287,0.16418626614902956,0.5253197216294995,0.052238805970149294,0.5261194029850746,0.5261194029850746,"{0: 0.5066273112051682, 1: 0.5066273112051682}","{0: 0.5066273112051682, 1: 0.5066273112051682}",0.5066273112051682,"[[76 58]
 [69 65]]","[1. 1. 0. 0. 0. 1. 0. 0. 1. 1. 1. 0. 0. 0. 1. 1. 0. 1. 1. 0. 0. 1. 0. 0.
 0. 0. 0. 1. 0. 1. 1. 1. 0. 0. 1. 1. 0. 0. 0. 0. 0. 1. 1. 1. 1. 0. 1. 1.
 1. 0. 0. 0. 0. 0. 1. 0. 0. 1. 0. 1. 1. 0. 1. 0. 0. 0. 0. 1. 0. 0. 0. 0.
 0. 1. 0. 0. 1. 1. 0. 0. 1. 0. 1. 0. 1. 1. 1. 1. 0. 1. 1. 0. 0. 1. 1. 1.
 1. 0. 0. 1. 0. 0. 1. 1. 0. 1. 0. 1. 0. 1. 1. 0. 1. 0. 1. 0. 0. 1. 0. 1.
 1. 1. 0. 1. 0. 1. 0. 1. 0. 0. 0. 0. 0. 0. 1. 1. 1. 0. 0. 1. 0. 1. 0. 0.
 0. 1. 0. 0. 1. 1. 0. 0. 1. 0. 0. 1. 0. 0. 0. 0. 0. 1. 0. 0. 1. 0. 0. 0.
 1. 1. 1. 0. 0. 0. 0. 1. 1. 1. 1. 0. 1. 1. 1. 1. 1. 0. 1. 0. 1. 1. 1. 0.
 1. 1. 1. 0. 0. 1. 0. 0. 1. 0. 0. 0. 0. 1. 0. 1. 1. 1. 0. 0. 0. 0. 1. 1.
 0. 0. 0. 1. 1. 1. 0. 0. 0. 1. 1. 1. 0. 0. 0. 1. 0. 0. 1. 1. 0. 1. 0. 1.
 0. 0. 0. 0. 0. 1. 1. 0. 0. 1. 1. 0. 1. 1. 0. 1. 0. 0. 0. 0. 0. 1. 1. 0.
 1. 0. 1. 1.]","[0. 1. 0. 0. 0. 1. 1. 1. 0. 0. 0. 0. 0. 1. 0. 0. 1. 1. 0. 0. 0. 0. 0. 1.
 0. 0. 1. 0. 1. 0. 0. 1. 0. 1. 1. 0. 0. 0. 1. 0. 0. 0. 1. 1. 1. 0. 1. 0.
 1. 0. 1. 1. 0. 1. 1. 1. 1. 0. 1. 0. 0. 1. 1. 1. 0. 0. 0. 1. 1. 0. 1. 1.
 0. 0. 1. 0. 0. 1. 0. 1. 0. 1. 1. 1. 0. 1. 0. 1. 1. 1. 1. 1. 1. 1. 1. 0.
 0. 0. 1. 1. 1. 0. 0. 1. 1. 1. 0. 0. 0. 1. 1. 1. 0. 0. 0. 0. 1. 1. 1. 0.
 1. 0. 0. 1. 1. 0. 0. 0. 0. 1. 0. 0. 1. 1. 0. 1. 1. 1. 0. 1. 1. 0. 1. 0.
 1. 1. 0. 0. 0. 1. 1. 0. 1. 1. 0. 1. 0. 0. 0. 1. 1. 1. 0. 1. 0. 1. 1. 0.
 1. 0. 0. 1. 1. 0. 0. 1. 0. 1. 1. 0. 0. 1. 0. 0. 1. 1. 0. 1. 1. 0. 0. 0.
 0. 1. 1. 0. 0. 1. 0. 0. 1. 0. 1. 1. 1. 0. 0. 0. 1. 1. 0. 0. 0. 0. 1. 0.
 0. 1. 0. 1. 1. 1. 1. 0. 0. 0. 0. 1. 1. 1. 1. 0. 1. 1. 1. 1. 0. 1. 0. 0.
 1. 0. 0. 1. 1. 1. 1. 1. 0. 0. 1. 1. 1. 0. 0. 1. 0. 1. 0. 0. 1. 0. 1. 0.
 1. 0. 0. 0.]"
164,knn,{'n_neighbors': 80},0.5185225422871691,0.15487706087723996,0.11506030504697466,0.25892286977955414,0.5171249803810287,0.16418626614902956,0.5253197216294995,0.052238805970149294,0.5261194029850746,0.5261194029850746,"{0: 0.5066273112051682, 1: 0.5066273112051682}","{0: 0.5066273112051682, 1: 0.5066273112051682}",0.5066273112051682,"[[76 58]
 [69 65]]","[1. 1. 0. 0. 0. 1. 0. 0. 1. 1. 1. 0. 0. 0. 1. 1. 0. 1. 1. 0. 0. 1. 0. 0.
 0. 0. 0. 1. 0. 1. 1. 1. 0. 0. 1. 1. 0. 0. 0. 0. 0. 1. 1. 1. 1. 0. 1. 1.
 1. 0. 0. 0. 0. 0. 1. 0. 0. 1. 0. 1. 1. 0. 1. 0. 0. 0. 0. 1. 0. 0. 0. 0.
 0. 1. 0. 0. 1. 1. 0. 0. 1. 0. 1. 0. 1. 1. 1. 1. 0. 1. 1. 0. 0. 1. 1. 1.
 1. 0. 0. 1. 0. 0. 1. 1. 0. 1. 0. 1. 0. 1. 1. 0. 1. 0. 1. 0. 0. 1. 0. 1.
 1. 1. 0. 1. 0. 1. 0. 1. 0. 0. 0. 0. 0. 0. 1. 1. 1. 0. 0. 1. 0. 1. 0. 0.
 0. 1. 0. 0. 1. 1. 0. 0. 1. 0. 0. 1. 0. 0. 0. 0. 0. 1. 0. 0. 1. 0. 0. 0.
 1. 1. 1. 0. 0. 0. 0. 1. 1. 1. 1. 0. 1. 1. 1. 1. 1. 0. 1. 0. 1. 1. 1. 0.
 1. 1. 1. 0. 0. 1. 0. 0. 1. 0. 0. 0. 0. 1. 0. 1. 1. 1. 0. 0. 0. 0. 1. 1.
 0. 0. 0. 1. 1. 1. 0. 0. 0. 1. 1. 1. 0. 0. 0. 1. 0. 0. 1. 1. 0. 1. 0. 1.
 0. 0. 0. 0. 0. 1. 1. 0. 0. 1. 1. 0. 1. 1. 0. 1. 0. 0. 0. 0. 0. 1. 1. 0.
 1. 0. 1. 1.]","[0. 1. 0. 0. 0. 1. 1. 1. 0. 0. 0. 0. 0. 1. 0. 0. 1. 1. 0. 0. 0. 0. 0. 1.
 0. 0. 1. 0. 1. 0. 0. 1. 0. 1. 1. 0. 0. 0. 1. 0. 0. 0. 1. 1. 1. 0. 1. 0.
 1. 0. 1. 1. 0. 1. 1. 1. 1. 0. 1. 0. 0. 1. 1. 1. 0. 0. 0. 1. 1. 0. 1. 1.
 0. 0. 1. 0. 0. 1. 0. 1. 0. 1. 1. 1. 0. 1. 0. 1. 1. 1. 1. 1. 1. 1. 1. 0.
 0. 0. 1. 1. 1. 0. 0. 1. 1. 1. 0. 0. 0. 1. 1. 1. 0. 0. 0. 0. 1. 1. 1. 0.
 1. 0. 0. 1. 1. 0. 0. 0. 0. 1. 0. 0. 1. 1. 0. 1. 1. 1. 0. 1. 1. 0. 1. 0.
 1. 1. 0. 0. 0. 1. 1. 0. 1. 1. 0. 1. 0. 0. 0. 1. 1. 1. 0. 1. 0. 1. 1. 0.
 1. 0. 0. 1. 1. 0. 0. 1. 0. 1. 1. 0. 0. 1. 0. 0. 1. 1. 0. 1. 1. 0. 0. 0.
 0. 1. 1. 0. 0. 1. 0. 0. 1. 0. 1. 1. 1. 0. 0. 0. 1. 1. 0. 0. 0. 0. 1. 0.
 0. 1. 0. 1. 1. 1. 1. 0. 0. 0. 0. 1. 1. 1. 1. 0. 1. 1. 1. 1. 0. 1. 0. 0.
 1. 0. 0. 1. 1. 1. 1. 1. 0. 0. 1. 1. 1. 0. 0. 1. 0. 1. 0. 0. 1. 0. 1. 0.
 1. 0. 0. 0.]"
612,AdaBoost,"{'algorithm': 'SAMME.R', 'learning_rate': 3.610204081632653, 'n_estimators': 63}",0.37977446635539414,0.2369807925106122,0.11438972567567258,0.2188826404989813,0.47679591726970755,0.21048356459175768,0.4317166704263478,-0.052238805970149294,0.47388059701492535,0.4738805970149254,"{0: 0.462937179772778, 1: 0.4629371797727779}","{0: 0.462937179772778, 1: 0.4629371797727779}",0.4629371797727779,"[[ 27 107]
 [ 34 100]]","[1. 1. 1. 1. 1. 1. 0. 1. 1. 1. 1. 1. 1. 0. 0. 1. 0. 0. 1. 1. 1. 1. 1. 1.
 1. 0. 1. 1. 1. 1. 0. 1. 1. 1. 1. 1. 0. 1. 1. 1. 0. 1. 1. 0. 0. 0. 0. 1.
 0. 0. 1. 1. 1. 1. 0. 0. 1. 1. 1. 1. 1. 1. 1. 0. 1. 0. 1. 0. 1. 1. 1. 1.
 1. 1. 0. 1. 1. 1. 1. 0. 0. 1. 1. 1. 0. 1. 1. 1. 1. 1. 1. 1. 0. 0. 1. 1.
 1. 1. 1. 0. 1. 1. 1. 0. 0. 1. 0. 1. 1. 1. 1. 1. 1. 0. 1. 0. 1. 1. 0. 1.
 1. 1. 1. 1. 1. 1. 1. 1. 1. 0. 0. 1. 1. 1. 1. 1. 1. 0. 1. 0. 0. 1. 0. 1.
 0. 1. 1. 1. 1. 1. 1. 0. 1. 1. 0. 1. 1. 1. 1. 1. 1. 0. 1. 1. 1. 0. 1. 1.
 1. 1. 1. 0. 1. 0. 1. 1. 1. 1. 1. 1. 1. 1. 1. 1. 1. 1. 1. 1. 1. 1. 1. 1.
 1. 1. 1. 1. 0. 1. 0. 1. 0. 1. 1. 0. 1. 1. 1. 1. 1. 1. 0. 1. 1. 0. 1. 0.
 1. 0. 1. 1. 0. 1. 1. 1. 1. 1. 1. 1. 1. 1. 0. 1. 1. 1. 1. 1. 1. 1. 0. 1.
 1. 1. 1. 1. 1. 1. 1. 1. 1. 1. 1. 1. 1. 1. 0. 1. 0. 1. 0. 1. 1. 1. 1. 1.
 1. 1. 1. 0.]","[0. 1. 0. 0. 0. 1. 1. 1. 0. 0. 0. 0. 0. 1. 0. 0. 1. 1. 0. 0. 0. 0. 0. 1.
 0. 0. 1. 0. 1. 0. 0. 1. 0. 1. 1. 0. 0. 0. 1. 0. 0. 0. 1. 1. 1. 0. 1. 0.
 1. 0. 1. 1. 0. 1. 1. 1. 1. 0. 1. 0. 0. 1. 1. 1. 0. 0. 0. 1. 1. 0. 1. 1.
 0. 0. 1. 0. 0. 1. 0. 1. 0. 1. 1. 1. 0. 1. 0. 1. 1. 1. 1. 1. 1. 1. 1. 0.
 0. 0. 1. 1. 1. 0. 0. 1. 1. 1. 0. 0. 0. 1. 1. 1. 0. 0. 0. 0. 1. 1. 1. 0.
 1. 0. 0. 1. 1. 0. 0. 0. 0. 1. 0. 0. 1. 1. 0. 1. 1. 1. 0. 1. 1. 0. 1. 0.
 1. 1. 0. 0. 0. 1. 1. 0. 1. 1. 0. 1. 0. 0. 0. 1. 1. 1. 0. 1. 0. 1. 1. 0.
 1. 0. 0. 1. 1. 0. 0. 1. 0. 1. 1. 0. 0. 1. 0. 0. 1. 1. 0. 1. 1. 0. 0. 0.
 0. 1. 1. 0. 0. 1. 0. 0. 1. 0. 1. 1. 1. 0. 0. 0. 1. 1. 0. 0. 0. 0. 1. 0.
 0. 1. 0. 1. 1. 1. 1. 0. 0. 0. 0. 1. 1. 1. 1. 0. 1. 1. 1. 1. 0. 1. 0. 0.
 1. 0. 0. 1. 1. 1. 1. 1. 0. 0. 1. 1. 1. 0. 0. 1. 0. 1. 0. 0. 1. 0. 1. 0.
 1. 0. 0. 0.]"
201,randomforest,"{'criterion': 'entropy', 'max_features': 'sqrt', 'n_estimators': 117}",0.5748617668054751,0.21585648735718732,0.11413004060231095,0.39930865233782,0.5674082656441527,0.2151359524757067,0.547997714062696,0.09701492537313428,0.5485074626865671,0.5485074626865671,"{0: 0.5694196925818669, 1: 0.5694196925818668}","{0: 0.5694196925818669, 1: 0.5694196925818668}",0.5694196925818668,"[[69 65]
 [56 78]]","[1. 0. 0. 0. 0. 1. 0. 1. 1. 0. 0. 0. 1. 0. 0. 0. 1. 0. 0. 0. 0. 1. 0. 0.
 0. 0. 1. 1. 1. 1. 1. 0. 0. 0. 1. 0. 1. 0. 1. 0. 1. 1. 1. 1. 0. 1. 1. 0.
 0. 0. 1. 0. 1. 1. 1. 1. 1. 1. 0. 1. 1. 0. 1. 0. 0. 0. 1. 1. 1. 1. 0. 0.
 1. 1. 0. 1. 1. 0. 1. 0. 0. 1. 1. 0. 0. 1. 0. 1. 1. 1. 1. 1. 0. 1. 1. 1.
 0. 0. 1. 1. 0. 1. 1. 0. 1. 0. 0. 1. 0. 1. 0. 0. 0. 1. 1. 0. 1. 0. 0. 0.
 0. 1. 1. 1. 1. 1. 1. 1. 0. 0. 0. 1. 1. 0. 1. 1. 0. 1. 0. 1. 0. 0. 1. 0.
 0. 0. 0. 0. 1. 1. 1. 0. 1. 0. 0. 1. 1. 0. 1. 0. 1. 1. 0. 0. 1. 1. 0. 1.
 1. 1. 1. 1. 1. 1. 0. 1. 1. 0. 1. 1. 0. 0. 1. 1. 0. 0. 1. 1. 0. 0. 1. 1.
 0. 1. 1. 1. 1. 1. 0. 0. 0. 0. 1. 1. 0. 0. 0. 0. 1. 1. 0. 1. 1. 1. 0. 0.
 1. 1. 0. 1. 0. 0. 0. 0. 1. 1. 1. 0. 0. 0. 0. 1. 1. 1. 1. 1. 0. 1. 0. 0.
 1. 1. 0. 0. 1. 1. 1. 1. 0. 1. 1. 0. 1. 0. 0. 1. 0. 1. 0. 1. 0. 0. 1. 1.
 1. 0. 1. 0.]","[0. 1. 0. 0. 0. 1. 1. 1. 0. 0. 0. 0. 0. 1. 0. 0. 1. 1. 0. 0. 0. 0. 0. 1.
 0. 0. 1. 0. 1. 0. 0. 1. 0. 1. 1. 0. 0. 0. 1. 0. 0. 0. 1. 1. 1. 0. 1. 0.
 1. 0. 1. 1. 0. 1. 1. 1. 1. 0. 1. 0. 0. 1. 1. 1. 0. 0. 0. 1. 1. 0. 1. 1.
 0. 0. 1. 0. 0. 1. 0. 1. 0. 1. 1. 1. 0. 1. 0. 1. 1. 1. 1. 1. 1. 1. 1. 0.
 0. 0. 1. 1. 1. 0. 0. 1. 1. 1. 0. 0. 0. 1. 1. 1. 0. 0. 0. 0. 1. 1. 1. 0.
 1. 0. 0. 1. 1. 0. 0. 0. 0. 1. 0. 0. 1. 1. 0. 1. 1. 1. 0. 1. 1. 0. 1. 0.
 1. 1. 0. 0. 0. 1. 1. 0. 1. 1. 0. 1. 0. 0. 0. 1. 1. 1. 0. 1. 0. 1. 1. 0.
 1. 0. 0. 1. 1. 0. 0. 1. 0. 1. 1. 0. 0. 1. 0. 0. 1. 1. 0. 1. 1. 0. 0. 0.
 0. 1. 1. 0. 0. 1. 0. 0. 1. 0. 1. 1. 1. 0. 0. 0. 1. 1. 0. 0. 0. 0. 1. 0.
 0. 1. 0. 1. 1. 1. 1. 0. 0. 0. 0. 1. 1. 1. 1. 0. 1. 1. 1. 1. 0. 1. 0. 0.
 1. 0. 0. 1. 1. 1. 1. 1. 0. 0. 1. 1. 1. 0. 0. 1. 0. 1. 0. 0. 1. 0. 1. 0.
 1. 0. 0. 0.]"
231,AdaBoost,"{'algorithm': 'SAMME', 'learning_rate': 0.26326530612244897, 'n_estimators': 63}",0.49993375924919475,0.2197627744136772,0.11328863821515661,0.26281590183301545,0.5604584353072256,0.1657370473299648,0.4727979478463403,0.06716417910447758,0.5335820895522388,0.5335820895522387,"{0: 0.5360603697928269, 1: 0.5359768322566273}","{0: 0.5360603697928269, 1: 0.5359768322566273}",0.5359768322566273,"[[ 26 108]
 [ 17 117]]","[1. 1. 1. 1. 0. 1. 1. 1. 1. 1. 0. 1. 1. 1. 1. 1. 1. 1. 1. 1. 1. 1. 1. 0.
 1. 1. 1. 1. 1. 1. 1. 1. 1. 0. 1. 1. 1. 1. 1. 1. 1. 1. 1. 1. 0. 1. 1. 1.
 1. 0. 1. 1. 1. 1. 1. 1. 0. 1. 1. 1. 1. 1. 1. 1. 1. 0. 0. 1. 1. 1. 1. 1.
 1. 1. 0. 1. 1. 1. 1. 0. 0. 1. 1. 0. 1. 1. 1. 1. 1. 1. 1. 1. 0. 1. 1. 1.
 1. 1. 1. 1. 1. 1. 1. 1. 1. 1. 0. 1. 1. 1. 1. 0. 0. 1. 1. 0. 1. 1. 1. 1.
 1. 1. 1. 1. 1. 1. 1. 1. 1. 0. 0. 0. 1. 1. 1. 1. 1. 0. 1. 1. 1. 1. 0. 1.
 1. 1. 1. 1. 1. 1. 1. 0. 1. 1. 0. 1. 1. 1. 1. 1. 1. 1. 1. 1. 1. 1. 0. 1.
 1. 1. 1. 1. 1. 0. 1. 1. 1. 1. 1. 0. 0. 1. 1. 1. 1. 0. 1. 1. 1. 1. 1. 1.
 1. 1. 1. 1. 1. 1. 0. 0. 1. 1. 1. 1. 1. 1. 1. 1. 1. 1. 0. 1. 1. 1. 1. 1.
 1. 0. 0. 1. 0. 1. 1. 1. 1. 1. 1. 1. 1. 1. 1. 1. 1. 1. 1. 1. 0. 1. 0. 1.
 1. 1. 1. 1. 1. 1. 1. 1. 1. 1. 1. 1. 1. 1. 0. 1. 1. 1. 0. 1. 0. 1. 1. 1.
 1. 0. 1. 0.]","[0. 1. 0. 0. 0. 1. 1. 1. 0. 0. 0. 0. 0. 1. 0. 0. 1. 1. 0. 0. 0. 0. 0. 1.
 0. 0. 1. 0. 1. 0. 0. 1. 0. 1. 1. 0. 0. 0. 1. 0. 0. 0. 1. 1. 1. 0. 1. 0.
 1. 0. 1. 1. 0. 1. 1. 1. 1. 0. 1. 0. 0. 1. 1. 1. 0. 0. 0. 1. 1. 0. 1. 1.
 0. 0. 1. 0. 0. 1. 0. 1. 0. 1. 1. 1. 0. 1. 0. 1. 1. 1. 1. 1. 1. 1. 1. 0.
 0. 0. 1. 1. 1. 0. 0. 1. 1. 1. 0. 0. 0. 1. 1. 1. 0. 0. 0. 0. 1. 1. 1. 0.
 1. 0. 0. 1. 1. 0. 0. 0. 0. 1. 0. 0. 1. 1. 0. 1. 1. 1. 0. 1. 1. 0. 1. 0.
 1. 1. 0. 0. 0. 1. 1. 0. 1. 1. 0. 1. 0. 0. 0. 1. 1. 1. 0. 1. 0. 1. 1. 0.
 1. 0. 0. 1. 1. 0. 0. 1. 0. 1. 1. 0. 0. 1. 0. 0. 1. 1. 0. 1. 1. 0. 0. 0.
 0. 1. 1. 0. 0. 1. 0. 0. 1. 0. 1. 1. 1. 0. 0. 0. 1. 1. 0. 0. 0. 0. 1. 0.
 0. 1. 0. 1. 1. 1. 1. 0. 0. 0. 0. 1. 1. 1. 1. 0. 1. 1. 1. 1. 0. 1. 0. 0.
 1. 0. 0. 1. 1. 1. 1. 1. 0. 0. 1. 1. 1. 0. 0. 1. 0. 1. 0. 0. 1. 0. 1. 0.
 1. 0. 0. 0.]"
158,randomforest,"{'criterion': 'gini', 'max_features': 'sqrt', 'n_estimators': 167}",0.5543455450832111,0.17955842700304323,0.11165096633297787,0.3134879169317022,0.5514552912738396,0.1787405233396712,0.5447507658033973,0.08955223880597019,0.5447761194029851,0.5447761194029851,"{0: 0.5803074181332145, 1: 0.5803074181332145}","{0: 0.5803074181332145, 1: 0.5803074181332145}",0.5803074181332145,"[[72 62]
 [60 74]]","[1. 0. 0. 0. 0. 1. 0. 1. 1. 0. 0. 0. 1. 0. 0. 0. 1. 0. 0. 1. 0. 1. 0. 0.
 0. 0. 1. 1. 1. 1. 1. 0. 0. 0. 1. 0. 1. 0. 1. 0. 1. 0. 1. 1. 0. 0. 1. 1.
 0. 0. 1. 0. 1. 1. 1. 1. 1. 1. 0. 1. 1. 0. 1. 0. 0. 0. 1. 1. 1. 1. 0. 0.
 1. 1. 0. 1. 1. 0. 0. 0. 1. 1. 1. 0. 0. 1. 0. 1. 1. 1. 1. 1. 0. 1. 1. 1.
 0. 0. 0. 1. 0. 1. 1. 0. 0. 0. 0. 0. 0. 1. 0. 0. 0. 1. 1. 0. 1. 0. 0. 0.
 0. 1. 1. 1. 1. 1. 1. 1. 1. 0. 0. 1. 1. 0. 1. 1. 0. 1. 0. 1. 0. 0. 0. 0.
 0. 0. 0. 0. 1. 1. 1. 0. 1. 1. 0. 1. 1. 0. 1. 0. 1. 1. 0. 0. 1. 1. 0. 1.
 0. 1. 0. 1. 1. 0. 0. 1. 1. 0. 1. 0. 0. 0. 1. 1. 0. 0. 1. 1. 0. 0. 1. 1.
 1. 1. 1. 0. 1. 1. 0. 0. 0. 0. 1. 1. 0. 1. 0. 0. 1. 1. 0. 1. 1. 1. 0. 0.
 1. 1. 0. 0. 0. 0. 0. 0. 1. 1. 1. 0. 0. 0. 1. 1. 1. 1. 1. 1. 0. 1. 0. 0.
 1. 1. 0. 0. 1. 1. 1. 1. 0. 0. 1. 0. 1. 0. 0. 1. 0. 0. 0. 1. 0. 0. 1. 1.
 1. 0. 1. 0.]","[0. 1. 0. 0. 0. 1. 1. 1. 0. 0. 0. 0. 0. 1. 0. 0. 1. 1. 0. 0. 0. 0. 0. 1.
 0. 0. 1. 0. 1. 0. 0. 1. 0. 1. 1. 0. 0. 0. 1. 0. 0. 0. 1. 1. 1. 0. 1. 0.
 1. 0. 1. 1. 0. 1. 1. 1. 1. 0. 1. 0. 0. 1. 1. 1. 0. 0. 0. 1. 1. 0. 1. 1.
 0. 0. 1. 0. 0. 1. 0. 1. 0. 1. 1. 1. 0. 1. 0. 1. 1. 1. 1. 1. 1. 1. 1. 0.
 0. 0. 1. 1. 1. 0. 0. 1. 1. 1. 0. 0. 0. 1. 1. 1. 0. 0. 0. 0. 1. 1. 1. 0.
 1. 0. 0. 1. 1. 0. 0. 0. 0. 1. 0. 0. 1. 1. 0. 1. 1. 1. 0. 1. 1. 0. 1. 0.
 1. 1. 0. 0. 0. 1. 1. 0. 1. 1. 0. 1. 0. 0. 0. 1. 1. 1. 0. 1. 0. 1. 1. 0.
 1. 0. 0. 1. 1. 0. 0. 1. 0. 1. 1. 0. 0. 1. 0. 0. 1. 1. 0. 1. 1. 0. 0. 0.
 0. 1. 1. 0. 0. 1. 0. 0. 1. 0. 1. 1. 1. 0. 0. 0. 1. 1. 0. 0. 0. 0. 1. 0.
 0. 1. 0. 1. 1. 1. 1. 0. 0. 0. 0. 1. 1. 1. 1. 0. 1. 1. 1. 1. 0. 1. 0. 0.
 1. 0. 0. 1. 1. 1. 1. 1. 0. 0. 1. 1. 1. 0. 0. 1. 0. 1. 0. 0. 1. 0. 1. 0.
 1. 0. 0. 0.]"
19,logistic_regression,"{'penalty': 'l2', 'solver': 'sag'}",0.5284725973761131,0.17922665927000256,0.11161021041702747,0.32203949059810705,0.5289712881950784,0.18093744615605248,0.5222816399286987,0.04477611940298509,0.5223880597014925,0.5223880597014925,"{0: 0.5189908665627088, 1: 0.5189908665627089}","{0: 0.5189908665627088, 1: 0.5189908665627089}",0.5189908665627089,"[[72 62]
 [66 68]]","[1. 1. 1. 0. 0. 0. 1. 0. 1. 0. 0. 1. 0. 1. 1. 0. 0. 0. 1. 0. 1. 1. 0. 0.
 0. 1. 0. 1. 0. 1. 1. 1. 0. 0. 0. 1. 0. 1. 0. 0. 0. 0. 1. 1. 0. 1. 1. 1.
 0. 0. 1. 1. 0. 1. 0. 0. 0. 1. 1. 0. 1. 0. 1. 1. 0. 0. 0. 1. 1. 0. 0. 0.
 1. 1. 0. 1. 1. 0. 0. 0. 0. 0. 0. 0. 0. 1. 0. 0. 0. 0. 1. 1. 0. 1. 0. 1.
 0. 0. 1. 0. 1. 1. 0. 1. 1. 1. 0. 0. 0. 1. 1. 0. 0. 0. 0. 0. 1. 0. 1. 1.
 1. 0. 1. 1. 0. 1. 1. 1. 0. 0. 0. 0. 0. 0. 1. 1. 0. 0. 0. 0. 0. 1. 0. 0.
 0. 1. 1. 0. 1. 1. 0. 0. 0. 1. 0. 1. 1. 0. 0. 1. 0. 1. 0. 0. 1. 0. 0. 1.
 1. 1. 1. 1. 1. 0. 1. 1. 0. 1. 1. 0. 0. 0. 1. 1. 0. 0. 1. 0. 1. 0. 1. 1.
 1. 1. 1. 1. 0. 1. 0. 0. 0. 0. 1. 0. 1. 0. 1. 1. 0. 1. 0. 1. 0. 1. 1. 1.
 0. 0. 0. 1. 0. 1. 0. 1. 0. 1. 1. 1. 0. 1. 0. 0. 1. 0. 1. 1. 0. 0. 0. 0.
 1. 1. 1. 1. 0. 1. 0. 1. 0. 1. 1. 1. 1. 1. 0. 1. 1. 0. 0. 1. 0. 1. 1. 1.
 1. 0. 0. 0.]","[0. 1. 0. 0. 0. 1. 1. 1. 0. 0. 0. 0. 0. 1. 0. 0. 1. 1. 0. 0. 0. 0. 0. 1.
 0. 0. 1. 0. 1. 0. 0. 1. 0. 1. 1. 0. 0. 0. 1. 0. 0. 0. 1. 1. 1. 0. 1. 0.
 1. 0. 1. 1. 0. 1. 1. 1. 1. 0. 1. 0. 0. 1. 1. 1. 0. 0. 0. 1. 1. 0. 1. 1.
 0. 0. 1. 0. 0. 1. 0. 1. 0. 1. 1. 1. 0. 1. 0. 1. 1. 1. 1. 1. 1. 1. 1. 0.
 0. 0. 1. 1. 1. 0. 0. 1. 1. 1. 0. 0. 0. 1. 1. 1. 0. 0. 0. 0. 1. 1. 1. 0.
 1. 0. 0. 1. 1. 0. 0. 0. 0. 1. 0. 0. 1. 1. 0. 1. 1. 1. 0. 1. 1. 0. 1. 0.
 1. 1. 0. 0. 0. 1. 1. 0. 1. 1. 0. 1. 0. 0. 0. 1. 1. 1. 0. 1. 0. 1. 1. 0.
 1. 0. 0. 1. 1. 0. 0. 1. 0. 1. 1. 0. 0. 1. 0. 0. 1. 1. 0. 1. 1. 0. 0. 0.
 0. 1. 1. 0. 0. 1. 0. 0. 1. 0. 1. 1. 1. 0. 0. 0. 1. 1. 0. 0. 0. 0. 1. 0.
 0. 1. 0. 1. 1. 1. 1. 0. 0. 0. 0. 1. 1. 1. 1. 0. 1. 1. 1. 1. 0. 1. 0. 0.
 1. 0. 0. 1. 1. 1. 1. 1. 0. 0. 1. 1. 1. 0. 0. 1. 0. 1. 0. 0. 1. 0. 1. 0.
 1. 0. 0. 0.]"
499,logistic_regression,"{'penalty': None, 'solver': 'sag'}",0.5284725973761131,0.17922665927000256,0.11161021041702747,0.32203949059810705,0.5289712881950784,0.18093744615605248,0.5222816399286987,0.04477611940298509,0.5223880597014925,0.5223880597014925,"{0: 0.5191022499443083, 1: 0.5191022499443083}","{0: 0.5191022499443083, 1: 0.5191022499443083}",0.5191022499443083,"[[72 62]
 [66 68]]","[1. 1. 1. 0. 0. 0. 1. 0. 1. 0. 0. 1. 0. 1. 1. 0. 0. 0. 1. 0. 1. 1. 0. 0.
 0. 1. 0. 1. 0. 1. 1. 1. 0. 0. 0. 1. 0. 1. 0. 0. 0. 0. 1. 1. 0. 1. 1. 1.
 0. 0. 1. 1. 0. 1. 0. 0. 0. 1. 1. 0. 1. 0. 1. 1. 0. 0. 0. 1. 1. 0. 0. 0.
 1. 1. 0. 1. 1. 0. 0. 0. 0. 0. 0. 0. 0. 1. 0. 0. 0. 0. 1. 1. 0. 1. 0. 1.
 0. 0. 1. 0. 1. 1. 0. 1. 1. 1. 0. 0. 0. 1. 1. 0. 0. 0. 0. 0. 1. 0. 1. 1.
 1. 0. 1. 1. 0. 1. 1. 1. 0. 0. 0. 0. 0. 0. 1. 1. 0. 0. 0. 0. 0. 1. 0. 0.
 0. 1. 1. 0. 1. 1. 0. 0. 0. 1. 0. 1. 1. 0. 0. 1. 0. 1. 0. 0. 1. 0. 0. 1.
 1. 1. 1. 1. 1. 0. 1. 1. 0. 1. 1. 0. 0. 0. 1. 1. 0. 0. 1. 0. 1. 0. 1. 1.
 1. 1. 1. 1. 0. 1. 0. 0. 0. 0. 1. 0. 1. 0. 1. 1. 0. 1. 0. 1. 0. 1. 1. 1.
 0. 0. 0. 1. 0. 1. 0. 1. 0. 1. 1. 1. 0. 1. 0. 0. 1. 0. 1. 1. 0. 0. 0. 0.
 1. 1. 1. 1. 0. 1. 0. 1. 0. 1. 1. 1. 1. 1. 0. 1. 1. 0. 0. 1. 0. 1. 1. 1.
 1. 0. 0. 0.]","[0. 1. 0. 0. 0. 1. 1. 1. 0. 0. 0. 0. 0. 1. 0. 0. 1. 1. 0. 0. 0. 0. 0. 1.
 0. 0. 1. 0. 1. 0. 0. 1. 0. 1. 1. 0. 0. 0. 1. 0. 0. 0. 1. 1. 1. 0. 1. 0.
 1. 0. 1. 1. 0. 1. 1. 1. 1. 0. 1. 0. 0. 1. 1. 1. 0. 0. 0. 1. 1. 0. 1. 1.
 0. 0. 1. 0. 0. 1. 0. 1. 0. 1. 1. 1. 0. 1. 0. 1. 1. 1. 1. 1. 1. 1. 1. 0.
 0. 0. 1. 1. 1. 0. 0. 1. 1. 1. 0. 0. 0. 1. 1. 1. 0. 0. 0. 0. 1. 1. 1. 0.
 1. 0. 0. 1. 1. 0. 0. 0. 0. 1. 0. 0. 1. 1. 0. 1. 1. 1. 0. 1. 1. 0. 1. 0.
 1. 1. 0. 0. 0. 1. 1. 0. 1. 1. 0. 1. 0. 0. 0. 1. 1. 1. 0. 1. 0. 1. 1. 0.
 1. 0. 0. 1. 1. 0. 0. 1. 0. 1. 1. 0. 0. 1. 0. 0. 1. 1. 0. 1. 1. 0. 0. 0.
 0. 1. 1. 0. 0. 1. 0. 0. 1. 0. 1. 1. 1. 0. 0. 0. 1. 1. 0. 0. 0. 0. 1. 0.
 0. 1. 0. 1. 1. 1. 1. 0. 0. 0. 0. 1. 1. 1. 1. 0. 1. 1. 1. 1. 0. 1. 0. 0.
 1. 0. 0. 1. 1. 1. 1. 1. 0. 0. 1. 1. 1. 0. 0. 1. 0. 1. 0. 0. 1. 0. 1. 0.
 1. 0. 0. 0.]"
675,logistic_regression,"{'penalty': None, 'solver': 'sag'}",0.5284725973761131,0.17922665927000256,0.11161021041702747,0.32203949059810705,0.5289712881950784,0.18093744615605248,0.5222816399286987,0.04477611940298509,0.5223880597014925,0.5223880597014925,"{0: 0.5187124081087101, 1: 0.5187124081087101}","{0: 0.5187124081087101, 1: 0.5187124081087101}",0.5187124081087101,"[[72 62]
 [66 68]]","[1. 1. 1. 0. 0. 0. 1. 0. 1. 0. 0. 1. 0. 1. 1. 0. 0. 0. 1. 0. 1. 1. 0. 0.
 0. 1. 0. 1. 0. 1. 1. 1. 0. 0. 0. 1. 0. 1. 0. 0. 0. 0. 1. 1. 0. 1. 1. 1.
 0. 0. 1. 1. 0. 1. 0. 0. 0. 1. 1. 0. 1. 0. 1. 1. 0. 0. 0. 1. 1. 0. 0. 0.
 1. 1. 0. 1. 1. 0. 0. 0. 0. 0. 0. 0. 0. 1. 0. 0. 0. 0. 1. 1. 0. 1. 0. 1.
 0. 0. 1. 0. 1. 1. 0. 1. 1. 1. 0. 0. 0. 1. 1. 0. 0. 0. 0. 0. 1. 0. 1. 1.
 1. 0. 1. 1. 0. 1. 1. 1. 0. 0. 0. 0. 0. 0. 1. 1. 0. 0. 0. 0. 0. 1. 0. 0.
 0. 1. 1. 0. 1. 1. 0. 0. 0. 1. 0. 1. 1. 0. 0. 1. 0. 1. 0. 0. 1. 0. 0. 1.
 1. 1. 1. 1. 1. 0. 1. 1. 0. 1. 1. 0. 0. 0. 1. 1. 0. 0. 1. 0. 1. 0. 1. 1.
 1. 1. 1. 1. 0. 1. 0. 0. 0. 0. 1. 0. 1. 0. 1. 1. 0. 1. 0. 1. 0. 1. 1. 1.
 0. 0. 0. 1. 0. 1. 0. 1. 0. 1. 1. 1. 0. 1. 0. 0. 1. 0. 1. 1. 0. 0. 0. 0.
 1. 1. 1. 1. 0. 1. 0. 1. 0. 1. 1. 1. 1. 1. 0. 1. 1. 0. 0. 1. 0. 1. 1. 1.
 1. 0. 0. 0.]","[0. 1. 0. 0. 0. 1. 1. 1. 0. 0. 0. 0. 0. 1. 0. 0. 1. 1. 0. 0. 0. 0. 0. 1.
 0. 0. 1. 0. 1. 0. 0. 1. 0. 1. 1. 0. 0. 0. 1. 0. 0. 0. 1. 1. 1. 0. 1. 0.
 1. 0. 1. 1. 0. 1. 1. 1. 1. 0. 1. 0. 0. 1. 1. 1. 0. 0. 0. 1. 1. 0. 1. 1.
 0. 0. 1. 0. 0. 1. 0. 1. 0. 1. 1. 1. 0. 1. 0. 1. 1. 1. 1. 1. 1. 1. 1. 0.
 0. 0. 1. 1. 1. 0. 0. 1. 1. 1. 0. 0. 0. 1. 1. 1. 0. 0. 0. 0. 1. 1. 1. 0.
 1. 0. 0. 1. 1. 0. 0. 0. 0. 1. 0. 0. 1. 1. 0. 1. 1. 1. 0. 1. 1. 0. 1. 0.
 1. 1. 0. 0. 0. 1. 1. 0. 1. 1. 0. 1. 0. 0. 0. 1. 1. 1. 0. 1. 0. 1. 1. 0.
 1. 0. 0. 1. 1. 0. 0. 1. 0. 1. 1. 0. 0. 1. 0. 0. 1. 1. 0. 1. 1. 0. 0. 0.
 0. 1. 1. 0. 0. 1. 0. 0. 1. 0. 1. 1. 1. 0. 0. 0. 1. 1. 0. 0. 0. 0. 1. 0.
 0. 1. 0. 1. 1. 1. 1. 0. 0. 0. 0. 1. 1. 1. 1. 0. 1. 1. 1. 1. 0. 1. 0. 0.
 1. 0. 0. 1. 1. 1. 1. 1. 0. 0. 1. 1. 1. 0. 0. 1. 0. 1. 0. 0. 1. 0. 1. 0.
 1. 0. 0. 0.]"
363,logistic_regression,"{'penalty': None, 'solver': 'sag'}",0.5284725973761131,0.17922665927000256,0.11161021041702747,0.32203949059810705,0.5289712881950784,0.18093744615605248,0.5222816399286987,0.04477611940298509,0.5223880597014925,0.5223880597014925,"{0: 0.5191022499443083, 1: 0.5191022499443083}","{0: 0.5191022499443083, 1: 0.5191022499443083}",0.5191022499443083,"[[72 62]
 [66 68]]","[1. 1. 1. 0. 0. 0. 1. 0. 1. 0. 0. 1. 0. 1. 1. 0. 0. 0. 1. 0. 1. 1. 0. 0.
 0. 1. 0. 1. 0. 1. 1. 1. 0. 0. 0. 1. 0. 1. 0. 0. 0. 0. 1. 1. 0. 1. 1. 1.
 0. 0. 1. 1. 0. 1. 0. 0. 0. 1. 1. 0. 1. 0. 1. 1. 0. 0. 0. 1. 1. 0. 0. 0.
 1. 1. 0. 1. 1. 0. 0. 0. 0. 0. 0. 0. 0. 1. 0. 0. 0. 0. 1. 1. 0. 1. 0. 1.
 0. 0. 1. 0. 1. 1. 0. 1. 1. 1. 0. 0. 0. 1. 1. 0. 0. 0. 0. 0. 1. 0. 1. 1.
 1. 0. 1. 1. 0. 1. 1. 1. 0. 0. 0. 0. 0. 0. 1. 1. 0. 0. 0. 0. 0. 1. 0. 0.
 0. 1. 1. 0. 1. 1. 0. 0. 0. 1. 0. 1. 1. 0. 0. 1. 0. 1. 0. 0. 1. 0. 0. 1.
 1. 1. 1. 1. 1. 0. 1. 1. 0. 1. 1. 0. 0. 0. 1. 1. 0. 0. 1. 0. 1. 0. 1. 1.
 1. 1. 1. 1. 0. 1. 0. 0. 0. 0. 1. 0. 1. 0. 1. 1. 0. 1. 0. 1. 0. 1. 1. 1.
 0. 0. 0. 1. 0. 1. 0. 1. 0. 1. 1. 1. 0. 1. 0. 0. 1. 0. 1. 1. 0. 0. 0. 0.
 1. 1. 1. 1. 0. 1. 0. 1. 0. 1. 1. 1. 1. 1. 0. 1. 1. 0. 0. 1. 0. 1. 1. 1.
 1. 0. 0. 0.]","[0. 1. 0. 0. 0. 1. 1. 1. 0. 0. 0. 0. 0. 1. 0. 0. 1. 1. 0. 0. 0. 0. 0. 1.
 0. 0. 1. 0. 1. 0. 0. 1. 0. 1. 1. 0. 0. 0. 1. 0. 0. 0. 1. 1. 1. 0. 1. 0.
 1. 0. 1. 1. 0. 1. 1. 1. 1. 0. 1. 0. 0. 1. 1. 1. 0. 0. 0. 1. 1. 0. 1. 1.
 0. 0. 1. 0. 0. 1. 0. 1. 0. 1. 1. 1. 0. 1. 0. 1. 1. 1. 1. 1. 1. 1. 1. 0.
 0. 0. 1. 1. 1. 0. 0. 1. 1. 1. 0. 0. 0. 1. 1. 1. 0. 0. 0. 0. 1. 1. 1. 0.
 1. 0. 0. 1. 1. 0. 0. 0. 0. 1. 0. 0. 1. 1. 0. 1. 1. 1. 0. 1. 1. 0. 1. 0.
 1. 1. 0. 0. 0. 1. 1. 0. 1. 1. 0. 1. 0. 0. 0. 1. 1. 1. 0. 1. 0. 1. 1. 0.
 1. 0. 0. 1. 1. 0. 0. 1. 0. 1. 1. 0. 0. 1. 0. 0. 1. 1. 0. 1. 1. 0. 0. 0.
 0. 1. 1. 0. 0. 1. 0. 0. 1. 0. 1. 1. 1. 0. 0. 0. 1. 1. 0. 0. 0. 0. 1. 0.
 0. 1. 0. 1. 1. 1. 1. 0. 0. 0. 0. 1. 1. 1. 1. 0. 1. 1. 1. 1. 0. 1. 0. 0.
 1. 0. 0. 1. 1. 1. 1. 1. 0. 0. 1. 1. 1. 0. 0. 1. 0. 1. 0. 0. 1. 0. 1. 0.
 1. 0. 0. 0.]"
548,logistic_regression,"{'penalty': None, 'solver': 'sag'}",0.5284725973761131,0.17922665927000256,0.11161021041702747,0.32203949059810705,0.5289712881950784,0.18093744615605248,0.5222816399286987,0.04477611940298509,0.5223880597014925,0.5223880597014925,"{0: 0.519157941635108, 1: 0.519157941635108}","{0: 0.519157941635108, 1: 0.519157941635108}",0.519157941635108,"[[72 62]
 [66 68]]","[1. 1. 1. 0. 0. 0. 1. 0. 1. 0. 0. 1. 0. 1. 1. 0. 0. 0. 1. 0. 1. 1. 0. 0.
 0. 1. 0. 1. 0. 1. 1. 1. 0. 0. 0. 1. 0. 1. 0. 0. 0. 0. 1. 1. 0. 1. 1. 1.
 0. 0. 1. 1. 0. 1. 0. 0. 0. 1. 1. 0. 1. 0. 1. 1. 0. 0. 0. 1. 1. 0. 0. 0.
 1. 1. 0. 1. 1. 0. 0. 0. 0. 0. 0. 0. 0. 1. 0. 0. 0. 0. 1. 1. 0. 1. 0. 1.
 0. 0. 1. 0. 1. 1. 0. 1. 1. 1. 0. 0. 0. 1. 1. 0. 0. 0. 0. 0. 1. 0. 1. 1.
 1. 0. 1. 1. 0. 1. 1. 1. 0. 0. 0. 0. 0. 0. 1. 1. 0. 0. 0. 0. 0. 1. 0. 0.
 0. 1. 1. 0. 1. 1. 0. 0. 0. 1. 0. 1. 1. 0. 0. 1. 0. 1. 0. 0. 1. 0. 0. 1.
 1. 1. 1. 1. 1. 0. 1. 1. 0. 1. 1. 0. 0. 0. 1. 1. 0. 0. 1. 0. 1. 0. 1. 1.
 1. 1. 1. 1. 0. 1. 0. 0. 0. 0. 1. 0. 1. 0. 1. 1. 0. 1. 0. 1. 0. 1. 1. 1.
 0. 0. 0. 1. 0. 1. 0. 1. 0. 1. 1. 1. 0. 1. 0. 0. 1. 0. 1. 1. 0. 0. 0. 0.
 1. 1. 1. 1. 0. 1. 0. 1. 0. 1. 1. 1. 1. 1. 0. 1. 1. 0. 0. 1. 0. 1. 1. 1.
 1. 0. 0. 0.]","[0. 1. 0. 0. 0. 1. 1. 1. 0. 0. 0. 0. 0. 1. 0. 0. 1. 1. 0. 0. 0. 0. 0. 1.
 0. 0. 1. 0. 1. 0. 0. 1. 0. 1. 1. 0. 0. 0. 1. 0. 0. 0. 1. 1. 1. 0. 1. 0.
 1. 0. 1. 1. 0. 1. 1. 1. 1. 0. 1. 0. 0. 1. 1. 1. 0. 0. 0. 1. 1. 0. 1. 1.
 0. 0. 1. 0. 0. 1. 0. 1. 0. 1. 1. 1. 0. 1. 0. 1. 1. 1. 1. 1. 1. 1. 1. 0.
 0. 0. 1. 1. 1. 0. 0. 1. 1. 1. 0. 0. 0. 1. 1. 1. 0. 0. 0. 0. 1. 1. 1. 0.
 1. 0. 0. 1. 1. 0. 0. 0. 0. 1. 0. 0. 1. 1. 0. 1. 1. 1. 0. 1. 1. 0. 1. 0.
 1. 1. 0. 0. 0. 1. 1. 0. 1. 1. 0. 1. 0. 0. 0. 1. 1. 1. 0. 1. 0. 1. 1. 0.
 1. 0. 0. 1. 1. 0. 0. 1. 0. 1. 1. 0. 0. 1. 0. 0. 1. 1. 0. 1. 1. 0. 0. 0.
 0. 1. 1. 0. 0. 1. 0. 0. 1. 0. 1. 1. 1. 0. 0. 0. 1. 1. 0. 0. 0. 0. 1. 0.
 0. 1. 0. 1. 1. 1. 1. 0. 0. 0. 0. 1. 1. 1. 1. 0. 1. 1. 1. 1. 0. 1. 0. 0.
 1. 0. 0. 1. 1. 1. 1. 1. 0. 0. 1. 1. 1. 0. 0. 1. 0. 1. 0. 0. 1. 0. 1. 0.
 1. 0. 0. 0.]"
308,logistic_regression,"{'penalty': None, 'solver': 'sag'}",0.5284725973761131,0.17922665927000256,0.11161021041702747,0.32203949059810705,0.5289712881950784,0.18093744615605248,0.5222816399286987,0.04477611940298509,0.5223880597014925,0.5223880597014925,"{0: 0.5194364000891067, 1: 0.5194364000891067}","{0: 0.5194364000891067, 1: 0.5194364000891067}",0.5194364000891067,"[[72 62]
 [66 68]]","[1. 1. 1. 0. 0. 0. 1. 0. 1. 0. 0. 1. 0. 1. 1. 0. 0. 0. 1. 0. 1. 1. 0. 0.
 0. 1. 0. 1. 0. 1. 1. 1. 0. 0. 0. 1. 0. 1. 0. 0. 0. 0. 1. 1. 0. 1. 1. 1.
 0. 0. 1. 1. 0. 1. 0. 0. 0. 1. 1. 0. 1. 0. 1. 1. 0. 0. 0. 1. 1. 0. 0. 0.
 1. 1. 0. 1. 1. 0. 0. 0. 0. 0. 0. 0. 0. 1. 0. 0. 0. 0. 1. 1. 0. 1. 0. 1.
 0. 0. 1. 0. 1. 1. 0. 1. 1. 1. 0. 0. 0. 1. 1. 0. 0. 0. 0. 0. 1. 0. 1. 1.
 1. 0. 1. 1. 0. 1. 1. 1. 0. 0. 0. 0. 0. 0. 1. 1. 0. 0. 0. 0. 0. 1. 0. 0.
 0. 1. 1. 0. 1. 1. 0. 0. 0. 1. 0. 1. 1. 0. 0. 1. 0. 1. 0. 0. 1. 0. 0. 1.
 1. 1. 1. 1. 1. 0. 1. 1. 0. 1. 1. 0. 0. 0. 1. 1. 0. 0. 1. 0. 1. 0. 1. 1.
 1. 1. 1. 1. 0. 1. 0. 0. 0. 0. 1. 0. 1. 0. 1. 1. 0. 1. 0. 1. 0. 1. 1. 1.
 0. 0. 0. 1. 0. 1. 0. 1. 0. 1. 1. 1. 0. 1. 0. 0. 1. 0. 1. 1. 0. 0. 0. 0.
 1. 1. 1. 1. 0. 1. 0. 1. 0. 1. 1. 1. 1. 1. 0. 1. 1. 0. 0. 1. 0. 1. 1. 1.
 1. 0. 0. 0.]","[0. 1. 0. 0. 0. 1. 1. 1. 0. 0. 0. 0. 0. 1. 0. 0. 1. 1. 0. 0. 0. 0. 0. 1.
 0. 0. 1. 0. 1. 0. 0. 1. 0. 1. 1. 0. 0. 0. 1. 0. 0. 0. 1. 1. 1. 0. 1. 0.
 1. 0. 1. 1. 0. 1. 1. 1. 1. 0. 1. 0. 0. 1. 1. 1. 0. 0. 0. 1. 1. 0. 1. 1.
 0. 0. 1. 0. 0. 1. 0. 1. 0. 1. 1. 1. 0. 1. 0. 1. 1. 1. 1. 1. 1. 1. 1. 0.
 0. 0. 1. 1. 1. 0. 0. 1. 1. 1. 0. 0. 0. 1. 1. 1. 0. 0. 0. 0. 1. 1. 1. 0.
 1. 0. 0. 1. 1. 0. 0. 0. 0. 1. 0. 0. 1. 1. 0. 1. 1. 1. 0. 1. 1. 0. 1. 0.
 1. 1. 0. 0. 0. 1. 1. 0. 1. 1. 0. 1. 0. 0. 0. 1. 1. 1. 0. 1. 0. 1. 1. 0.
 1. 0. 0. 1. 1. 0. 0. 1. 0. 1. 1. 0. 0. 1. 0. 0. 1. 1. 0. 1. 1. 0. 0. 0.
 0. 1. 1. 0. 0. 1. 0. 0. 1. 0. 1. 1. 1. 0. 0. 0. 1. 1. 0. 0. 0. 0. 1. 0.
 0. 1. 0. 1. 1. 1. 1. 0. 0. 0. 0. 1. 1. 1. 1. 0. 1. 1. 1. 1. 0. 1. 0. 0.
 1. 0. 0. 1. 1. 1. 1. 1. 0. 0. 1. 1. 1. 0. 0. 1. 0. 1. 0. 0. 1. 0. 1. 0.
 1. 0. 0. 0.]"
924,logistic_regression,"{'penalty': None, 'solver': 'sag'}",0.5284725973761131,0.17922665927000256,0.11161021041702747,0.32203949059810705,0.5289712881950784,0.18093744615605248,0.5222816399286987,0.04477611940298509,0.5223880597014925,0.5223880597014925,"{0: 0.5188794831811094, 1: 0.5188794831811093}","{0: 0.5188794831811094, 1: 0.5188794831811093}",0.5188794831811093,"[[72 62]
 [66 68]]","[1. 1. 1. 0. 0. 0. 1. 0. 1. 0. 0. 1. 0. 1. 1. 0. 0. 0. 1. 0. 1. 1. 0. 0.
 0. 1. 0. 1. 0. 1. 1. 1. 0. 0. 0. 1. 0. 1. 0. 0. 0. 0. 1. 1. 0. 1. 1. 1.
 0. 0. 1. 1. 0. 1. 0. 0. 0. 1. 1. 0. 1. 0. 1. 1. 0. 0. 0. 1. 1. 0. 0. 0.
 1. 1. 0. 1. 1. 0. 0. 0. 0. 0. 0. 0. 0. 1. 0. 0. 0. 0. 1. 1. 0. 1. 0. 1.
 0. 0. 1. 0. 1. 1. 0. 1. 1. 1. 0. 0. 0. 1. 1. 0. 0. 0. 0. 0. 1. 0. 1. 1.
 1. 0. 1. 1. 0. 1. 1. 1. 0. 0. 0. 0. 0. 0. 1. 1. 0. 0. 0. 0. 0. 1. 0. 0.
 0. 1. 1. 0. 1. 1. 0. 0. 0. 1. 0. 1. 1. 0. 0. 1. 0. 1. 0. 0. 1. 0. 0. 1.
 1. 1. 1. 1. 1. 0. 1. 1. 0. 1. 1. 0. 0. 0. 1. 1. 0. 0. 1. 0. 1. 0. 1. 1.
 1. 1. 1. 1. 0. 1. 0. 0. 0. 0. 1. 0. 1. 0. 1. 1. 0. 1. 0. 1. 0. 1. 1. 1.
 0. 0. 0. 1. 0. 1. 0. 1. 0. 1. 1. 1. 0. 1. 0. 0. 1. 0. 1. 1. 0. 0. 0. 0.
 1. 1. 1. 1. 0. 1. 0. 1. 0. 1. 1. 1. 1. 1. 0. 1. 1. 0. 0. 1. 0. 1. 1. 1.
 1. 0. 0. 0.]","[0. 1. 0. 0. 0. 1. 1. 1. 0. 0. 0. 0. 0. 1. 0. 0. 1. 1. 0. 0. 0. 0. 0. 1.
 0. 0. 1. 0. 1. 0. 0. 1. 0. 1. 1. 0. 0. 0. 1. 0. 0. 0. 1. 1. 1. 0. 1. 0.
 1. 0. 1. 1. 0. 1. 1. 1. 1. 0. 1. 0. 0. 1. 1. 1. 0. 0. 0. 1. 1. 0. 1. 1.
 0. 0. 1. 0. 0. 1. 0. 1. 0. 1. 1. 1. 0. 1. 0. 1. 1. 1. 1. 1. 1. 1. 1. 0.
 0. 0. 1. 1. 1. 0. 0. 1. 1. 1. 0. 0. 0. 1. 1. 1. 0. 0. 0. 0. 1. 1. 1. 0.
 1. 0. 0. 1. 1. 0. 0. 0. 0. 1. 0. 0. 1. 1. 0. 1. 1. 1. 0. 1. 1. 0. 1. 0.
 1. 1. 0. 0. 0. 1. 1. 0. 1. 1. 0. 1. 0. 0. 0. 1. 1. 1. 0. 1. 0. 1. 1. 0.
 1. 0. 0. 1. 1. 0. 0. 1. 0. 1. 1. 0. 0. 1. 0. 0. 1. 1. 0. 1. 1. 0. 0. 0.
 0. 1. 1. 0. 0. 1. 0. 0. 1. 0. 1. 1. 1. 0. 0. 0. 1. 1. 0. 0. 0. 0. 1. 0.
 0. 1. 0. 1. 1. 1. 1. 0. 0. 0. 0. 1. 1. 1. 1. 0. 1. 1. 1. 1. 0. 1. 0. 0.
 1. 0. 0. 1. 1. 1. 1. 1. 0. 0. 1. 1. 1. 0. 0. 1. 0. 1. 0. 0. 1. 0. 1. 0.
 1. 0. 0. 0.]"
385,logistic_regression,"{'penalty': None, 'solver': 'sag'}",0.5284725973761131,0.17922665927000256,0.11161021041702747,0.32203949059810705,0.5289712881950784,0.18093744615605248,0.5222816399286987,0.04477611940298509,0.5223880597014925,0.5223880597014925,"{0: 0.5192693250167075, 1: 0.5192693250167075}","{0: 0.5192693250167075, 1: 0.5192693250167075}",0.5192693250167075,"[[72 62]
 [66 68]]","[1. 1. 1. 0. 0. 0. 1. 0. 1. 0. 0. 1. 0. 1. 1. 0. 0. 0. 1. 0. 1. 1. 0. 0.
 0. 1. 0. 1. 0. 1. 1. 1. 0. 0. 0. 1. 0. 1. 0. 0. 0. 0. 1. 1. 0. 1. 1. 1.
 0. 0. 1. 1. 0. 1. 0. 0. 0. 1. 1. 0. 1. 0. 1. 1. 0. 0. 0. 1. 1. 0. 0. 0.
 1. 1. 0. 1. 1. 0. 0. 0. 0. 0. 0. 0. 0. 1. 0. 0. 0. 0. 1. 1. 0. 1. 0. 1.
 0. 0. 1. 0. 1. 1. 0. 1. 1. 1. 0. 0. 0. 1. 1. 0. 0. 0. 0. 0. 1. 0. 1. 1.
 1. 0. 1. 1. 0. 1. 1. 1. 0. 0. 0. 0. 0. 0. 1. 1. 0. 0. 0. 0. 0. 1. 0. 0.
 0. 1. 1. 0. 1. 1. 0. 0. 0. 1. 0. 1. 1. 0. 0. 1. 0. 1. 0. 0. 1. 0. 0. 1.
 1. 1. 1. 1. 1. 0. 1. 1. 0. 1. 1. 0. 0. 0. 1. 1. 0. 0. 1. 0. 1. 0. 1. 1.
 1. 1. 1. 1. 0. 1. 0. 0. 0. 0. 1. 0. 1. 0. 1. 1. 0. 1. 0. 1. 0. 1. 1. 1.
 0. 0. 0. 1. 0. 1. 0. 1. 0. 1. 1. 1. 0. 1. 0. 0. 1. 0. 1. 1. 0. 0. 0. 0.
 1. 1. 1. 1. 0. 1. 0. 1. 0. 1. 1. 1. 1. 1. 0. 1. 1. 0. 0. 1. 0. 1. 1. 1.
 1. 0. 0. 0.]","[0. 1. 0. 0. 0. 1. 1. 1. 0. 0. 0. 0. 0. 1. 0. 0. 1. 1. 0. 0. 0. 0. 0. 1.
 0. 0. 1. 0. 1. 0. 0. 1. 0. 1. 1. 0. 0. 0. 1. 0. 0. 0. 1. 1. 1. 0. 1. 0.
 1. 0. 1. 1. 0. 1. 1. 1. 1. 0. 1. 0. 0. 1. 1. 1. 0. 0. 0. 1. 1. 0. 1. 1.
 0. 0. 1. 0. 0. 1. 0. 1. 0. 1. 1. 1. 0. 1. 0. 1. 1. 1. 1. 1. 1. 1. 1. 0.
 0. 0. 1. 1. 1. 0. 0. 1. 1. 1. 0. 0. 0. 1. 1. 1. 0. 0. 0. 0. 1. 1. 1. 0.
 1. 0. 0. 1. 1. 0. 0. 0. 0. 1. 0. 0. 1. 1. 0. 1. 1. 1. 0. 1. 1. 0. 1. 0.
 1. 1. 0. 0. 0. 1. 1. 0. 1. 1. 0. 1. 0. 0. 0. 1. 1. 1. 0. 1. 0. 1. 1. 0.
 1. 0. 0. 1. 1. 0. 0. 1. 0. 1. 1. 0. 0. 1. 0. 0. 1. 1. 0. 1. 1. 0. 0. 0.
 0. 1. 1. 0. 0. 1. 0. 0. 1. 0. 1. 1. 1. 0. 0. 0. 1. 1. 0. 0. 0. 0. 1. 0.
 0. 1. 0. 1. 1. 1. 1. 0. 0. 0. 0. 1. 1. 1. 1. 0. 1. 1. 1. 1. 0. 1. 0. 0.
 1. 0. 0. 1. 1. 1. 1. 1. 0. 0. 1. 1. 1. 0. 0. 1. 0. 1. 0. 0. 1. 0. 1. 0.
 1. 0. 0. 0.]"
83,logistic_regression,"{'penalty': 'l2', 'solver': 'sag'}",0.5284725973761131,0.17922665927000256,0.11161021041702747,0.32203949059810705,0.5289712881950784,0.18093744615605248,0.5222816399286987,0.04477611940298509,0.5223880597014925,0.5223880597014925,"{0: 0.5192136333259078, 1: 0.5192136333259078}","{0: 0.5192136333259078, 1: 0.5192136333259078}",0.5192136333259078,"[[72 62]
 [66 68]]","[1. 1. 1. 0. 0. 0. 1. 0. 1. 0. 0. 1. 0. 1. 1. 0. 0. 0. 1. 0. 1. 1. 0. 0.
 0. 1. 0. 1. 0. 1. 1. 1. 0. 0. 0. 1. 0. 1. 0. 0. 0. 0. 1. 1. 0. 1. 1. 1.
 0. 0. 1. 1. 0. 1. 0. 0. 0. 1. 1. 0. 1. 0. 1. 1. 0. 0. 0. 1. 1. 0. 0. 0.
 1. 1. 0. 1. 1. 0. 0. 0. 0. 0. 0. 0. 0. 1. 0. 0. 0. 0. 1. 1. 0. 1. 0. 1.
 0. 0. 1. 0. 1. 1. 0. 1. 1. 1. 0. 0. 0. 1. 1. 0. 0. 0. 0. 0. 1. 0. 1. 1.
 1. 0. 1. 1. 0. 1. 1. 1. 0. 0. 0. 0. 0. 0. 1. 1. 0. 0. 0. 0. 0. 1. 0. 0.
 0. 1. 1. 0. 1. 1. 0. 0. 0. 1. 0. 1. 1. 0. 0. 1. 0. 1. 0. 0. 1. 0. 0. 1.
 1. 1. 1. 1. 1. 0. 1. 1. 0. 1. 1. 0. 0. 0. 1. 1. 0. 0. 1. 0. 1. 0. 1. 1.
 1. 1. 1. 1. 0. 1. 0. 0. 0. 0. 1. 0. 1. 0. 1. 1. 0. 1. 0. 1. 0. 1. 1. 1.
 0. 0. 0. 1. 0. 1. 0. 1. 0. 1. 1. 1. 0. 1. 0. 0. 1. 0. 1. 1. 0. 0. 0. 0.
 1. 1. 1. 1. 0. 1. 0. 1. 0. 1. 1. 1. 1. 1. 0. 1. 1. 0. 0. 1. 0. 1. 1. 1.
 1. 0. 0. 0.]","[0. 1. 0. 0. 0. 1. 1. 1. 0. 0. 0. 0. 0. 1. 0. 0. 1. 1. 0. 0. 0. 0. 0. 1.
 0. 0. 1. 0. 1. 0. 0. 1. 0. 1. 1. 0. 0. 0. 1. 0. 0. 0. 1. 1. 1. 0. 1. 0.
 1. 0. 1. 1. 0. 1. 1. 1. 1. 0. 1. 0. 0. 1. 1. 1. 0. 0. 0. 1. 1. 0. 1. 1.
 0. 0. 1. 0. 0. 1. 0. 1. 0. 1. 1. 1. 0. 1. 0. 1. 1. 1. 1. 1. 1. 1. 1. 0.
 0. 0. 1. 1. 1. 0. 0. 1. 1. 1. 0. 0. 0. 1. 1. 1. 0. 0. 0. 0. 1. 1. 1. 0.
 1. 0. 0. 1. 1. 0. 0. 0. 0. 1. 0. 0. 1. 1. 0. 1. 1. 1. 0. 1. 1. 0. 1. 0.
 1. 1. 0. 0. 0. 1. 1. 0. 1. 1. 0. 1. 0. 0. 0. 1. 1. 1. 0. 1. 0. 1. 1. 0.
 1. 0. 0. 1. 1. 0. 0. 1. 0. 1. 1. 0. 0. 1. 0. 0. 1. 1. 0. 1. 1. 0. 0. 0.
 0. 1. 1. 0. 0. 1. 0. 0. 1. 0. 1. 1. 1. 0. 0. 0. 1. 1. 0. 0. 0. 0. 1. 0.
 0. 1. 0. 1. 1. 1. 1. 0. 0. 0. 0. 1. 1. 1. 1. 0. 1. 1. 1. 1. 0. 1. 0. 0.
 1. 0. 0. 1. 1. 1. 1. 1. 0. 0. 1. 1. 1. 0. 0. 1. 0. 1. 0. 0. 1. 0. 1. 0.
 1. 0. 0. 0.]"
740,randomforest,"{'criterion': 'gini', 'max_features': 'sqrt', 'n_estimators': 57}",0.5479210325691324,0.15956062950757413,0.11091442042438422,0.292423199970258,0.5433987085196762,0.16575667809864597,0.5369007803790412,0.07462686567164178,0.5373134328358209,0.5373134328358209,"{0: 0.573345956783248, 1: 0.573345956783248}","{0: 0.573345956783248, 1: 0.573345956783248}",0.573345956783248,"[[68 66]
 [58 76]]","[1. 0. 0. 0. 0. 1. 0. 1. 1. 0. 0. 0. 1. 0. 0. 0. 0. 0. 0. 0. 1. 1. 1. 0.
 1. 0. 1. 1. 1. 1. 1. 0. 0. 0. 0. 0. 1. 0. 0. 0. 0. 1. 1. 0. 0. 1. 1. 1.
 0. 0. 1. 1. 0. 1. 1. 1. 1. 1. 0. 1. 0. 0. 1. 0. 0. 0. 1. 1. 1. 1. 0. 0.
 1. 1. 0. 1. 1. 0. 1. 0. 1. 1. 1. 0. 0. 1. 0. 1. 1. 1. 1. 1. 1. 1. 1. 1.
 0. 0. 1. 1. 1. 1. 0. 0. 0. 0. 0. 1. 0. 1. 0. 0. 0. 1. 1. 0. 1. 0. 0. 0.
 0. 1. 1. 1. 1. 1. 1. 1. 1. 0. 0. 1. 0. 0. 1. 1. 0. 1. 0. 1. 0. 0. 0. 0.
 0. 0. 0. 0. 0. 1. 1. 0. 0. 1. 0. 1. 1. 0. 1. 0. 1. 1. 0. 0. 1. 1. 0. 1.
 1. 1. 1. 1. 1. 1. 1. 1. 1. 0. 1. 0. 0. 1. 1. 1. 0. 0. 1. 0. 0. 0. 1. 1.
 0. 1. 1. 0. 1. 1. 0. 0. 0. 0. 1. 1. 0. 0. 0. 1. 1. 1. 0. 1. 1. 1. 1. 0.
 1. 1. 0. 1. 0. 0. 0. 0. 1. 1. 1. 0. 1. 0. 1. 1. 1. 1. 1. 1. 0. 1. 0. 0.
 1. 1. 0. 0. 1. 1. 0. 1. 0. 1. 1. 0. 1. 0. 0. 1. 0. 1. 0. 1. 0. 0. 1. 1.
 1. 0. 1. 0.]","[0. 1. 0. 0. 0. 1. 1. 1. 0. 0. 0. 0. 0. 1. 0. 0. 1. 1. 0. 0. 0. 0. 0. 1.
 0. 0. 1. 0. 1. 0. 0. 1. 0. 1. 1. 0. 0. 0. 1. 0. 0. 0. 1. 1. 1. 0. 1. 0.
 1. 0. 1. 1. 0. 1. 1. 1. 1. 0. 1. 0. 0. 1. 1. 1. 0. 0. 0. 1. 1. 0. 1. 1.
 0. 0. 1. 0. 0. 1. 0. 1. 0. 1. 1. 1. 0. 1. 0. 1. 1. 1. 1. 1. 1. 1. 1. 0.
 0. 0. 1. 1. 1. 0. 0. 1. 1. 1. 0. 0. 0. 1. 1. 1. 0. 0. 0. 0. 1. 1. 1. 0.
 1. 0. 0. 1. 1. 0. 0. 0. 0. 1. 0. 0. 1. 1. 0. 1. 1. 1. 0. 1. 1. 0. 1. 0.
 1. 1. 0. 0. 0. 1. 1. 0. 1. 1. 0. 1. 0. 0. 0. 1. 1. 1. 0. 1. 0. 1. 1. 0.
 1. 0. 0. 1. 1. 0. 0. 1. 0. 1. 1. 0. 0. 1. 0. 0. 1. 1. 0. 1. 1. 0. 0. 0.
 0. 1. 1. 0. 0. 1. 0. 0. 1. 0. 1. 1. 1. 0. 0. 0. 1. 1. 0. 0. 0. 0. 1. 0.
 0. 1. 0. 1. 1. 1. 1. 0. 0. 0. 0. 1. 1. 1. 1. 0. 1. 1. 1. 1. 0. 1. 0. 0.
 1. 0. 0. 1. 1. 1. 1. 1. 0. 0. 1. 1. 1. 0. 0. 1. 0. 1. 0. 0. 1. 0. 1. 0.
 1. 0. 0. 0.]"
825,randomforest,"{'criterion': 'gini', 'max_features': 'sqrt', 'n_estimators': 47}",0.569528393322376,0.1969547145170904,0.1108210430938697,0.355392550795352,0.5603951865040574,0.19229251766268488,0.5222816399286987,0.04477611940298509,0.5223880597014925,0.5223880597014925,"{0: 0.5772443751392292, 1: 0.5772443751392292}","{0: 0.5772443751392292, 1: 0.5772443751392292}",0.5772443751392292,"[[68 66]
 [62 72]]","[1. 0. 0. 0. 0. 1. 0. 1. 1. 0. 0. 1. 1. 0. 0. 0. 0. 0. 0. 0. 0. 1. 0. 0.
 0. 0. 0. 1. 1. 1. 1. 0. 0. 0. 1. 1. 0. 0. 1. 0. 1. 0. 1. 0. 0. 0. 1. 1.
 0. 0. 1. 0. 1. 1. 1. 1. 1. 0. 0. 1. 0. 0. 1. 0. 0. 0. 1. 1. 1. 0. 0. 0.
 1. 1. 0. 1. 1. 0. 1. 0. 1. 1. 1. 0. 0. 1. 1. 1. 1. 1. 1. 0. 0. 1. 1. 1.
 0. 0. 1. 1. 0. 1. 0. 0. 1. 0. 0. 1. 0. 1. 0. 0. 0. 1. 1. 0. 1. 0. 0. 0.
 0. 1. 1. 1. 1. 1. 1. 1. 1. 0. 0. 0. 1. 0. 1. 0. 0. 1. 0. 1. 1. 0. 0. 0.
 0. 0. 0. 0. 1. 1. 1. 0. 1. 0. 0. 1. 1. 0. 1. 0. 1. 1. 1. 0. 1. 1. 0. 1.
 1. 1. 1. 1. 1. 1. 0. 1. 1. 0. 1. 0. 0. 0. 1. 1. 0. 0. 1. 1. 0. 0. 0. 1.
 1. 1. 0. 1. 1. 1. 0. 1. 0. 0. 1. 1. 0. 1. 0. 0. 1. 1. 0. 1. 1. 1. 0. 0.
 1. 1. 0. 0. 0. 0. 0. 0. 1. 1. 1. 0. 0. 1. 1. 1. 1. 1. 1. 1. 0. 1. 0. 0.
 1. 1. 1. 0. 1. 1. 0. 1. 0. 1. 1. 0. 1. 0. 0. 1. 0. 1. 0. 1. 0. 0. 1. 1.
 1. 0. 1. 0.]","[0. 1. 0. 0. 0. 1. 1. 1. 0. 0. 0. 0. 0. 1. 0. 0. 1. 1. 0. 0. 0. 0. 0. 1.
 0. 0. 1. 0. 1. 0. 0. 1. 0. 1. 1. 0. 0. 0. 1. 0. 0. 0. 1. 1. 1. 0. 1. 0.
 1. 0. 1. 1. 0. 1. 1. 1. 1. 0. 1. 0. 0. 1. 1. 1. 0. 0. 0. 1. 1. 0. 1. 1.
 0. 0. 1. 0. 0. 1. 0. 1. 0. 1. 1. 1. 0. 1. 0. 1. 1. 1. 1. 1. 1. 1. 1. 0.
 0. 0. 1. 1. 1. 0. 0. 1. 1. 1. 0. 0. 0. 1. 1. 1. 0. 0. 0. 0. 1. 1. 1. 0.
 1. 0. 0. 1. 1. 0. 0. 0. 0. 1. 0. 0. 1. 1. 0. 1. 1. 1. 0. 1. 1. 0. 1. 0.
 1. 1. 0. 0. 0. 1. 1. 0. 1. 1. 0. 1. 0. 0. 0. 1. 1. 1. 0. 1. 0. 1. 1. 0.
 1. 0. 0. 1. 1. 0. 0. 1. 0. 1. 1. 0. 0. 1. 0. 0. 1. 1. 0. 1. 1. 0. 0. 0.
 0. 1. 1. 0. 0. 1. 0. 0. 1. 0. 1. 1. 1. 0. 0. 0. 1. 1. 0. 0. 0. 0. 1. 0.
 0. 1. 0. 1. 1. 1. 1. 0. 0. 0. 0. 1. 1. 1. 1. 0. 1. 1. 1. 1. 0. 1. 0. 0.
 1. 0. 0. 1. 1. 1. 1. 1. 0. 0. 1. 1. 1. 0. 0. 1. 0. 1. 0. 0. 1. 0. 1. 0.
 1. 0. 0. 0.]"
581,randomforest,"{'criterion': 'gini', 'max_features': 'sqrt', 'n_estimators': 69}",0.5572158610082746,0.17975610252764337,0.11077100066968966,0.33642665981665243,0.5510539583624261,0.1855668261478038,0.5438616071428571,0.08955223880597019,0.5447761194029851,0.5447761194029851,"{0: 0.5827856983738026, 1: 0.5827856983738026}","{0: 0.5827856983738026, 1: 0.5827856983738026}",0.5827856983738026,"[[67 67]
 [55 79]]","[1. 0. 0. 0. 0. 1. 0. 1. 1. 0. 1. 1. 1. 0. 0. 0. 0. 0. 0. 1. 0. 1. 1. 0.
 1. 0. 1. 1. 1. 1. 1. 0. 0. 0. 1. 1. 0. 0. 1. 0. 1. 0. 1. 0. 0. 0. 1. 0.
 0. 0. 1. 0. 1. 1. 1. 1. 1. 1. 0. 1. 1. 1. 1. 0. 0. 0. 1. 1. 1. 1. 0. 0.
 1. 1. 0. 1. 1. 0. 1. 0. 1. 1. 1. 1. 0. 1. 0. 1. 1. 1. 1. 0. 0. 1. 1. 1.
 0. 0. 1. 1. 0. 1. 0. 0. 0. 1. 0. 1. 0. 1. 0. 0. 0. 1. 1. 1. 1. 0. 0. 0.
 0. 1. 1. 1. 1. 1. 1. 1. 0. 0. 0. 1. 1. 0. 1. 1. 0. 1. 0. 1. 1. 0. 0. 0.
 1. 0. 0. 0. 1. 1. 1. 0. 1. 1. 0. 1. 1. 0. 1. 0. 1. 1. 0. 0. 1. 0. 0. 1.
 1. 1. 0. 1. 1. 1. 0. 1. 1. 0. 1. 0. 0. 0. 1. 1. 0. 0. 1. 1. 1. 0. 1. 1.
 1. 1. 1. 0. 1. 1. 0. 0. 0. 0. 1. 1. 0. 0. 0. 0. 1. 1. 0. 1. 1. 1. 1. 0.
 1. 1. 0. 0. 0. 0. 0. 0. 1. 1. 1. 0. 0. 0. 1. 1. 1. 1. 1. 1. 0. 1. 0. 0.
 1. 1. 0. 0. 1. 1. 1. 1. 0. 0. 1. 0. 1. 0. 1. 1. 0. 0. 0. 1. 0. 0. 1. 1.
 1. 0. 1. 0.]","[0. 1. 0. 0. 0. 1. 1. 1. 0. 0. 0. 0. 0. 1. 0. 0. 1. 1. 0. 0. 0. 0. 0. 1.
 0. 0. 1. 0. 1. 0. 0. 1. 0. 1. 1. 0. 0. 0. 1. 0. 0. 0. 1. 1. 1. 0. 1. 0.
 1. 0. 1. 1. 0. 1. 1. 1. 1. 0. 1. 0. 0. 1. 1. 1. 0. 0. 0. 1. 1. 0. 1. 1.
 0. 0. 1. 0. 0. 1. 0. 1. 0. 1. 1. 1. 0. 1. 0. 1. 1. 1. 1. 1. 1. 1. 1. 0.
 0. 0. 1. 1. 1. 0. 0. 1. 1. 1. 0. 0. 0. 1. 1. 1. 0. 0. 0. 0. 1. 1. 1. 0.
 1. 0. 0. 1. 1. 0. 0. 0. 0. 1. 0. 0. 1. 1. 0. 1. 1. 1. 0. 1. 1. 0. 1. 0.
 1. 1. 0. 0. 0. 1. 1. 0. 1. 1. 0. 1. 0. 0. 0. 1. 1. 1. 0. 1. 0. 1. 1. 0.
 1. 0. 0. 1. 1. 0. 0. 1. 0. 1. 1. 0. 0. 1. 0. 0. 1. 1. 0. 1. 1. 0. 0. 0.
 0. 1. 1. 0. 0. 1. 0. 0. 1. 0. 1. 1. 1. 0. 0. 0. 1. 1. 0. 0. 0. 0. 1. 0.
 0. 1. 0. 1. 1. 1. 1. 0. 0. 0. 0. 1. 1. 1. 1. 0. 1. 1. 1. 1. 0. 1. 0. 0.
 1. 0. 0. 1. 1. 1. 1. 1. 0. 0. 1. 1. 1. 0. 0. 1. 0. 1. 0. 0. 1. 0. 1. 0.
 1. 0. 0. 0.]"
656,knn,{'n_neighbors': 70},0.5261701110996125,0.17897786988564204,0.11033803658541348,0.3127322049546738,0.5266465333501623,0.18260454620505828,0.5298245614035088,0.05970149253731338,0.5298507462686567,0.5298507462686567,"{0: 0.5181554912007129, 1: 0.5181554912007129}","{0: 0.5181554912007129, 1: 0.5181554912007129}",0.5181554912007129,"[[72 62]
 [64 70]]","[1. 1. 0. 0. 1. 1. 0. 0. 1. 1. 0. 0. 0. 0. 1. 1. 1. 1. 1. 0. 0. 1. 0. 0.
 0. 0. 0. 1. 0. 1. 1. 1. 0. 1. 1. 1. 0. 0. 0. 1. 0. 1. 1. 1. 0. 0. 1. 1.
 0. 0. 0. 0. 0. 1. 1. 0. 0. 1. 0. 1. 1. 0. 1. 1. 0. 0. 0. 1. 0. 0. 1. 0.
 0. 1. 0. 0. 1. 1. 0. 0. 1. 0. 1. 0. 1. 1. 1. 1. 0. 1. 1. 0. 0. 1. 1. 1.
 1. 0. 0. 1. 1. 1. 1. 0. 0. 1. 0. 1. 0. 1. 1. 0. 1. 0. 1. 0. 0. 1. 0. 1.
 1. 1. 0. 1. 0. 1. 0. 1. 0. 1. 0. 1. 0. 0. 1. 0. 1. 0. 0. 1. 0. 1. 0. 0.
 0. 1. 0. 0. 1. 1. 0. 0. 1. 0. 0. 1. 0. 0. 0. 0. 0. 1. 0. 0. 1. 0. 0. 1.
 1. 1. 0. 0. 1. 0. 0. 1. 1. 1. 1. 0. 1. 1. 1. 1. 1. 0. 1. 0. 1. 1. 1. 0.
 1. 1. 1. 0. 0. 1. 0. 0. 1. 0. 0. 1. 0. 1. 0. 1. 1. 1. 0. 0. 0. 0. 1. 1.
 0. 0. 0. 1. 1. 1. 0. 0. 0. 1. 1. 1. 0. 0. 0. 1. 0. 0. 1. 1. 0. 1. 0. 1.
 0. 0. 0. 0. 0. 1. 1. 0. 0. 1. 1. 0. 1. 1. 0. 1. 0. 0. 0. 0. 0. 1. 1. 0.
 1. 1. 1. 1.]","[0. 1. 0. 0. 0. 1. 1. 1. 0. 0. 0. 0. 0. 1. 0. 0. 1. 1. 0. 0. 0. 0. 0. 1.
 0. 0. 1. 0. 1. 0. 0. 1. 0. 1. 1. 0. 0. 0. 1. 0. 0. 0. 1. 1. 1. 0. 1. 0.
 1. 0. 1. 1. 0. 1. 1. 1. 1. 0. 1. 0. 0. 1. 1. 1. 0. 0. 0. 1. 1. 0. 1. 1.
 0. 0. 1. 0. 0. 1. 0. 1. 0. 1. 1. 1. 0. 1. 0. 1. 1. 1. 1. 1. 1. 1. 1. 0.
 0. 0. 1. 1. 1. 0. 0. 1. 1. 1. 0. 0. 0. 1. 1. 1. 0. 0. 0. 0. 1. 1. 1. 0.
 1. 0. 0. 1. 1. 0. 0. 0. 0. 1. 0. 0. 1. 1. 0. 1. 1. 1. 0. 1. 1. 0. 1. 0.
 1. 1. 0. 0. 0. 1. 1. 0. 1. 1. 0. 1. 0. 0. 0. 1. 1. 1. 0. 1. 0. 1. 1. 0.
 1. 0. 0. 1. 1. 0. 0. 1. 0. 1. 1. 0. 0. 1. 0. 0. 1. 1. 0. 1. 1. 0. 0. 0.
 0. 1. 1. 0. 0. 1. 0. 0. 1. 0. 1. 1. 1. 0. 0. 0. 1. 1. 0. 0. 0. 0. 1. 0.
 0. 1. 0. 1. 1. 1. 1. 0. 0. 0. 0. 1. 1. 1. 1. 0. 1. 1. 1. 1. 0. 1. 0. 0.
 1. 0. 0. 1. 1. 1. 1. 1. 0. 0. 1. 1. 1. 0. 0. 1. 0. 1. 0. 0. 1. 0. 1. 0.
 1. 0. 0. 0.]"
184,knn,{'n_neighbors': 70},0.5261701110996125,0.17897786988564204,0.11033803658541348,0.3127322049546738,0.5266465333501623,0.18260454620505828,0.5298245614035088,0.05970149253731338,0.5298507462686567,0.5298507462686567,"{0: 0.5181554912007129, 1: 0.5181554912007129}","{0: 0.5181554912007129, 1: 0.5181554912007129}",0.5181554912007129,"[[72 62]
 [64 70]]","[1. 1. 0. 0. 1. 1. 0. 0. 1. 1. 0. 0. 0. 0. 1. 1. 1. 1. 1. 0. 0. 1. 0. 0.
 0. 0. 0. 1. 0. 1. 1. 1. 0. 1. 1. 1. 0. 0. 0. 1. 0. 1. 1. 1. 0. 0. 1. 1.
 0. 0. 0. 0. 0. 1. 1. 0. 0. 1. 0. 1. 1. 0. 1. 1. 0. 0. 0. 1. 0. 0. 1. 0.
 0. 1. 0. 0. 1. 1. 0. 0. 1. 0. 1. 0. 1. 1. 1. 1. 0. 1. 1. 0. 0. 1. 1. 1.
 1. 0. 0. 1. 1. 1. 1. 0. 0. 1. 0. 1. 0. 1. 1. 0. 1. 0. 1. 0. 0. 1. 0. 1.
 1. 1. 0. 1. 0. 1. 0. 1. 0. 1. 0. 1. 0. 0. 1. 0. 1. 0. 0. 1. 0. 1. 0. 0.
 0. 1. 0. 0. 1. 1. 0. 0. 1. 0. 0. 1. 0. 0. 0. 0. 0. 1. 0. 0. 1. 0. 0. 1.
 1. 1. 0. 0. 1. 0. 0. 1. 1. 1. 1. 0. 1. 1. 1. 1. 1. 0. 1. 0. 1. 1. 1. 0.
 1. 1. 1. 0. 0. 1. 0. 0. 1. 0. 0. 1. 0. 1. 0. 1. 1. 1. 0. 0. 0. 0. 1. 1.
 0. 0. 0. 1. 1. 1. 0. 0. 0. 1. 1. 1. 0. 0. 0. 1. 0. 0. 1. 1. 0. 1. 0. 1.
 0. 0. 0. 0. 0. 1. 1. 0. 0. 1. 1. 0. 1. 1. 0. 1. 0. 0. 0. 0. 0. 1. 1. 0.
 1. 1. 1. 1.]","[0. 1. 0. 0. 0. 1. 1. 1. 0. 0. 0. 0. 0. 1. 0. 0. 1. 1. 0. 0. 0. 0. 0. 1.
 0. 0. 1. 0. 1. 0. 0. 1. 0. 1. 1. 0. 0. 0. 1. 0. 0. 0. 1. 1. 1. 0. 1. 0.
 1. 0. 1. 1. 0. 1. 1. 1. 1. 0. 1. 0. 0. 1. 1. 1. 0. 0. 0. 1. 1. 0. 1. 1.
 0. 0. 1. 0. 0. 1. 0. 1. 0. 1. 1. 1. 0. 1. 0. 1. 1. 1. 1. 1. 1. 1. 1. 0.
 0. 0. 1. 1. 1. 0. 0. 1. 1. 1. 0. 0. 0. 1. 1. 1. 0. 0. 0. 0. 1. 1. 1. 0.
 1. 0. 0. 1. 1. 0. 0. 0. 0. 1. 0. 0. 1. 1. 0. 1. 1. 1. 0. 1. 1. 0. 1. 0.
 1. 1. 0. 0. 0. 1. 1. 0. 1. 1. 0. 1. 0. 0. 0. 1. 1. 1. 0. 1. 0. 1. 1. 0.
 1. 0. 0. 1. 1. 0. 0. 1. 0. 1. 1. 0. 0. 1. 0. 0. 1. 1. 0. 1. 1. 0. 0. 0.
 0. 1. 1. 0. 0. 1. 0. 0. 1. 0. 1. 1. 1. 0. 0. 0. 1. 1. 0. 0. 0. 0. 1. 0.
 0. 1. 0. 1. 1. 1. 1. 0. 0. 0. 0. 1. 1. 1. 1. 0. 1. 1. 1. 1. 0. 1. 0. 0.
 1. 0. 0. 1. 1. 1. 1. 1. 0. 0. 1. 1. 1. 0. 0. 1. 0. 1. 0. 0. 1. 0. 1. 0.
 1. 0. 0. 0.]"
23,randomforest,"{'criterion': 'entropy', 'max_features': None, 'n_estimators': 291}",0.5610397082751079,0.18759908160265074,0.10980044348846855,0.3600836643253658,0.5525465611151095,0.19716769775082696,0.5369007803790412,0.07462686567164178,0.5373134328358209,0.5373134328358209,"{0: 0.5809757184228114, 1: 0.5809757184228113}","{0: 0.5809757184228114, 1: 0.5809757184228113}",0.5809757184228113,"[[68 66]
 [58 76]]","[1. 0. 0. 0. 0. 1. 0. 1. 1. 0. 0. 0. 1. 0. 0. 0. 0. 0. 0. 0. 0. 1. 0. 0.
 1. 0. 1. 1. 1. 1. 1. 0. 0. 0. 1. 1. 0. 0. 1. 0. 1. 0. 1. 1. 0. 1. 1. 0.
 0. 0. 1. 0. 1. 1. 1. 1. 1. 1. 0. 1. 1. 0. 1. 0. 0. 0. 1. 1. 1. 1. 0. 0.
 1. 1. 0. 1. 1. 0. 1. 0. 1. 1. 1. 0. 0. 1. 0. 1. 1. 1. 1. 1. 0. 1. 1. 1.
 0. 0. 1. 1. 0. 1. 0. 0. 0. 0. 0. 1. 0. 1. 0. 0. 0. 1. 1. 0. 1. 0. 0. 0.
 0. 1. 1. 1. 1. 1. 1. 1. 1. 0. 0. 1. 1. 0. 1. 0. 0. 1. 0. 1. 1. 0. 0. 0.
 1. 0. 0. 0. 0. 1. 1. 0. 1. 1. 0. 1. 1. 0. 1. 0. 1. 1. 0. 0. 1. 1. 0. 1.
 1. 1. 0. 1. 1. 1. 0. 1. 1. 0. 1. 0. 0. 0. 1. 1. 0. 0. 1. 1. 0. 0. 1. 1.
 0. 1. 0. 1. 1. 1. 0. 1. 0. 0. 1. 1. 0. 1. 0. 0. 1. 1. 0. 1. 1. 1. 0. 0.
 1. 1. 0. 1. 0. 0. 0. 0. 1. 1. 1. 0. 0. 0. 0. 1. 1. 1. 1. 1. 0. 1. 0. 0.
 1. 1. 0. 0. 1. 1. 1. 1. 0. 1. 1. 0. 1. 0. 1. 1. 0. 1. 0. 1. 0. 0. 1. 1.
 1. 0. 1. 0.]","[0. 1. 0. 0. 0. 1. 1. 1. 0. 0. 0. 0. 0. 1. 0. 0. 1. 1. 0. 0. 0. 0. 0. 1.
 0. 0. 1. 0. 1. 0. 0. 1. 0. 1. 1. 0. 0. 0. 1. 0. 0. 0. 1. 1. 1. 0. 1. 0.
 1. 0. 1. 1. 0. 1. 1. 1. 1. 0. 1. 0. 0. 1. 1. 1. 0. 0. 0. 1. 1. 0. 1. 1.
 0. 0. 1. 0. 0. 1. 0. 1. 0. 1. 1. 1. 0. 1. 0. 1. 1. 1. 1. 1. 1. 1. 1. 0.
 0. 0. 1. 1. 1. 0. 0. 1. 1. 1. 0. 0. 0. 1. 1. 1. 0. 0. 0. 0. 1. 1. 1. 0.
 1. 0. 0. 1. 1. 0. 0. 0. 0. 1. 0. 0. 1. 1. 0. 1. 1. 1. 0. 1. 1. 0. 1. 0.
 1. 1. 0. 0. 0. 1. 1. 0. 1. 1. 0. 1. 0. 0. 0. 1. 1. 1. 0. 1. 0. 1. 1. 0.
 1. 0. 0. 1. 1. 0. 0. 1. 0. 1. 1. 0. 0. 1. 0. 0. 1. 1. 0. 1. 1. 0. 0. 0.
 0. 1. 1. 0. 0. 1. 0. 0. 1. 0. 1. 1. 1. 0. 0. 0. 1. 1. 0. 0. 0. 0. 1. 0.
 0. 1. 0. 1. 1. 1. 1. 0. 0. 0. 0. 1. 1. 1. 1. 0. 1. 1. 1. 1. 0. 1. 0. 0.
 1. 0. 0. 1. 1. 1. 1. 1. 0. 0. 1. 1. 1. 0. 0. 1. 0. 1. 0. 0. 1. 0. 1. 0.
 1. 0. 0. 0.]"
198,logistic_regression,"{'penalty': 'l2', 'solver': 'sag'}",0.5272629199567582,0.17964287706323748,0.10856931118792716,0.3233828721248407,0.5276272021735732,0.1813867357014043,0.5184891154472904,0.03731343283582089,0.5186567164179104,0.5186567164179104,"{0: 0.5189351748719091, 1: 0.5189351748719091}","{0: 0.5189351748719091, 1: 0.5189351748719091}",0.5189351748719091,"[[72 62]
 [67 67]]","[1. 1. 1. 0. 0. 0. 1. 0. 1. 0. 0. 1. 0. 1. 1. 0. 0. 0. 1. 0. 1. 1. 0. 0.
 0. 1. 0. 1. 0. 1. 1. 1. 0. 0. 0. 1. 0. 1. 0. 0. 0. 0. 1. 1. 0. 1. 1. 1.
 0. 0. 1. 1. 0. 1. 0. 0. 0. 1. 1. 0. 1. 0. 1. 1. 0. 0. 0. 1. 1. 0. 0. 0.
 1. 1. 0. 1. 1. 0. 0. 0. 0. 0. 0. 0. 0. 1. 0. 0. 0. 0. 1. 1. 0. 1. 0. 1.
 0. 0. 1. 0. 1. 1. 0. 1. 1. 1. 0. 0. 0. 1. 1. 0. 0. 0. 0. 0. 1. 0. 1. 1.
 1. 0. 1. 1. 0. 1. 1. 1. 0. 0. 0. 0. 0. 0. 1. 1. 0. 0. 0. 0. 0. 1. 0. 0.
 0. 1. 1. 0. 1. 1. 0. 0. 0. 1. 0. 1. 1. 0. 0. 1. 0. 1. 0. 0. 1. 0. 0. 1.
 1. 1. 1. 1. 1. 0. 1. 0. 0. 1. 1. 0. 0. 0. 1. 1. 0. 0. 1. 0. 1. 0. 1. 1.
 1. 1. 1. 1. 0. 1. 0. 0. 0. 0. 1. 0. 1. 0. 1. 1. 0. 1. 0. 1. 0. 1. 1. 1.
 0. 0. 0. 1. 0. 1. 0. 1. 0. 1. 1. 1. 0. 1. 0. 0. 1. 0. 1. 1. 0. 0. 0. 0.
 1. 1. 1. 1. 0. 1. 0. 1. 0. 1. 1. 1. 1. 1. 0. 1. 1. 0. 0. 1. 0. 1. 1. 1.
 1. 0. 0. 0.]","[0. 1. 0. 0. 0. 1. 1. 1. 0. 0. 0. 0. 0. 1. 0. 0. 1. 1. 0. 0. 0. 0. 0. 1.
 0. 0. 1. 0. 1. 0. 0. 1. 0. 1. 1. 0. 0. 0. 1. 0. 0. 0. 1. 1. 1. 0. 1. 0.
 1. 0. 1. 1. 0. 1. 1. 1. 1. 0. 1. 0. 0. 1. 1. 1. 0. 0. 0. 1. 1. 0. 1. 1.
 0. 0. 1. 0. 0. 1. 0. 1. 0. 1. 1. 1. 0. 1. 0. 1. 1. 1. 1. 1. 1. 1. 1. 0.
 0. 0. 1. 1. 1. 0. 0. 1. 1. 1. 0. 0. 0. 1. 1. 1. 0. 0. 0. 0. 1. 1. 1. 0.
 1. 0. 0. 1. 1. 0. 0. 0. 0. 1. 0. 0. 1. 1. 0. 1. 1. 1. 0. 1. 1. 0. 1. 0.
 1. 1. 0. 0. 0. 1. 1. 0. 1. 1. 0. 1. 0. 0. 0. 1. 1. 1. 0. 1. 0. 1. 1. 0.
 1. 0. 0. 1. 1. 0. 0. 1. 0. 1. 1. 0. 0. 1. 0. 0. 1. 1. 0. 1. 1. 0. 0. 0.
 0. 1. 1. 0. 0. 1. 0. 0. 1. 0. 1. 1. 1. 0. 0. 0. 1. 1. 0. 0. 0. 0. 1. 0.
 0. 1. 0. 1. 1. 1. 1. 0. 0. 0. 0. 1. 1. 1. 1. 0. 1. 1. 1. 1. 0. 1. 0. 0.
 1. 0. 0. 1. 1. 1. 1. 1. 0. 0. 1. 1. 1. 0. 0. 1. 0. 1. 0. 0. 1. 0. 1. 0.
 1. 0. 0. 0.]"
781,logistic_regression,"{'penalty': None, 'solver': 'sag'}",0.5272629199567582,0.17964287706323748,0.10856931118792716,0.3233828721248407,0.5276272021735732,0.1813867357014043,0.5184891154472904,0.03731343283582089,0.5186567164179104,0.5186567164179104,"{0: 0.5188794831811094, 1: 0.5188794831811094}","{0: 0.5188794831811094, 1: 0.5188794831811094}",0.5188794831811094,"[[72 62]
 [67 67]]","[1. 1. 1. 0. 0. 0. 1. 0. 1. 0. 0. 1. 0. 1. 1. 0. 0. 0. 1. 0. 1. 1. 0. 0.
 0. 1. 0. 1. 0. 1. 1. 1. 0. 0. 0. 1. 0. 1. 0. 0. 0. 0. 1. 1. 0. 1. 1. 1.
 0. 0. 1. 1. 0. 1. 0. 0. 0. 1. 1. 0. 1. 0. 1. 1. 0. 0. 0. 1. 1. 0. 0. 0.
 1. 1. 0. 1. 1. 0. 0. 0. 0. 0. 0. 0. 0. 1. 0. 0. 0. 0. 1. 1. 0. 1. 0. 1.
 0. 0. 1. 0. 1. 1. 0. 1. 1. 1. 0. 0. 0. 1. 1. 0. 0. 0. 0. 0. 1. 0. 1. 1.
 1. 0. 1. 1. 0. 1. 1. 1. 0. 0. 0. 0. 0. 0. 1. 1. 0. 0. 0. 0. 0. 1. 0. 0.
 0. 1. 1. 0. 1. 1. 0. 0. 0. 1. 0. 1. 1. 0. 0. 1. 0. 1. 0. 0. 1. 0. 0. 1.
 1. 1. 1. 1. 1. 0. 1. 0. 0. 1. 1. 0. 0. 0. 1. 1. 0. 0. 1. 0. 1. 0. 1. 1.
 1. 1. 1. 1. 0. 1. 0. 0. 0. 0. 1. 0. 1. 0. 1. 1. 0. 1. 0. 1. 0. 1. 1. 1.
 0. 0. 0. 1. 0. 1. 0. 1. 0. 1. 1. 1. 0. 1. 0. 0. 1. 0. 1. 1. 0. 0. 0. 0.
 1. 1. 1. 1. 0. 1. 0. 1. 0. 1. 1. 1. 1. 1. 0. 1. 1. 0. 0. 1. 0. 1. 1. 1.
 1. 0. 0. 0.]","[0. 1. 0. 0. 0. 1. 1. 1. 0. 0. 0. 0. 0. 1. 0. 0. 1. 1. 0. 0. 0. 0. 0. 1.
 0. 0. 1. 0. 1. 0. 0. 1. 0. 1. 1. 0. 0. 0. 1. 0. 0. 0. 1. 1. 1. 0. 1. 0.
 1. 0. 1. 1. 0. 1. 1. 1. 1. 0. 1. 0. 0. 1. 1. 1. 0. 0. 0. 1. 1. 0. 1. 1.
 0. 0. 1. 0. 0. 1. 0. 1. 0. 1. 1. 1. 0. 1. 0. 1. 1. 1. 1. 1. 1. 1. 1. 0.
 0. 0. 1. 1. 1. 0. 0. 1. 1. 1. 0. 0. 0. 1. 1. 1. 0. 0. 0. 0. 1. 1. 1. 0.
 1. 0. 0. 1. 1. 0. 0. 0. 0. 1. 0. 0. 1. 1. 0. 1. 1. 1. 0. 1. 1. 0. 1. 0.
 1. 1. 0. 0. 0. 1. 1. 0. 1. 1. 0. 1. 0. 0. 0. 1. 1. 1. 0. 1. 0. 1. 1. 0.
 1. 0. 0. 1. 1. 0. 0. 1. 0. 1. 1. 0. 0. 1. 0. 0. 1. 1. 0. 1. 1. 0. 0. 0.
 0. 1. 1. 0. 0. 1. 0. 0. 1. 0. 1. 1. 1. 0. 0. 0. 1. 1. 0. 0. 0. 0. 1. 0.
 0. 1. 0. 1. 1. 1. 1. 0. 0. 0. 0. 1. 1. 1. 1. 0. 1. 1. 1. 1. 0. 1. 0. 0.
 1. 0. 0. 1. 1. 1. 1. 1. 0. 0. 1. 1. 1. 0. 0. 1. 0. 1. 0. 0. 1. 0. 1. 0.
 1. 0. 0. 0.]"
980,logistic_regression,"{'penalty': None, 'solver': 'sag'}",0.5272629199567582,0.17964287706323748,0.10856931118792716,0.3233828721248407,0.5276272021735732,0.1813867357014043,0.5184891154472904,0.03731343283582089,0.5186567164179104,0.5186567164179104,"{0: 0.5187124081087102, 1: 0.5187124081087102}","{0: 0.5187124081087102, 1: 0.5187124081087102}",0.5187124081087102,"[[72 62]
 [67 67]]","[1. 1. 1. 0. 0. 0. 1. 0. 1. 0. 0. 1. 0. 1. 1. 0. 0. 0. 1. 0. 1. 1. 0. 0.
 0. 1. 0. 1. 0. 1. 1. 1. 0. 0. 0. 1. 0. 1. 0. 0. 0. 0. 1. 1. 0. 1. 1. 1.
 0. 0. 1. 1. 0. 1. 0. 0. 0. 1. 1. 0. 1. 0. 1. 1. 0. 0. 0. 1. 1. 0. 0. 0.
 1. 1. 0. 1. 1. 0. 0. 0. 0. 0. 0. 0. 0. 1. 0. 0. 0. 0. 1. 1. 0. 1. 0. 1.
 0. 0. 1. 0. 1. 1. 0. 1. 1. 1. 0. 0. 0. 1. 1. 0. 0. 0. 0. 0. 1. 0. 1. 1.
 1. 0. 1. 1. 0. 1. 1. 1. 0. 0. 0. 0. 0. 0. 1. 1. 0. 0. 0. 0. 0. 1. 0. 0.
 0. 1. 1. 0. 1. 1. 0. 0. 0. 1. 0. 1. 1. 0. 0. 1. 0. 1. 0. 0. 1. 0. 0. 1.
 1. 1. 1. 1. 1. 0. 1. 0. 0. 1. 1. 0. 0. 0. 1. 1. 0. 0. 1. 0. 1. 0. 1. 1.
 1. 1. 1. 1. 0. 1. 0. 0. 0. 0. 1. 0. 1. 0. 1. 1. 0. 1. 0. 1. 0. 1. 1. 1.
 0. 0. 0. 1. 0. 1. 0. 1. 0. 1. 1. 1. 0. 1. 0. 0. 1. 0. 1. 1. 0. 0. 0. 0.
 1. 1. 1. 1. 0. 1. 0. 1. 0. 1. 1. 1. 1. 1. 0. 1. 1. 0. 0. 1. 0. 1. 1. 1.
 1. 0. 0. 0.]","[0. 1. 0. 0. 0. 1. 1. 1. 0. 0. 0. 0. 0. 1. 0. 0. 1. 1. 0. 0. 0. 0. 0. 1.
 0. 0. 1. 0. 1. 0. 0. 1. 0. 1. 1. 0. 0. 0. 1. 0. 0. 0. 1. 1. 1. 0. 1. 0.
 1. 0. 1. 1. 0. 1. 1. 1. 1. 0. 1. 0. 0. 1. 1. 1. 0. 0. 0. 1. 1. 0. 1. 1.
 0. 0. 1. 0. 0. 1. 0. 1. 0. 1. 1. 1. 0. 1. 0. 1. 1. 1. 1. 1. 1. 1. 1. 0.
 0. 0. 1. 1. 1. 0. 0. 1. 1. 1. 0. 0. 0. 1. 1. 1. 0. 0. 0. 0. 1. 1. 1. 0.
 1. 0. 0. 1. 1. 0. 0. 0. 0. 1. 0. 0. 1. 1. 0. 1. 1. 1. 0. 1. 1. 0. 1. 0.
 1. 1. 0. 0. 0. 1. 1. 0. 1. 1. 0. 1. 0. 0. 0. 1. 1. 1. 0. 1. 0. 1. 1. 0.
 1. 0. 0. 1. 1. 0. 0. 1. 0. 1. 1. 0. 0. 1. 0. 0. 1. 1. 0. 1. 1. 0. 0. 0.
 0. 1. 1. 0. 0. 1. 0. 0. 1. 0. 1. 1. 1. 0. 0. 0. 1. 1. 0. 0. 0. 0. 1. 0.
 0. 1. 0. 1. 1. 1. 1. 0. 0. 0. 0. 1. 1. 1. 1. 0. 1. 1. 1. 1. 0. 1. 0. 0.
 1. 0. 0. 1. 1. 1. 1. 1. 0. 0. 1. 1. 1. 0. 0. 1. 0. 1. 0. 0. 1. 0. 1. 0.
 1. 0. 0. 0.]"
985,AdaBoost,"{'algorithm': 'SAMME.R', 'learning_rate': 3.3653061224489793, 'n_estimators': 41}",0.3563921177098876,0.23827503872928313,0.10815507338838874,0.23854466859618964,0.4490016051003954,0.2072294601070776,0.4125523761239432,-0.09701492537313428,0.45149253731343286,0.45149253731343286,"{0: 0.436455780797505, 1: 0.43645578079750497}","{0: 0.436455780797505, 1: 0.43645578079750497}",0.43645578079750497,"[[ 26 108]
 [ 39  95]]","[1. 1. 1. 1. 1. 0. 0. 1. 1. 1. 1. 1. 1. 0. 1. 1. 0. 1. 1. 1. 0. 0. 0. 1.
 1. 1. 0. 1. 1. 1. 1. 1. 1. 1. 0. 1. 0. 1. 1. 1. 0. 1. 1. 0. 0. 0. 0. 1.
 1. 0. 0. 1. 1. 1. 1. 0. 1. 1. 1. 1. 0. 1. 1. 0. 1. 0. 1. 0. 1. 1. 1. 1.
 1. 1. 0. 1. 1. 1. 1. 0. 1. 1. 1. 1. 1. 0. 1. 1. 1. 1. 1. 1. 1. 1. 1. 0.
 1. 1. 1. 1. 0. 1. 1. 1. 0. 1. 0. 1. 1. 1. 1. 1. 1. 1. 1. 1. 0. 1. 1. 1.
 1. 0. 1. 1. 1. 1. 1. 1. 1. 0. 0. 1. 1. 1. 1. 1. 1. 1. 1. 0. 0. 1. 1. 1.
 0. 1. 1. 1. 1. 1. 0. 0. 1. 1. 0. 1. 1. 1. 1. 1. 0. 0. 1. 1. 1. 0. 0. 0.
 1. 1. 0. 0. 0. 1. 1. 1. 1. 1. 1. 1. 1. 1. 1. 1. 1. 1. 1. 1. 1. 1. 1. 1.
 1. 1. 1. 1. 0. 1. 0. 1. 0. 1. 1. 0. 1. 1. 1. 1. 1. 1. 0. 1. 1. 0. 0. 0.
 1. 1. 1. 0. 0. 1. 1. 1. 1. 1. 1. 1. 1. 1. 0. 1. 1. 1. 1. 1. 1. 1. 0. 1.
 1. 1. 1. 1. 0. 1. 1. 0. 1. 1. 1. 1. 0. 1. 1. 1. 1. 1. 0. 1. 1. 1. 1. 1.
 1. 0. 1. 0.]","[0. 1. 0. 0. 0. 1. 1. 1. 0. 0. 0. 0. 0. 1. 0. 0. 1. 1. 0. 0. 0. 0. 0. 1.
 0. 0. 1. 0. 1. 0. 0. 1. 0. 1. 1. 0. 0. 0. 1. 0. 0. 0. 1. 1. 1. 0. 1. 0.
 1. 0. 1. 1. 0. 1. 1. 1. 1. 0. 1. 0. 0. 1. 1. 1. 0. 0. 0. 1. 1. 0. 1. 1.
 0. 0. 1. 0. 0. 1. 0. 1. 0. 1. 1. 1. 0. 1. 0. 1. 1. 1. 1. 1. 1. 1. 1. 0.
 0. 0. 1. 1. 1. 0. 0. 1. 1. 1. 0. 0. 0. 1. 1. 1. 0. 0. 0. 0. 1. 1. 1. 0.
 1. 0. 0. 1. 1. 0. 0. 0. 0. 1. 0. 0. 1. 1. 0. 1. 1. 1. 0. 1. 1. 0. 1. 0.
 1. 1. 0. 0. 0. 1. 1. 0. 1. 1. 0. 1. 0. 0. 0. 1. 1. 1. 0. 1. 0. 1. 1. 0.
 1. 0. 0. 1. 1. 0. 0. 1. 0. 1. 1. 0. 0. 1. 0. 0. 1. 1. 0. 1. 1. 0. 0. 0.
 0. 1. 1. 0. 0. 1. 0. 0. 1. 0. 1. 1. 1. 0. 0. 0. 1. 1. 0. 0. 0. 0. 1. 0.
 0. 1. 0. 1. 1. 1. 1. 0. 0. 0. 0. 1. 1. 1. 1. 0. 1. 1. 1. 1. 0. 1. 0. 0.
 1. 0. 0. 1. 1. 1. 1. 1. 0. 0. 1. 1. 1. 0. 0. 1. 0. 1. 0. 0. 1. 0. 1. 0.
 1. 0. 0. 0.]"
977,randomforest,"{'criterion': 'gini', 'max_features': 'sqrt', 'n_estimators': 35}",0.5307202996244742,0.2119010651534278,0.1077325685018919,0.3401942833992099,0.5325459579995869,0.21219493749345125,0.5298245614035088,0.05970149253731338,0.5298507462686567,0.5298507462686567,"{0: 0.5715916685230563, 1: 0.5715916685230562}","{0: 0.5715916685230563, 1: 0.5715916685230562}",0.5715916685230562,"[[72 62]
 [64 70]]","[1. 0. 0. 0. 0. 1. 0. 1. 1. 0. 1. 0. 1. 0. 0. 0. 0. 0. 0. 0. 0. 1. 0. 0.
 1. 0. 0. 1. 1. 1. 1. 0. 0. 1. 0. 0. 1. 0. 0. 0. 0. 0. 1. 0. 0. 0. 1. 1.
 0. 0. 1. 0. 1. 1. 1. 1. 1. 1. 0. 1. 1. 0. 1. 1. 0. 0. 1. 1. 0. 0. 0. 0.
 1. 1. 0. 1. 1. 0. 0. 0. 1. 1. 1. 0. 0. 1. 1. 1. 1. 1. 1. 1. 0. 1. 1. 1.
 0. 0. 1. 1. 0. 1. 0. 1. 0. 1. 0. 0. 0. 1. 0. 0. 0. 1. 1. 1. 1. 0. 0. 0.
 0. 1. 1. 1. 1. 1. 1. 1. 1. 0. 0. 0. 1. 0. 1. 1. 0. 0. 0. 0. 0. 0. 1. 0.
 0. 0. 0. 1. 1. 1. 1. 0. 0. 0. 0. 1. 0. 0. 1. 0. 1. 1. 0. 0. 1. 1. 0. 1.
 1. 1. 0. 1. 1. 1. 0. 1. 1. 0. 1. 1. 0. 0. 1. 1. 1. 0. 1. 0. 1. 0. 1. 1.
 0. 1. 1. 0. 1. 1. 0. 0. 0. 0. 0. 1. 0. 1. 0. 0. 1. 1. 0. 1. 1. 0. 0. 0.
 1. 1. 0. 1. 0. 0. 0. 0. 1. 1. 1. 0. 0. 0. 1. 1. 1. 1. 0. 1. 0. 1. 0. 0.
 1. 1. 0. 0. 1. 1. 0. 1. 0. 1. 1. 0. 1. 0. 0. 1. 0. 0. 0. 1. 0. 0. 1. 1.
 1. 0. 1. 0.]","[0. 1. 0. 0. 0. 1. 1. 1. 0. 0. 0. 0. 0. 1. 0. 0. 1. 1. 0. 0. 0. 0. 0. 1.
 0. 0. 1. 0. 1. 0. 0. 1. 0. 1. 1. 0. 0. 0. 1. 0. 0. 0. 1. 1. 1. 0. 1. 0.
 1. 0. 1. 1. 0. 1. 1. 1. 1. 0. 1. 0. 0. 1. 1. 1. 0. 0. 0. 1. 1. 0. 1. 1.
 0. 0. 1. 0. 0. 1. 0. 1. 0. 1. 1. 1. 0. 1. 0. 1. 1. 1. 1. 1. 1. 1. 1. 0.
 0. 0. 1. 1. 1. 0. 0. 1. 1. 1. 0. 0. 0. 1. 1. 1. 0. 0. 0. 0. 1. 1. 1. 0.
 1. 0. 0. 1. 1. 0. 0. 0. 0. 1. 0. 0. 1. 1. 0. 1. 1. 1. 0. 1. 1. 0. 1. 0.
 1. 1. 0. 0. 0. 1. 1. 0. 1. 1. 0. 1. 0. 0. 0. 1. 1. 1. 0. 1. 0. 1. 1. 0.
 1. 0. 0. 1. 1. 0. 0. 1. 0. 1. 1. 0. 0. 1. 0. 0. 1. 1. 0. 1. 1. 0. 0. 0.
 0. 1. 1. 0. 0. 1. 0. 0. 1. 0. 1. 1. 1. 0. 0. 0. 1. 1. 0. 0. 0. 0. 1. 0.
 0. 1. 0. 1. 1. 1. 1. 0. 0. 0. 0. 1. 1. 1. 1. 0. 1. 1. 1. 1. 0. 1. 0. 0.
 1. 0. 0. 1. 1. 1. 1. 1. 0. 0. 1. 1. 1. 0. 0. 1. 0. 1. 0. 0. 1. 0. 1. 0.
 1. 0. 0. 0.]"
18,logistic_regression,"{'penalty': None, 'solver': 'newton-cg'}",0.5334439146396103,0.16147917412655827,0.10684812548148537,0.28015477612962286,0.5383231109541593,0.1504529565346501,0.5171440941912596,0.03731343283582089,0.5186567164179104,0.5186567164179104,"{0: 0.5167631989307195, 1: 0.5167631989307195}","{0: 0.5167631989307195, 1: 0.5167631989307195}",0.5167631989307195,"[[62 72]
 [57 77]]","[1. 1. 1. 0. 0. 1. 1. 0. 0. 1. 0. 1. 0. 0. 1. 0. 0. 0. 0. 1. 1. 1. 0. 1.
 0. 1. 0. 1. 0. 1. 1. 1. 0. 0. 1. 1. 1. 1. 0. 0. 0. 0. 1. 1. 0. 0. 1. 1.
 0. 0. 1. 1. 0. 1. 0. 0. 1. 1. 0. 0. 1. 0. 1. 0. 0. 1. 0. 1. 1. 1. 0. 1.
 1. 1. 1. 0. 1. 0. 0. 0. 0. 0. 1. 0. 1. 0. 0. 0. 0. 0. 1. 1. 0. 1. 0. 1.
 0. 0. 1. 0. 1. 1. 1. 1. 1. 1. 0. 1. 0. 1. 1. 0. 0. 0. 0. 0. 1. 1. 1. 1.
 0. 0. 1. 1. 0. 1. 1. 1. 0. 0. 1. 1. 0. 0. 1. 1. 0. 0. 0. 1. 0. 1. 0. 0.
 0. 1. 1. 0. 1. 1. 0. 0. 0. 1. 0. 1. 1. 0. 0. 1. 0. 1. 0. 1. 1. 0. 0. 1.
 1. 0. 1. 1. 1. 0. 1. 0. 1. 1. 1. 1. 0. 0. 1. 1. 1. 0. 1. 0. 1. 1. 1. 1.
 1. 1. 1. 1. 0. 1. 1. 1. 1. 0. 1. 1. 1. 0. 1. 1. 1. 1. 0. 1. 1. 1. 1. 1.
 1. 0. 0. 0. 0. 1. 0. 1. 0. 1. 1. 1. 1. 1. 0. 0. 1. 0. 1. 1. 0. 1. 0. 0.
 1. 0. 1. 1. 0. 1. 0. 1. 0. 1. 1. 1. 1. 1. 0. 1. 0. 0. 1. 1. 0. 0. 1. 1.
 1. 0. 0. 0.]","[0. 1. 0. 0. 0. 1. 1. 1. 0. 0. 0. 0. 0. 1. 0. 0. 1. 1. 0. 0. 0. 0. 0. 1.
 0. 0. 1. 0. 1. 0. 0. 1. 0. 1. 1. 0. 0. 0. 1. 0. 0. 0. 1. 1. 1. 0. 1. 0.
 1. 0. 1. 1. 0. 1. 1. 1. 1. 0. 1. 0. 0. 1. 1. 1. 0. 0. 0. 1. 1. 0. 1. 1.
 0. 0. 1. 0. 0. 1. 0. 1. 0. 1. 1. 1. 0. 1. 0. 1. 1. 1. 1. 1. 1. 1. 1. 0.
 0. 0. 1. 1. 1. 0. 0. 1. 1. 1. 0. 0. 0. 1. 1. 1. 0. 0. 0. 0. 1. 1. 1. 0.
 1. 0. 0. 1. 1. 0. 0. 0. 0. 1. 0. 0. 1. 1. 0. 1. 1. 1. 0. 1. 1. 0. 1. 0.
 1. 1. 0. 0. 0. 1. 1. 0. 1. 1. 0. 1. 0. 0. 0. 1. 1. 1. 0. 1. 0. 1. 1. 0.
 1. 0. 0. 1. 1. 0. 0. 1. 0. 1. 1. 0. 0. 1. 0. 0. 1. 1. 0. 1. 1. 0. 0. 0.
 0. 1. 1. 0. 0. 1. 0. 0. 1. 0. 1. 1. 1. 0. 0. 0. 1. 1. 0. 0. 0. 0. 1. 0.
 0. 1. 0. 1. 1. 1. 1. 0. 0. 0. 0. 1. 1. 1. 1. 0. 1. 1. 1. 1. 0. 1. 0. 0.
 1. 0. 0. 1. 1. 1. 1. 1. 0. 0. 1. 1. 1. 0. 0. 1. 0. 1. 0. 0. 1. 0. 1. 0.
 1. 0. 0. 0.]"
839,logistic_regression,"{'penalty': None, 'solver': 'newton-cg'}",0.5334439146396103,0.16147917412655827,0.10684812548148537,0.28015477612962286,0.5383231109541593,0.1504529565346501,0.5171440941912596,0.03731343283582089,0.5186567164179104,0.5186567164179104,"{0: 0.5167631989307195, 1: 0.5167631989307195}","{0: 0.5167631989307195, 1: 0.5167631989307195}",0.5167631989307195,"[[62 72]
 [57 77]]","[1. 1. 1. 0. 0. 1. 1. 0. 0. 1. 0. 1. 0. 0. 1. 0. 0. 0. 0. 1. 1. 1. 0. 1.
 0. 1. 0. 1. 0. 1. 1. 1. 0. 0. 1. 1. 1. 1. 0. 0. 0. 0. 1. 1. 0. 0. 1. 1.
 0. 0. 1. 1. 0. 1. 0. 0. 1. 1. 0. 0. 1. 0. 1. 0. 0. 1. 0. 1. 1. 1. 0. 1.
 1. 1. 1. 0. 1. 0. 0. 0. 0. 0. 1. 0. 1. 0. 0. 0. 0. 0. 1. 1. 0. 1. 0. 1.
 0. 0. 1. 0. 1. 1. 1. 1. 1. 1. 0. 1. 0. 1. 1. 0. 0. 0. 0. 0. 1. 1. 1. 1.
 0. 0. 1. 1. 0. 1. 1. 1. 0. 0. 1. 1. 0. 0. 1. 1. 0. 0. 0. 1. 0. 1. 0. 0.
 0. 1. 1. 0. 1. 1. 0. 0. 0. 1. 0. 1. 1. 0. 0. 1. 0. 1. 0. 1. 1. 0. 0. 1.
 1. 0. 1. 1. 1. 0. 1. 0. 1. 1. 1. 1. 0. 0. 1. 1. 1. 0. 1. 0. 1. 1. 1. 1.
 1. 1. 1. 1. 0. 1. 1. 1. 1. 0. 1. 1. 1. 0. 1. 1. 1. 1. 0. 1. 1. 1. 1. 1.
 1. 0. 0. 0. 0. 1. 0. 1. 0. 1. 1. 1. 1. 1. 0. 0. 1. 0. 1. 1. 0. 1. 0. 0.
 1. 0. 1. 1. 0. 1. 0. 1. 0. 1. 1. 1. 1. 1. 0. 1. 0. 0. 1. 1. 0. 0. 1. 1.
 1. 0. 0. 0.]","[0. 1. 0. 0. 0. 1. 1. 1. 0. 0. 0. 0. 0. 1. 0. 0. 1. 1. 0. 0. 0. 0. 0. 1.
 0. 0. 1. 0. 1. 0. 0. 1. 0. 1. 1. 0. 0. 0. 1. 0. 0. 0. 1. 1. 1. 0. 1. 0.
 1. 0. 1. 1. 0. 1. 1. 1. 1. 0. 1. 0. 0. 1. 1. 1. 0. 0. 0. 1. 1. 0. 1. 1.
 0. 0. 1. 0. 0. 1. 0. 1. 0. 1. 1. 1. 0. 1. 0. 1. 1. 1. 1. 1. 1. 1. 1. 0.
 0. 0. 1. 1. 1. 0. 0. 1. 1. 1. 0. 0. 0. 1. 1. 1. 0. 0. 0. 0. 1. 1. 1. 0.
 1. 0. 0. 1. 1. 0. 0. 0. 0. 1. 0. 0. 1. 1. 0. 1. 1. 1. 0. 1. 1. 0. 1. 0.
 1. 1. 0. 0. 0. 1. 1. 0. 1. 1. 0. 1. 0. 0. 0. 1. 1. 1. 0. 1. 0. 1. 1. 0.
 1. 0. 0. 1. 1. 0. 0. 1. 0. 1. 1. 0. 0. 1. 0. 0. 1. 1. 0. 1. 1. 0. 0. 0.
 0. 1. 1. 0. 0. 1. 0. 0. 1. 0. 1. 1. 1. 0. 0. 0. 1. 1. 0. 0. 0. 0. 1. 0.
 0. 1. 0. 1. 1. 1. 1. 0. 0. 0. 0. 1. 1. 1. 1. 0. 1. 1. 1. 1. 0. 1. 0. 0.
 1. 0. 0. 1. 1. 1. 1. 1. 0. 0. 1. 1. 1. 0. 0. 1. 0. 1. 0. 0. 1. 0. 1. 0.
 1. 0. 0. 0.]"
524,logistic_regression,"{'penalty': None, 'solver': 'newton-cg'}",0.5334439146396103,0.16147917412655827,0.10684812548148537,0.28015477612962286,0.5383231109541593,0.1504529565346501,0.5171440941912596,0.03731343283582089,0.5186567164179104,0.5186567164179104,"{0: 0.5167631989307195, 1: 0.5167631989307195}","{0: 0.5167631989307195, 1: 0.5167631989307195}",0.5167631989307195,"[[62 72]
 [57 77]]","[1. 1. 1. 0. 0. 1. 1. 0. 0. 1. 0. 1. 0. 0. 1. 0. 0. 0. 0. 1. 1. 1. 0. 1.
 0. 1. 0. 1. 0. 1. 1. 1. 0. 0. 1. 1. 1. 1. 0. 0. 0. 0. 1. 1. 0. 0. 1. 1.
 0. 0. 1. 1. 0. 1. 0. 0. 1. 1. 0. 0. 1. 0. 1. 0. 0. 1. 0. 1. 1. 1. 0. 1.
 1. 1. 1. 0. 1. 0. 0. 0. 0. 0. 1. 0. 1. 0. 0. 0. 0. 0. 1. 1. 0. 1. 0. 1.
 0. 0. 1. 0. 1. 1. 1. 1. 1. 1. 0. 1. 0. 1. 1. 0. 0. 0. 0. 0. 1. 1. 1. 1.
 0. 0. 1. 1. 0. 1. 1. 1. 0. 0. 1. 1. 0. 0. 1. 1. 0. 0. 0. 1. 0. 1. 0. 0.
 0. 1. 1. 0. 1. 1. 0. 0. 0. 1. 0. 1. 1. 0. 0. 1. 0. 1. 0. 1. 1. 0. 0. 1.
 1. 0. 1. 1. 1. 0. 1. 0. 1. 1. 1. 1. 0. 0. 1. 1. 1. 0. 1. 0. 1. 1. 1. 1.
 1. 1. 1. 1. 0. 1. 1. 1. 1. 0. 1. 1. 1. 0. 1. 1. 1. 1. 0. 1. 1. 1. 1. 1.
 1. 0. 0. 0. 0. 1. 0. 1. 0. 1. 1. 1. 1. 1. 0. 0. 1. 0. 1. 1. 0. 1. 0. 0.
 1. 0. 1. 1. 0. 1. 0. 1. 0. 1. 1. 1. 1. 1. 0. 1. 0. 0. 1. 1. 0. 0. 1. 1.
 1. 0. 0. 0.]","[0. 1. 0. 0. 0. 1. 1. 1. 0. 0. 0. 0. 0. 1. 0. 0. 1. 1. 0. 0. 0. 0. 0. 1.
 0. 0. 1. 0. 1. 0. 0. 1. 0. 1. 1. 0. 0. 0. 1. 0. 0. 0. 1. 1. 1. 0. 1. 0.
 1. 0. 1. 1. 0. 1. 1. 1. 1. 0. 1. 0. 0. 1. 1. 1. 0. 0. 0. 1. 1. 0. 1. 1.
 0. 0. 1. 0. 0. 1. 0. 1. 0. 1. 1. 1. 0. 1. 0. 1. 1. 1. 1. 1. 1. 1. 1. 0.
 0. 0. 1. 1. 1. 0. 0. 1. 1. 1. 0. 0. 0. 1. 1. 1. 0. 0. 0. 0. 1. 1. 1. 0.
 1. 0. 0. 1. 1. 0. 0. 0. 0. 1. 0. 0. 1. 1. 0. 1. 1. 1. 0. 1. 1. 0. 1. 0.
 1. 1. 0. 0. 0. 1. 1. 0. 1. 1. 0. 1. 0. 0. 0. 1. 1. 1. 0. 1. 0. 1. 1. 0.
 1. 0. 0. 1. 1. 0. 0. 1. 0. 1. 1. 0. 0. 1. 0. 0. 1. 1. 0. 1. 1. 0. 0. 0.
 0. 1. 1. 0. 0. 1. 0. 0. 1. 0. 1. 1. 1. 0. 0. 0. 1. 1. 0. 0. 0. 0. 1. 0.
 0. 1. 0. 1. 1. 1. 1. 0. 0. 0. 0. 1. 1. 1. 1. 0. 1. 1. 1. 1. 0. 1. 0. 0.
 1. 0. 0. 1. 1. 1. 1. 1. 0. 0. 1. 1. 1. 0. 0. 1. 0. 1. 0. 0. 1. 0. 1. 0.
 1. 0. 0. 0.]"
13,logistic_regression,"{'penalty': None, 'solver': 'newton-cg'}",0.5334439146396103,0.16147917412655827,0.10684812548148537,0.28015477612962286,0.5383231109541593,0.1504529565346501,0.5171440941912596,0.03731343283582089,0.5186567164179104,0.5186567164179104,"{0: 0.5167631989307195, 1: 0.5167631989307195}","{0: 0.5167631989307195, 1: 0.5167631989307195}",0.5167631989307195,"[[62 72]
 [57 77]]","[1. 1. 1. 0. 0. 1. 1. 0. 0. 1. 0. 1. 0. 0. 1. 0. 0. 0. 0. 1. 1. 1. 0. 1.
 0. 1. 0. 1. 0. 1. 1. 1. 0. 0. 1. 1. 1. 1. 0. 0. 0. 0. 1. 1. 0. 0. 1. 1.
 0. 0. 1. 1. 0. 1. 0. 0. 1. 1. 0. 0. 1. 0. 1. 0. 0. 1. 0. 1. 1. 1. 0. 1.
 1. 1. 1. 0. 1. 0. 0. 0. 0. 0. 1. 0. 1. 0. 0. 0. 0. 0. 1. 1. 0. 1. 0. 1.
 0. 0. 1. 0. 1. 1. 1. 1. 1. 1. 0. 1. 0. 1. 1. 0. 0. 0. 0. 0. 1. 1. 1. 1.
 0. 0. 1. 1. 0. 1. 1. 1. 0. 0. 1. 1. 0. 0. 1. 1. 0. 0. 0. 1. 0. 1. 0. 0.
 0. 1. 1. 0. 1. 1. 0. 0. 0. 1. 0. 1. 1. 0. 0. 1. 0. 1. 0. 1. 1. 0. 0. 1.
 1. 0. 1. 1. 1. 0. 1. 0. 1. 1. 1. 1. 0. 0. 1. 1. 1. 0. 1. 0. 1. 1. 1. 1.
 1. 1. 1. 1. 0. 1. 1. 1. 1. 0. 1. 1. 1. 0. 1. 1. 1. 1. 0. 1. 1. 1. 1. 1.
 1. 0. 0. 0. 0. 1. 0. 1. 0. 1. 1. 1. 1. 1. 0. 0. 1. 0. 1. 1. 0. 1. 0. 0.
 1. 0. 1. 1. 0. 1. 0. 1. 0. 1. 1. 1. 1. 1. 0. 1. 0. 0. 1. 1. 0. 0. 1. 1.
 1. 0. 0. 0.]","[0. 1. 0. 0. 0. 1. 1. 1. 0. 0. 0. 0. 0. 1. 0. 0. 1. 1. 0. 0. 0. 0. 0. 1.
 0. 0. 1. 0. 1. 0. 0. 1. 0. 1. 1. 0. 0. 0. 1. 0. 0. 0. 1. 1. 1. 0. 1. 0.
 1. 0. 1. 1. 0. 1. 1. 1. 1. 0. 1. 0. 0. 1. 1. 1. 0. 0. 0. 1. 1. 0. 1. 1.
 0. 0. 1. 0. 0. 1. 0. 1. 0. 1. 1. 1. 0. 1. 0. 1. 1. 1. 1. 1. 1. 1. 1. 0.
 0. 0. 1. 1. 1. 0. 0. 1. 1. 1. 0. 0. 0. 1. 1. 1. 0. 0. 0. 0. 1. 1. 1. 0.
 1. 0. 0. 1. 1. 0. 0. 0. 0. 1. 0. 0. 1. 1. 0. 1. 1. 1. 0. 1. 1. 0. 1. 0.
 1. 1. 0. 0. 0. 1. 1. 0. 1. 1. 0. 1. 0. 0. 0. 1. 1. 1. 0. 1. 0. 1. 1. 0.
 1. 0. 0. 1. 1. 0. 0. 1. 0. 1. 1. 0. 0. 1. 0. 0. 1. 1. 0. 1. 1. 0. 0. 0.
 0. 1. 1. 0. 0. 1. 0. 0. 1. 0. 1. 1. 1. 0. 0. 0. 1. 1. 0. 0. 0. 0. 1. 0.
 0. 1. 0. 1. 1. 1. 1. 0. 0. 0. 0. 1. 1. 1. 1. 0. 1. 1. 1. 1. 0. 1. 0. 0.
 1. 0. 0. 1. 1. 1. 1. 1. 0. 0. 1. 1. 1. 0. 0. 1. 0. 1. 0. 0. 1. 0. 1. 0.
 1. 0. 0. 0.]"
101,logistic_regression,"{'penalty': None, 'solver': 'newton-cg'}",0.5334439146396103,0.16147917412655827,0.10684812548148537,0.28015477612962286,0.5383231109541593,0.1504529565346501,0.5171440941912596,0.03731343283582089,0.5186567164179104,0.5186567164179104,"{0: 0.5167631989307195, 1: 0.5167631989307195}","{0: 0.5167631989307195, 1: 0.5167631989307195}",0.5167631989307195,"[[62 72]
 [57 77]]","[1. 1. 1. 0. 0. 1. 1. 0. 0. 1. 0. 1. 0. 0. 1. 0. 0. 0. 0. 1. 1. 1. 0. 1.
 0. 1. 0. 1. 0. 1. 1. 1. 0. 0. 1. 1. 1. 1. 0. 0. 0. 0. 1. 1. 0. 0. 1. 1.
 0. 0. 1. 1. 0. 1. 0. 0. 1. 1. 0. 0. 1. 0. 1. 0. 0. 1. 0. 1. 1. 1. 0. 1.
 1. 1. 1. 0. 1. 0. 0. 0. 0. 0. 1. 0. 1. 0. 0. 0. 0. 0. 1. 1. 0. 1. 0. 1.
 0. 0. 1. 0. 1. 1. 1. 1. 1. 1. 0. 1. 0. 1. 1. 0. 0. 0. 0. 0. 1. 1. 1. 1.
 0. 0. 1. 1. 0. 1. 1. 1. 0. 0. 1. 1. 0. 0. 1. 1. 0. 0. 0. 1. 0. 1. 0. 0.
 0. 1. 1. 0. 1. 1. 0. 0. 0. 1. 0. 1. 1. 0. 0. 1. 0. 1. 0. 1. 1. 0. 0. 1.
 1. 0. 1. 1. 1. 0. 1. 0. 1. 1. 1. 1. 0. 0. 1. 1. 1. 0. 1. 0. 1. 1. 1. 1.
 1. 1. 1. 1. 0. 1. 1. 1. 1. 0. 1. 1. 1. 0. 1. 1. 1. 1. 0. 1. 1. 1. 1. 1.
 1. 0. 0. 0. 0. 1. 0. 1. 0. 1. 1. 1. 1. 1. 0. 0. 1. 0. 1. 1. 0. 1. 0. 0.
 1. 0. 1. 1. 0. 1. 0. 1. 0. 1. 1. 1. 1. 1. 0. 1. 0. 0. 1. 1. 0. 0. 1. 1.
 1. 0. 0. 0.]","[0. 1. 0. 0. 0. 1. 1. 1. 0. 0. 0. 0. 0. 1. 0. 0. 1. 1. 0. 0. 0. 0. 0. 1.
 0. 0. 1. 0. 1. 0. 0. 1. 0. 1. 1. 0. 0. 0. 1. 0. 0. 0. 1. 1. 1. 0. 1. 0.
 1. 0. 1. 1. 0. 1. 1. 1. 1. 0. 1. 0. 0. 1. 1. 1. 0. 0. 0. 1. 1. 0. 1. 1.
 0. 0. 1. 0. 0. 1. 0. 1. 0. 1. 1. 1. 0. 1. 0. 1. 1. 1. 1. 1. 1. 1. 1. 0.
 0. 0. 1. 1. 1. 0. 0. 1. 1. 1. 0. 0. 0. 1. 1. 1. 0. 0. 0. 0. 1. 1. 1. 0.
 1. 0. 0. 1. 1. 0. 0. 0. 0. 1. 0. 0. 1. 1. 0. 1. 1. 1. 0. 1. 1. 0. 1. 0.
 1. 1. 0. 0. 0. 1. 1. 0. 1. 1. 0. 1. 0. 0. 0. 1. 1. 1. 0. 1. 0. 1. 1. 0.
 1. 0. 0. 1. 1. 0. 0. 1. 0. 1. 1. 0. 0. 1. 0. 0. 1. 1. 0. 1. 1. 0. 0. 0.
 0. 1. 1. 0. 0. 1. 0. 0. 1. 0. 1. 1. 1. 0. 0. 0. 1. 1. 0. 0. 0. 0. 1. 0.
 0. 1. 0. 1. 1. 1. 1. 0. 0. 0. 0. 1. 1. 1. 1. 0. 1. 1. 1. 1. 0. 1. 0. 0.
 1. 0. 0. 1. 1. 1. 1. 1. 0. 0. 1. 1. 1. 0. 0. 1. 0. 1. 0. 0. 1. 0. 1. 0.
 1. 0. 0. 0.]"
701,logistic_regression,"{'penalty': None, 'solver': 'newton-cg'}",0.5334439146396103,0.16147917412655827,0.10684812548148537,0.28015477612962286,0.5383231109541593,0.1504529565346501,0.5171440941912596,0.03731343283582089,0.5186567164179104,0.5186567164179104,"{0: 0.5167631989307195, 1: 0.5167631989307195}","{0: 0.5167631989307195, 1: 0.5167631989307195}",0.5167631989307195,"[[62 72]
 [57 77]]","[1. 1. 1. 0. 0. 1. 1. 0. 0. 1. 0. 1. 0. 0. 1. 0. 0. 0. 0. 1. 1. 1. 0. 1.
 0. 1. 0. 1. 0. 1. 1. 1. 0. 0. 1. 1. 1. 1. 0. 0. 0. 0. 1. 1. 0. 0. 1. 1.
 0. 0. 1. 1. 0. 1. 0. 0. 1. 1. 0. 0. 1. 0. 1. 0. 0. 1. 0. 1. 1. 1. 0. 1.
 1. 1. 1. 0. 1. 0. 0. 0. 0. 0. 1. 0. 1. 0. 0. 0. 0. 0. 1. 1. 0. 1. 0. 1.
 0. 0. 1. 0. 1. 1. 1. 1. 1. 1. 0. 1. 0. 1. 1. 0. 0. 0. 0. 0. 1. 1. 1. 1.
 0. 0. 1. 1. 0. 1. 1. 1. 0. 0. 1. 1. 0. 0. 1. 1. 0. 0. 0. 1. 0. 1. 0. 0.
 0. 1. 1. 0. 1. 1. 0. 0. 0. 1. 0. 1. 1. 0. 0. 1. 0. 1. 0. 1. 1. 0. 0. 1.
 1. 0. 1. 1. 1. 0. 1. 0. 1. 1. 1. 1. 0. 0. 1. 1. 1. 0. 1. 0. 1. 1. 1. 1.
 1. 1. 1. 1. 0. 1. 1. 1. 1. 0. 1. 1. 1. 0. 1. 1. 1. 1. 0. 1. 1. 1. 1. 1.
 1. 0. 0. 0. 0. 1. 0. 1. 0. 1. 1. 1. 1. 1. 0. 0. 1. 0. 1. 1. 0. 1. 0. 0.
 1. 0. 1. 1. 0. 1. 0. 1. 0. 1. 1. 1. 1. 1. 0. 1. 0. 0. 1. 1. 0. 0. 1. 1.
 1. 0. 0. 0.]","[0. 1. 0. 0. 0. 1. 1. 1. 0. 0. 0. 0. 0. 1. 0. 0. 1. 1. 0. 0. 0. 0. 0. 1.
 0. 0. 1. 0. 1. 0. 0. 1. 0. 1. 1. 0. 0. 0. 1. 0. 0. 0. 1. 1. 1. 0. 1. 0.
 1. 0. 1. 1. 0. 1. 1. 1. 1. 0. 1. 0. 0. 1. 1. 1. 0. 0. 0. 1. 1. 0. 1. 1.
 0. 0. 1. 0. 0. 1. 0. 1. 0. 1. 1. 1. 0. 1. 0. 1. 1. 1. 1. 1. 1. 1. 1. 0.
 0. 0. 1. 1. 1. 0. 0. 1. 1. 1. 0. 0. 0. 1. 1. 1. 0. 0. 0. 0. 1. 1. 1. 0.
 1. 0. 0. 1. 1. 0. 0. 0. 0. 1. 0. 0. 1. 1. 0. 1. 1. 1. 0. 1. 1. 0. 1. 0.
 1. 1. 0. 0. 0. 1. 1. 0. 1. 1. 0. 1. 0. 0. 0. 1. 1. 1. 0. 1. 0. 1. 1. 0.
 1. 0. 0. 1. 1. 0. 0. 1. 0. 1. 1. 0. 0. 1. 0. 0. 1. 1. 0. 1. 1. 0. 0. 0.
 0. 1. 1. 0. 0. 1. 0. 0. 1. 0. 1. 1. 1. 0. 0. 0. 1. 1. 0. 0. 0. 0. 1. 0.
 0. 1. 0. 1. 1. 1. 1. 0. 0. 0. 0. 1. 1. 1. 1. 0. 1. 1. 1. 1. 0. 1. 0. 0.
 1. 0. 0. 1. 1. 1. 1. 1. 0. 0. 1. 1. 1. 0. 0. 1. 0. 1. 0. 0. 1. 0. 1. 0.
 1. 0. 0. 0.]"
511,logistic_regression,"{'penalty': 'l2', 'solver': 'lbfgs'}",0.5334439146396103,0.16147917412655827,0.10684812548148537,0.28015477612962286,0.5383231109541593,0.1504529565346501,0.5171440941912596,0.03731343283582089,0.5186567164179104,0.5186567164179104,"{0: 0.5169302740031188, 1: 0.5169302740031188}","{0: 0.5169302740031188, 1: 0.5169302740031188}",0.5169302740031188,"[[62 72]
 [57 77]]","[1. 1. 1. 0. 0. 1. 1. 0. 0. 1. 0. 1. 0. 0. 1. 0. 0. 0. 0. 1. 1. 1. 0. 1.
 0. 1. 0. 1. 0. 1. 1. 1. 0. 0. 1. 1. 1. 1. 0. 0. 0. 0. 1. 1. 0. 0. 1. 1.
 0. 0. 1. 1. 0. 1. 0. 0. 1. 1. 0. 0. 1. 0. 1. 0. 0. 1. 0. 1. 1. 1. 0. 1.
 1. 1. 1. 0. 1. 0. 0. 0. 0. 0. 1. 0. 1. 0. 0. 0. 0. 0. 1. 1. 0. 1. 0. 1.
 0. 0. 1. 0. 1. 1. 1. 1. 1. 1. 0. 1. 0. 1. 1. 0. 0. 0. 0. 0. 1. 1. 1. 1.
 0. 0. 1. 1. 0. 1. 1. 1. 0. 0. 1. 1. 0. 0. 1. 1. 0. 0. 0. 1. 0. 1. 0. 0.
 0. 1. 1. 0. 1. 1. 0. 0. 0. 1. 0. 1. 1. 0. 0. 1. 0. 1. 0. 1. 1. 0. 0. 1.
 1. 0. 1. 1. 1. 0. 1. 0. 1. 1. 1. 1. 0. 0. 1. 1. 1. 0. 1. 0. 1. 1. 1. 1.
 1. 1. 1. 1. 0. 1. 1. 1. 1. 0. 1. 1. 1. 0. 1. 1. 1. 1. 0. 1. 1. 1. 1. 1.
 1. 0. 0. 0. 0. 1. 0. 1. 0. 1. 1. 1. 1. 1. 0. 0. 1. 0. 1. 1. 0. 1. 0. 0.
 1. 0. 1. 1. 0. 1. 0. 1. 0. 1. 1. 1. 1. 1. 0. 1. 0. 0. 1. 1. 0. 0. 1. 1.
 1. 0. 0. 0.]","[0. 1. 0. 0. 0. 1. 1. 1. 0. 0. 0. 0. 0. 1. 0. 0. 1. 1. 0. 0. 0. 0. 0. 1.
 0. 0. 1. 0. 1. 0. 0. 1. 0. 1. 1. 0. 0. 0. 1. 0. 0. 0. 1. 1. 1. 0. 1. 0.
 1. 0. 1. 1. 0. 1. 1. 1. 1. 0. 1. 0. 0. 1. 1. 1. 0. 0. 0. 1. 1. 0. 1. 1.
 0. 0. 1. 0. 0. 1. 0. 1. 0. 1. 1. 1. 0. 1. 0. 1. 1. 1. 1. 1. 1. 1. 1. 0.
 0. 0. 1. 1. 1. 0. 0. 1. 1. 1. 0. 0. 0. 1. 1. 1. 0. 0. 0. 0. 1. 1. 1. 0.
 1. 0. 0. 1. 1. 0. 0. 0. 0. 1. 0. 0. 1. 1. 0. 1. 1. 1. 0. 1. 1. 0. 1. 0.
 1. 1. 0. 0. 0. 1. 1. 0. 1. 1. 0. 1. 0. 0. 0. 1. 1. 1. 0. 1. 0. 1. 1. 0.
 1. 0. 0. 1. 1. 0. 0. 1. 0. 1. 1. 0. 0. 1. 0. 0. 1. 1. 0. 1. 1. 0. 0. 0.
 0. 1. 1. 0. 0. 1. 0. 0. 1. 0. 1. 1. 1. 0. 0. 0. 1. 1. 0. 0. 0. 0. 1. 0.
 0. 1. 0. 1. 1. 1. 1. 0. 0. 0. 0. 1. 1. 1. 1. 0. 1. 1. 1. 1. 0. 1. 0. 0.
 1. 0. 0. 1. 1. 1. 1. 1. 0. 0. 1. 1. 1. 0. 0. 1. 0. 1. 0. 0. 1. 0. 1. 0.
 1. 0. 0. 0.]"
286,logistic_regression,"{'penalty': None, 'solver': 'lbfgs'}",0.5334439146396103,0.16147917412655827,0.10684812548148537,0.28015477612962286,0.5383231109541593,0.1504529565346501,0.5171440941912596,0.03731343283582089,0.5186567164179104,0.5186567164179104,"{0: 0.5165404321675207, 1: 0.5165404321675207}","{0: 0.5165404321675207, 1: 0.5165404321675207}",0.5165404321675207,"[[62 72]
 [57 77]]","[1. 1. 1. 0. 0. 1. 1. 0. 0. 1. 0. 1. 0. 0. 1. 0. 0. 0. 0. 1. 1. 1. 0. 1.
 0. 1. 0. 1. 0. 1. 1. 1. 0. 0. 1. 1. 1. 1. 0. 0. 0. 0. 1. 1. 0. 0. 1. 1.
 0. 0. 1. 1. 0. 1. 0. 0. 1. 1. 0. 0. 1. 0. 1. 0. 0. 1. 0. 1. 1. 1. 0. 1.
 1. 1. 1. 0. 1. 0. 0. 0. 0. 0. 1. 0. 1. 0. 0. 0. 0. 0. 1. 1. 0. 1. 0. 1.
 0. 0. 1. 0. 1. 1. 1. 1. 1. 1. 0. 1. 0. 1. 1. 0. 0. 0. 0. 0. 1. 1. 1. 1.
 0. 0. 1. 1. 0. 1. 1. 1. 0. 0. 1. 1. 0. 0. 1. 1. 0. 0. 0. 1. 0. 1. 0. 0.
 0. 1. 1. 0. 1. 1. 0. 0. 0. 1. 0. 1. 1. 0. 0. 1. 0. 1. 0. 1. 1. 0. 0. 1.
 1. 0. 1. 1. 1. 0. 1. 0. 1. 1. 1. 1. 0. 0. 1. 1. 1. 0. 1. 0. 1. 1. 1. 1.
 1. 1. 1. 1. 0. 1. 1. 1. 1. 0. 1. 1. 1. 0. 1. 1. 1. 1. 0. 1. 1. 1. 1. 1.
 1. 0. 0. 0. 0. 1. 0. 1. 0. 1. 1. 1. 1. 1. 0. 0. 1. 0. 1. 1. 0. 1. 0. 0.
 1. 0. 1. 1. 0. 1. 0. 1. 0. 1. 1. 1. 1. 1. 0. 1. 0. 0. 1. 1. 0. 0. 1. 1.
 1. 0. 0. 0.]","[0. 1. 0. 0. 0. 1. 1. 1. 0. 0. 0. 0. 0. 1. 0. 0. 1. 1. 0. 0. 0. 0. 0. 1.
 0. 0. 1. 0. 1. 0. 0. 1. 0. 1. 1. 0. 0. 0. 1. 0. 0. 0. 1. 1. 1. 0. 1. 0.
 1. 0. 1. 1. 0. 1. 1. 1. 1. 0. 1. 0. 0. 1. 1. 1. 0. 0. 0. 1. 1. 0. 1. 1.
 0. 0. 1. 0. 0. 1. 0. 1. 0. 1. 1. 1. 0. 1. 0. 1. 1. 1. 1. 1. 1. 1. 1. 0.
 0. 0. 1. 1. 1. 0. 0. 1. 1. 1. 0. 0. 0. 1. 1. 1. 0. 0. 0. 0. 1. 1. 1. 0.
 1. 0. 0. 1. 1. 0. 0. 0. 0. 1. 0. 0. 1. 1. 0. 1. 1. 1. 0. 1. 1. 0. 1. 0.
 1. 1. 0. 0. 0. 1. 1. 0. 1. 1. 0. 1. 0. 0. 0. 1. 1. 1. 0. 1. 0. 1. 1. 0.
 1. 0. 0. 1. 1. 0. 0. 1. 0. 1. 1. 0. 0. 1. 0. 0. 1. 1. 0. 1. 1. 0. 0. 0.
 0. 1. 1. 0. 0. 1. 0. 0. 1. 0. 1. 1. 1. 0. 0. 0. 1. 1. 0. 0. 0. 0. 1. 0.
 0. 1. 0. 1. 1. 1. 1. 0. 0. 0. 0. 1. 1. 1. 1. 0. 1. 1. 1. 1. 0. 1. 0. 0.
 1. 0. 0. 1. 1. 1. 1. 1. 0. 0. 1. 1. 1. 0. 0. 1. 0. 1. 0. 0. 1. 0. 1. 0.
 1. 0. 0. 0.]"
755,logistic_regression,"{'penalty': None, 'solver': 'newton-cg'}",0.5334439146396103,0.16147917412655827,0.10684812548148537,0.28015477612962286,0.5383231109541593,0.1504529565346501,0.5171440941912596,0.03731343283582089,0.5186567164179104,0.5186567164179104,"{0: 0.5167631989307195, 1: 0.5167631989307195}","{0: 0.5167631989307195, 1: 0.5167631989307195}",0.5167631989307195,"[[62 72]
 [57 77]]","[1. 1. 1. 0. 0. 1. 1. 0. 0. 1. 0. 1. 0. 0. 1. 0. 0. 0. 0. 1. 1. 1. 0. 1.
 0. 1. 0. 1. 0. 1. 1. 1. 0. 0. 1. 1. 1. 1. 0. 0. 0. 0. 1. 1. 0. 0. 1. 1.
 0. 0. 1. 1. 0. 1. 0. 0. 1. 1. 0. 0. 1. 0. 1. 0. 0. 1. 0. 1. 1. 1. 0. 1.
 1. 1. 1. 0. 1. 0. 0. 0. 0. 0. 1. 0. 1. 0. 0. 0. 0. 0. 1. 1. 0. 1. 0. 1.
 0. 0. 1. 0. 1. 1. 1. 1. 1. 1. 0. 1. 0. 1. 1. 0. 0. 0. 0. 0. 1. 1. 1. 1.
 0. 0. 1. 1. 0. 1. 1. 1. 0. 0. 1. 1. 0. 0. 1. 1. 0. 0. 0. 1. 0. 1. 0. 0.
 0. 1. 1. 0. 1. 1. 0. 0. 0. 1. 0. 1. 1. 0. 0. 1. 0. 1. 0. 1. 1. 0. 0. 1.
 1. 0. 1. 1. 1. 0. 1. 0. 1. 1. 1. 1. 0. 0. 1. 1. 1. 0. 1. 0. 1. 1. 1. 1.
 1. 1. 1. 1. 0. 1. 1. 1. 1. 0. 1. 1. 1. 0. 1. 1. 1. 1. 0. 1. 1. 1. 1. 1.
 1. 0. 0. 0. 0. 1. 0. 1. 0. 1. 1. 1. 1. 1. 0. 0. 1. 0. 1. 1. 0. 1. 0. 0.
 1. 0. 1. 1. 0. 1. 0. 1. 0. 1. 1. 1. 1. 1. 0. 1. 0. 0. 1. 1. 0. 0. 1. 1.
 1. 0. 0. 0.]","[0. 1. 0. 0. 0. 1. 1. 1. 0. 0. 0. 0. 0. 1. 0. 0. 1. 1. 0. 0. 0. 0. 0. 1.
 0. 0. 1. 0. 1. 0. 0. 1. 0. 1. 1. 0. 0. 0. 1. 0. 0. 0. 1. 1. 1. 0. 1. 0.
 1. 0. 1. 1. 0. 1. 1. 1. 1. 0. 1. 0. 0. 1. 1. 1. 0. 0. 0. 1. 1. 0. 1. 1.
 0. 0. 1. 0. 0. 1. 0. 1. 0. 1. 1. 1. 0. 1. 0. 1. 1. 1. 1. 1. 1. 1. 1. 0.
 0. 0. 1. 1. 1. 0. 0. 1. 1. 1. 0. 0. 0. 1. 1. 1. 0. 0. 0. 0. 1. 1. 1. 0.
 1. 0. 0. 1. 1. 0. 0. 0. 0. 1. 0. 0. 1. 1. 0. 1. 1. 1. 0. 1. 1. 0. 1. 0.
 1. 1. 0. 0. 0. 1. 1. 0. 1. 1. 0. 1. 0. 0. 0. 1. 1. 1. 0. 1. 0. 1. 1. 0.
 1. 0. 0. 1. 1. 0. 0. 1. 0. 1. 1. 0. 0. 1. 0. 0. 1. 1. 0. 1. 1. 0. 0. 0.
 0. 1. 1. 0. 0. 1. 0. 0. 1. 0. 1. 1. 1. 0. 0. 0. 1. 1. 0. 0. 0. 0. 1. 0.
 0. 1. 0. 1. 1. 1. 1. 0. 0. 0. 0. 1. 1. 1. 1. 0. 1. 1. 1. 1. 0. 1. 0. 0.
 1. 0. 0. 1. 1. 1. 1. 1. 0. 0. 1. 1. 1. 0. 0. 1. 0. 1. 0. 0. 1. 0. 1. 0.
 1. 0. 0. 0.]"
168,logistic_regression,"{'penalty': 'l2', 'solver': 'lbfgs'}",0.5334439146396103,0.16147917412655827,0.10684812548148537,0.28015477612962286,0.5383231109541593,0.1504529565346501,0.5171440941912596,0.03731343283582089,0.5186567164179104,0.5186567164179104,"{0: 0.5169302740031188, 1: 0.5169302740031188}","{0: 0.5169302740031188, 1: 0.5169302740031188}",0.5169302740031188,"[[62 72]
 [57 77]]","[1. 1. 1. 0. 0. 1. 1. 0. 0. 1. 0. 1. 0. 0. 1. 0. 0. 0. 0. 1. 1. 1. 0. 1.
 0. 1. 0. 1. 0. 1. 1. 1. 0. 0. 1. 1. 1. 1. 0. 0. 0. 0. 1. 1. 0. 0. 1. 1.
 0. 0. 1. 1. 0. 1. 0. 0. 1. 1. 0. 0. 1. 0. 1. 0. 0. 1. 0. 1. 1. 1. 0. 1.
 1. 1. 1. 0. 1. 0. 0. 0. 0. 0. 1. 0. 1. 0. 0. 0. 0. 0. 1. 1. 0. 1. 0. 1.
 0. 0. 1. 0. 1. 1. 1. 1. 1. 1. 0. 1. 0. 1. 1. 0. 0. 0. 0. 0. 1. 1. 1. 1.
 0. 0. 1. 1. 0. 1. 1. 1. 0. 0. 1. 1. 0. 0. 1. 1. 0. 0. 0. 1. 0. 1. 0. 0.
 0. 1. 1. 0. 1. 1. 0. 0. 0. 1. 0. 1. 1. 0. 0. 1. 0. 1. 0. 1. 1. 0. 0. 1.
 1. 0. 1. 1. 1. 0. 1. 0. 1. 1. 1. 1. 0. 0. 1. 1. 1. 0. 1. 0. 1. 1. 1. 1.
 1. 1. 1. 1. 0. 1. 1. 1. 1. 0. 1. 1. 1. 0. 1. 1. 1. 1. 0. 1. 1. 1. 1. 1.
 1. 0. 0. 0. 0. 1. 0. 1. 0. 1. 1. 1. 1. 1. 0. 0. 1. 0. 1. 1. 0. 1. 0. 0.
 1. 0. 1. 1. 0. 1. 0. 1. 0. 1. 1. 1. 1. 1. 0. 1. 0. 0. 1. 1. 0. 0. 1. 1.
 1. 0. 0. 0.]","[0. 1. 0. 0. 0. 1. 1. 1. 0. 0. 0. 0. 0. 1. 0. 0. 1. 1. 0. 0. 0. 0. 0. 1.
 0. 0. 1. 0. 1. 0. 0. 1. 0. 1. 1. 0. 0. 0. 1. 0. 0. 0. 1. 1. 1. 0. 1. 0.
 1. 0. 1. 1. 0. 1. 1. 1. 1. 0. 1. 0. 0. 1. 1. 1. 0. 0. 0. 1. 1. 0. 1. 1.
 0. 0. 1. 0. 0. 1. 0. 1. 0. 1. 1. 1. 0. 1. 0. 1. 1. 1. 1. 1. 1. 1. 1. 0.
 0. 0. 1. 1. 1. 0. 0. 1. 1. 1. 0. 0. 0. 1. 1. 1. 0. 0. 0. 0. 1. 1. 1. 0.
 1. 0. 0. 1. 1. 0. 0. 0. 0. 1. 0. 0. 1. 1. 0. 1. 1. 1. 0. 1. 1. 0. 1. 0.
 1. 1. 0. 0. 0. 1. 1. 0. 1. 1. 0. 1. 0. 0. 0. 1. 1. 1. 0. 1. 0. 1. 1. 0.
 1. 0. 0. 1. 1. 0. 0. 1. 0. 1. 1. 0. 0. 1. 0. 0. 1. 1. 0. 1. 1. 0. 0. 0.
 0. 1. 1. 0. 0. 1. 0. 0. 1. 0. 1. 1. 1. 0. 0. 0. 1. 1. 0. 0. 0. 0. 1. 0.
 0. 1. 0. 1. 1. 1. 1. 0. 0. 0. 0. 1. 1. 1. 1. 0. 1. 1. 1. 1. 0. 1. 0. 0.
 1. 0. 0. 1. 1. 1. 1. 1. 0. 0. 1. 1. 1. 0. 0. 1. 0. 1. 0. 0. 1. 0. 1. 0.
 1. 0. 0. 0.]"
952,logistic_regression,"{'penalty': None, 'solver': 'newton-cg'}",0.5334439146396103,0.16147917412655827,0.10684812548148537,0.28015477612962286,0.5383231109541593,0.1504529565346501,0.5171440941912596,0.03731343283582089,0.5186567164179104,0.5186567164179104,"{0: 0.5167631989307195, 1: 0.5167631989307195}","{0: 0.5167631989307195, 1: 0.5167631989307195}",0.5167631989307195,"[[62 72]
 [57 77]]","[1. 1. 1. 0. 0. 1. 1. 0. 0. 1. 0. 1. 0. 0. 1. 0. 0. 0. 0. 1. 1. 1. 0. 1.
 0. 1. 0. 1. 0. 1. 1. 1. 0. 0. 1. 1. 1. 1. 0. 0. 0. 0. 1. 1. 0. 0. 1. 1.
 0. 0. 1. 1. 0. 1. 0. 0. 1. 1. 0. 0. 1. 0. 1. 0. 0. 1. 0. 1. 1. 1. 0. 1.
 1. 1. 1. 0. 1. 0. 0. 0. 0. 0. 1. 0. 1. 0. 0. 0. 0. 0. 1. 1. 0. 1. 0. 1.
 0. 0. 1. 0. 1. 1. 1. 1. 1. 1. 0. 1. 0. 1. 1. 0. 0. 0. 0. 0. 1. 1. 1. 1.
 0. 0. 1. 1. 0. 1. 1. 1. 0. 0. 1. 1. 0. 0. 1. 1. 0. 0. 0. 1. 0. 1. 0. 0.
 0. 1. 1. 0. 1. 1. 0. 0. 0. 1. 0. 1. 1. 0. 0. 1. 0. 1. 0. 1. 1. 0. 0. 1.
 1. 0. 1. 1. 1. 0. 1. 0. 1. 1. 1. 1. 0. 0. 1. 1. 1. 0. 1. 0. 1. 1. 1. 1.
 1. 1. 1. 1. 0. 1. 1. 1. 1. 0. 1. 1. 1. 0. 1. 1. 1. 1. 0. 1. 1. 1. 1. 1.
 1. 0. 0. 0. 0. 1. 0. 1. 0. 1. 1. 1. 1. 1. 0. 0. 1. 0. 1. 1. 0. 1. 0. 0.
 1. 0. 1. 1. 0. 1. 0. 1. 0. 1. 1. 1. 1. 1. 0. 1. 0. 0. 1. 1. 0. 0. 1. 1.
 1. 0. 0. 0.]","[0. 1. 0. 0. 0. 1. 1. 1. 0. 0. 0. 0. 0. 1. 0. 0. 1. 1. 0. 0. 0. 0. 0. 1.
 0. 0. 1. 0. 1. 0. 0. 1. 0. 1. 1. 0. 0. 0. 1. 0. 0. 0. 1. 1. 1. 0. 1. 0.
 1. 0. 1. 1. 0. 1. 1. 1. 1. 0. 1. 0. 0. 1. 1. 1. 0. 0. 0. 1. 1. 0. 1. 1.
 0. 0. 1. 0. 0. 1. 0. 1. 0. 1. 1. 1. 0. 1. 0. 1. 1. 1. 1. 1. 1. 1. 1. 0.
 0. 0. 1. 1. 1. 0. 0. 1. 1. 1. 0. 0. 0. 1. 1. 1. 0. 0. 0. 0. 1. 1. 1. 0.
 1. 0. 0. 1. 1. 0. 0. 0. 0. 1. 0. 0. 1. 1. 0. 1. 1. 1. 0. 1. 1. 0. 1. 0.
 1. 1. 0. 0. 0. 1. 1. 0. 1. 1. 0. 1. 0. 0. 0. 1. 1. 1. 0. 1. 0. 1. 1. 0.
 1. 0. 0. 1. 1. 0. 0. 1. 0. 1. 1. 0. 0. 1. 0. 0. 1. 1. 0. 1. 1. 0. 0. 0.
 0. 1. 1. 0. 0. 1. 0. 0. 1. 0. 1. 1. 1. 0. 0. 0. 1. 1. 0. 0. 0. 0. 1. 0.
 0. 1. 0. 1. 1. 1. 1. 0. 0. 0. 0. 1. 1. 1. 1. 0. 1. 1. 1. 1. 0. 1. 0. 0.
 1. 0. 0. 1. 1. 1. 1. 1. 0. 0. 1. 1. 1. 0. 0. 1. 0. 1. 0. 0. 1. 0. 1. 0.
 1. 0. 0. 0.]"
572,logistic_regression,"{'penalty': None, 'solver': 'newton-cg'}",0.5334439146396103,0.16147917412655827,0.10684812548148537,0.28015477612962286,0.5383231109541593,0.1504529565346501,0.5171440941912596,0.03731343283582089,0.5186567164179104,0.5186567164179104,"{0: 0.5167631989307195, 1: 0.5167631989307195}","{0: 0.5167631989307195, 1: 0.5167631989307195}",0.5167631989307195,"[[62 72]
 [57 77]]","[1. 1. 1. 0. 0. 1. 1. 0. 0. 1. 0. 1. 0. 0. 1. 0. 0. 0. 0. 1. 1. 1. 0. 1.
 0. 1. 0. 1. 0. 1. 1. 1. 0. 0. 1. 1. 1. 1. 0. 0. 0. 0. 1. 1. 0. 0. 1. 1.
 0. 0. 1. 1. 0. 1. 0. 0. 1. 1. 0. 0. 1. 0. 1. 0. 0. 1. 0. 1. 1. 1. 0. 1.
 1. 1. 1. 0. 1. 0. 0. 0. 0. 0. 1. 0. 1. 0. 0. 0. 0. 0. 1. 1. 0. 1. 0. 1.
 0. 0. 1. 0. 1. 1. 1. 1. 1. 1. 0. 1. 0. 1. 1. 0. 0. 0. 0. 0. 1. 1. 1. 1.
 0. 0. 1. 1. 0. 1. 1. 1. 0. 0. 1. 1. 0. 0. 1. 1. 0. 0. 0. 1. 0. 1. 0. 0.
 0. 1. 1. 0. 1. 1. 0. 0. 0. 1. 0. 1. 1. 0. 0. 1. 0. 1. 0. 1. 1. 0. 0. 1.
 1. 0. 1. 1. 1. 0. 1. 0. 1. 1. 1. 1. 0. 0. 1. 1. 1. 0. 1. 0. 1. 1. 1. 1.
 1. 1. 1. 1. 0. 1. 1. 1. 1. 0. 1. 1. 1. 0. 1. 1. 1. 1. 0. 1. 1. 1. 1. 1.
 1. 0. 0. 0. 0. 1. 0. 1. 0. 1. 1. 1. 1. 1. 0. 0. 1. 0. 1. 1. 0. 1. 0. 0.
 1. 0. 1. 1. 0. 1. 0. 1. 0. 1. 1. 1. 1. 1. 0. 1. 0. 0. 1. 1. 0. 0. 1. 1.
 1. 0. 0. 0.]","[0. 1. 0. 0. 0. 1. 1. 1. 0. 0. 0. 0. 0. 1. 0. 0. 1. 1. 0. 0. 0. 0. 0. 1.
 0. 0. 1. 0. 1. 0. 0. 1. 0. 1. 1. 0. 0. 0. 1. 0. 0. 0. 1. 1. 1. 0. 1. 0.
 1. 0. 1. 1. 0. 1. 1. 1. 1. 0. 1. 0. 0. 1. 1. 1. 0. 0. 0. 1. 1. 0. 1. 1.
 0. 0. 1. 0. 0. 1. 0. 1. 0. 1. 1. 1. 0. 1. 0. 1. 1. 1. 1. 1. 1. 1. 1. 0.
 0. 0. 1. 1. 1. 0. 0. 1. 1. 1. 0. 0. 0. 1. 1. 1. 0. 0. 0. 0. 1. 1. 1. 0.
 1. 0. 0. 1. 1. 0. 0. 0. 0. 1. 0. 0. 1. 1. 0. 1. 1. 1. 0. 1. 1. 0. 1. 0.
 1. 1. 0. 0. 0. 1. 1. 0. 1. 1. 0. 1. 0. 0. 0. 1. 1. 1. 0. 1. 0. 1. 1. 0.
 1. 0. 0. 1. 1. 0. 0. 1. 0. 1. 1. 0. 0. 1. 0. 0. 1. 1. 0. 1. 1. 0. 0. 0.
 0. 1. 1. 0. 0. 1. 0. 0. 1. 0. 1. 1. 1. 0. 0. 0. 1. 1. 0. 0. 0. 0. 1. 0.
 0. 1. 0. 1. 1. 1. 1. 0. 0. 0. 0. 1. 1. 1. 1. 0. 1. 1. 1. 1. 0. 1. 0. 0.
 1. 0. 0. 1. 1. 1. 1. 1. 0. 0. 1. 1. 1. 0. 0. 1. 0. 1. 0. 0. 1. 0. 1. 0.
 1. 0. 0. 0.]"
139,logistic_regression,"{'penalty': None, 'solver': 'newton-cg'}",0.5334439146396103,0.16147917412655827,0.10684812548148537,0.28015477612962286,0.5383231109541593,0.1504529565346501,0.5171440941912596,0.03731343283582089,0.5186567164179104,0.5186567164179104,"{0: 0.5167631989307195, 1: 0.5167631989307195}","{0: 0.5167631989307195, 1: 0.5167631989307195}",0.5167631989307195,"[[62 72]
 [57 77]]","[1. 1. 1. 0. 0. 1. 1. 0. 0. 1. 0. 1. 0. 0. 1. 0. 0. 0. 0. 1. 1. 1. 0. 1.
 0. 1. 0. 1. 0. 1. 1. 1. 0. 0. 1. 1. 1. 1. 0. 0. 0. 0. 1. 1. 0. 0. 1. 1.
 0. 0. 1. 1. 0. 1. 0. 0. 1. 1. 0. 0. 1. 0. 1. 0. 0. 1. 0. 1. 1. 1. 0. 1.
 1. 1. 1. 0. 1. 0. 0. 0. 0. 0. 1. 0. 1. 0. 0. 0. 0. 0. 1. 1. 0. 1. 0. 1.
 0. 0. 1. 0. 1. 1. 1. 1. 1. 1. 0. 1. 0. 1. 1. 0. 0. 0. 0. 0. 1. 1. 1. 1.
 0. 0. 1. 1. 0. 1. 1. 1. 0. 0. 1. 1. 0. 0. 1. 1. 0. 0. 0. 1. 0. 1. 0. 0.
 0. 1. 1. 0. 1. 1. 0. 0. 0. 1. 0. 1. 1. 0. 0. 1. 0. 1. 0. 1. 1. 0. 0. 1.
 1. 0. 1. 1. 1. 0. 1. 0. 1. 1. 1. 1. 0. 0. 1. 1. 1. 0. 1. 0. 1. 1. 1. 1.
 1. 1. 1. 1. 0. 1. 1. 1. 1. 0. 1. 1. 1. 0. 1. 1. 1. 1. 0. 1. 1. 1. 1. 1.
 1. 0. 0. 0. 0. 1. 0. 1. 0. 1. 1. 1. 1. 1. 0. 0. 1. 0. 1. 1. 0. 1. 0. 0.
 1. 0. 1. 1. 0. 1. 0. 1. 0. 1. 1. 1. 1. 1. 0. 1. 0. 0. 1. 1. 0. 0. 1. 1.
 1. 0. 0. 0.]","[0. 1. 0. 0. 0. 1. 1. 1. 0. 0. 0. 0. 0. 1. 0. 0. 1. 1. 0. 0. 0. 0. 0. 1.
 0. 0. 1. 0. 1. 0. 0. 1. 0. 1. 1. 0. 0. 0. 1. 0. 0. 0. 1. 1. 1. 0. 1. 0.
 1. 0. 1. 1. 0. 1. 1. 1. 1. 0. 1. 0. 0. 1. 1. 1. 0. 0. 0. 1. 1. 0. 1. 1.
 0. 0. 1. 0. 0. 1. 0. 1. 0. 1. 1. 1. 0. 1. 0. 1. 1. 1. 1. 1. 1. 1. 1. 0.
 0. 0. 1. 1. 1. 0. 0. 1. 1. 1. 0. 0. 0. 1. 1. 1. 0. 0. 0. 0. 1. 1. 1. 0.
 1. 0. 0. 1. 1. 0. 0. 0. 0. 1. 0. 0. 1. 1. 0. 1. 1. 1. 0. 1. 1. 0. 1. 0.
 1. 1. 0. 0. 0. 1. 1. 0. 1. 1. 0. 1. 0. 0. 0. 1. 1. 1. 0. 1. 0. 1. 1. 0.
 1. 0. 0. 1. 1. 0. 0. 1. 0. 1. 1. 0. 0. 1. 0. 0. 1. 1. 0. 1. 1. 0. 0. 0.
 0. 1. 1. 0. 0. 1. 0. 0. 1. 0. 1. 1. 1. 0. 0. 0. 1. 1. 0. 0. 0. 0. 1. 0.
 0. 1. 0. 1. 1. 1. 1. 0. 0. 0. 0. 1. 1. 1. 1. 0. 1. 1. 1. 1. 0. 1. 0. 0.
 1. 0. 0. 1. 1. 1. 1. 1. 0. 0. 1. 1. 1. 0. 0. 1. 0. 1. 0. 0. 1. 0. 1. 0.
 1. 0. 0. 0.]"
741,logistic_regression,"{'penalty': 'l2', 'solver': 'lbfgs'}",0.5334439146396103,0.16147917412655827,0.10684812548148537,0.28015477612962286,0.5383231109541593,0.1504529565346501,0.5171440941912596,0.03731343283582089,0.5186567164179104,0.5186567164179104,"{0: 0.5169302740031188, 1: 0.5169302740031188}","{0: 0.5169302740031188, 1: 0.5169302740031188}",0.5169302740031188,"[[62 72]
 [57 77]]","[1. 1. 1. 0. 0. 1. 1. 0. 0. 1. 0. 1. 0. 0. 1. 0. 0. 0. 0. 1. 1. 1. 0. 1.
 0. 1. 0. 1. 0. 1. 1. 1. 0. 0. 1. 1. 1. 1. 0. 0. 0. 0. 1. 1. 0. 0. 1. 1.
 0. 0. 1. 1. 0. 1. 0. 0. 1. 1. 0. 0. 1. 0. 1. 0. 0. 1. 0. 1. 1. 1. 0. 1.
 1. 1. 1. 0. 1. 0. 0. 0. 0. 0. 1. 0. 1. 0. 0. 0. 0. 0. 1. 1. 0. 1. 0. 1.
 0. 0. 1. 0. 1. 1. 1. 1. 1. 1. 0. 1. 0. 1. 1. 0. 0. 0. 0. 0. 1. 1. 1. 1.
 0. 0. 1. 1. 0. 1. 1. 1. 0. 0. 1. 1. 0. 0. 1. 1. 0. 0. 0. 1. 0. 1. 0. 0.
 0. 1. 1. 0. 1. 1. 0. 0. 0. 1. 0. 1. 1. 0. 0. 1. 0. 1. 0. 1. 1. 0. 0. 1.
 1. 0. 1. 1. 1. 0. 1. 0. 1. 1. 1. 1. 0. 0. 1. 1. 1. 0. 1. 0. 1. 1. 1. 1.
 1. 1. 1. 1. 0. 1. 1. 1. 1. 0. 1. 1. 1. 0. 1. 1. 1. 1. 0. 1. 1. 1. 1. 1.
 1. 0. 0. 0. 0. 1. 0. 1. 0. 1. 1. 1. 1. 1. 0. 0. 1. 0. 1. 1. 0. 1. 0. 0.
 1. 0. 1. 1. 0. 1. 0. 1. 0. 1. 1. 1. 1. 1. 0. 1. 0. 0. 1. 1. 0. 0. 1. 1.
 1. 0. 0. 0.]","[0. 1. 0. 0. 0. 1. 1. 1. 0. 0. 0. 0. 0. 1. 0. 0. 1. 1. 0. 0. 0. 0. 0. 1.
 0. 0. 1. 0. 1. 0. 0. 1. 0. 1. 1. 0. 0. 0. 1. 0. 0. 0. 1. 1. 1. 0. 1. 0.
 1. 0. 1. 1. 0. 1. 1. 1. 1. 0. 1. 0. 0. 1. 1. 1. 0. 0. 0. 1. 1. 0. 1. 1.
 0. 0. 1. 0. 0. 1. 0. 1. 0. 1. 1. 1. 0. 1. 0. 1. 1. 1. 1. 1. 1. 1. 1. 0.
 0. 0. 1. 1. 1. 0. 0. 1. 1. 1. 0. 0. 0. 1. 1. 1. 0. 0. 0. 0. 1. 1. 1. 0.
 1. 0. 0. 1. 1. 0. 0. 0. 0. 1. 0. 0. 1. 1. 0. 1. 1. 1. 0. 1. 1. 0. 1. 0.
 1. 1. 0. 0. 0. 1. 1. 0. 1. 1. 0. 1. 0. 0. 0. 1. 1. 1. 0. 1. 0. 1. 1. 0.
 1. 0. 0. 1. 1. 0. 0. 1. 0. 1. 1. 0. 0. 1. 0. 0. 1. 1. 0. 1. 1. 0. 0. 0.
 0. 1. 1. 0. 0. 1. 0. 0. 1. 0. 1. 1. 1. 0. 0. 0. 1. 1. 0. 0. 0. 0. 1. 0.
 0. 1. 0. 1. 1. 1. 1. 0. 0. 0. 0. 1. 1. 1. 1. 0. 1. 1. 1. 1. 0. 1. 0. 0.
 1. 0. 0. 1. 1. 1. 1. 1. 0. 0. 1. 1. 1. 0. 0. 1. 0. 1. 0. 0. 1. 0. 1. 0.
 1. 0. 0. 0.]"
1,logistic_regression,"{'penalty': 'l2', 'solver': 'lbfgs'}",0.5334439146396103,0.16147917412655827,0.10684812548148537,0.28015477612962286,0.5383231109541593,0.1504529565346501,0.5171440941912596,0.03731343283582089,0.5186567164179104,0.5186567164179104,"{0: 0.5169302740031188, 1: 0.5169302740031188}","{0: 0.5169302740031188, 1: 0.5169302740031188}",0.5169302740031188,"[[62 72]
 [57 77]]","[1. 1. 1. 0. 0. 1. 1. 0. 0. 1. 0. 1. 0. 0. 1. 0. 0. 0. 0. 1. 1. 1. 0. 1.
 0. 1. 0. 1. 0. 1. 1. 1. 0. 0. 1. 1. 1. 1. 0. 0. 0. 0. 1. 1. 0. 0. 1. 1.
 0. 0. 1. 1. 0. 1. 0. 0. 1. 1. 0. 0. 1. 0. 1. 0. 0. 1. 0. 1. 1. 1. 0. 1.
 1. 1. 1. 0. 1. 0. 0. 0. 0. 0. 1. 0. 1. 0. 0. 0. 0. 0. 1. 1. 0. 1. 0. 1.
 0. 0. 1. 0. 1. 1. 1. 1. 1. 1. 0. 1. 0. 1. 1. 0. 0. 0. 0. 0. 1. 1. 1. 1.
 0. 0. 1. 1. 0. 1. 1. 1. 0. 0. 1. 1. 0. 0. 1. 1. 0. 0. 0. 1. 0. 1. 0. 0.
 0. 1. 1. 0. 1. 1. 0. 0. 0. 1. 0. 1. 1. 0. 0. 1. 0. 1. 0. 1. 1. 0. 0. 1.
 1. 0. 1. 1. 1. 0. 1. 0. 1. 1. 1. 1. 0. 0. 1. 1. 1. 0. 1. 0. 1. 1. 1. 1.
 1. 1. 1. 1. 0. 1. 1. 1. 1. 0. 1. 1. 1. 0. 1. 1. 1. 1. 0. 1. 1. 1. 1. 1.
 1. 0. 0. 0. 0. 1. 0. 1. 0. 1. 1. 1. 1. 1. 0. 0. 1. 0. 1. 1. 0. 1. 0. 0.
 1. 0. 1. 1. 0. 1. 0. 1. 0. 1. 1. 1. 1. 1. 0. 1. 0. 0. 1. 1. 0. 0. 1. 1.
 1. 0. 0. 0.]","[0. 1. 0. 0. 0. 1. 1. 1. 0. 0. 0. 0. 0. 1. 0. 0. 1. 1. 0. 0. 0. 0. 0. 1.
 0. 0. 1. 0. 1. 0. 0. 1. 0. 1. 1. 0. 0. 0. 1. 0. 0. 0. 1. 1. 1. 0. 1. 0.
 1. 0. 1. 1. 0. 1. 1. 1. 1. 0. 1. 0. 0. 1. 1. 1. 0. 0. 0. 1. 1. 0. 1. 1.
 0. 0. 1. 0. 0. 1. 0. 1. 0. 1. 1. 1. 0. 1. 0. 1. 1. 1. 1. 1. 1. 1. 1. 0.
 0. 0. 1. 1. 1. 0. 0. 1. 1. 1. 0. 0. 0. 1. 1. 1. 0. 0. 0. 0. 1. 1. 1. 0.
 1. 0. 0. 1. 1. 0. 0. 0. 0. 1. 0. 0. 1. 1. 0. 1. 1. 1. 0. 1. 1. 0. 1. 0.
 1. 1. 0. 0. 0. 1. 1. 0. 1. 1. 0. 1. 0. 0. 0. 1. 1. 1. 0. 1. 0. 1. 1. 0.
 1. 0. 0. 1. 1. 0. 0. 1. 0. 1. 1. 0. 0. 1. 0. 0. 1. 1. 0. 1. 1. 0. 0. 0.
 0. 1. 1. 0. 0. 1. 0. 0. 1. 0. 1. 1. 1. 0. 0. 0. 1. 1. 0. 0. 0. 0. 1. 0.
 0. 1. 0. 1. 1. 1. 1. 0. 0. 0. 0. 1. 1. 1. 1. 0. 1. 1. 1. 1. 0. 1. 0. 0.
 1. 0. 0. 1. 1. 1. 1. 1. 0. 0. 1. 1. 1. 0. 0. 1. 0. 1. 0. 0. 1. 0. 1. 0.
 1. 0. 0. 0.]"
330,logistic_regression,"{'penalty': None, 'solver': 'newton-cg'}",0.5334439146396103,0.16147917412655827,0.10684812548148537,0.28015477612962286,0.5383231109541593,0.1504529565346501,0.5171440941912596,0.03731343283582089,0.5186567164179104,0.5186567164179104,"{0: 0.5167631989307195, 1: 0.5167631989307195}","{0: 0.5167631989307195, 1: 0.5167631989307195}",0.5167631989307195,"[[62 72]
 [57 77]]","[1. 1. 1. 0. 0. 1. 1. 0. 0. 1. 0. 1. 0. 0. 1. 0. 0. 0. 0. 1. 1. 1. 0. 1.
 0. 1. 0. 1. 0. 1. 1. 1. 0. 0. 1. 1. 1. 1. 0. 0. 0. 0. 1. 1. 0. 0. 1. 1.
 0. 0. 1. 1. 0. 1. 0. 0. 1. 1. 0. 0. 1. 0. 1. 0. 0. 1. 0. 1. 1. 1. 0. 1.
 1. 1. 1. 0. 1. 0. 0. 0. 0. 0. 1. 0. 1. 0. 0. 0. 0. 0. 1. 1. 0. 1. 0. 1.
 0. 0. 1. 0. 1. 1. 1. 1. 1. 1. 0. 1. 0. 1. 1. 0. 0. 0. 0. 0. 1. 1. 1. 1.
 0. 0. 1. 1. 0. 1. 1. 1. 0. 0. 1. 1. 0. 0. 1. 1. 0. 0. 0. 1. 0. 1. 0. 0.
 0. 1. 1. 0. 1. 1. 0. 0. 0. 1. 0. 1. 1. 0. 0. 1. 0. 1. 0. 1. 1. 0. 0. 1.
 1. 0. 1. 1. 1. 0. 1. 0. 1. 1. 1. 1. 0. 0. 1. 1. 1. 0. 1. 0. 1. 1. 1. 1.
 1. 1. 1. 1. 0. 1. 1. 1. 1. 0. 1. 1. 1. 0. 1. 1. 1. 1. 0. 1. 1. 1. 1. 1.
 1. 0. 0. 0. 0. 1. 0. 1. 0. 1. 1. 1. 1. 1. 0. 0. 1. 0. 1. 1. 0. 1. 0. 0.
 1. 0. 1. 1. 0. 1. 0. 1. 0. 1. 1. 1. 1. 1. 0. 1. 0. 0. 1. 1. 0. 0. 1. 1.
 1. 0. 0. 0.]","[0. 1. 0. 0. 0. 1. 1. 1. 0. 0. 0. 0. 0. 1. 0. 0. 1. 1. 0. 0. 0. 0. 0. 1.
 0. 0. 1. 0. 1. 0. 0. 1. 0. 1. 1. 0. 0. 0. 1. 0. 0. 0. 1. 1. 1. 0. 1. 0.
 1. 0. 1. 1. 0. 1. 1. 1. 1. 0. 1. 0. 0. 1. 1. 1. 0. 0. 0. 1. 1. 0. 1. 1.
 0. 0. 1. 0. 0. 1. 0. 1. 0. 1. 1. 1. 0. 1. 0. 1. 1. 1. 1. 1. 1. 1. 1. 0.
 0. 0. 1. 1. 1. 0. 0. 1. 1. 1. 0. 0. 0. 1. 1. 1. 0. 0. 0. 0. 1. 1. 1. 0.
 1. 0. 0. 1. 1. 0. 0. 0. 0. 1. 0. 0. 1. 1. 0. 1. 1. 1. 0. 1. 1. 0. 1. 0.
 1. 1. 0. 0. 0. 1. 1. 0. 1. 1. 0. 1. 0. 0. 0. 1. 1. 1. 0. 1. 0. 1. 1. 0.
 1. 0. 0. 1. 1. 0. 0. 1. 0. 1. 1. 0. 0. 1. 0. 0. 1. 1. 0. 1. 1. 0. 0. 0.
 0. 1. 1. 0. 0. 1. 0. 0. 1. 0. 1. 1. 1. 0. 0. 0. 1. 1. 0. 0. 0. 0. 1. 0.
 0. 1. 0. 1. 1. 1. 1. 0. 0. 0. 0. 1. 1. 1. 1. 0. 1. 1. 1. 1. 0. 1. 0. 0.
 1. 0. 0. 1. 1. 1. 1. 1. 0. 0. 1. 1. 1. 0. 0. 1. 0. 1. 0. 0. 1. 0. 1. 0.
 1. 0. 0. 0.]"
475,logistic_regression,"{'penalty': None, 'solver': 'newton-cg'}",0.5334439146396103,0.16147917412655827,0.10684812548148537,0.28015477612962286,0.5383231109541593,0.1504529565346501,0.5171440941912596,0.03731343283582089,0.5186567164179104,0.5186567164179104,"{0: 0.5167631989307195, 1: 0.5167631989307195}","{0: 0.5167631989307195, 1: 0.5167631989307195}",0.5167631989307195,"[[62 72]
 [57 77]]","[1. 1. 1. 0. 0. 1. 1. 0. 0. 1. 0. 1. 0. 0. 1. 0. 0. 0. 0. 1. 1. 1. 0. 1.
 0. 1. 0. 1. 0. 1. 1. 1. 0. 0. 1. 1. 1. 1. 0. 0. 0. 0. 1. 1. 0. 0. 1. 1.
 0. 0. 1. 1. 0. 1. 0. 0. 1. 1. 0. 0. 1. 0. 1. 0. 0. 1. 0. 1. 1. 1. 0. 1.
 1. 1. 1. 0. 1. 0. 0. 0. 0. 0. 1. 0. 1. 0. 0. 0. 0. 0. 1. 1. 0. 1. 0. 1.
 0. 0. 1. 0. 1. 1. 1. 1. 1. 1. 0. 1. 0. 1. 1. 0. 0. 0. 0. 0. 1. 1. 1. 1.
 0. 0. 1. 1. 0. 1. 1. 1. 0. 0. 1. 1. 0. 0. 1. 1. 0. 0. 0. 1. 0. 1. 0. 0.
 0. 1. 1. 0. 1. 1. 0. 0. 0. 1. 0. 1. 1. 0. 0. 1. 0. 1. 0. 1. 1. 0. 0. 1.
 1. 0. 1. 1. 1. 0. 1. 0. 1. 1. 1. 1. 0. 0. 1. 1. 1. 0. 1. 0. 1. 1. 1. 1.
 1. 1. 1. 1. 0. 1. 1. 1. 1. 0. 1. 1. 1. 0. 1. 1. 1. 1. 0. 1. 1. 1. 1. 1.
 1. 0. 0. 0. 0. 1. 0. 1. 0. 1. 1. 1. 1. 1. 0. 0. 1. 0. 1. 1. 0. 1. 0. 0.
 1. 0. 1. 1. 0. 1. 0. 1. 0. 1. 1. 1. 1. 1. 0. 1. 0. 0. 1. 1. 0. 0. 1. 1.
 1. 0. 0. 0.]","[0. 1. 0. 0. 0. 1. 1. 1. 0. 0. 0. 0. 0. 1. 0. 0. 1. 1. 0. 0. 0. 0. 0. 1.
 0. 0. 1. 0. 1. 0. 0. 1. 0. 1. 1. 0. 0. 0. 1. 0. 0. 0. 1. 1. 1. 0. 1. 0.
 1. 0. 1. 1. 0. 1. 1. 1. 1. 0. 1. 0. 0. 1. 1. 1. 0. 0. 0. 1. 1. 0. 1. 1.
 0. 0. 1. 0. 0. 1. 0. 1. 0. 1. 1. 1. 0. 1. 0. 1. 1. 1. 1. 1. 1. 1. 1. 0.
 0. 0. 1. 1. 1. 0. 0. 1. 1. 1. 0. 0. 0. 1. 1. 1. 0. 0. 0. 0. 1. 1. 1. 0.
 1. 0. 0. 1. 1. 0. 0. 0. 0. 1. 0. 0. 1. 1. 0. 1. 1. 1. 0. 1. 1. 0. 1. 0.
 1. 1. 0. 0. 0. 1. 1. 0. 1. 1. 0. 1. 0. 0. 0. 1. 1. 1. 0. 1. 0. 1. 1. 0.
 1. 0. 0. 1. 1. 0. 0. 1. 0. 1. 1. 0. 0. 1. 0. 0. 1. 1. 0. 1. 1. 0. 0. 0.
 0. 1. 1. 0. 0. 1. 0. 0. 1. 0. 1. 1. 1. 0. 0. 0. 1. 1. 0. 0. 0. 0. 1. 0.
 0. 1. 0. 1. 1. 1. 1. 0. 0. 0. 0. 1. 1. 1. 1. 0. 1. 1. 1. 1. 0. 1. 0. 0.
 1. 0. 0. 1. 1. 1. 1. 1. 0. 0. 1. 1. 1. 0. 0. 1. 0. 1. 0. 0. 1. 0. 1. 0.
 1. 0. 0. 0.]"
938,logistic_regression,"{'penalty': 'l2', 'solver': 'lbfgs'}",0.5334439146396103,0.16147917412655827,0.10684812548148537,0.28015477612962286,0.5383231109541593,0.1504529565346501,0.5171440941912596,0.03731343283582089,0.5186567164179104,0.5186567164179104,"{0: 0.5169302740031188, 1: 0.5169302740031188}","{0: 0.5169302740031188, 1: 0.5169302740031188}",0.5169302740031188,"[[62 72]
 [57 77]]","[1. 1. 1. 0. 0. 1. 1. 0. 0. 1. 0. 1. 0. 0. 1. 0. 0. 0. 0. 1. 1. 1. 0. 1.
 0. 1. 0. 1. 0. 1. 1. 1. 0. 0. 1. 1. 1. 1. 0. 0. 0. 0. 1. 1. 0. 0. 1. 1.
 0. 0. 1. 1. 0. 1. 0. 0. 1. 1. 0. 0. 1. 0. 1. 0. 0. 1. 0. 1. 1. 1. 0. 1.
 1. 1. 1. 0. 1. 0. 0. 0. 0. 0. 1. 0. 1. 0. 0. 0. 0. 0. 1. 1. 0. 1. 0. 1.
 0. 0. 1. 0. 1. 1. 1. 1. 1. 1. 0. 1. 0. 1. 1. 0. 0. 0. 0. 0. 1. 1. 1. 1.
 0. 0. 1. 1. 0. 1. 1. 1. 0. 0. 1. 1. 0. 0. 1. 1. 0. 0. 0. 1. 0. 1. 0. 0.
 0. 1. 1. 0. 1. 1. 0. 0. 0. 1. 0. 1. 1. 0. 0. 1. 0. 1. 0. 1. 1. 0. 0. 1.
 1. 0. 1. 1. 1. 0. 1. 0. 1. 1. 1. 1. 0. 0. 1. 1. 1. 0. 1. 0. 1. 1. 1. 1.
 1. 1. 1. 1. 0. 1. 1. 1. 1. 0. 1. 1. 1. 0. 1. 1. 1. 1. 0. 1. 1. 1. 1. 1.
 1. 0. 0. 0. 0. 1. 0. 1. 0. 1. 1. 1. 1. 1. 0. 0. 1. 0. 1. 1. 0. 1. 0. 0.
 1. 0. 1. 1. 0. 1. 0. 1. 0. 1. 1. 1. 1. 1. 0. 1. 0. 0. 1. 1. 0. 0. 1. 1.
 1. 0. 0. 0.]","[0. 1. 0. 0. 0. 1. 1. 1. 0. 0. 0. 0. 0. 1. 0. 0. 1. 1. 0. 0. 0. 0. 0. 1.
 0. 0. 1. 0. 1. 0. 0. 1. 0. 1. 1. 0. 0. 0. 1. 0. 0. 0. 1. 1. 1. 0. 1. 0.
 1. 0. 1. 1. 0. 1. 1. 1. 1. 0. 1. 0. 0. 1. 1. 1. 0. 0. 0. 1. 1. 0. 1. 1.
 0. 0. 1. 0. 0. 1. 0. 1. 0. 1. 1. 1. 0. 1. 0. 1. 1. 1. 1. 1. 1. 1. 1. 0.
 0. 0. 1. 1. 1. 0. 0. 1. 1. 1. 0. 0. 0. 1. 1. 1. 0. 0. 0. 0. 1. 1. 1. 0.
 1. 0. 0. 1. 1. 0. 0. 0. 0. 1. 0. 0. 1. 1. 0. 1. 1. 1. 0. 1. 1. 0. 1. 0.
 1. 1. 0. 0. 0. 1. 1. 0. 1. 1. 0. 1. 0. 0. 0. 1. 1. 1. 0. 1. 0. 1. 1. 0.
 1. 0. 0. 1. 1. 0. 0. 1. 0. 1. 1. 0. 0. 1. 0. 0. 1. 1. 0. 1. 1. 0. 0. 0.
 0. 1. 1. 0. 0. 1. 0. 0. 1. 0. 1. 1. 1. 0. 0. 0. 1. 1. 0. 0. 0. 0. 1. 0.
 0. 1. 0. 1. 1. 1. 1. 0. 0. 0. 0. 1. 1. 1. 1. 0. 1. 1. 1. 1. 0. 1. 0. 0.
 1. 0. 0. 1. 1. 1. 1. 1. 0. 0. 1. 1. 1. 0. 0. 1. 0. 1. 0. 0. 1. 0. 1. 0.
 1. 0. 0. 0.]"
8,logistic_regression,"{'penalty': None, 'solver': 'newton-cg'}",0.5334439146396103,0.16147917412655827,0.10684812548148537,0.28015477612962286,0.5383231109541593,0.1504529565346501,0.5171440941912596,0.03731343283582089,0.5186567164179104,0.5186567164179104,"{0: 0.5167631989307195, 1: 0.5167631989307195}","{0: 0.5167631989307195, 1: 0.5167631989307195}",0.5167631989307195,"[[62 72]
 [57 77]]","[1. 1. 1. 0. 0. 1. 1. 0. 0. 1. 0. 1. 0. 0. 1. 0. 0. 0. 0. 1. 1. 1. 0. 1.
 0. 1. 0. 1. 0. 1. 1. 1. 0. 0. 1. 1. 1. 1. 0. 0. 0. 0. 1. 1. 0. 0. 1. 1.
 0. 0. 1. 1. 0. 1. 0. 0. 1. 1. 0. 0. 1. 0. 1. 0. 0. 1. 0. 1. 1. 1. 0. 1.
 1. 1. 1. 0. 1. 0. 0. 0. 0. 0. 1. 0. 1. 0. 0. 0. 0. 0. 1. 1. 0. 1. 0. 1.
 0. 0. 1. 0. 1. 1. 1. 1. 1. 1. 0. 1. 0. 1. 1. 0. 0. 0. 0. 0. 1. 1. 1. 1.
 0. 0. 1. 1. 0. 1. 1. 1. 0. 0. 1. 1. 0. 0. 1. 1. 0. 0. 0. 1. 0. 1. 0. 0.
 0. 1. 1. 0. 1. 1. 0. 0. 0. 1. 0. 1. 1. 0. 0. 1. 0. 1. 0. 1. 1. 0. 0. 1.
 1. 0. 1. 1. 1. 0. 1. 0. 1. 1. 1. 1. 0. 0. 1. 1. 1. 0. 1. 0. 1. 1. 1. 1.
 1. 1. 1. 1. 0. 1. 1. 1. 1. 0. 1. 1. 1. 0. 1. 1. 1. 1. 0. 1. 1. 1. 1. 1.
 1. 0. 0. 0. 0. 1. 0. 1. 0. 1. 1. 1. 1. 1. 0. 0. 1. 0. 1. 1. 0. 1. 0. 0.
 1. 0. 1. 1. 0. 1. 0. 1. 0. 1. 1. 1. 1. 1. 0. 1. 0. 0. 1. 1. 0. 0. 1. 1.
 1. 0. 0. 0.]","[0. 1. 0. 0. 0. 1. 1. 1. 0. 0. 0. 0. 0. 1. 0. 0. 1. 1. 0. 0. 0. 0. 0. 1.
 0. 0. 1. 0. 1. 0. 0. 1. 0. 1. 1. 0. 0. 0. 1. 0. 0. 0. 1. 1. 1. 0. 1. 0.
 1. 0. 1. 1. 0. 1. 1. 1. 1. 0. 1. 0. 0. 1. 1. 1. 0. 0. 0. 1. 1. 0. 1. 1.
 0. 0. 1. 0. 0. 1. 0. 1. 0. 1. 1. 1. 0. 1. 0. 1. 1. 1. 1. 1. 1. 1. 1. 0.
 0. 0. 1. 1. 1. 0. 0. 1. 1. 1. 0. 0. 0. 1. 1. 1. 0. 0. 0. 0. 1. 1. 1. 0.
 1. 0. 0. 1. 1. 0. 0. 0. 0. 1. 0. 0. 1. 1. 0. 1. 1. 1. 0. 1. 1. 0. 1. 0.
 1. 1. 0. 0. 0. 1. 1. 0. 1. 1. 0. 1. 0. 0. 0. 1. 1. 1. 0. 1. 0. 1. 1. 0.
 1. 0. 0. 1. 1. 0. 0. 1. 0. 1. 1. 0. 0. 1. 0. 0. 1. 1. 0. 1. 1. 0. 0. 0.
 0. 1. 1. 0. 0. 1. 0. 0. 1. 0. 1. 1. 1. 0. 0. 0. 1. 1. 0. 0. 0. 0. 1. 0.
 0. 1. 0. 1. 1. 1. 1. 0. 0. 0. 0. 1. 1. 1. 1. 0. 1. 1. 1. 1. 0. 1. 0. 0.
 1. 0. 0. 1. 1. 1. 1. 1. 0. 0. 1. 1. 1. 0. 0. 1. 0. 1. 0. 0. 1. 0. 1. 0.
 1. 0. 0. 0.]"
463,logistic_regression,"{'penalty': 'l2', 'solver': 'lbfgs'}",0.5334439146396103,0.16147917412655827,0.10684812548148537,0.28015477612962286,0.5383231109541593,0.1504529565346501,0.5171440941912596,0.03731343283582089,0.5186567164179104,0.5186567164179104,"{0: 0.5169302740031188, 1: 0.5169302740031188}","{0: 0.5169302740031188, 1: 0.5169302740031188}",0.5169302740031188,"[[62 72]
 [57 77]]","[1. 1. 1. 0. 0. 1. 1. 0. 0. 1. 0. 1. 0. 0. 1. 0. 0. 0. 0. 1. 1. 1. 0. 1.
 0. 1. 0. 1. 0. 1. 1. 1. 0. 0. 1. 1. 1. 1. 0. 0. 0. 0. 1. 1. 0. 0. 1. 1.
 0. 0. 1. 1. 0. 1. 0. 0. 1. 1. 0. 0. 1. 0. 1. 0. 0. 1. 0. 1. 1. 1. 0. 1.
 1. 1. 1. 0. 1. 0. 0. 0. 0. 0. 1. 0. 1. 0. 0. 0. 0. 0. 1. 1. 0. 1. 0. 1.
 0. 0. 1. 0. 1. 1. 1. 1. 1. 1. 0. 1. 0. 1. 1. 0. 0. 0. 0. 0. 1. 1. 1. 1.
 0. 0. 1. 1. 0. 1. 1. 1. 0. 0. 1. 1. 0. 0. 1. 1. 0. 0. 0. 1. 0. 1. 0. 0.
 0. 1. 1. 0. 1. 1. 0. 0. 0. 1. 0. 1. 1. 0. 0. 1. 0. 1. 0. 1. 1. 0. 0. 1.
 1. 0. 1. 1. 1. 0. 1. 0. 1. 1. 1. 1. 0. 0. 1. 1. 1. 0. 1. 0. 1. 1. 1. 1.
 1. 1. 1. 1. 0. 1. 1. 1. 1. 0. 1. 1. 1. 0. 1. 1. 1. 1. 0. 1. 1. 1. 1. 1.
 1. 0. 0. 0. 0. 1. 0. 1. 0. 1. 1. 1. 1. 1. 0. 0. 1. 0. 1. 1. 0. 1. 0. 0.
 1. 0. 1. 1. 0. 1. 0. 1. 0. 1. 1. 1. 1. 1. 0. 1. 0. 0. 1. 1. 0. 0. 1. 1.
 1. 0. 0. 0.]","[0. 1. 0. 0. 0. 1. 1. 1. 0. 0. 0. 0. 0. 1. 0. 0. 1. 1. 0. 0. 0. 0. 0. 1.
 0. 0. 1. 0. 1. 0. 0. 1. 0. 1. 1. 0. 0. 0. 1. 0. 0. 0. 1. 1. 1. 0. 1. 0.
 1. 0. 1. 1. 0. 1. 1. 1. 1. 0. 1. 0. 0. 1. 1. 1. 0. 0. 0. 1. 1. 0. 1. 1.
 0. 0. 1. 0. 0. 1. 0. 1. 0. 1. 1. 1. 0. 1. 0. 1. 1. 1. 1. 1. 1. 1. 1. 0.
 0. 0. 1. 1. 1. 0. 0. 1. 1. 1. 0. 0. 0. 1. 1. 1. 0. 0. 0. 0. 1. 1. 1. 0.
 1. 0. 0. 1. 1. 0. 0. 0. 0. 1. 0. 0. 1. 1. 0. 1. 1. 1. 0. 1. 1. 0. 1. 0.
 1. 1. 0. 0. 0. 1. 1. 0. 1. 1. 0. 1. 0. 0. 0. 1. 1. 1. 0. 1. 0. 1. 1. 0.
 1. 0. 0. 1. 1. 0. 0. 1. 0. 1. 1. 0. 0. 1. 0. 0. 1. 1. 0. 1. 1. 0. 0. 0.
 0. 1. 1. 0. 0. 1. 0. 0. 1. 0. 1. 1. 1. 0. 0. 0. 1. 1. 0. 0. 0. 0. 1. 0.
 0. 1. 0. 1. 1. 1. 1. 0. 0. 0. 0. 1. 1. 1. 1. 0. 1. 1. 1. 1. 0. 1. 0. 0.
 1. 0. 0. 1. 1. 1. 1. 1. 0. 0. 1. 1. 1. 0. 0. 1. 0. 1. 0. 0. 1. 0. 1. 0.
 1. 0. 0. 0.]"
119,logistic_regression,"{'penalty': 'l2', 'solver': 'lbfgs'}",0.5334439146396103,0.16147917412655827,0.10684812548148537,0.28015477612962286,0.5383231109541593,0.1504529565346501,0.5171440941912596,0.03731343283582089,0.5186567164179104,0.5186567164179104,"{0: 0.5169302740031188, 1: 0.5169302740031188}","{0: 0.5169302740031188, 1: 0.5169302740031188}",0.5169302740031188,"[[62 72]
 [57 77]]","[1. 1. 1. 0. 0. 1. 1. 0. 0. 1. 0. 1. 0. 0. 1. 0. 0. 0. 0. 1. 1. 1. 0. 1.
 0. 1. 0. 1. 0. 1. 1. 1. 0. 0. 1. 1. 1. 1. 0. 0. 0. 0. 1. 1. 0. 0. 1. 1.
 0. 0. 1. 1. 0. 1. 0. 0. 1. 1. 0. 0. 1. 0. 1. 0. 0. 1. 0. 1. 1. 1. 0. 1.
 1. 1. 1. 0. 1. 0. 0. 0. 0. 0. 1. 0. 1. 0. 0. 0. 0. 0. 1. 1. 0. 1. 0. 1.
 0. 0. 1. 0. 1. 1. 1. 1. 1. 1. 0. 1. 0. 1. 1. 0. 0. 0. 0. 0. 1. 1. 1. 1.
 0. 0. 1. 1. 0. 1. 1. 1. 0. 0. 1. 1. 0. 0. 1. 1. 0. 0. 0. 1. 0. 1. 0. 0.
 0. 1. 1. 0. 1. 1. 0. 0. 0. 1. 0. 1. 1. 0. 0. 1. 0. 1. 0. 1. 1. 0. 0. 1.
 1. 0. 1. 1. 1. 0. 1. 0. 1. 1. 1. 1. 0. 0. 1. 1. 1. 0. 1. 0. 1. 1. 1. 1.
 1. 1. 1. 1. 0. 1. 1. 1. 1. 0. 1. 1. 1. 0. 1. 1. 1. 1. 0. 1. 1. 1. 1. 1.
 1. 0. 0. 0. 0. 1. 0. 1. 0. 1. 1. 1. 1. 1. 0. 0. 1. 0. 1. 1. 0. 1. 0. 0.
 1. 0. 1. 1. 0. 1. 0. 1. 0. 1. 1. 1. 1. 1. 0. 1. 0. 0. 1. 1. 0. 0. 1. 1.
 1. 0. 0. 0.]","[0. 1. 0. 0. 0. 1. 1. 1. 0. 0. 0. 0. 0. 1. 0. 0. 1. 1. 0. 0. 0. 0. 0. 1.
 0. 0. 1. 0. 1. 0. 0. 1. 0. 1. 1. 0. 0. 0. 1. 0. 0. 0. 1. 1. 1. 0. 1. 0.
 1. 0. 1. 1. 0. 1. 1. 1. 1. 0. 1. 0. 0. 1. 1. 1. 0. 0. 0. 1. 1. 0. 1. 1.
 0. 0. 1. 0. 0. 1. 0. 1. 0. 1. 1. 1. 0. 1. 0. 1. 1. 1. 1. 1. 1. 1. 1. 0.
 0. 0. 1. 1. 1. 0. 0. 1. 1. 1. 0. 0. 0. 1. 1. 1. 0. 0. 0. 0. 1. 1. 1. 0.
 1. 0. 0. 1. 1. 0. 0. 0. 0. 1. 0. 0. 1. 1. 0. 1. 1. 1. 0. 1. 1. 0. 1. 0.
 1. 1. 0. 0. 0. 1. 1. 0. 1. 1. 0. 1. 0. 0. 0. 1. 1. 1. 0. 1. 0. 1. 1. 0.
 1. 0. 0. 1. 1. 0. 0. 1. 0. 1. 1. 0. 0. 1. 0. 0. 1. 1. 0. 1. 1. 0. 0. 0.
 0. 1. 1. 0. 0. 1. 0. 0. 1. 0. 1. 1. 1. 0. 0. 0. 1. 1. 0. 0. 0. 0. 1. 0.
 0. 1. 0. 1. 1. 1. 1. 0. 0. 0. 0. 1. 1. 1. 1. 0. 1. 1. 1. 1. 0. 1. 0. 0.
 1. 0. 0. 1. 1. 1. 1. 1. 0. 0. 1. 1. 1. 0. 0. 1. 0. 1. 0. 0. 1. 0. 1. 0.
 1. 0. 0. 0.]"
396,logistic_regression,"{'penalty': 'l2', 'solver': 'lbfgs'}",0.5334439146396103,0.16147917412655827,0.10684812548148537,0.28015477612962286,0.5383231109541593,0.1504529565346501,0.5171440941912596,0.03731343283582089,0.5186567164179104,0.5186567164179104,"{0: 0.5169302740031188, 1: 0.5169302740031188}","{0: 0.5169302740031188, 1: 0.5169302740031188}",0.5169302740031188,"[[62 72]
 [57 77]]","[1. 1. 1. 0. 0. 1. 1. 0. 0. 1. 0. 1. 0. 0. 1. 0. 0. 0. 0. 1. 1. 1. 0. 1.
 0. 1. 0. 1. 0. 1. 1. 1. 0. 0. 1. 1. 1. 1. 0. 0. 0. 0. 1. 1. 0. 0. 1. 1.
 0. 0. 1. 1. 0. 1. 0. 0. 1. 1. 0. 0. 1. 0. 1. 0. 0. 1. 0. 1. 1. 1. 0. 1.
 1. 1. 1. 0. 1. 0. 0. 0. 0. 0. 1. 0. 1. 0. 0. 0. 0. 0. 1. 1. 0. 1. 0. 1.
 0. 0. 1. 0. 1. 1. 1. 1. 1. 1. 0. 1. 0. 1. 1. 0. 0. 0. 0. 0. 1. 1. 1. 1.
 0. 0. 1. 1. 0. 1. 1. 1. 0. 0. 1. 1. 0. 0. 1. 1. 0. 0. 0. 1. 0. 1. 0. 0.
 0. 1. 1. 0. 1. 1. 0. 0. 0. 1. 0. 1. 1. 0. 0. 1. 0. 1. 0. 1. 1. 0. 0. 1.
 1. 0. 1. 1. 1. 0. 1. 0. 1. 1. 1. 1. 0. 0. 1. 1. 1. 0. 1. 0. 1. 1. 1. 1.
 1. 1. 1. 1. 0. 1. 1. 1. 1. 0. 1. 1. 1. 0. 1. 1. 1. 1. 0. 1. 1. 1. 1. 1.
 1. 0. 0. 0. 0. 1. 0. 1. 0. 1. 1. 1. 1. 1. 0. 0. 1. 0. 1. 1. 0. 1. 0. 0.
 1. 0. 1. 1. 0. 1. 0. 1. 0. 1. 1. 1. 1. 1. 0. 1. 0. 0. 1. 1. 0. 0. 1. 1.
 1. 0. 0. 0.]","[0. 1. 0. 0. 0. 1. 1. 1. 0. 0. 0. 0. 0. 1. 0. 0. 1. 1. 0. 0. 0. 0. 0. 1.
 0. 0. 1. 0. 1. 0. 0. 1. 0. 1. 1. 0. 0. 0. 1. 0. 0. 0. 1. 1. 1. 0. 1. 0.
 1. 0. 1. 1. 0. 1. 1. 1. 1. 0. 1. 0. 0. 1. 1. 1. 0. 0. 0. 1. 1. 0. 1. 1.
 0. 0. 1. 0. 0. 1. 0. 1. 0. 1. 1. 1. 0. 1. 0. 1. 1. 1. 1. 1. 1. 1. 1. 0.
 0. 0. 1. 1. 1. 0. 0. 1. 1. 1. 0. 0. 0. 1. 1. 1. 0. 0. 0. 0. 1. 1. 1. 0.
 1. 0. 0. 1. 1. 0. 0. 0. 0. 1. 0. 0. 1. 1. 0. 1. 1. 1. 0. 1. 1. 0. 1. 0.
 1. 1. 0. 0. 0. 1. 1. 0. 1. 1. 0. 1. 0. 0. 0. 1. 1. 1. 0. 1. 0. 1. 1. 0.
 1. 0. 0. 1. 1. 0. 0. 1. 0. 1. 1. 0. 0. 1. 0. 0. 1. 1. 0. 1. 1. 0. 0. 0.
 0. 1. 1. 0. 0. 1. 0. 0. 1. 0. 1. 1. 1. 0. 0. 0. 1. 1. 0. 0. 0. 0. 1. 0.
 0. 1. 0. 1. 1. 1. 1. 0. 0. 0. 0. 1. 1. 1. 1. 0. 1. 1. 1. 1. 0. 1. 0. 0.
 1. 0. 0. 1. 1. 1. 1. 1. 0. 0. 1. 1. 1. 0. 0. 1. 0. 1. 0. 0. 1. 0. 1. 0.
 1. 0. 0. 0.]"
342,logistic_regression,"{'penalty': None, 'solver': 'lbfgs'}",0.5334439146396103,0.16147917412655827,0.10684812548148537,0.28015477612962286,0.5383231109541593,0.1504529565346501,0.5171440941912596,0.03731343283582089,0.5186567164179104,0.5186567164179104,"{0: 0.5165404321675207, 1: 0.5165404321675207}","{0: 0.5165404321675207, 1: 0.5165404321675207}",0.5165404321675207,"[[62 72]
 [57 77]]","[1. 1. 1. 0. 0. 1. 1. 0. 0. 1. 0. 1. 0. 0. 1. 0. 0. 0. 0. 1. 1. 1. 0. 1.
 0. 1. 0. 1. 0. 1. 1. 1. 0. 0. 1. 1. 1. 1. 0. 0. 0. 0. 1. 1. 0. 0. 1. 1.
 0. 0. 1. 1. 0. 1. 0. 0. 1. 1. 0. 0. 1. 0. 1. 0. 0. 1. 0. 1. 1. 1. 0. 1.
 1. 1. 1. 0. 1. 0. 0. 0. 0. 0. 1. 0. 1. 0. 0. 0. 0. 0. 1. 1. 0. 1. 0. 1.
 0. 0. 1. 0. 1. 1. 1. 1. 1. 1. 0. 1. 0. 1. 1. 0. 0. 0. 0. 0. 1. 1. 1. 1.
 0. 0. 1. 1. 0. 1. 1. 1. 0. 0. 1. 1. 0. 0. 1. 1. 0. 0. 0. 1. 0. 1. 0. 0.
 0. 1. 1. 0. 1. 1. 0. 0. 0. 1. 0. 1. 1. 0. 0. 1. 0. 1. 0. 1. 1. 0. 0. 1.
 1. 0. 1. 1. 1. 0. 1. 0. 1. 1. 1. 1. 0. 0. 1. 1. 1. 0. 1. 0. 1. 1. 1. 1.
 1. 1. 1. 1. 0. 1. 1. 1. 1. 0. 1. 1. 1. 0. 1. 1. 1. 1. 0. 1. 1. 1. 1. 1.
 1. 0. 0. 0. 0. 1. 0. 1. 0. 1. 1. 1. 1. 1. 0. 0. 1. 0. 1. 1. 0. 1. 0. 0.
 1. 0. 1. 1. 0. 1. 0. 1. 0. 1. 1. 1. 1. 1. 0. 1. 0. 0. 1. 1. 0. 0. 1. 1.
 1. 0. 0. 0.]","[0. 1. 0. 0. 0. 1. 1. 1. 0. 0. 0. 0. 0. 1. 0. 0. 1. 1. 0. 0. 0. 0. 0. 1.
 0. 0. 1. 0. 1. 0. 0. 1. 0. 1. 1. 0. 0. 0. 1. 0. 0. 0. 1. 1. 1. 0. 1. 0.
 1. 0. 1. 1. 0. 1. 1. 1. 1. 0. 1. 0. 0. 1. 1. 1. 0. 0. 0. 1. 1. 0. 1. 1.
 0. 0. 1. 0. 0. 1. 0. 1. 0. 1. 1. 1. 0. 1. 0. 1. 1. 1. 1. 1. 1. 1. 1. 0.
 0. 0. 1. 1. 1. 0. 0. 1. 1. 1. 0. 0. 0. 1. 1. 1. 0. 0. 0. 0. 1. 1. 1. 0.
 1. 0. 0. 1. 1. 0. 0. 0. 0. 1. 0. 0. 1. 1. 0. 1. 1. 1. 0. 1. 1. 0. 1. 0.
 1. 1. 0. 0. 0. 1. 1. 0. 1. 1. 0. 1. 0. 0. 0. 1. 1. 1. 0. 1. 0. 1. 1. 0.
 1. 0. 0. 1. 1. 0. 0. 1. 0. 1. 1. 0. 0. 1. 0. 0. 1. 1. 0. 1. 1. 0. 0. 0.
 0. 1. 1. 0. 0. 1. 0. 0. 1. 0. 1. 1. 1. 0. 0. 0. 1. 1. 0. 0. 0. 0. 1. 0.
 0. 1. 0. 1. 1. 1. 1. 0. 0. 0. 0. 1. 1. 1. 1. 0. 1. 1. 1. 1. 0. 1. 0. 0.
 1. 0. 0. 1. 1. 1. 1. 1. 0. 0. 1. 1. 1. 0. 0. 1. 0. 1. 0. 0. 1. 0. 1. 0.
 1. 0. 0. 0.]"
110,logistic_regression,"{'penalty': 'l2', 'solver': 'lbfgs'}",0.5334439146396103,0.16147917412655827,0.10684812548148537,0.28015477612962286,0.5383231109541593,0.1504529565346501,0.5171440941912596,0.03731343283582089,0.5186567164179104,0.5186567164179104,"{0: 0.5169302740031188, 1: 0.5169302740031188}","{0: 0.5169302740031188, 1: 0.5169302740031188}",0.5169302740031188,"[[62 72]
 [57 77]]","[1. 1. 1. 0. 0. 1. 1. 0. 0. 1. 0. 1. 0. 0. 1. 0. 0. 0. 0. 1. 1. 1. 0. 1.
 0. 1. 0. 1. 0. 1. 1. 1. 0. 0. 1. 1. 1. 1. 0. 0. 0. 0. 1. 1. 0. 0. 1. 1.
 0. 0. 1. 1. 0. 1. 0. 0. 1. 1. 0. 0. 1. 0. 1. 0. 0. 1. 0. 1. 1. 1. 0. 1.
 1. 1. 1. 0. 1. 0. 0. 0. 0. 0. 1. 0. 1. 0. 0. 0. 0. 0. 1. 1. 0. 1. 0. 1.
 0. 0. 1. 0. 1. 1. 1. 1. 1. 1. 0. 1. 0. 1. 1. 0. 0. 0. 0. 0. 1. 1. 1. 1.
 0. 0. 1. 1. 0. 1. 1. 1. 0. 0. 1. 1. 0. 0. 1. 1. 0. 0. 0. 1. 0. 1. 0. 0.
 0. 1. 1. 0. 1. 1. 0. 0. 0. 1. 0. 1. 1. 0. 0. 1. 0. 1. 0. 1. 1. 0. 0. 1.
 1. 0. 1. 1. 1. 0. 1. 0. 1. 1. 1. 1. 0. 0. 1. 1. 1. 0. 1. 0. 1. 1. 1. 1.
 1. 1. 1. 1. 0. 1. 1. 1. 1. 0. 1. 1. 1. 0. 1. 1. 1. 1. 0. 1. 1. 1. 1. 1.
 1. 0. 0. 0. 0. 1. 0. 1. 0. 1. 1. 1. 1. 1. 0. 0. 1. 0. 1. 1. 0. 1. 0. 0.
 1. 0. 1. 1. 0. 1. 0. 1. 0. 1. 1. 1. 1. 1. 0. 1. 0. 0. 1. 1. 0. 0. 1. 1.
 1. 0. 0. 0.]","[0. 1. 0. 0. 0. 1. 1. 1. 0. 0. 0. 0. 0. 1. 0. 0. 1. 1. 0. 0. 0. 0. 0. 1.
 0. 0. 1. 0. 1. 0. 0. 1. 0. 1. 1. 0. 0. 0. 1. 0. 0. 0. 1. 1. 1. 0. 1. 0.
 1. 0. 1. 1. 0. 1. 1. 1. 1. 0. 1. 0. 0. 1. 1. 1. 0. 0. 0. 1. 1. 0. 1. 1.
 0. 0. 1. 0. 0. 1. 0. 1. 0. 1. 1. 1. 0. 1. 0. 1. 1. 1. 1. 1. 1. 1. 1. 0.
 0. 0. 1. 1. 1. 0. 0. 1. 1. 1. 0. 0. 0. 1. 1. 1. 0. 0. 0. 0. 1. 1. 1. 0.
 1. 0. 0. 1. 1. 0. 0. 0. 0. 1. 0. 0. 1. 1. 0. 1. 1. 1. 0. 1. 1. 0. 1. 0.
 1. 1. 0. 0. 0. 1. 1. 0. 1. 1. 0. 1. 0. 0. 0. 1. 1. 1. 0. 1. 0. 1. 1. 0.
 1. 0. 0. 1. 1. 0. 0. 1. 0. 1. 1. 0. 0. 1. 0. 0. 1. 1. 0. 1. 1. 0. 0. 0.
 0. 1. 1. 0. 0. 1. 0. 0. 1. 0. 1. 1. 1. 0. 0. 0. 1. 1. 0. 0. 0. 0. 1. 0.
 0. 1. 0. 1. 1. 1. 1. 0. 0. 0. 0. 1. 1. 1. 1. 0. 1. 1. 1. 1. 0. 1. 0. 0.
 1. 0. 0. 1. 1. 1. 1. 1. 0. 0. 1. 1. 1. 0. 0. 1. 0. 1. 0. 0. 1. 0. 1. 0.
 1. 0. 0. 0.]"
826,logistic_regression,"{'penalty': 'l2', 'solver': 'lbfgs'}",0.5334439146396103,0.16147917412655827,0.10684812548148537,0.28015477612962286,0.5383231109541593,0.1504529565346501,0.5171440941912596,0.03731343283582089,0.5186567164179104,0.5186567164179104,"{0: 0.5169302740031188, 1: 0.5169302740031188}","{0: 0.5169302740031188, 1: 0.5169302740031188}",0.5169302740031188,"[[62 72]
 [57 77]]","[1. 1. 1. 0. 0. 1. 1. 0. 0. 1. 0. 1. 0. 0. 1. 0. 0. 0. 0. 1. 1. 1. 0. 1.
 0. 1. 0. 1. 0. 1. 1. 1. 0. 0. 1. 1. 1. 1. 0. 0. 0. 0. 1. 1. 0. 0. 1. 1.
 0. 0. 1. 1. 0. 1. 0. 0. 1. 1. 0. 0. 1. 0. 1. 0. 0. 1. 0. 1. 1. 1. 0. 1.
 1. 1. 1. 0. 1. 0. 0. 0. 0. 0. 1. 0. 1. 0. 0. 0. 0. 0. 1. 1. 0. 1. 0. 1.
 0. 0. 1. 0. 1. 1. 1. 1. 1. 1. 0. 1. 0. 1. 1. 0. 0. 0. 0. 0. 1. 1. 1. 1.
 0. 0. 1. 1. 0. 1. 1. 1. 0. 0. 1. 1. 0. 0. 1. 1. 0. 0. 0. 1. 0. 1. 0. 0.
 0. 1. 1. 0. 1. 1. 0. 0. 0. 1. 0. 1. 1. 0. 0. 1. 0. 1. 0. 1. 1. 0. 0. 1.
 1. 0. 1. 1. 1. 0. 1. 0. 1. 1. 1. 1. 0. 0. 1. 1. 1. 0. 1. 0. 1. 1. 1. 1.
 1. 1. 1. 1. 0. 1. 1. 1. 1. 0. 1. 1. 1. 0. 1. 1. 1. 1. 0. 1. 1. 1. 1. 1.
 1. 0. 0. 0. 0. 1. 0. 1. 0. 1. 1. 1. 1. 1. 0. 0. 1. 0. 1. 1. 0. 1. 0. 0.
 1. 0. 1. 1. 0. 1. 0. 1. 0. 1. 1. 1. 1. 1. 0. 1. 0. 0. 1. 1. 0. 0. 1. 1.
 1. 0. 0. 0.]","[0. 1. 0. 0. 0. 1. 1. 1. 0. 0. 0. 0. 0. 1. 0. 0. 1. 1. 0. 0. 0. 0. 0. 1.
 0. 0. 1. 0. 1. 0. 0. 1. 0. 1. 1. 0. 0. 0. 1. 0. 0. 0. 1. 1. 1. 0. 1. 0.
 1. 0. 1. 1. 0. 1. 1. 1. 1. 0. 1. 0. 0. 1. 1. 1. 0. 0. 0. 1. 1. 0. 1. 1.
 0. 0. 1. 0. 0. 1. 0. 1. 0. 1. 1. 1. 0. 1. 0. 1. 1. 1. 1. 1. 1. 1. 1. 0.
 0. 0. 1. 1. 1. 0. 0. 1. 1. 1. 0. 0. 0. 1. 1. 1. 0. 0. 0. 0. 1. 1. 1. 0.
 1. 0. 0. 1. 1. 0. 0. 0. 0. 1. 0. 0. 1. 1. 0. 1. 1. 1. 0. 1. 1. 0. 1. 0.
 1. 1. 0. 0. 0. 1. 1. 0. 1. 1. 0. 1. 0. 0. 0. 1. 1. 1. 0. 1. 0. 1. 1. 0.
 1. 0. 0. 1. 1. 0. 0. 1. 0. 1. 1. 0. 0. 1. 0. 0. 1. 1. 0. 1. 1. 0. 0. 0.
 0. 1. 1. 0. 0. 1. 0. 0. 1. 0. 1. 1. 1. 0. 0. 0. 1. 1. 0. 0. 0. 0. 1. 0.
 0. 1. 0. 1. 1. 1. 1. 0. 0. 0. 0. 1. 1. 1. 1. 0. 1. 1. 1. 1. 0. 1. 0. 0.
 1. 0. 0. 1. 1. 1. 1. 1. 0. 0. 1. 1. 1. 0. 0. 1. 0. 1. 0. 0. 1. 0. 1. 0.
 1. 0. 0. 0.]"
427,logistic_regression,"{'penalty': None, 'solver': 'newton-cg'}",0.5334439146396103,0.16147917412655827,0.10684812548148537,0.28015477612962286,0.5383231109541593,0.1504529565346501,0.5171440941912596,0.03731343283582089,0.5186567164179104,0.5186567164179104,"{0: 0.5167631989307195, 1: 0.5167631989307195}","{0: 0.5167631989307195, 1: 0.5167631989307195}",0.5167631989307195,"[[62 72]
 [57 77]]","[1. 1. 1. 0. 0. 1. 1. 0. 0. 1. 0. 1. 0. 0. 1. 0. 0. 0. 0. 1. 1. 1. 0. 1.
 0. 1. 0. 1. 0. 1. 1. 1. 0. 0. 1. 1. 1. 1. 0. 0. 0. 0. 1. 1. 0. 0. 1. 1.
 0. 0. 1. 1. 0. 1. 0. 0. 1. 1. 0. 0. 1. 0. 1. 0. 0. 1. 0. 1. 1. 1. 0. 1.
 1. 1. 1. 0. 1. 0. 0. 0. 0. 0. 1. 0. 1. 0. 0. 0. 0. 0. 1. 1. 0. 1. 0. 1.
 0. 0. 1. 0. 1. 1. 1. 1. 1. 1. 0. 1. 0. 1. 1. 0. 0. 0. 0. 0. 1. 1. 1. 1.
 0. 0. 1. 1. 0. 1. 1. 1. 0. 0. 1. 1. 0. 0. 1. 1. 0. 0. 0. 1. 0. 1. 0. 0.
 0. 1. 1. 0. 1. 1. 0. 0. 0. 1. 0. 1. 1. 0. 0. 1. 0. 1. 0. 1. 1. 0. 0. 1.
 1. 0. 1. 1. 1. 0. 1. 0. 1. 1. 1. 1. 0. 0. 1. 1. 1. 0. 1. 0. 1. 1. 1. 1.
 1. 1. 1. 1. 0. 1. 1. 1. 1. 0. 1. 1. 1. 0. 1. 1. 1. 1. 0. 1. 1. 1. 1. 1.
 1. 0. 0. 0. 0. 1. 0. 1. 0. 1. 1. 1. 1. 1. 0. 0. 1. 0. 1. 1. 0. 1. 0. 0.
 1. 0. 1. 1. 0. 1. 0. 1. 0. 1. 1. 1. 1. 1. 0. 1. 0. 0. 1. 1. 0. 0. 1. 1.
 1. 0. 0. 0.]","[0. 1. 0. 0. 0. 1. 1. 1. 0. 0. 0. 0. 0. 1. 0. 0. 1. 1. 0. 0. 0. 0. 0. 1.
 0. 0. 1. 0. 1. 0. 0. 1. 0. 1. 1. 0. 0. 0. 1. 0. 0. 0. 1. 1. 1. 0. 1. 0.
 1. 0. 1. 1. 0. 1. 1. 1. 1. 0. 1. 0. 0. 1. 1. 1. 0. 0. 0. 1. 1. 0. 1. 1.
 0. 0. 1. 0. 0. 1. 0. 1. 0. 1. 1. 1. 0. 1. 0. 1. 1. 1. 1. 1. 1. 1. 1. 0.
 0. 0. 1. 1. 1. 0. 0. 1. 1. 1. 0. 0. 0. 1. 1. 1. 0. 0. 0. 0. 1. 1. 1. 0.
 1. 0. 0. 1. 1. 0. 0. 0. 0. 1. 0. 0. 1. 1. 0. 1. 1. 1. 0. 1. 1. 0. 1. 0.
 1. 1. 0. 0. 0. 1. 1. 0. 1. 1. 0. 1. 0. 0. 0. 1. 1. 1. 0. 1. 0. 1. 1. 0.
 1. 0. 0. 1. 1. 0. 0. 1. 0. 1. 1. 0. 0. 1. 0. 0. 1. 1. 0. 1. 1. 0. 0. 0.
 0. 1. 1. 0. 0. 1. 0. 0. 1. 0. 1. 1. 1. 0. 0. 0. 1. 1. 0. 0. 0. 0. 1. 0.
 0. 1. 0. 1. 1. 1. 1. 0. 0. 0. 0. 1. 1. 1. 1. 0. 1. 1. 1. 1. 0. 1. 0. 0.
 1. 0. 0. 1. 1. 1. 1. 1. 0. 0. 1. 1. 1. 0. 0. 1. 0. 1. 0. 0. 1. 0. 1. 0.
 1. 0. 0. 0.]"
560,logistic_regression,"{'penalty': 'l2', 'solver': 'lbfgs'}",0.5334439146396103,0.16147917412655827,0.10684812548148537,0.28015477612962286,0.5383231109541593,0.1504529565346501,0.5171440941912596,0.03731343283582089,0.5186567164179104,0.5186567164179104,"{0: 0.5169302740031188, 1: 0.5169302740031188}","{0: 0.5169302740031188, 1: 0.5169302740031188}",0.5169302740031188,"[[62 72]
 [57 77]]","[1. 1. 1. 0. 0. 1. 1. 0. 0. 1. 0. 1. 0. 0. 1. 0. 0. 0. 0. 1. 1. 1. 0. 1.
 0. 1. 0. 1. 0. 1. 1. 1. 0. 0. 1. 1. 1. 1. 0. 0. 0. 0. 1. 1. 0. 0. 1. 1.
 0. 0. 1. 1. 0. 1. 0. 0. 1. 1. 0. 0. 1. 0. 1. 0. 0. 1. 0. 1. 1. 1. 0. 1.
 1. 1. 1. 0. 1. 0. 0. 0. 0. 0. 1. 0. 1. 0. 0. 0. 0. 0. 1. 1. 0. 1. 0. 1.
 0. 0. 1. 0. 1. 1. 1. 1. 1. 1. 0. 1. 0. 1. 1. 0. 0. 0. 0. 0. 1. 1. 1. 1.
 0. 0. 1. 1. 0. 1. 1. 1. 0. 0. 1. 1. 0. 0. 1. 1. 0. 0. 0. 1. 0. 1. 0. 0.
 0. 1. 1. 0. 1. 1. 0. 0. 0. 1. 0. 1. 1. 0. 0. 1. 0. 1. 0. 1. 1. 0. 0. 1.
 1. 0. 1. 1. 1. 0. 1. 0. 1. 1. 1. 1. 0. 0. 1. 1. 1. 0. 1. 0. 1. 1. 1. 1.
 1. 1. 1. 1. 0. 1. 1. 1. 1. 0. 1. 1. 1. 0. 1. 1. 1. 1. 0. 1. 1. 1. 1. 1.
 1. 0. 0. 0. 0. 1. 0. 1. 0. 1. 1. 1. 1. 1. 0. 0. 1. 0. 1. 1. 0. 1. 0. 0.
 1. 0. 1. 1. 0. 1. 0. 1. 0. 1. 1. 1. 1. 1. 0. 1. 0. 0. 1. 1. 0. 0. 1. 1.
 1. 0. 0. 0.]","[0. 1. 0. 0. 0. 1. 1. 1. 0. 0. 0. 0. 0. 1. 0. 0. 1. 1. 0. 0. 0. 0. 0. 1.
 0. 0. 1. 0. 1. 0. 0. 1. 0. 1. 1. 0. 0. 0. 1. 0. 0. 0. 1. 1. 1. 0. 1. 0.
 1. 0. 1. 1. 0. 1. 1. 1. 1. 0. 1. 0. 0. 1. 1. 1. 0. 0. 0. 1. 1. 0. 1. 1.
 0. 0. 1. 0. 0. 1. 0. 1. 0. 1. 1. 1. 0. 1. 0. 1. 1. 1. 1. 1. 1. 1. 1. 0.
 0. 0. 1. 1. 1. 0. 0. 1. 1. 1. 0. 0. 0. 1. 1. 1. 0. 0. 0. 0. 1. 1. 1. 0.
 1. 0. 0. 1. 1. 0. 0. 0. 0. 1. 0. 0. 1. 1. 0. 1. 1. 1. 0. 1. 1. 0. 1. 0.
 1. 1. 0. 0. 0. 1. 1. 0. 1. 1. 0. 1. 0. 0. 0. 1. 1. 1. 0. 1. 0. 1. 1. 0.
 1. 0. 0. 1. 1. 0. 0. 1. 0. 1. 1. 0. 0. 1. 0. 0. 1. 1. 0. 1. 1. 0. 0. 0.
 0. 1. 1. 0. 0. 1. 0. 0. 1. 0. 1. 1. 1. 0. 0. 0. 1. 1. 0. 0. 0. 0. 1. 0.
 0. 1. 0. 1. 1. 1. 1. 0. 0. 0. 0. 1. 1. 1. 1. 0. 1. 1. 1. 1. 0. 1. 0. 0.
 1. 0. 0. 1. 1. 1. 1. 1. 0. 0. 1. 1. 1. 0. 0. 1. 0. 1. 0. 0. 1. 0. 1. 0.
 1. 0. 0. 0.]"
208,logistic_regression,"{'penalty': 'l2', 'solver': 'lbfgs'}",0.5334439146396103,0.16147917412655827,0.10684812548148537,0.28015477612962286,0.5383231109541593,0.1504529565346501,0.5171440941912596,0.03731343283582089,0.5186567164179104,0.5186567164179104,"{0: 0.5169302740031188, 1: 0.5169302740031188}","{0: 0.5169302740031188, 1: 0.5169302740031188}",0.5169302740031188,"[[62 72]
 [57 77]]","[1. 1. 1. 0. 0. 1. 1. 0. 0. 1. 0. 1. 0. 0. 1. 0. 0. 0. 0. 1. 1. 1. 0. 1.
 0. 1. 0. 1. 0. 1. 1. 1. 0. 0. 1. 1. 1. 1. 0. 0. 0. 0. 1. 1. 0. 0. 1. 1.
 0. 0. 1. 1. 0. 1. 0. 0. 1. 1. 0. 0. 1. 0. 1. 0. 0. 1. 0. 1. 1. 1. 0. 1.
 1. 1. 1. 0. 1. 0. 0. 0. 0. 0. 1. 0. 1. 0. 0. 0. 0. 0. 1. 1. 0. 1. 0. 1.
 0. 0. 1. 0. 1. 1. 1. 1. 1. 1. 0. 1. 0. 1. 1. 0. 0. 0. 0. 0. 1. 1. 1. 1.
 0. 0. 1. 1. 0. 1. 1. 1. 0. 0. 1. 1. 0. 0. 1. 1. 0. 0. 0. 1. 0. 1. 0. 0.
 0. 1. 1. 0. 1. 1. 0. 0. 0. 1. 0. 1. 1. 0. 0. 1. 0. 1. 0. 1. 1. 0. 0. 1.
 1. 0. 1. 1. 1. 0. 1. 0. 1. 1. 1. 1. 0. 0. 1. 1. 1. 0. 1. 0. 1. 1. 1. 1.
 1. 1. 1. 1. 0. 1. 1. 1. 1. 0. 1. 1. 1. 0. 1. 1. 1. 1. 0. 1. 1. 1. 1. 1.
 1. 0. 0. 0. 0. 1. 0. 1. 0. 1. 1. 1. 1. 1. 0. 0. 1. 0. 1. 1. 0. 1. 0. 0.
 1. 0. 1. 1. 0. 1. 0. 1. 0. 1. 1. 1. 1. 1. 0. 1. 0. 0. 1. 1. 0. 0. 1. 1.
 1. 0. 0. 0.]","[0. 1. 0. 0. 0. 1. 1. 1. 0. 0. 0. 0. 0. 1. 0. 0. 1. 1. 0. 0. 0. 0. 0. 1.
 0. 0. 1. 0. 1. 0. 0. 1. 0. 1. 1. 0. 0. 0. 1. 0. 0. 0. 1. 1. 1. 0. 1. 0.
 1. 0. 1. 1. 0. 1. 1. 1. 1. 0. 1. 0. 0. 1. 1. 1. 0. 0. 0. 1. 1. 0. 1. 1.
 0. 0. 1. 0. 0. 1. 0. 1. 0. 1. 1. 1. 0. 1. 0. 1. 1. 1. 1. 1. 1. 1. 1. 0.
 0. 0. 1. 1. 1. 0. 0. 1. 1. 1. 0. 0. 0. 1. 1. 1. 0. 0. 0. 0. 1. 1. 1. 0.
 1. 0. 0. 1. 1. 0. 0. 0. 0. 1. 0. 0. 1. 1. 0. 1. 1. 1. 0. 1. 1. 0. 1. 0.
 1. 1. 0. 0. 0. 1. 1. 0. 1. 1. 0. 1. 0. 0. 0. 1. 1. 1. 0. 1. 0. 1. 1. 0.
 1. 0. 0. 1. 1. 0. 0. 1. 0. 1. 1. 0. 0. 1. 0. 0. 1. 1. 0. 1. 1. 0. 0. 0.
 0. 1. 1. 0. 0. 1. 0. 0. 1. 0. 1. 1. 1. 0. 0. 0. 1. 1. 0. 0. 0. 0. 1. 0.
 0. 1. 0. 1. 1. 1. 1. 0. 0. 0. 0. 1. 1. 1. 1. 0. 1. 1. 1. 1. 0. 1. 0. 0.
 1. 0. 0. 1. 1. 1. 1. 1. 0. 0. 1. 1. 1. 0. 0. 1. 0. 1. 0. 0. 1. 0. 1. 0.
 1. 0. 0. 0.]"
250,logistic_regression,"{'penalty': 'l2', 'solver': 'lbfgs'}",0.5334439146396103,0.16147917412655827,0.10684812548148537,0.28015477612962286,0.5383231109541593,0.1504529565346501,0.5171440941912596,0.03731343283582089,0.5186567164179104,0.5186567164179104,"{0: 0.5169302740031188, 1: 0.5169302740031188}","{0: 0.5169302740031188, 1: 0.5169302740031188}",0.5169302740031188,"[[62 72]
 [57 77]]","[1. 1. 1. 0. 0. 1. 1. 0. 0. 1. 0. 1. 0. 0. 1. 0. 0. 0. 0. 1. 1. 1. 0. 1.
 0. 1. 0. 1. 0. 1. 1. 1. 0. 0. 1. 1. 1. 1. 0. 0. 0. 0. 1. 1. 0. 0. 1. 1.
 0. 0. 1. 1. 0. 1. 0. 0. 1. 1. 0. 0. 1. 0. 1. 0. 0. 1. 0. 1. 1. 1. 0. 1.
 1. 1. 1. 0. 1. 0. 0. 0. 0. 0. 1. 0. 1. 0. 0. 0. 0. 0. 1. 1. 0. 1. 0. 1.
 0. 0. 1. 0. 1. 1. 1. 1. 1. 1. 0. 1. 0. 1. 1. 0. 0. 0. 0. 0. 1. 1. 1. 1.
 0. 0. 1. 1. 0. 1. 1. 1. 0. 0. 1. 1. 0. 0. 1. 1. 0. 0. 0. 1. 0. 1. 0. 0.
 0. 1. 1. 0. 1. 1. 0. 0. 0. 1. 0. 1. 1. 0. 0. 1. 0. 1. 0. 1. 1. 0. 0. 1.
 1. 0. 1. 1. 1. 0. 1. 0. 1. 1. 1. 1. 0. 0. 1. 1. 1. 0. 1. 0. 1. 1. 1. 1.
 1. 1. 1. 1. 0. 1. 1. 1. 1. 0. 1. 1. 1. 0. 1. 1. 1. 1. 0. 1. 1. 1. 1. 1.
 1. 0. 0. 0. 0. 1. 0. 1. 0. 1. 1. 1. 1. 1. 0. 0. 1. 0. 1. 1. 0. 1. 0. 0.
 1. 0. 1. 1. 0. 1. 0. 1. 0. 1. 1. 1. 1. 1. 0. 1. 0. 0. 1. 1. 0. 0. 1. 1.
 1. 0. 0. 0.]","[0. 1. 0. 0. 0. 1. 1. 1. 0. 0. 0. 0. 0. 1. 0. 0. 1. 1. 0. 0. 0. 0. 0. 1.
 0. 0. 1. 0. 1. 0. 0. 1. 0. 1. 1. 0. 0. 0. 1. 0. 0. 0. 1. 1. 1. 0. 1. 0.
 1. 0. 1. 1. 0. 1. 1. 1. 1. 0. 1. 0. 0. 1. 1. 1. 0. 0. 0. 1. 1. 0. 1. 1.
 0. 0. 1. 0. 0. 1. 0. 1. 0. 1. 1. 1. 0. 1. 0. 1. 1. 1. 1. 1. 1. 1. 1. 0.
 0. 0. 1. 1. 1. 0. 0. 1. 1. 1. 0. 0. 0. 1. 1. 1. 0. 0. 0. 0. 1. 1. 1. 0.
 1. 0. 0. 1. 1. 0. 0. 0. 0. 1. 0. 0. 1. 1. 0. 1. 1. 1. 0. 1. 1. 0. 1. 0.
 1. 1. 0. 0. 0. 1. 1. 0. 1. 1. 0. 1. 0. 0. 0. 1. 1. 1. 0. 1. 0. 1. 1. 0.
 1. 0. 0. 1. 1. 0. 0. 1. 0. 1. 1. 0. 0. 1. 0. 0. 1. 1. 0. 1. 1. 0. 0. 0.
 0. 1. 1. 0. 0. 1. 0. 0. 1. 0. 1. 1. 1. 0. 0. 0. 1. 1. 0. 0. 0. 0. 1. 0.
 0. 1. 0. 1. 1. 1. 1. 0. 0. 0. 0. 1. 1. 1. 1. 0. 1. 1. 1. 1. 0. 1. 0. 0.
 1. 0. 0. 1. 1. 1. 1. 1. 0. 0. 1. 1. 1. 0. 0. 1. 0. 1. 0. 0. 1. 0. 1. 0.
 1. 0. 0. 0.]"
896,logistic_regression,"{'penalty': None, 'solver': 'newton-cg'}",0.5334439146396103,0.16147917412655827,0.10684812548148537,0.28015477612962286,0.5383231109541593,0.1504529565346501,0.5171440941912596,0.03731343283582089,0.5186567164179104,0.5186567164179104,"{0: 0.5167631989307195, 1: 0.5167631989307195}","{0: 0.5167631989307195, 1: 0.5167631989307195}",0.5167631989307195,"[[62 72]
 [57 77]]","[1. 1. 1. 0. 0. 1. 1. 0. 0. 1. 0. 1. 0. 0. 1. 0. 0. 0. 0. 1. 1. 1. 0. 1.
 0. 1. 0. 1. 0. 1. 1. 1. 0. 0. 1. 1. 1. 1. 0. 0. 0. 0. 1. 1. 0. 0. 1. 1.
 0. 0. 1. 1. 0. 1. 0. 0. 1. 1. 0. 0. 1. 0. 1. 0. 0. 1. 0. 1. 1. 1. 0. 1.
 1. 1. 1. 0. 1. 0. 0. 0. 0. 0. 1. 0. 1. 0. 0. 0. 0. 0. 1. 1. 0. 1. 0. 1.
 0. 0. 1. 0. 1. 1. 1. 1. 1. 1. 0. 1. 0. 1. 1. 0. 0. 0. 0. 0. 1. 1. 1. 1.
 0. 0. 1. 1. 0. 1. 1. 1. 0. 0. 1. 1. 0. 0. 1. 1. 0. 0. 0. 1. 0. 1. 0. 0.
 0. 1. 1. 0. 1. 1. 0. 0. 0. 1. 0. 1. 1. 0. 0. 1. 0. 1. 0. 1. 1. 0. 0. 1.
 1. 0. 1. 1. 1. 0. 1. 0. 1. 1. 1. 1. 0. 0. 1. 1. 1. 0. 1. 0. 1. 1. 1. 1.
 1. 1. 1. 1. 0. 1. 1. 1. 1. 0. 1. 1. 1. 0. 1. 1. 1. 1. 0. 1. 1. 1. 1. 1.
 1. 0. 0. 0. 0. 1. 0. 1. 0. 1. 1. 1. 1. 1. 0. 0. 1. 0. 1. 1. 0. 1. 0. 0.
 1. 0. 1. 1. 0. 1. 0. 1. 0. 1. 1. 1. 1. 1. 0. 1. 0. 0. 1. 1. 0. 0. 1. 1.
 1. 0. 0. 0.]","[0. 1. 0. 0. 0. 1. 1. 1. 0. 0. 0. 0. 0. 1. 0. 0. 1. 1. 0. 0. 0. 0. 0. 1.
 0. 0. 1. 0. 1. 0. 0. 1. 0. 1. 1. 0. 0. 0. 1. 0. 0. 0. 1. 1. 1. 0. 1. 0.
 1. 0. 1. 1. 0. 1. 1. 1. 1. 0. 1. 0. 0. 1. 1. 1. 0. 0. 0. 1. 1. 0. 1. 1.
 0. 0. 1. 0. 0. 1. 0. 1. 0. 1. 1. 1. 0. 1. 0. 1. 1. 1. 1. 1. 1. 1. 1. 0.
 0. 0. 1. 1. 1. 0. 0. 1. 1. 1. 0. 0. 0. 1. 1. 1. 0. 0. 0. 0. 1. 1. 1. 0.
 1. 0. 0. 1. 1. 0. 0. 0. 0. 1. 0. 0. 1. 1. 0. 1. 1. 1. 0. 1. 1. 0. 1. 0.
 1. 1. 0. 0. 0. 1. 1. 0. 1. 1. 0. 1. 0. 0. 0. 1. 1. 1. 0. 1. 0. 1. 1. 0.
 1. 0. 0. 1. 1. 0. 0. 1. 0. 1. 1. 0. 0. 1. 0. 0. 1. 1. 0. 1. 1. 0. 0. 0.
 0. 1. 1. 0. 0. 1. 0. 0. 1. 0. 1. 1. 1. 0. 0. 0. 1. 1. 0. 0. 0. 0. 1. 0.
 0. 1. 0. 1. 1. 1. 1. 0. 0. 0. 0. 1. 1. 1. 1. 0. 1. 1. 1. 1. 0. 1. 0. 0.
 1. 0. 0. 1. 1. 1. 1. 1. 0. 0. 1. 1. 1. 0. 0. 1. 0. 1. 0. 0. 1. 0. 1. 0.
 1. 0. 0. 0.]"
995,logistic_regression,"{'penalty': 'l2', 'solver': 'lbfgs'}",0.5334439146396103,0.16147917412655827,0.10684812548148537,0.28015477612962286,0.5383231109541593,0.1504529565346501,0.5171440941912596,0.03731343283582089,0.5186567164179104,0.5186567164179104,"{0: 0.5169302740031188, 1: 0.5169302740031188}","{0: 0.5169302740031188, 1: 0.5169302740031188}",0.5169302740031188,"[[62 72]
 [57 77]]","[1. 1. 1. 0. 0. 1. 1. 0. 0. 1. 0. 1. 0. 0. 1. 0. 0. 0. 0. 1. 1. 1. 0. 1.
 0. 1. 0. 1. 0. 1. 1. 1. 0. 0. 1. 1. 1. 1. 0. 0. 0. 0. 1. 1. 0. 0. 1. 1.
 0. 0. 1. 1. 0. 1. 0. 0. 1. 1. 0. 0. 1. 0. 1. 0. 0. 1. 0. 1. 1. 1. 0. 1.
 1. 1. 1. 0. 1. 0. 0. 0. 0. 0. 1. 0. 1. 0. 0. 0. 0. 0. 1. 1. 0. 1. 0. 1.
 0. 0. 1. 0. 1. 1. 1. 1. 1. 1. 0. 1. 0. 1. 1. 0. 0. 0. 0. 0. 1. 1. 1. 1.
 0. 0. 1. 1. 0. 1. 1. 1. 0. 0. 1. 1. 0. 0. 1. 1. 0. 0. 0. 1. 0. 1. 0. 0.
 0. 1. 1. 0. 1. 1. 0. 0. 0. 1. 0. 1. 1. 0. 0. 1. 0. 1. 0. 1. 1. 0. 0. 1.
 1. 0. 1. 1. 1. 0. 1. 0. 1. 1. 1. 1. 0. 0. 1. 1. 1. 0. 1. 0. 1. 1. 1. 1.
 1. 1. 1. 1. 0. 1. 1. 1. 1. 0. 1. 1. 1. 0. 1. 1. 1. 1. 0. 1. 1. 1. 1. 1.
 1. 0. 0. 0. 0. 1. 0. 1. 0. 1. 1. 1. 1. 1. 0. 0. 1. 0. 1. 1. 0. 1. 0. 0.
 1. 0. 1. 1. 0. 1. 0. 1. 0. 1. 1. 1. 1. 1. 0. 1. 0. 0. 1. 1. 0. 0. 1. 1.
 1. 0. 0. 0.]","[0. 1. 0. 0. 0. 1. 1. 1. 0. 0. 0. 0. 0. 1. 0. 0. 1. 1. 0. 0. 0. 0. 0. 1.
 0. 0. 1. 0. 1. 0. 0. 1. 0. 1. 1. 0. 0. 0. 1. 0. 0. 0. 1. 1. 1. 0. 1. 0.
 1. 0. 1. 1. 0. 1. 1. 1. 1. 0. 1. 0. 0. 1. 1. 1. 0. 0. 0. 1. 1. 0. 1. 1.
 0. 0. 1. 0. 0. 1. 0. 1. 0. 1. 1. 1. 0. 1. 0. 1. 1. 1. 1. 1. 1. 1. 1. 0.
 0. 0. 1. 1. 1. 0. 0. 1. 1. 1. 0. 0. 0. 1. 1. 1. 0. 0. 0. 0. 1. 1. 1. 0.
 1. 0. 0. 1. 1. 0. 0. 0. 0. 1. 0. 0. 1. 1. 0. 1. 1. 1. 0. 1. 1. 0. 1. 0.
 1. 1. 0. 0. 0. 1. 1. 0. 1. 1. 0. 1. 0. 0. 0. 1. 1. 1. 0. 1. 0. 1. 1. 0.
 1. 0. 0. 1. 1. 0. 0. 1. 0. 1. 1. 0. 0. 1. 0. 0. 1. 1. 0. 1. 1. 0. 0. 0.
 0. 1. 1. 0. 0. 1. 0. 0. 1. 0. 1. 1. 1. 0. 0. 0. 1. 1. 0. 0. 0. 0. 1. 0.
 0. 1. 0. 1. 1. 1. 1. 0. 0. 0. 0. 1. 1. 1. 1. 0. 1. 1. 1. 1. 0. 1. 0. 0.
 1. 0. 0. 1. 1. 1. 1. 1. 0. 0. 1. 1. 1. 0. 0. 1. 0. 1. 0. 0. 1. 0. 1. 0.
 1. 0. 0. 0.]"
648,logistic_regression,"{'penalty': None, 'solver': 'newton-cg'}",0.5334439146396103,0.16147917412655827,0.10684812548148537,0.28015477612962286,0.5383231109541593,0.1504529565346501,0.5171440941912596,0.03731343283582089,0.5186567164179104,0.5186567164179104,"{0: 0.5167631989307195, 1: 0.5167631989307195}","{0: 0.5167631989307195, 1: 0.5167631989307195}",0.5167631989307195,"[[62 72]
 [57 77]]","[1. 1. 1. 0. 0. 1. 1. 0. 0. 1. 0. 1. 0. 0. 1. 0. 0. 0. 0. 1. 1. 1. 0. 1.
 0. 1. 0. 1. 0. 1. 1. 1. 0. 0. 1. 1. 1. 1. 0. 0. 0. 0. 1. 1. 0. 0. 1. 1.
 0. 0. 1. 1. 0. 1. 0. 0. 1. 1. 0. 0. 1. 0. 1. 0. 0. 1. 0. 1. 1. 1. 0. 1.
 1. 1. 1. 0. 1. 0. 0. 0. 0. 0. 1. 0. 1. 0. 0. 0. 0. 0. 1. 1. 0. 1. 0. 1.
 0. 0. 1. 0. 1. 1. 1. 1. 1. 1. 0. 1. 0. 1. 1. 0. 0. 0. 0. 0. 1. 1. 1. 1.
 0. 0. 1. 1. 0. 1. 1. 1. 0. 0. 1. 1. 0. 0. 1. 1. 0. 0. 0. 1. 0. 1. 0. 0.
 0. 1. 1. 0. 1. 1. 0. 0. 0. 1. 0. 1. 1. 0. 0. 1. 0. 1. 0. 1. 1. 0. 0. 1.
 1. 0. 1. 1. 1. 0. 1. 0. 1. 1. 1. 1. 0. 0. 1. 1. 1. 0. 1. 0. 1. 1. 1. 1.
 1. 1. 1. 1. 0. 1. 1. 1. 1. 0. 1. 1. 1. 0. 1. 1. 1. 1. 0. 1. 1. 1. 1. 1.
 1. 0. 0. 0. 0. 1. 0. 1. 0. 1. 1. 1. 1. 1. 0. 0. 1. 0. 1. 1. 0. 1. 0. 0.
 1. 0. 1. 1. 0. 1. 0. 1. 0. 1. 1. 1. 1. 1. 0. 1. 0. 0. 1. 1. 0. 0. 1. 1.
 1. 0. 0. 0.]","[0. 1. 0. 0. 0. 1. 1. 1. 0. 0. 0. 0. 0. 1. 0. 0. 1. 1. 0. 0. 0. 0. 0. 1.
 0. 0. 1. 0. 1. 0. 0. 1. 0. 1. 1. 0. 0. 0. 1. 0. 0. 0. 1. 1. 1. 0. 1. 0.
 1. 0. 1. 1. 0. 1. 1. 1. 1. 0. 1. 0. 0. 1. 1. 1. 0. 0. 0. 1. 1. 0. 1. 1.
 0. 0. 1. 0. 0. 1. 0. 1. 0. 1. 1. 1. 0. 1. 0. 1. 1. 1. 1. 1. 1. 1. 1. 0.
 0. 0. 1. 1. 1. 0. 0. 1. 1. 1. 0. 0. 0. 1. 1. 1. 0. 0. 0. 0. 1. 1. 1. 0.
 1. 0. 0. 1. 1. 0. 0. 0. 0. 1. 0. 0. 1. 1. 0. 1. 1. 1. 0. 1. 1. 0. 1. 0.
 1. 1. 0. 0. 0. 1. 1. 0. 1. 1. 0. 1. 0. 0. 0. 1. 1. 1. 0. 1. 0. 1. 1. 0.
 1. 0. 0. 1. 1. 0. 0. 1. 0. 1. 1. 0. 0. 1. 0. 0. 1. 1. 0. 1. 1. 0. 0. 0.
 0. 1. 1. 0. 0. 1. 0. 0. 1. 0. 1. 1. 1. 0. 0. 0. 1. 1. 0. 0. 0. 0. 1. 0.
 0. 1. 0. 1. 1. 1. 1. 0. 0. 0. 0. 1. 1. 1. 1. 0. 1. 1. 1. 1. 0. 1. 0. 0.
 1. 0. 0. 1. 1. 1. 1. 1. 0. 0. 1. 1. 1. 0. 0. 1. 0. 1. 0. 0. 1. 0. 1. 0.
 1. 0. 0. 0.]"
883,logistic_regression,"{'penalty': 'l2', 'solver': 'lbfgs'}",0.5334439146396103,0.16147917412655827,0.10684812548148537,0.28015477612962286,0.5383231109541593,0.1504529565346501,0.5171440941912596,0.03731343283582089,0.5186567164179104,0.5186567164179104,"{0: 0.5169302740031188, 1: 0.5169302740031188}","{0: 0.5169302740031188, 1: 0.5169302740031188}",0.5169302740031188,"[[62 72]
 [57 77]]","[1. 1. 1. 0. 0. 1. 1. 0. 0. 1. 0. 1. 0. 0. 1. 0. 0. 0. 0. 1. 1. 1. 0. 1.
 0. 1. 0. 1. 0. 1. 1. 1. 0. 0. 1. 1. 1. 1. 0. 0. 0. 0. 1. 1. 0. 0. 1. 1.
 0. 0. 1. 1. 0. 1. 0. 0. 1. 1. 0. 0. 1. 0. 1. 0. 0. 1. 0. 1. 1. 1. 0. 1.
 1. 1. 1. 0. 1. 0. 0. 0. 0. 0. 1. 0. 1. 0. 0. 0. 0. 0. 1. 1. 0. 1. 0. 1.
 0. 0. 1. 0. 1. 1. 1. 1. 1. 1. 0. 1. 0. 1. 1. 0. 0. 0. 0. 0. 1. 1. 1. 1.
 0. 0. 1. 1. 0. 1. 1. 1. 0. 0. 1. 1. 0. 0. 1. 1. 0. 0. 0. 1. 0. 1. 0. 0.
 0. 1. 1. 0. 1. 1. 0. 0. 0. 1. 0. 1. 1. 0. 0. 1. 0. 1. 0. 1. 1. 0. 0. 1.
 1. 0. 1. 1. 1. 0. 1. 0. 1. 1. 1. 1. 0. 0. 1. 1. 1. 0. 1. 0. 1. 1. 1. 1.
 1. 1. 1. 1. 0. 1. 1. 1. 1. 0. 1. 1. 1. 0. 1. 1. 1. 1. 0. 1. 1. 1. 1. 1.
 1. 0. 0. 0. 0. 1. 0. 1. 0. 1. 1. 1. 1. 1. 0. 0. 1. 0. 1. 1. 0. 1. 0. 0.
 1. 0. 1. 1. 0. 1. 0. 1. 0. 1. 1. 1. 1. 1. 0. 1. 0. 0. 1. 1. 0. 0. 1. 1.
 1. 0. 0. 0.]","[0. 1. 0. 0. 0. 1. 1. 1. 0. 0. 0. 0. 0. 1. 0. 0. 1. 1. 0. 0. 0. 0. 0. 1.
 0. 0. 1. 0. 1. 0. 0. 1. 0. 1. 1. 0. 0. 0. 1. 0. 0. 0. 1. 1. 1. 0. 1. 0.
 1. 0. 1. 1. 0. 1. 1. 1. 1. 0. 1. 0. 0. 1. 1. 1. 0. 0. 0. 1. 1. 0. 1. 1.
 0. 0. 1. 0. 0. 1. 0. 1. 0. 1. 1. 1. 0. 1. 0. 1. 1. 1. 1. 1. 1. 1. 1. 0.
 0. 0. 1. 1. 1. 0. 0. 1. 1. 1. 0. 0. 0. 1. 1. 1. 0. 0. 0. 0. 1. 1. 1. 0.
 1. 0. 0. 1. 1. 0. 0. 0. 0. 1. 0. 0. 1. 1. 0. 1. 1. 1. 0. 1. 1. 0. 1. 0.
 1. 1. 0. 0. 0. 1. 1. 0. 1. 1. 0. 1. 0. 0. 0. 1. 1. 1. 0. 1. 0. 1. 1. 0.
 1. 0. 0. 1. 1. 0. 0. 1. 0. 1. 1. 0. 0. 1. 0. 0. 1. 1. 0. 1. 1. 0. 0. 0.
 0. 1. 1. 0. 0. 1. 0. 0. 1. 0. 1. 1. 1. 0. 0. 0. 1. 1. 0. 0. 0. 0. 1. 0.
 0. 1. 0. 1. 1. 1. 1. 0. 0. 0. 0. 1. 1. 1. 1. 0. 1. 1. 1. 1. 0. 1. 0. 0.
 1. 0. 0. 1. 1. 1. 1. 1. 0. 0. 1. 1. 1. 0. 0. 1. 0. 1. 0. 0. 1. 0. 1. 0.
 1. 0. 0. 0.]"
635,logistic_regression,"{'penalty': 'l2', 'solver': 'lbfgs'}",0.5334439146396103,0.16147917412655827,0.10684812548148537,0.28015477612962286,0.5383231109541593,0.1504529565346501,0.5171440941912596,0.03731343283582089,0.5186567164179104,0.5186567164179104,"{0: 0.5169302740031188, 1: 0.5169302740031188}","{0: 0.5169302740031188, 1: 0.5169302740031188}",0.5169302740031188,"[[62 72]
 [57 77]]","[1. 1. 1. 0. 0. 1. 1. 0. 0. 1. 0. 1. 0. 0. 1. 0. 0. 0. 0. 1. 1. 1. 0. 1.
 0. 1. 0. 1. 0. 1. 1. 1. 0. 0. 1. 1. 1. 1. 0. 0. 0. 0. 1. 1. 0. 0. 1. 1.
 0. 0. 1. 1. 0. 1. 0. 0. 1. 1. 0. 0. 1. 0. 1. 0. 0. 1. 0. 1. 1. 1. 0. 1.
 1. 1. 1. 0. 1. 0. 0. 0. 0. 0. 1. 0. 1. 0. 0. 0. 0. 0. 1. 1. 0. 1. 0. 1.
 0. 0. 1. 0. 1. 1. 1. 1. 1. 1. 0. 1. 0. 1. 1. 0. 0. 0. 0. 0. 1. 1. 1. 1.
 0. 0. 1. 1. 0. 1. 1. 1. 0. 0. 1. 1. 0. 0. 1. 1. 0. 0. 0. 1. 0. 1. 0. 0.
 0. 1. 1. 0. 1. 1. 0. 0. 0. 1. 0. 1. 1. 0. 0. 1. 0. 1. 0. 1. 1. 0. 0. 1.
 1. 0. 1. 1. 1. 0. 1. 0. 1. 1. 1. 1. 0. 0. 1. 1. 1. 0. 1. 0. 1. 1. 1. 1.
 1. 1. 1. 1. 0. 1. 1. 1. 1. 0. 1. 1. 1. 0. 1. 1. 1. 1. 0. 1. 1. 1. 1. 1.
 1. 0. 0. 0. 0. 1. 0. 1. 0. 1. 1. 1. 1. 1. 0. 0. 1. 0. 1. 1. 0. 1. 0. 0.
 1. 0. 1. 1. 0. 1. 0. 1. 0. 1. 1. 1. 1. 1. 0. 1. 0. 0. 1. 1. 0. 0. 1. 1.
 1. 0. 0. 0.]","[0. 1. 0. 0. 0. 1. 1. 1. 0. 0. 0. 0. 0. 1. 0. 0. 1. 1. 0. 0. 0. 0. 0. 1.
 0. 0. 1. 0. 1. 0. 0. 1. 0. 1. 1. 0. 0. 0. 1. 0. 0. 0. 1. 1. 1. 0. 1. 0.
 1. 0. 1. 1. 0. 1. 1. 1. 1. 0. 1. 0. 0. 1. 1. 1. 0. 0. 0. 1. 1. 0. 1. 1.
 0. 0. 1. 0. 0. 1. 0. 1. 0. 1. 1. 1. 0. 1. 0. 1. 1. 1. 1. 1. 1. 1. 1. 0.
 0. 0. 1. 1. 1. 0. 0. 1. 1. 1. 0. 0. 0. 1. 1. 1. 0. 0. 0. 0. 1. 1. 1. 0.
 1. 0. 0. 1. 1. 0. 0. 0. 0. 1. 0. 0. 1. 1. 0. 1. 1. 1. 0. 1. 1. 0. 1. 0.
 1. 1. 0. 0. 0. 1. 1. 0. 1. 1. 0. 1. 0. 0. 0. 1. 1. 1. 0. 1. 0. 1. 1. 0.
 1. 0. 0. 1. 1. 0. 0. 1. 0. 1. 1. 0. 0. 1. 0. 0. 1. 1. 0. 1. 1. 0. 0. 0.
 0. 1. 1. 0. 0. 1. 0. 0. 1. 0. 1. 1. 1. 0. 0. 0. 1. 1. 0. 0. 0. 0. 1. 0.
 0. 1. 0. 1. 1. 1. 1. 0. 0. 0. 0. 1. 1. 1. 1. 0. 1. 1. 1. 1. 0. 1. 0. 0.
 1. 0. 0. 1. 1. 1. 1. 1. 0. 0. 1. 1. 1. 0. 0. 1. 0. 1. 0. 0. 1. 0. 1. 0.
 1. 0. 0. 0.]"
74,logistic_regression,"{'penalty': None, 'solver': 'lbfgs'}",0.5334439146396103,0.16147917412655827,0.10684812548148537,0.28015477612962286,0.5383231109541593,0.1504529565346501,0.5171440941912596,0.03731343283582089,0.5186567164179104,0.5186567164179104,"{0: 0.5165404321675207, 1: 0.5165404321675207}","{0: 0.5165404321675207, 1: 0.5165404321675207}",0.5165404321675207,"[[62 72]
 [57 77]]","[1. 1. 1. 0. 0. 1. 1. 0. 0. 1. 0. 1. 0. 0. 1. 0. 0. 0. 0. 1. 1. 1. 0. 1.
 0. 1. 0. 1. 0. 1. 1. 1. 0. 0. 1. 1. 1. 1. 0. 0. 0. 0. 1. 1. 0. 0. 1. 1.
 0. 0. 1. 1. 0. 1. 0. 0. 1. 1. 0. 0. 1. 0. 1. 0. 0. 1. 0. 1. 1. 1. 0. 1.
 1. 1. 1. 0. 1. 0. 0. 0. 0. 0. 1. 0. 1. 0. 0. 0. 0. 0. 1. 1. 0. 1. 0. 1.
 0. 0. 1. 0. 1. 1. 1. 1. 1. 1. 0. 1. 0. 1. 1. 0. 0. 0. 0. 0. 1. 1. 1. 1.
 0. 0. 1. 1. 0. 1. 1. 1. 0. 0. 1. 1. 0. 0. 1. 1. 0. 0. 0. 1. 0. 1. 0. 0.
 0. 1. 1. 0. 1. 1. 0. 0. 0. 1. 0. 1. 1. 0. 0. 1. 0. 1. 0. 1. 1. 0. 0. 1.
 1. 0. 1. 1. 1. 0. 1. 0. 1. 1. 1. 1. 0. 0. 1. 1. 1. 0. 1. 0. 1. 1. 1. 1.
 1. 1. 1. 1. 0. 1. 1. 1. 1. 0. 1. 1. 1. 0. 1. 1. 1. 1. 0. 1. 1. 1. 1. 1.
 1. 0. 0. 0. 0. 1. 0. 1. 0. 1. 1. 1. 1. 1. 0. 0. 1. 0. 1. 1. 0. 1. 0. 0.
 1. 0. 1. 1. 0. 1. 0. 1. 0. 1. 1. 1. 1. 1. 0. 1. 0. 0. 1. 1. 0. 0. 1. 1.
 1. 0. 0. 0.]","[0. 1. 0. 0. 0. 1. 1. 1. 0. 0. 0. 0. 0. 1. 0. 0. 1. 1. 0. 0. 0. 0. 0. 1.
 0. 0. 1. 0. 1. 0. 0. 1. 0. 1. 1. 0. 0. 0. 1. 0. 0. 0. 1. 1. 1. 0. 1. 0.
 1. 0. 1. 1. 0. 1. 1. 1. 1. 0. 1. 0. 0. 1. 1. 1. 0. 0. 0. 1. 1. 0. 1. 1.
 0. 0. 1. 0. 0. 1. 0. 1. 0. 1. 1. 1. 0. 1. 0. 1. 1. 1. 1. 1. 1. 1. 1. 0.
 0. 0. 1. 1. 1. 0. 0. 1. 1. 1. 0. 0. 0. 1. 1. 1. 0. 0. 0. 0. 1. 1. 1. 0.
 1. 0. 0. 1. 1. 0. 0. 0. 0. 1. 0. 0. 1. 1. 0. 1. 1. 1. 0. 1. 1. 0. 1. 0.
 1. 1. 0. 0. 0. 1. 1. 0. 1. 1. 0. 1. 0. 0. 0. 1. 1. 1. 0. 1. 0. 1. 1. 0.
 1. 0. 0. 1. 1. 0. 0. 1. 0. 1. 1. 0. 0. 1. 0. 0. 1. 1. 0. 1. 1. 0. 0. 0.
 0. 1. 1. 0. 0. 1. 0. 0. 1. 0. 1. 1. 1. 0. 0. 0. 1. 1. 0. 0. 0. 0. 1. 0.
 0. 1. 0. 1. 1. 1. 1. 0. 0. 0. 0. 1. 1. 1. 1. 0. 1. 1. 1. 1. 0. 1. 0. 0.
 1. 0. 0. 1. 1. 1. 1. 1. 0. 0. 1. 1. 1. 0. 0. 1. 0. 1. 0. 0. 1. 0. 1. 0.
 1. 0. 0. 0.]"
178,logistic_regression,"{'penalty': None, 'solver': 'newton-cg'}",0.5334439146396103,0.16147917412655827,0.10684812548148537,0.28015477612962286,0.5383231109541593,0.1504529565346501,0.5171440941912596,0.03731343283582089,0.5186567164179104,0.5186567164179104,"{0: 0.5167631989307195, 1: 0.5167631989307195}","{0: 0.5167631989307195, 1: 0.5167631989307195}",0.5167631989307195,"[[62 72]
 [57 77]]","[1. 1. 1. 0. 0. 1. 1. 0. 0. 1. 0. 1. 0. 0. 1. 0. 0. 0. 0. 1. 1. 1. 0. 1.
 0. 1. 0. 1. 0. 1. 1. 1. 0. 0. 1. 1. 1. 1. 0. 0. 0. 0. 1. 1. 0. 0. 1. 1.
 0. 0. 1. 1. 0. 1. 0. 0. 1. 1. 0. 0. 1. 0. 1. 0. 0. 1. 0. 1. 1. 1. 0. 1.
 1. 1. 1. 0. 1. 0. 0. 0. 0. 0. 1. 0. 1. 0. 0. 0. 0. 0. 1. 1. 0. 1. 0. 1.
 0. 0. 1. 0. 1. 1. 1. 1. 1. 1. 0. 1. 0. 1. 1. 0. 0. 0. 0. 0. 1. 1. 1. 1.
 0. 0. 1. 1. 0. 1. 1. 1. 0. 0. 1. 1. 0. 0. 1. 1. 0. 0. 0. 1. 0. 1. 0. 0.
 0. 1. 1. 0. 1. 1. 0. 0. 0. 1. 0. 1. 1. 0. 0. 1. 0. 1. 0. 1. 1. 0. 0. 1.
 1. 0. 1. 1. 1. 0. 1. 0. 1. 1. 1. 1. 0. 0. 1. 1. 1. 0. 1. 0. 1. 1. 1. 1.
 1. 1. 1. 1. 0. 1. 1. 1. 1. 0. 1. 1. 1. 0. 1. 1. 1. 1. 0. 1. 1. 1. 1. 1.
 1. 0. 0. 0. 0. 1. 0. 1. 0. 1. 1. 1. 1. 1. 0. 0. 1. 0. 1. 1. 0. 1. 0. 0.
 1. 0. 1. 1. 0. 1. 0. 1. 0. 1. 1. 1. 1. 1. 0. 1. 0. 0. 1. 1. 0. 0. 1. 1.
 1. 0. 0. 0.]","[0. 1. 0. 0. 0. 1. 1. 1. 0. 0. 0. 0. 0. 1. 0. 0. 1. 1. 0. 0. 0. 0. 0. 1.
 0. 0. 1. 0. 1. 0. 0. 1. 0. 1. 1. 0. 0. 0. 1. 0. 0. 0. 1. 1. 1. 0. 1. 0.
 1. 0. 1. 1. 0. 1. 1. 1. 1. 0. 1. 0. 0. 1. 1. 1. 0. 0. 0. 1. 1. 0. 1. 1.
 0. 0. 1. 0. 0. 1. 0. 1. 0. 1. 1. 1. 0. 1. 0. 1. 1. 1. 1. 1. 1. 1. 1. 0.
 0. 0. 1. 1. 1. 0. 0. 1. 1. 1. 0. 0. 0. 1. 1. 1. 0. 0. 0. 0. 1. 1. 1. 0.
 1. 0. 0. 1. 1. 0. 0. 0. 0. 1. 0. 0. 1. 1. 0. 1. 1. 1. 0. 1. 1. 0. 1. 0.
 1. 1. 0. 0. 0. 1. 1. 0. 1. 1. 0. 1. 0. 0. 0. 1. 1. 1. 0. 1. 0. 1. 1. 0.
 1. 0. 0. 1. 1. 0. 0. 1. 0. 1. 1. 0. 0. 1. 0. 0. 1. 1. 0. 1. 1. 0. 0. 0.
 0. 1. 1. 0. 0. 1. 0. 0. 1. 0. 1. 1. 1. 0. 0. 0. 1. 1. 0. 0. 0. 0. 1. 0.
 0. 1. 0. 1. 1. 1. 1. 0. 0. 0. 0. 1. 1. 1. 1. 0. 1. 1. 1. 1. 0. 1. 0. 0.
 1. 0. 0. 1. 1. 1. 1. 1. 0. 0. 1. 1. 1. 0. 0. 1. 0. 1. 0. 0. 1. 0. 1. 0.
 1. 0. 0. 0.]"
219,logistic_regression,"{'penalty': None, 'solver': 'newton-cg'}",0.5334439146396103,0.16147917412655827,0.10684812548148537,0.28015477612962286,0.5383231109541593,0.1504529565346501,0.5171440941912596,0.03731343283582089,0.5186567164179104,0.5186567164179104,"{0: 0.5167631989307195, 1: 0.5167631989307195}","{0: 0.5167631989307195, 1: 0.5167631989307195}",0.5167631989307195,"[[62 72]
 [57 77]]","[1. 1. 1. 0. 0. 1. 1. 0. 0. 1. 0. 1. 0. 0. 1. 0. 0. 0. 0. 1. 1. 1. 0. 1.
 0. 1. 0. 1. 0. 1. 1. 1. 0. 0. 1. 1. 1. 1. 0. 0. 0. 0. 1. 1. 0. 0. 1. 1.
 0. 0. 1. 1. 0. 1. 0. 0. 1. 1. 0. 0. 1. 0. 1. 0. 0. 1. 0. 1. 1. 1. 0. 1.
 1. 1. 1. 0. 1. 0. 0. 0. 0. 0. 1. 0. 1. 0. 0. 0. 0. 0. 1. 1. 0. 1. 0. 1.
 0. 0. 1. 0. 1. 1. 1. 1. 1. 1. 0. 1. 0. 1. 1. 0. 0. 0. 0. 0. 1. 1. 1. 1.
 0. 0. 1. 1. 0. 1. 1. 1. 0. 0. 1. 1. 0. 0. 1. 1. 0. 0. 0. 1. 0. 1. 0. 0.
 0. 1. 1. 0. 1. 1. 0. 0. 0. 1. 0. 1. 1. 0. 0. 1. 0. 1. 0. 1. 1. 0. 0. 1.
 1. 0. 1. 1. 1. 0. 1. 0. 1. 1. 1. 1. 0. 0. 1. 1. 1. 0. 1. 0. 1. 1. 1. 1.
 1. 1. 1. 1. 0. 1. 1. 1. 1. 0. 1. 1. 1. 0. 1. 1. 1. 1. 0. 1. 1. 1. 1. 1.
 1. 0. 0. 0. 0. 1. 0. 1. 0. 1. 1. 1. 1. 1. 0. 0. 1. 0. 1. 1. 0. 1. 0. 0.
 1. 0. 1. 1. 0. 1. 0. 1. 0. 1. 1. 1. 1. 1. 0. 1. 0. 0. 1. 1. 0. 0. 1. 1.
 1. 0. 0. 0.]","[0. 1. 0. 0. 0. 1. 1. 1. 0. 0. 0. 0. 0. 1. 0. 0. 1. 1. 0. 0. 0. 0. 0. 1.
 0. 0. 1. 0. 1. 0. 0. 1. 0. 1. 1. 0. 0. 0. 1. 0. 0. 0. 1. 1. 1. 0. 1. 0.
 1. 0. 1. 1. 0. 1. 1. 1. 1. 0. 1. 0. 0. 1. 1. 1. 0. 0. 0. 1. 1. 0. 1. 1.
 0. 0. 1. 0. 0. 1. 0. 1. 0. 1. 1. 1. 0. 1. 0. 1. 1. 1. 1. 1. 1. 1. 1. 0.
 0. 0. 1. 1. 1. 0. 0. 1. 1. 1. 0. 0. 0. 1. 1. 1. 0. 0. 0. 0. 1. 1. 1. 0.
 1. 0. 0. 1. 1. 0. 0. 0. 0. 1. 0. 0. 1. 1. 0. 1. 1. 1. 0. 1. 1. 0. 1. 0.
 1. 1. 0. 0. 0. 1. 1. 0. 1. 1. 0. 1. 0. 0. 0. 1. 1. 1. 0. 1. 0. 1. 1. 0.
 1. 0. 0. 1. 1. 0. 0. 1. 0. 1. 1. 0. 0. 1. 0. 0. 1. 1. 0. 1. 1. 0. 0. 0.
 0. 1. 1. 0. 0. 1. 0. 0. 1. 0. 1. 1. 1. 0. 0. 0. 1. 1. 0. 0. 0. 0. 1. 0.
 0. 1. 0. 1. 1. 1. 1. 0. 0. 0. 0. 1. 1. 1. 1. 0. 1. 1. 1. 1. 0. 1. 0. 0.
 1. 0. 0. 1. 1. 1. 1. 1. 0. 0. 1. 1. 1. 0. 0. 1. 0. 1. 0. 0. 1. 0. 1. 0.
 1. 0. 0. 0.]"
688,logistic_regression,"{'penalty': 'l2', 'solver': 'lbfgs'}",0.5334439146396103,0.16147917412655827,0.10684812548148537,0.28015477612962286,0.5383231109541593,0.1504529565346501,0.5171440941912596,0.03731343283582089,0.5186567164179104,0.5186567164179104,"{0: 0.5169302740031188, 1: 0.5169302740031188}","{0: 0.5169302740031188, 1: 0.5169302740031188}",0.5169302740031188,"[[62 72]
 [57 77]]","[1. 1. 1. 0. 0. 1. 1. 0. 0. 1. 0. 1. 0. 0. 1. 0. 0. 0. 0. 1. 1. 1. 0. 1.
 0. 1. 0. 1. 0. 1. 1. 1. 0. 0. 1. 1. 1. 1. 0. 0. 0. 0. 1. 1. 0. 0. 1. 1.
 0. 0. 1. 1. 0. 1. 0. 0. 1. 1. 0. 0. 1. 0. 1. 0. 0. 1. 0. 1. 1. 1. 0. 1.
 1. 1. 1. 0. 1. 0. 0. 0. 0. 0. 1. 0. 1. 0. 0. 0. 0. 0. 1. 1. 0. 1. 0. 1.
 0. 0. 1. 0. 1. 1. 1. 1. 1. 1. 0. 1. 0. 1. 1. 0. 0. 0. 0. 0. 1. 1. 1. 1.
 0. 0. 1. 1. 0. 1. 1. 1. 0. 0. 1. 1. 0. 0. 1. 1. 0. 0. 0. 1. 0. 1. 0. 0.
 0. 1. 1. 0. 1. 1. 0. 0. 0. 1. 0. 1. 1. 0. 0. 1. 0. 1. 0. 1. 1. 0. 0. 1.
 1. 0. 1. 1. 1. 0. 1. 0. 1. 1. 1. 1. 0. 0. 1. 1. 1. 0. 1. 0. 1. 1. 1. 1.
 1. 1. 1. 1. 0. 1. 1. 1. 1. 0. 1. 1. 1. 0. 1. 1. 1. 1. 0. 1. 1. 1. 1. 1.
 1. 0. 0. 0. 0. 1. 0. 1. 0. 1. 1. 1. 1. 1. 0. 0. 1. 0. 1. 1. 0. 1. 0. 0.
 1. 0. 1. 1. 0. 1. 0. 1. 0. 1. 1. 1. 1. 1. 0. 1. 0. 0. 1. 1. 0. 0. 1. 1.
 1. 0. 0. 0.]","[0. 1. 0. 0. 0. 1. 1. 1. 0. 0. 0. 0. 0. 1. 0. 0. 1. 1. 0. 0. 0. 0. 0. 1.
 0. 0. 1. 0. 1. 0. 0. 1. 0. 1. 1. 0. 0. 0. 1. 0. 0. 0. 1. 1. 1. 0. 1. 0.
 1. 0. 1. 1. 0. 1. 1. 1. 1. 0. 1. 0. 0. 1. 1. 1. 0. 0. 0. 1. 1. 0. 1. 1.
 0. 0. 1. 0. 0. 1. 0. 1. 0. 1. 1. 1. 0. 1. 0. 1. 1. 1. 1. 1. 1. 1. 1. 0.
 0. 0. 1. 1. 1. 0. 0. 1. 1. 1. 0. 0. 0. 1. 1. 1. 0. 0. 0. 0. 1. 1. 1. 0.
 1. 0. 0. 1. 1. 0. 0. 0. 0. 1. 0. 0. 1. 1. 0. 1. 1. 1. 0. 1. 1. 0. 1. 0.
 1. 1. 0. 0. 0. 1. 1. 0. 1. 1. 0. 1. 0. 0. 0. 1. 1. 1. 0. 1. 0. 1. 1. 0.
 1. 0. 0. 1. 1. 0. 0. 1. 0. 1. 1. 0. 0. 1. 0. 0. 1. 1. 0. 1. 1. 0. 0. 0.
 0. 1. 1. 0. 0. 1. 0. 0. 1. 0. 1. 1. 1. 0. 0. 0. 1. 1. 0. 0. 0. 0. 1. 0.
 0. 1. 0. 1. 1. 1. 1. 0. 0. 0. 0. 1. 1. 1. 1. 0. 1. 1. 1. 1. 0. 1. 0. 0.
 1. 0. 0. 1. 1. 1. 1. 1. 0. 0. 1. 1. 1. 0. 0. 1. 0. 1. 0. 0. 1. 0. 1. 0.
 1. 0. 0. 0.]"
6,logistic_regression,"{'penalty': 'l2', 'solver': 'lbfgs'}",0.5334439146396103,0.16147917412655827,0.10684812548148537,0.28015477612962286,0.5383231109541593,0.1504529565346501,0.5171440941912596,0.03731343283582089,0.5186567164179104,0.5186567164179104,"{0: 0.5169302740031188, 1: 0.5169302740031188}","{0: 0.5169302740031188, 1: 0.5169302740031188}",0.5169302740031188,"[[62 72]
 [57 77]]","[1. 1. 1. 0. 0. 1. 1. 0. 0. 1. 0. 1. 0. 0. 1. 0. 0. 0. 0. 1. 1. 1. 0. 1.
 0. 1. 0. 1. 0. 1. 1. 1. 0. 0. 1. 1. 1. 1. 0. 0. 0. 0. 1. 1. 0. 0. 1. 1.
 0. 0. 1. 1. 0. 1. 0. 0. 1. 1. 0. 0. 1. 0. 1. 0. 0. 1. 0. 1. 1. 1. 0. 1.
 1. 1. 1. 0. 1. 0. 0. 0. 0. 0. 1. 0. 1. 0. 0. 0. 0. 0. 1. 1. 0. 1. 0. 1.
 0. 0. 1. 0. 1. 1. 1. 1. 1. 1. 0. 1. 0. 1. 1. 0. 0. 0. 0. 0. 1. 1. 1. 1.
 0. 0. 1. 1. 0. 1. 1. 1. 0. 0. 1. 1. 0. 0. 1. 1. 0. 0. 0. 1. 0. 1. 0. 0.
 0. 1. 1. 0. 1. 1. 0. 0. 0. 1. 0. 1. 1. 0. 0. 1. 0. 1. 0. 1. 1. 0. 0. 1.
 1. 0. 1. 1. 1. 0. 1. 0. 1. 1. 1. 1. 0. 0. 1. 1. 1. 0. 1. 0. 1. 1. 1. 1.
 1. 1. 1. 1. 0. 1. 1. 1. 1. 0. 1. 1. 1. 0. 1. 1. 1. 1. 0. 1. 1. 1. 1. 1.
 1. 0. 0. 0. 0. 1. 0. 1. 0. 1. 1. 1. 1. 1. 0. 0. 1. 0. 1. 1. 0. 1. 0. 0.
 1. 0. 1. 1. 0. 1. 0. 1. 0. 1. 1. 1. 1. 1. 0. 1. 0. 0. 1. 1. 0. 0. 1. 1.
 1. 0. 0. 0.]","[0. 1. 0. 0. 0. 1. 1. 1. 0. 0. 0. 0. 0. 1. 0. 0. 1. 1. 0. 0. 0. 0. 0. 1.
 0. 0. 1. 0. 1. 0. 0. 1. 0. 1. 1. 0. 0. 0. 1. 0. 0. 0. 1. 1. 1. 0. 1. 0.
 1. 0. 1. 1. 0. 1. 1. 1. 1. 0. 1. 0. 0. 1. 1. 1. 0. 0. 0. 1. 1. 0. 1. 1.
 0. 0. 1. 0. 0. 1. 0. 1. 0. 1. 1. 1. 0. 1. 0. 1. 1. 1. 1. 1. 1. 1. 1. 0.
 0. 0. 1. 1. 1. 0. 0. 1. 1. 1. 0. 0. 0. 1. 1. 1. 0. 0. 0. 0. 1. 1. 1. 0.
 1. 0. 0. 1. 1. 0. 0. 0. 0. 1. 0. 0. 1. 1. 0. 1. 1. 1. 0. 1. 1. 0. 1. 0.
 1. 1. 0. 0. 0. 1. 1. 0. 1. 1. 0. 1. 0. 0. 0. 1. 1. 1. 0. 1. 0. 1. 1. 0.
 1. 0. 0. 1. 1. 0. 0. 1. 0. 1. 1. 0. 0. 1. 0. 0. 1. 1. 0. 1. 1. 0. 0. 0.
 0. 1. 1. 0. 0. 1. 0. 0. 1. 0. 1. 1. 1. 0. 0. 0. 1. 1. 0. 0. 0. 0. 1. 0.
 0. 1. 0. 1. 1. 1. 1. 0. 0. 0. 0. 1. 1. 1. 1. 0. 1. 1. 1. 1. 0. 1. 0. 0.
 1. 0. 0. 1. 1. 1. 1. 1. 0. 0. 1. 1. 1. 0. 0. 1. 0. 1. 0. 0. 1. 0. 1. 0.
 1. 0. 0. 0.]"
538,AdaBoost,"{'algorithm': 'SAMME', 'learning_rate': 2.3857142857142857, 'n_estimators': 74}",0.49419886201742025,0.19654756430589626,0.10588621370585129,0.2667828295740433,0.5442816778502263,0.17533555425136635,0.49912582142641826,0.07462686567164178,0.5373134328358209,0.5373134328358209,"{0: 0.5564156827801292, 1: 0.5564156827801292}","{0: 0.5564156827801292, 1: 0.5564156827801292}",0.5564156827801292,"[[109  25]
 [ 99  35]]","[1. 1. 0. 0. 0. 1. 0. 0. 0. 0. 0. 0. 0. 0. 0. 0. 0. 0. 0. 0. 1. 1. 1. 0.
 0. 0. 1. 1. 1. 0. 0. 0. 0. 0. 0. 1. 0. 0. 0. 0. 0. 0. 1. 0. 0. 0. 1. 0.
 1. 0. 0. 0. 0. 0. 0. 0. 0. 1. 0. 0. 0. 0. 0. 0. 0. 0. 0. 1. 1. 0. 0. 0.
 0. 1. 0. 0. 1. 0. 0. 0. 0. 0. 0. 0. 0. 0. 0. 0. 0. 0. 1. 0. 0. 0. 0. 1.
 0. 0. 0. 0. 1. 1. 0. 1. 1. 0. 0. 0. 0. 1. 0. 0. 0. 0. 0. 0. 0. 1. 1. 0.
 0. 0. 0. 0. 0. 0. 0. 1. 0. 0. 0. 0. 0. 0. 1. 0. 0. 0. 0. 1. 0. 0. 0. 0.
 0. 0. 0. 0. 1. 1. 0. 0. 0. 0. 0. 0. 0. 0. 0. 1. 0. 1. 0. 0. 1. 0. 0. 0.
 1. 1. 1. 0. 1. 0. 0. 0. 0. 1. 0. 0. 1. 0. 0. 1. 0. 0. 1. 0. 0. 0. 1. 0.
 0. 1. 0. 0. 0. 0. 0. 0. 0. 0. 1. 0. 0. 0. 0. 0. 0. 0. 0. 1. 0. 1. 1. 0.
 0. 0. 0. 1. 0. 1. 1. 0. 0. 0. 0. 1. 0. 0. 0. 0. 0. 0. 1. 0. 0. 0. 0. 0.
 0. 0. 0. 0. 0. 1. 0. 0. 0. 0. 1. 0. 1. 1. 0. 0. 0. 0. 0. 0. 0. 0. 0. 0.
 1. 0. 1. 0.]","[0. 1. 0. 0. 0. 1. 1. 1. 0. 0. 0. 0. 0. 1. 0. 0. 1. 1. 0. 0. 0. 0. 0. 1.
 0. 0. 1. 0. 1. 0. 0. 1. 0. 1. 1. 0. 0. 0. 1. 0. 0. 0. 1. 1. 1. 0. 1. 0.
 1. 0. 1. 1. 0. 1. 1. 1. 1. 0. 1. 0. 0. 1. 1. 1. 0. 0. 0. 1. 1. 0. 1. 1.
 0. 0. 1. 0. 0. 1. 0. 1. 0. 1. 1. 1. 0. 1. 0. 1. 1. 1. 1. 1. 1. 1. 1. 0.
 0. 0. 1. 1. 1. 0. 0. 1. 1. 1. 0. 0. 0. 1. 1. 1. 0. 0. 0. 0. 1. 1. 1. 0.
 1. 0. 0. 1. 1. 0. 0. 0. 0. 1. 0. 0. 1. 1. 0. 1. 1. 1. 0. 1. 1. 0. 1. 0.
 1. 1. 0. 0. 0. 1. 1. 0. 1. 1. 0. 1. 0. 0. 0. 1. 1. 1. 0. 1. 0. 1. 1. 0.
 1. 0. 0. 1. 1. 0. 0. 1. 0. 1. 1. 0. 0. 1. 0. 0. 1. 1. 0. 1. 1. 0. 0. 0.
 0. 1. 1. 0. 0. 1. 0. 0. 1. 0. 1. 1. 1. 0. 0. 0. 1. 1. 0. 0. 0. 0. 1. 0.
 0. 1. 0. 1. 1. 1. 1. 0. 0. 0. 0. 1. 1. 1. 1. 0. 1. 1. 1. 1. 0. 1. 0. 0.
 1. 0. 0. 1. 1. 1. 1. 1. 0. 0. 1. 1. 1. 0. 0. 1. 0. 1. 0. 0. 1. 0. 1. 0.
 1. 0. 0. 0.]"
93,AdaBoost,"{'algorithm': 'SAMME', 'learning_rate': 0.9979591836734693, 'n_estimators': 30}",0.5537337074704644,0.15941067900534395,0.10515988418114143,0.2727559186034292,0.5524565450976741,0.143924466380576,0.523725564278018,0.052238805970149294,0.5261194029850746,0.5261194029850746,"{0: 0.5573624415237246, 1: 0.5573624415237246}","{0: 0.5573624415237246, 1: 0.5573624415237246}",0.5573624415237246,"[[61 73]
 [54 80]]","[1. 0. 0. 0. 0. 1. 1. 1. 1. 0. 0. 1. 1. 0. 1. 0. 0. 0. 0. 1. 1. 1. 1. 0.
 1. 1. 1. 1. 1. 1. 1. 0. 0. 0. 1. 0. 1. 1. 0. 0. 0. 0. 1. 1. 0. 0. 1. 1.
 0. 0. 1. 0. 0. 0. 1. 1. 1. 1. 0. 1. 1. 1. 1. 1. 0. 0. 0. 1. 1. 1. 0. 1.
 1. 1. 0. 1. 1. 0. 1. 1. 0. 1. 1. 0. 0. 1. 0. 1. 1. 0. 1. 1. 0. 1. 1. 1.
 0. 0. 1. 0. 0. 1. 0. 1. 1. 1. 0. 1. 0. 1. 0. 0. 0. 1. 1. 0. 1. 1. 0. 1.
 0. 1. 0. 1. 0. 1. 1. 1. 1. 0. 0. 0. 1. 0. 1. 1. 0. 0. 1. 0. 1. 1. 0. 1.
 1. 1. 1. 1. 1. 1. 0. 0. 1. 1. 0. 1. 1. 0. 1. 0. 1. 1. 0. 0. 1. 0. 0. 1.
 1. 1. 1. 1. 1. 0. 0. 1. 0. 1. 0. 1. 0. 0. 0. 1. 1. 0. 1. 1. 1. 1. 1. 1.
 1. 1. 0. 0. 1. 1. 0. 0. 0. 1. 1. 1. 1. 1. 1. 1. 0. 0. 0. 1. 1. 1. 1. 0.
 0. 0. 0. 1. 0. 1. 0. 0. 0. 1. 1. 0. 0. 0. 0. 1. 1. 1. 1. 1. 0. 1. 0. 0.
 1. 0. 0. 1. 1. 1. 0. 0. 0. 0. 1. 1. 1. 0. 0. 1. 1. 1. 0. 1. 0. 1. 1. 1.
 1. 0. 1. 0.]","[0. 1. 0. 0. 0. 1. 1. 1. 0. 0. 0. 0. 0. 1. 0. 0. 1. 1. 0. 0. 0. 0. 0. 1.
 0. 0. 1. 0. 1. 0. 0. 1. 0. 1. 1. 0. 0. 0. 1. 0. 0. 0. 1. 1. 1. 0. 1. 0.
 1. 0. 1. 1. 0. 1. 1. 1. 1. 0. 1. 0. 0. 1. 1. 1. 0. 0. 0. 1. 1. 0. 1. 1.
 0. 0. 1. 0. 0. 1. 0. 1. 0. 1. 1. 1. 0. 1. 0. 1. 1. 1. 1. 1. 1. 1. 1. 0.
 0. 0. 1. 1. 1. 0. 0. 1. 1. 1. 0. 0. 0. 1. 1. 1. 0. 0. 0. 0. 1. 1. 1. 0.
 1. 0. 0. 1. 1. 0. 0. 0. 0. 1. 0. 0. 1. 1. 0. 1. 1. 1. 0. 1. 1. 0. 1. 0.
 1. 1. 0. 0. 0. 1. 1. 0. 1. 1. 0. 1. 0. 0. 0. 1. 1. 1. 0. 1. 0. 1. 1. 0.
 1. 0. 0. 1. 1. 0. 0. 1. 0. 1. 1. 0. 0. 1. 0. 0. 1. 1. 0. 1. 1. 0. 0. 0.
 0. 1. 1. 0. 0. 1. 0. 0. 1. 0. 1. 1. 1. 0. 0. 0. 1. 1. 0. 0. 0. 0. 1. 0.
 0. 1. 0. 1. 1. 1. 1. 0. 0. 0. 0. 1. 1. 1. 1. 0. 1. 1. 1. 1. 0. 1. 0. 0.
 1. 0. 0. 1. 1. 1. 1. 1. 0. 0. 1. 1. 1. 0. 0. 1. 0. 1. 0. 0. 1. 0. 1. 0.
 1. 0. 0. 0.]"
376,AdaBoost,"{'algorithm': 'SAMME', 'learning_rate': 0.5897959183673469, 'n_estimators': 41}",0.5236816136300023,0.17062688823773428,0.10510557563451765,0.2555648797675054,0.546194400730691,0.15426252376217045,0.5168269230769231,0.05970149253731338,0.5298507462686567,0.5298507462686567,"{0: 0.5509578970817554, 1: 0.5509578970817554}","{0: 0.5509578970817554, 1: 0.5509578970817554}",0.5509578970817554,"[[49 85]
 [41 93]]","[1. 0. 1. 1. 0. 1. 1. 1. 1. 0. 0. 1. 1. 0. 1. 0. 0. 0. 0. 1. 1. 1. 1. 0.
 0. 1. 1. 1. 1. 1. 1. 0. 0. 0. 1. 1. 1. 1. 1. 1. 1. 0. 1. 1. 0. 1. 1. 1.
 0. 0. 1. 1. 0. 0. 0. 1. 0. 1. 0. 1. 1. 1. 1. 1. 0. 0. 0. 1. 1. 1. 0. 1.
 1. 1. 0. 1. 1. 0. 1. 0. 0. 1. 1. 0. 0. 1. 1. 1. 1. 1. 1. 1. 0. 1. 1. 1.
 0. 0. 1. 1. 1. 1. 0. 1. 1. 1. 0. 1. 1. 1. 1. 0. 0. 0. 1. 0. 1. 1. 1. 1.
 0. 1. 1. 1. 0. 1. 1. 1. 0. 0. 0. 0. 1. 0. 1. 1. 0. 0. 1. 0. 1. 1. 1. 1.
 1. 1. 1. 1. 1. 1. 1. 0. 1. 1. 0. 1. 1. 1. 1. 1. 1. 1. 0. 1. 1. 1. 0. 1.
 1. 1. 1. 1. 1. 0. 1. 1. 1. 1. 0. 1. 0. 0. 1. 1. 0. 0. 1. 1. 1. 1. 1. 1.
 1. 1. 0. 0. 1. 1. 0. 0. 0. 0. 1. 1. 1. 0. 1. 0. 0. 0. 0. 1. 1. 1. 1. 1.
 1. 0. 0. 1. 0. 1. 1. 1. 1. 1. 1. 0. 1. 1. 1. 0. 1. 1. 1. 1. 0. 1. 0. 0.
 1. 0. 0. 1. 1. 1. 0. 1. 0. 1. 1. 1. 1. 1. 0. 1. 1. 1. 0. 1. 0. 1. 1. 1.
 1. 0. 1. 0.]","[0. 1. 0. 0. 0. 1. 1. 1. 0. 0. 0. 0. 0. 1. 0. 0. 1. 1. 0. 0. 0. 0. 0. 1.
 0. 0. 1. 0. 1. 0. 0. 1. 0. 1. 1. 0. 0. 0. 1. 0. 0. 0. 1. 1. 1. 0. 1. 0.
 1. 0. 1. 1. 0. 1. 1. 1. 1. 0. 1. 0. 0. 1. 1. 1. 0. 0. 0. 1. 1. 0. 1. 1.
 0. 0. 1. 0. 0. 1. 0. 1. 0. 1. 1. 1. 0. 1. 0. 1. 1. 1. 1. 1. 1. 1. 1. 0.
 0. 0. 1. 1. 1. 0. 0. 1. 1. 1. 0. 0. 0. 1. 1. 1. 0. 0. 0. 0. 1. 1. 1. 0.
 1. 0. 0. 1. 1. 0. 0. 0. 0. 1. 0. 0. 1. 1. 0. 1. 1. 1. 0. 1. 1. 0. 1. 0.
 1. 1. 0. 0. 0. 1. 1. 0. 1. 1. 0. 1. 0. 0. 0. 1. 1. 1. 0. 1. 0. 1. 1. 0.
 1. 0. 0. 1. 1. 0. 0. 1. 0. 1. 1. 0. 0. 1. 0. 0. 1. 1. 0. 1. 1. 0. 0. 0.
 0. 1. 1. 0. 0. 1. 0. 0. 1. 0. 1. 1. 1. 0. 0. 0. 1. 1. 0. 0. 0. 0. 1. 0.
 0. 1. 0. 1. 1. 1. 1. 0. 0. 0. 0. 1. 1. 1. 1. 0. 1. 1. 1. 1. 0. 1. 0. 0.
 1. 0. 0. 1. 1. 1. 1. 1. 0. 0. 1. 1. 1. 0. 0. 1. 0. 1. 0. 0. 1. 0. 1. 0.
 1. 0. 0. 0.]"
49,logistic_regression,"{'penalty': None, 'solver': 'sag'}",0.5242397931433088,0.17732739743541281,0.10466576597258302,0.3189657156892754,0.5254990659728563,0.1790514927056266,0.5184891154472904,0.03731343283582089,0.5186567164179104,0.5186567164179104,"{0: 0.5191022499443083, 1: 0.5191022499443083}","{0: 0.5191022499443083, 1: 0.5191022499443083}",0.5191022499443083,"[[72 62]
 [67 67]]","[1. 1. 1. 0. 0. 0. 1. 0. 1. 0. 0. 1. 0. 1. 1. 0. 0. 0. 1. 0. 1. 1. 0. 0.
 0. 1. 0. 1. 0. 1. 1. 1. 0. 0. 0. 1. 0. 1. 0. 0. 0. 0. 1. 1. 0. 1. 1. 1.
 0. 0. 1. 1. 0. 1. 0. 0. 0. 1. 1. 0. 1. 0. 1. 1. 0. 0. 0. 1. 1. 0. 0. 0.
 1. 1. 0. 1. 1. 0. 0. 0. 0. 0. 0. 0. 0. 1. 0. 0. 0. 0. 1. 1. 0. 1. 0. 1.
 0. 0. 1. 0. 1. 1. 0. 1. 1. 1. 0. 0. 0. 1. 0. 0. 0. 0. 0. 0. 1. 0. 1. 1.
 1. 0. 1. 1. 0. 1. 1. 1. 0. 0. 0. 0. 0. 0. 1. 1. 0. 0. 0. 0. 0. 1. 0. 0.
 0. 1. 1. 0. 1. 1. 0. 0. 0. 1. 0. 1. 1. 0. 0. 1. 0. 1. 0. 0. 1. 0. 0. 1.
 1. 1. 1. 1. 1. 0. 1. 1. 0. 1. 1. 0. 0. 0. 1. 1. 0. 0. 1. 0. 1. 0. 1. 1.
 1. 1. 1. 1. 0. 1. 0. 0. 0. 0. 1. 0. 1. 0. 1. 1. 0. 1. 0. 1. 0. 1. 1. 1.
 0. 0. 0. 1. 0. 1. 0. 1. 0. 1. 1. 1. 0. 1. 0. 0. 1. 0. 1. 1. 0. 0. 0. 0.
 1. 1. 1. 1. 0. 1. 0. 1. 0. 1. 1. 1. 1. 1. 0. 1. 1. 0. 0. 1. 0. 1. 1. 1.
 1. 0. 0. 0.]","[0. 1. 0. 0. 0. 1. 1. 1. 0. 0. 0. 0. 0. 1. 0. 0. 1. 1. 0. 0. 0. 0. 0. 1.
 0. 0. 1. 0. 1. 0. 0. 1. 0. 1. 1. 0. 0. 0. 1. 0. 0. 0. 1. 1. 1. 0. 1. 0.
 1. 0. 1. 1. 0. 1. 1. 1. 1. 0. 1. 0. 0. 1. 1. 1. 0. 0. 0. 1. 1. 0. 1. 1.
 0. 0. 1. 0. 0. 1. 0. 1. 0. 1. 1. 1. 0. 1. 0. 1. 1. 1. 1. 1. 1. 1. 1. 0.
 0. 0. 1. 1. 1. 0. 0. 1. 1. 1. 0. 0. 0. 1. 1. 1. 0. 0. 0. 0. 1. 1. 1. 0.
 1. 0. 0. 1. 1. 0. 0. 0. 0. 1. 0. 0. 1. 1. 0. 1. 1. 1. 0. 1. 1. 0. 1. 0.
 1. 1. 0. 0. 0. 1. 1. 0. 1. 1. 0. 1. 0. 0. 0. 1. 1. 1. 0. 1. 0. 1. 1. 0.
 1. 0. 0. 1. 1. 0. 0. 1. 0. 1. 1. 0. 0. 1. 0. 0. 1. 1. 0. 1. 1. 0. 0. 0.
 0. 1. 1. 0. 0. 1. 0. 0. 1. 0. 1. 1. 1. 0. 0. 0. 1. 1. 0. 0. 0. 0. 1. 0.
 0. 1. 0. 1. 1. 1. 1. 0. 0. 0. 0. 1. 1. 1. 1. 0. 1. 1. 1. 1. 0. 1. 0. 0.
 1. 0. 0. 1. 1. 1. 1. 1. 0. 0. 1. 1. 1. 0. 0. 1. 0. 1. 0. 0. 1. 0. 1. 0.
 1. 0. 0. 0.]"
230,logistic_regression,"{'penalty': 'l2', 'solver': 'sag'}",0.5242397931433088,0.17732739743541281,0.10466576597258302,0.3189657156892754,0.5254990659728563,0.1790514927056266,0.5184891154472904,0.03731343283582089,0.5186567164179104,0.5186567164179104,"{0: 0.5193250167075072, 1: 0.5193250167075073}","{0: 0.5193250167075072, 1: 0.5193250167075073}",0.5193250167075073,"[[72 62]
 [67 67]]","[1. 1. 1. 0. 0. 0. 1. 0. 1. 0. 0. 1. 0. 1. 1. 0. 0. 0. 1. 0. 1. 1. 0. 0.
 0. 1. 0. 1. 0. 1. 1. 1. 0. 0. 0. 1. 0. 1. 0. 0. 0. 0. 1. 1. 0. 1. 1. 1.
 0. 0. 1. 1. 0. 1. 0. 0. 0. 1. 1. 0. 1. 0. 1. 1. 0. 0. 0. 1. 1. 0. 0. 0.
 1. 1. 0. 1. 1. 0. 0. 0. 0. 0. 0. 0. 0. 1. 0. 0. 0. 0. 1. 1. 0. 1. 0. 1.
 0. 0. 1. 0. 1. 1. 0. 1. 1. 1. 0. 0. 0. 1. 0. 0. 0. 0. 0. 0. 1. 0. 1. 1.
 1. 0. 1. 1. 0. 1. 1. 1. 0. 0. 0. 0. 0. 0. 1. 1. 0. 0. 0. 0. 0. 1. 0. 0.
 0. 1. 1. 0. 1. 1. 0. 0. 0. 1. 0. 1. 1. 0. 0. 1. 0. 1. 0. 0. 1. 0. 0. 1.
 1. 1. 1. 1. 1. 0. 1. 1. 0. 1. 1. 0. 0. 0. 1. 1. 0. 0. 1. 0. 1. 0. 1. 1.
 1. 1. 1. 1. 0. 1. 0. 0. 0. 0. 1. 0. 1. 0. 1. 1. 0. 1. 0. 1. 0. 1. 1. 1.
 0. 0. 0. 1. 0. 1. 0. 1. 0. 1. 1. 1. 0. 1. 0. 0. 1. 0. 1. 1. 0. 0. 0. 0.
 1. 1. 1. 1. 0. 1. 0. 1. 0. 1. 1. 1. 1. 1. 0. 1. 1. 0. 0. 1. 0. 1. 1. 1.
 1. 0. 0. 0.]","[0. 1. 0. 0. 0. 1. 1. 1. 0. 0. 0. 0. 0. 1. 0. 0. 1. 1. 0. 0. 0. 0. 0. 1.
 0. 0. 1. 0. 1. 0. 0. 1. 0. 1. 1. 0. 0. 0. 1. 0. 0. 0. 1. 1. 1. 0. 1. 0.
 1. 0. 1. 1. 0. 1. 1. 1. 1. 0. 1. 0. 0. 1. 1. 1. 0. 0. 0. 1. 1. 0. 1. 1.
 0. 0. 1. 0. 0. 1. 0. 1. 0. 1. 1. 1. 0. 1. 0. 1. 1. 1. 1. 1. 1. 1. 1. 0.
 0. 0. 1. 1. 1. 0. 0. 1. 1. 1. 0. 0. 0. 1. 1. 1. 0. 0. 0. 0. 1. 1. 1. 0.
 1. 0. 0. 1. 1. 0. 0. 0. 0. 1. 0. 0. 1. 1. 0. 1. 1. 1. 0. 1. 1. 0. 1. 0.
 1. 1. 0. 0. 0. 1. 1. 0. 1. 1. 0. 1. 0. 0. 0. 1. 1. 1. 0. 1. 0. 1. 1. 0.
 1. 0. 0. 1. 1. 0. 0. 1. 0. 1. 1. 0. 0. 1. 0. 0. 1. 1. 0. 1. 1. 0. 0. 0.
 0. 1. 1. 0. 0. 1. 0. 0. 1. 0. 1. 1. 1. 0. 0. 0. 1. 1. 0. 0. 0. 0. 1. 0.
 0. 1. 0. 1. 1. 1. 1. 0. 0. 0. 0. 1. 1. 1. 1. 0. 1. 1. 1. 1. 0. 1. 0. 0.
 1. 0. 0. 1. 1. 1. 1. 1. 0. 0. 1. 1. 1. 0. 0. 1. 0. 1. 0. 0. 1. 0. 1. 0.
 1. 0. 0. 0.]"
53,logistic_regression,"{'penalty': 'l2', 'solver': 'sag'}",0.5242397931433088,0.17732739743541281,0.10466576597258302,0.3189657156892754,0.5254990659728563,0.1790514927056266,0.5184891154472904,0.03731343283582089,0.5186567164179104,0.5186567164179104,"{0: 0.5193807083983069, 1: 0.519380708398307}","{0: 0.5193807083983069, 1: 0.519380708398307}",0.519380708398307,"[[72 62]
 [67 67]]","[1. 1. 1. 0. 0. 0. 1. 0. 1. 0. 0. 1. 0. 1. 1. 0. 0. 0. 1. 0. 1. 1. 0. 0.
 0. 1. 0. 1. 0. 1. 1. 1. 0. 0. 0. 1. 0. 1. 0. 0. 0. 0. 1. 1. 0. 1. 1. 1.
 0. 0. 1. 1. 0. 1. 0. 0. 0. 1. 1. 0. 1. 0. 1. 1. 0. 0. 0. 1. 1. 0. 0. 0.
 1. 1. 0. 1. 1. 0. 0. 0. 0. 0. 0. 0. 0. 1. 0. 0. 0. 0. 1. 1. 0. 1. 0. 1.
 0. 0. 1. 0. 1. 1. 0. 1. 1. 1. 0. 0. 0. 1. 0. 0. 0. 0. 0. 0. 1. 0. 1. 1.
 1. 0. 1. 1. 0. 1. 1. 1. 0. 0. 0. 0. 0. 0. 1. 1. 0. 0. 0. 0. 0. 1. 0. 0.
 0. 1. 1. 0. 1. 1. 0. 0. 0. 1. 0. 1. 1. 0. 0. 1. 0. 1. 0. 0. 1. 0. 0. 1.
 1. 1. 1. 1. 1. 0. 1. 1. 0. 1. 1. 0. 0. 0. 1. 1. 0. 0. 1. 0. 1. 0. 1. 1.
 1. 1. 1. 1. 0. 1. 0. 0. 0. 0. 1. 0. 1. 0. 1. 1. 0. 1. 0. 1. 0. 1. 1. 1.
 0. 0. 0. 1. 0. 1. 0. 1. 0. 1. 1. 1. 0. 1. 0. 0. 1. 0. 1. 1. 0. 0. 0. 0.
 1. 1. 1. 1. 0. 1. 0. 1. 0. 1. 1. 1. 1. 1. 0. 1. 1. 0. 0. 1. 0. 1. 1. 1.
 1. 0. 0. 0.]","[0. 1. 0. 0. 0. 1. 1. 1. 0. 0. 0. 0. 0. 1. 0. 0. 1. 1. 0. 0. 0. 0. 0. 1.
 0. 0. 1. 0. 1. 0. 0. 1. 0. 1. 1. 0. 0. 0. 1. 0. 0. 0. 1. 1. 1. 0. 1. 0.
 1. 0. 1. 1. 0. 1. 1. 1. 1. 0. 1. 0. 0. 1. 1. 1. 0. 0. 0. 1. 1. 0. 1. 1.
 0. 0. 1. 0. 0. 1. 0. 1. 0. 1. 1. 1. 0. 1. 0. 1. 1. 1. 1. 1. 1. 1. 1. 0.
 0. 0. 1. 1. 1. 0. 0. 1. 1. 1. 0. 0. 0. 1. 1. 1. 0. 0. 0. 0. 1. 1. 1. 0.
 1. 0. 0. 1. 1. 0. 0. 0. 0. 1. 0. 0. 1. 1. 0. 1. 1. 1. 0. 1. 1. 0. 1. 0.
 1. 1. 0. 0. 0. 1. 1. 0. 1. 1. 0. 1. 0. 0. 0. 1. 1. 1. 0. 1. 0. 1. 1. 0.
 1. 0. 0. 1. 1. 0. 0. 1. 0. 1. 1. 0. 0. 1. 0. 0. 1. 1. 0. 1. 1. 0. 0. 0.
 0. 1. 1. 0. 0. 1. 0. 0. 1. 0. 1. 1. 1. 0. 0. 0. 1. 1. 0. 0. 0. 0. 1. 0.
 0. 1. 0. 1. 1. 1. 1. 0. 0. 0. 0. 1. 1. 1. 1. 0. 1. 1. 1. 1. 0. 1. 0. 0.
 1. 0. 0. 1. 1. 1. 1. 1. 0. 0. 1. 1. 1. 0. 0. 1. 0. 1. 0. 0. 1. 0. 1. 0.
 1. 0. 0. 0.]"
622,logistic_regression,"{'penalty': None, 'solver': 'sag'}",0.5242397931433088,0.17732739743541281,0.10466576597258302,0.3189657156892754,0.5254990659728563,0.1790514927056266,0.5184891154472904,0.03731343283582089,0.5186567164179104,0.5186567164179104,"{0: 0.5188237914903095, 1: 0.5188237914903097}","{0: 0.5188237914903095, 1: 0.5188237914903097}",0.5188237914903097,"[[72 62]
 [67 67]]","[1. 1. 1. 0. 0. 0. 1. 0. 1. 0. 0. 1. 0. 1. 1. 0. 0. 0. 1. 0. 1. 1. 0. 0.
 0. 1. 0. 1. 0. 1. 1. 1. 0. 0. 0. 1. 0. 1. 0. 0. 0. 0. 1. 1. 0. 1. 1. 1.
 0. 0. 1. 1. 0. 1. 0. 0. 0. 1. 1. 0. 1. 0. 1. 1. 0. 0. 0. 1. 1. 0. 0. 0.
 1. 1. 0. 1. 1. 0. 0. 0. 0. 0. 0. 0. 0. 1. 0. 0. 0. 0. 1. 1. 0. 1. 0. 1.
 0. 0. 1. 0. 1. 1. 0. 1. 1. 1. 0. 0. 0. 1. 0. 0. 0. 0. 0. 0. 1. 0. 1. 1.
 1. 0. 1. 1. 0. 1. 1. 1. 0. 0. 0. 0. 0. 0. 1. 1. 0. 0. 0. 0. 0. 1. 0. 0.
 0. 1. 1. 0. 1. 1. 0. 0. 0. 1. 0. 1. 1. 0. 0. 1. 0. 1. 0. 0. 1. 0. 0. 1.
 1. 1. 1. 1. 1. 0. 1. 1. 0. 1. 1. 0. 0. 0. 1. 1. 0. 0. 1. 0. 1. 0. 1. 1.
 1. 1. 1. 1. 0. 1. 0. 0. 0. 0. 1. 0. 1. 0. 1. 1. 0. 1. 0. 1. 0. 1. 1. 1.
 0. 0. 0. 1. 0. 1. 0. 1. 0. 1. 1. 1. 0. 1. 0. 0. 1. 0. 1. 1. 0. 0. 0. 0.
 1. 1. 1. 1. 0. 1. 0. 1. 0. 1. 1. 1. 1. 1. 0. 1. 1. 0. 0. 1. 0. 1. 1. 1.
 1. 0. 0. 0.]","[0. 1. 0. 0. 0. 1. 1. 1. 0. 0. 0. 0. 0. 1. 0. 0. 1. 1. 0. 0. 0. 0. 0. 1.
 0. 0. 1. 0. 1. 0. 0. 1. 0. 1. 1. 0. 0. 0. 1. 0. 0. 0. 1. 1. 1. 0. 1. 0.
 1. 0. 1. 1. 0. 1. 1. 1. 1. 0. 1. 0. 0. 1. 1. 1. 0. 0. 0. 1. 1. 0. 1. 1.
 0. 0. 1. 0. 0. 1. 0. 1. 0. 1. 1. 1. 0. 1. 0. 1. 1. 1. 1. 1. 1. 1. 1. 0.
 0. 0. 1. 1. 1. 0. 0. 1. 1. 1. 0. 0. 0. 1. 1. 1. 0. 0. 0. 0. 1. 1. 1. 0.
 1. 0. 0. 1. 1. 0. 0. 0. 0. 1. 0. 0. 1. 1. 0. 1. 1. 1. 0. 1. 1. 0. 1. 0.
 1. 1. 0. 0. 0. 1. 1. 0. 1. 1. 0. 1. 0. 0. 0. 1. 1. 1. 0. 1. 0. 1. 1. 0.
 1. 0. 0. 1. 1. 0. 0. 1. 0. 1. 1. 0. 0. 1. 0. 0. 1. 1. 0. 1. 1. 0. 0. 0.
 0. 1. 1. 0. 0. 1. 0. 0. 1. 0. 1. 1. 1. 0. 0. 0. 1. 1. 0. 0. 0. 0. 1. 0.
 0. 1. 0. 1. 1. 1. 1. 0. 0. 0. 0. 1. 1. 1. 1. 0. 1. 1. 1. 1. 0. 1. 0. 0.
 1. 0. 0. 1. 1. 1. 1. 1. 0. 0. 1. 1. 1. 0. 0. 1. 0. 1. 0. 0. 1. 0. 1. 0.
 1. 0. 0. 0.]"
452,logistic_regression,"{'penalty': None, 'solver': 'sag'}",0.5242397931433088,0.17732739743541281,0.10466576597258302,0.3189657156892754,0.5254990659728563,0.1790514927056266,0.5184891154472904,0.03731343283582089,0.5186567164179104,0.5186567164179104,"{0: 0.5191022499443083, 1: 0.5191022499443083}","{0: 0.5191022499443083, 1: 0.5191022499443083}",0.5191022499443083,"[[72 62]
 [67 67]]","[1. 1. 1. 0. 0. 0. 1. 0. 1. 0. 0. 1. 0. 1. 1. 0. 0. 0. 1. 0. 1. 1. 0. 0.
 0. 1. 0. 1. 0. 1. 1. 1. 0. 0. 0. 1. 0. 1. 0. 0. 0. 0. 1. 1. 0. 1. 1. 1.
 0. 0. 1. 1. 0. 1. 0. 0. 0. 1. 1. 0. 1. 0. 1. 1. 0. 0. 0. 1. 1. 0. 0. 0.
 1. 1. 0. 1. 1. 0. 0. 0. 0. 0. 0. 0. 0. 1. 0. 0. 0. 0. 1. 1. 0. 1. 0. 1.
 0. 0. 1. 0. 1. 1. 0. 1. 1. 1. 0. 0. 0. 1. 0. 0. 0. 0. 0. 0. 1. 0. 1. 1.
 1. 0. 1. 1. 0. 1. 1. 1. 0. 0. 0. 0. 0. 0. 1. 1. 0. 0. 0. 0. 0. 1. 0. 0.
 0. 1. 1. 0. 1. 1. 0. 0. 0. 1. 0. 1. 1. 0. 0. 1. 0. 1. 0. 0. 1. 0. 0. 1.
 1. 1. 1. 1. 1. 0. 1. 1. 0. 1. 1. 0. 0. 0. 1. 1. 0. 0. 1. 0. 1. 0. 1. 1.
 1. 1. 1. 1. 0. 1. 0. 0. 0. 0. 1. 0. 1. 0. 1. 1. 0. 1. 0. 1. 0. 1. 1. 1.
 0. 0. 0. 1. 0. 1. 0. 1. 0. 1. 1. 1. 0. 1. 0. 0. 1. 0. 1. 1. 0. 0. 0. 0.
 1. 1. 1. 1. 0. 1. 0. 1. 0. 1. 1. 1. 1. 1. 0. 1. 1. 0. 0. 1. 0. 1. 1. 1.
 1. 0. 0. 0.]","[0. 1. 0. 0. 0. 1. 1. 1. 0. 0. 0. 0. 0. 1. 0. 0. 1. 1. 0. 0. 0. 0. 0. 1.
 0. 0. 1. 0. 1. 0. 0. 1. 0. 1. 1. 0. 0. 0. 1. 0. 0. 0. 1. 1. 1. 0. 1. 0.
 1. 0. 1. 1. 0. 1. 1. 1. 1. 0. 1. 0. 0. 1. 1. 1. 0. 0. 0. 1. 1. 0. 1. 1.
 0. 0. 1. 0. 0. 1. 0. 1. 0. 1. 1. 1. 0. 1. 0. 1. 1. 1. 1. 1. 1. 1. 1. 0.
 0. 0. 1. 1. 1. 0. 0. 1. 1. 1. 0. 0. 0. 1. 1. 1. 0. 0. 0. 0. 1. 1. 1. 0.
 1. 0. 0. 1. 1. 0. 0. 0. 0. 1. 0. 0. 1. 1. 0. 1. 1. 1. 0. 1. 1. 0. 1. 0.
 1. 1. 0. 0. 0. 1. 1. 0. 1. 1. 0. 1. 0. 0. 0. 1. 1. 1. 0. 1. 0. 1. 1. 0.
 1. 0. 0. 1. 1. 0. 0. 1. 0. 1. 1. 0. 0. 1. 0. 0. 1. 1. 0. 1. 1. 0. 0. 0.
 0. 1. 1. 0. 0. 1. 0. 0. 1. 0. 1. 1. 1. 0. 0. 0. 1. 1. 0. 0. 0. 0. 1. 0.
 0. 1. 0. 1. 1. 1. 1. 0. 0. 0. 0. 1. 1. 1. 1. 0. 1. 1. 1. 1. 0. 1. 0. 0.
 1. 0. 0. 1. 1. 1. 1. 1. 0. 0. 1. 1. 1. 0. 0. 1. 0. 1. 0. 0. 1. 0. 1. 0.
 1. 0. 0. 0.]"
296,logistic_regression,"{'penalty': 'l2', 'solver': 'newton-cg'}",0.5286669786126742,0.16552213105884506,0.10444797187165433,0.28191306898152485,0.5341564442874926,0.15552520785023094,0.5135980342882672,0.02985074626865669,0.5149253731343284,0.5149253731343284,"{0: 0.5168745823123191, 1: 0.5168745823123191}","{0: 0.5168745823123191, 1: 0.5168745823123191}",0.5168745823123191,"[[62 72]
 [58 76]]","[1. 1. 1. 0. 0. 1. 1. 0. 0. 1. 0. 1. 0. 0. 1. 0. 0. 0. 0. 1. 1. 1. 0. 1.
 0. 1. 0. 1. 0. 1. 1. 1. 0. 0. 0. 1. 1. 1. 0. 0. 0. 0. 1. 1. 0. 0. 1. 1.
 0. 0. 1. 1. 0. 1. 0. 0. 1. 1. 0. 0. 1. 0. 1. 0. 0. 1. 0. 1. 1. 1. 0. 1.
 1. 1. 1. 0. 1. 0. 0. 0. 0. 0. 1. 0. 1. 0. 0. 0. 0. 0. 1. 1. 0. 1. 0. 1.
 0. 0. 1. 0. 1. 1. 1. 1. 1. 1. 0. 1. 0. 1. 1. 0. 0. 0. 0. 0. 1. 1. 1. 1.
 0. 0. 1. 1. 0. 1. 1. 1. 0. 0. 1. 1. 0. 0. 1. 1. 0. 0. 0. 1. 0. 1. 0. 0.
 0. 1. 1. 0. 1. 1. 0. 0. 0. 1. 0. 1. 1. 0. 0. 1. 0. 1. 0. 1. 1. 0. 0. 1.
 1. 0. 1. 1. 1. 0. 1. 0. 1. 1. 1. 1. 0. 0. 1. 1. 1. 0. 1. 0. 1. 1. 1. 1.
 1. 1. 1. 1. 0. 1. 1. 1. 1. 0. 1. 1. 1. 0. 1. 1. 1. 1. 0. 1. 1. 1. 1. 1.
 1. 0. 0. 0. 0. 1. 0. 1. 0. 1. 1. 1. 1. 1. 0. 0. 1. 0. 1. 1. 0. 1. 0. 0.
 1. 0. 1. 1. 0. 1. 0. 1. 0. 1. 1. 1. 1. 1. 0. 1. 0. 0. 1. 1. 0. 0. 1. 1.
 1. 0. 0. 0.]","[0. 1. 0. 0. 0. 1. 1. 1. 0. 0. 0. 0. 0. 1. 0. 0. 1. 1. 0. 0. 0. 0. 0. 1.
 0. 0. 1. 0. 1. 0. 0. 1. 0. 1. 1. 0. 0. 0. 1. 0. 0. 0. 1. 1. 1. 0. 1. 0.
 1. 0. 1. 1. 0. 1. 1. 1. 1. 0. 1. 0. 0. 1. 1. 1. 0. 0. 0. 1. 1. 0. 1. 1.
 0. 0. 1. 0. 0. 1. 0. 1. 0. 1. 1. 1. 0. 1. 0. 1. 1. 1. 1. 1. 1. 1. 1. 0.
 0. 0. 1. 1. 1. 0. 0. 1. 1. 1. 0. 0. 0. 1. 1. 1. 0. 0. 0. 0. 1. 1. 1. 0.
 1. 0. 0. 1. 1. 0. 0. 0. 0. 1. 0. 0. 1. 1. 0. 1. 1. 1. 0. 1. 1. 0. 1. 0.
 1. 1. 0. 0. 0. 1. 1. 0. 1. 1. 0. 1. 0. 0. 0. 1. 1. 1. 0. 1. 0. 1. 1. 0.
 1. 0. 0. 1. 1. 0. 0. 1. 0. 1. 1. 0. 0. 1. 0. 0. 1. 1. 0. 1. 1. 0. 0. 0.
 0. 1. 1. 0. 0. 1. 0. 0. 1. 0. 1. 1. 1. 0. 0. 0. 1. 1. 0. 0. 0. 0. 1. 0.
 0. 1. 0. 1. 1. 1. 1. 0. 0. 0. 0. 1. 1. 1. 1. 0. 1. 1. 1. 1. 0. 1. 0. 0.
 1. 0. 0. 1. 1. 1. 1. 1. 0. 0. 1. 1. 1. 0. 0. 1. 0. 1. 0. 0. 1. 0. 1. 0.
 1. 0. 0. 0.]"
352,logistic_regression,"{'penalty': 'l2', 'solver': 'newton-cg'}",0.5286669786126742,0.16552213105884506,0.10444797187165433,0.28191306898152485,0.5341564442874926,0.15552520785023094,0.5135980342882672,0.02985074626865669,0.5149253731343284,0.5149253731343284,"{0: 0.5168745823123191, 1: 0.5168745823123191}","{0: 0.5168745823123191, 1: 0.5168745823123191}",0.5168745823123191,"[[62 72]
 [58 76]]","[1. 1. 1. 0. 0. 1. 1. 0. 0. 1. 0. 1. 0. 0. 1. 0. 0. 0. 0. 1. 1. 1. 0. 1.
 0. 1. 0. 1. 0. 1. 1. 1. 0. 0. 0. 1. 1. 1. 0. 0. 0. 0. 1. 1. 0. 0. 1. 1.
 0. 0. 1. 1. 0. 1. 0. 0. 1. 1. 0. 0. 1. 0. 1. 0. 0. 1. 0. 1. 1. 1. 0. 1.
 1. 1. 1. 0. 1. 0. 0. 0. 0. 0. 1. 0. 1. 0. 0. 0. 0. 0. 1. 1. 0. 1. 0. 1.
 0. 0. 1. 0. 1. 1. 1. 1. 1. 1. 0. 1. 0. 1. 1. 0. 0. 0. 0. 0. 1. 1. 1. 1.
 0. 0. 1. 1. 0. 1. 1. 1. 0. 0. 1. 1. 0. 0. 1. 1. 0. 0. 0. 1. 0. 1. 0. 0.
 0. 1. 1. 0. 1. 1. 0. 0. 0. 1. 0. 1. 1. 0. 0. 1. 0. 1. 0. 1. 1. 0. 0. 1.
 1. 0. 1. 1. 1. 0. 1. 0. 1. 1. 1. 1. 0. 0. 1. 1. 1. 0. 1. 0. 1. 1. 1. 1.
 1. 1. 1. 1. 0. 1. 1. 1. 1. 0. 1. 1. 1. 0. 1. 1. 1. 1. 0. 1. 1. 1. 1. 1.
 1. 0. 0. 0. 0. 1. 0. 1. 0. 1. 1. 1. 1. 1. 0. 0. 1. 0. 1. 1. 0. 1. 0. 0.
 1. 0. 1. 1. 0. 1. 0. 1. 0. 1. 1. 1. 1. 1. 0. 1. 0. 0. 1. 1. 0. 0. 1. 1.
 1. 0. 0. 0.]","[0. 1. 0. 0. 0. 1. 1. 1. 0. 0. 0. 0. 0. 1. 0. 0. 1. 1. 0. 0. 0. 0. 0. 1.
 0. 0. 1. 0. 1. 0. 0. 1. 0. 1. 1. 0. 0. 0. 1. 0. 0. 0. 1. 1. 1. 0. 1. 0.
 1. 0. 1. 1. 0. 1. 1. 1. 1. 0. 1. 0. 0. 1. 1. 1. 0. 0. 0. 1. 1. 0. 1. 1.
 0. 0. 1. 0. 0. 1. 0. 1. 0. 1. 1. 1. 0. 1. 0. 1. 1. 1. 1. 1. 1. 1. 1. 0.
 0. 0. 1. 1. 1. 0. 0. 1. 1. 1. 0. 0. 0. 1. 1. 1. 0. 0. 0. 0. 1. 1. 1. 0.
 1. 0. 0. 1. 1. 0. 0. 0. 0. 1. 0. 0. 1. 1. 0. 1. 1. 1. 0. 1. 1. 0. 1. 0.
 1. 1. 0. 0. 0. 1. 1. 0. 1. 1. 0. 1. 0. 0. 0. 1. 1. 1. 0. 1. 0. 1. 1. 0.
 1. 0. 0. 1. 1. 0. 0. 1. 0. 1. 1. 0. 0. 1. 0. 0. 1. 1. 0. 1. 1. 0. 0. 0.
 0. 1. 1. 0. 0. 1. 0. 0. 1. 0. 1. 1. 1. 0. 0. 0. 1. 1. 0. 0. 0. 0. 1. 0.
 0. 1. 0. 1. 1. 1. 1. 0. 0. 0. 0. 1. 1. 1. 1. 0. 1. 1. 1. 1. 0. 1. 0. 0.
 1. 0. 0. 1. 1. 1. 1. 1. 0. 0. 1. 1. 1. 0. 0. 1. 0. 1. 0. 0. 1. 0. 1. 0.
 1. 0. 0. 0.]"
783,AdaBoost,"{'algorithm': 'SAMME.R', 'learning_rate': 2.059183673469388, 'n_estimators': 96}",0.5139136827534457,0.20571971527811286,0.10347081886427423,0.27444646068586503,0.5280964163524647,0.1756350969603408,0.5047043010752688,0.014925373134328401,0.5074626865671642,0.5074626865671642,"{0: 0.5201047003787035, 1: 0.5201047003787035}","{0: 0.5201047003787035, 1: 0.5201047003787035}",0.5201047003787035,"[[78 56]
 [76 58]]","[1. 0. 0. 1. 1. 1. 0. 0. 0. 0. 0. 1. 0. 0. 0. 0. 0. 0. 0. 1. 1. 1. 1. 0.
 0. 0. 1. 1. 1. 1. 0. 0. 1. 0. 1. 1. 0. 1. 0. 0. 0. 1. 1. 0. 0. 0. 1. 0.
 0. 0. 1. 1. 0. 1. 0. 0. 0. 1. 1. 1. 1. 0. 0. 0. 1. 0. 0. 1. 1. 0. 0. 0.
 0. 1. 0. 0. 1. 1. 0. 0. 0. 1. 0. 0. 0. 0. 0. 0. 0. 0. 1. 0. 0. 0. 1. 1.
 0. 0. 0. 0. 1. 1. 1. 0. 1. 0. 0. 0. 0. 1. 0. 0. 0. 0. 1. 0. 1. 1. 0. 1.
 0. 0. 1. 1. 1. 0. 1. 1. 1. 0. 0. 1. 1. 1. 1. 0. 1. 0. 1. 1. 0. 0. 0. 0.
 0. 1. 1. 0. 1. 1. 0. 0. 1. 0. 0. 1. 0. 1. 0. 1. 0. 0. 0. 0. 1. 0. 1. 0.
 1. 1. 1. 0. 1. 0. 0. 0. 0. 0. 1. 0. 1. 1. 0. 1. 0. 0. 1. 0. 0. 1. 1. 0.
 0. 1. 0. 1. 0. 1. 0. 0. 0. 1. 1. 0. 0. 1. 1. 1. 0. 1. 0. 1. 0. 0. 1. 0.
 0. 0. 0. 1. 0. 1. 1. 0. 0. 0. 0. 1. 0. 1. 0. 1. 0. 0. 1. 1. 0. 0. 0. 1.
 1. 1. 1. 1. 0. 1. 1. 1. 0. 0. 1. 0. 1. 1. 0. 0. 0. 0. 0. 0. 0. 0. 1. 0.
 1. 1. 1. 0.]","[0. 1. 0. 0. 0. 1. 1. 1. 0. 0. 0. 0. 0. 1. 0. 0. 1. 1. 0. 0. 0. 0. 0. 1.
 0. 0. 1. 0. 1. 0. 0. 1. 0. 1. 1. 0. 0. 0. 1. 0. 0. 0. 1. 1. 1. 0. 1. 0.
 1. 0. 1. 1. 0. 1. 1. 1. 1. 0. 1. 0. 0. 1. 1. 1. 0. 0. 0. 1. 1. 0. 1. 1.
 0. 0. 1. 0. 0. 1. 0. 1. 0. 1. 1. 1. 0. 1. 0. 1. 1. 1. 1. 1. 1. 1. 1. 0.
 0. 0. 1. 1. 1. 0. 0. 1. 1. 1. 0. 0. 0. 1. 1. 1. 0. 0. 0. 0. 1. 1. 1. 0.
 1. 0. 0. 1. 1. 0. 0. 0. 0. 1. 0. 0. 1. 1. 0. 1. 1. 1. 0. 1. 1. 0. 1. 0.
 1. 1. 0. 0. 0. 1. 1. 0. 1. 1. 0. 1. 0. 0. 0. 1. 1. 1. 0. 1. 0. 1. 1. 0.
 1. 0. 0. 1. 1. 0. 0. 1. 0. 1. 1. 0. 0. 1. 0. 0. 1. 1. 0. 1. 1. 0. 0. 0.
 0. 1. 1. 0. 0. 1. 0. 0. 1. 0. 1. 1. 1. 0. 0. 0. 1. 1. 0. 0. 0. 0. 1. 0.
 0. 1. 0. 1. 1. 1. 1. 0. 0. 0. 0. 1. 1. 1. 1. 0. 1. 1. 1. 1. 0. 1. 0. 0.
 1. 0. 0. 1. 1. 1. 1. 1. 0. 0. 1. 1. 1. 0. 0. 1. 0. 1. 0. 0. 1. 0. 1. 0.
 1. 0. 0. 0.]"
245,knn,{'n_neighbors': 25},0.5248989709356857,0.15826342051458384,0.1033198672342973,0.22442416854349223,0.5281456092443996,0.15293071912451875,0.5370814063631805,0.07462686567164178,0.5373134328358209,0.5373134328358209,"{0: 0.5124749387391401, 1: 0.5124749387391401}","{0: 0.5124749387391401, 1: 0.5124749387391401}",0.5124749387391401,"[[75 59]
 [65 69]]","[1. 1. 0. 1. 0. 0. 0. 0. 1. 1. 1. 0. 1. 0. 1. 0. 1. 0. 0. 0. 0. 1. 0. 1.
 0. 0. 1. 1. 1. 1. 0. 1. 0. 0. 1. 0. 0. 0. 0. 0. 0. 1. 0. 1. 1. 0. 1. 1.
 0. 0. 1. 0. 1. 1. 1. 1. 0. 0. 0. 1. 1. 0. 1. 1. 0. 0. 1. 1. 1. 0. 1. 0.
 0. 1. 0. 0. 1. 0. 0. 0. 0. 1. 1. 0. 0. 1. 0. 1. 1. 0. 0. 0. 1. 1. 1. 1.
 0. 0. 0. 1. 1. 1. 1. 1. 0. 1. 0. 0. 0. 1. 1. 0. 1. 0. 1. 0. 0. 0. 0. 1.
 1. 1. 0. 1. 0. 1. 1. 0. 1. 0. 0. 1. 0. 1. 1. 1. 1. 0. 1. 0. 0. 1. 0. 0.
 0. 1. 0. 0. 0. 1. 0. 1. 1. 0. 0. 1. 0. 0. 0. 0. 0. 0. 0. 0. 0. 0. 0. 1.
 0. 1. 0. 1. 1. 0. 0. 1. 1. 0. 1. 1. 1. 1. 0. 1. 1. 1. 0. 0. 1. 0. 1. 0.
 1. 1. 1. 0. 0. 0. 0. 1. 0. 0. 1. 1. 0. 1. 1. 1. 0. 1. 0. 1. 0. 0. 0. 0.
 1. 0. 1. 1. 1. 1. 0. 0. 1. 1. 1. 1. 0. 0. 0. 1. 0. 0. 1. 1. 0. 1. 1. 0.
 1. 1. 0. 0. 1. 0. 0. 1. 0. 1. 1. 0. 0. 0. 0. 1. 0. 0. 0. 0. 0. 1. 1. 0.
 1. 1. 1. 1.]","[0. 1. 0. 0. 0. 1. 1. 1. 0. 0. 0. 0. 0. 1. 0. 0. 1. 1. 0. 0. 0. 0. 0. 1.
 0. 0. 1. 0. 1. 0. 0. 1. 0. 1. 1. 0. 0. 0. 1. 0. 0. 0. 1. 1. 1. 0. 1. 0.
 1. 0. 1. 1. 0. 1. 1. 1. 1. 0. 1. 0. 0. 1. 1. 1. 0. 0. 0. 1. 1. 0. 1. 1.
 0. 0. 1. 0. 0. 1. 0. 1. 0. 1. 1. 1. 0. 1. 0. 1. 1. 1. 1. 1. 1. 1. 1. 0.
 0. 0. 1. 1. 1. 0. 0. 1. 1. 1. 0. 0. 0. 1. 1. 1. 0. 0. 0. 0. 1. 1. 1. 0.
 1. 0. 0. 1. 1. 0. 0. 0. 0. 1. 0. 0. 1. 1. 0. 1. 1. 1. 0. 1. 1. 0. 1. 0.
 1. 1. 0. 0. 0. 1. 1. 0. 1. 1. 0. 1. 0. 0. 0. 1. 1. 1. 0. 1. 0. 1. 1. 0.
 1. 0. 0. 1. 1. 0. 0. 1. 0. 1. 1. 0. 0. 1. 0. 0. 1. 1. 0. 1. 1. 0. 0. 0.
 0. 1. 1. 0. 0. 1. 0. 0. 1. 0. 1. 1. 1. 0. 0. 0. 1. 1. 0. 0. 0. 0. 1. 0.
 0. 1. 0. 1. 1. 1. 1. 0. 0. 0. 0. 1. 1. 1. 1. 0. 1. 1. 1. 1. 0. 1. 0. 0.
 1. 0. 0. 1. 1. 1. 1. 1. 0. 0. 1. 1. 1. 0. 0. 1. 0. 1. 0. 0. 1. 0. 1. 0.
 1. 0. 0. 0.]"
834,knn,{'n_neighbors': 25},0.5248989709356857,0.15826342051458384,0.1033198672342973,0.22442416854349223,0.5281456092443996,0.15293071912451875,0.5370814063631805,0.07462686567164178,0.5373134328358209,0.5373134328358209,"{0: 0.5124749387391401, 1: 0.5124749387391401}","{0: 0.5124749387391401, 1: 0.5124749387391401}",0.5124749387391401,"[[75 59]
 [65 69]]","[1. 1. 0. 1. 0. 0. 0. 0. 1. 1. 1. 0. 1. 0. 1. 0. 1. 0. 0. 0. 0. 1. 0. 1.
 0. 0. 1. 1. 1. 1. 0. 1. 0. 0. 1. 0. 0. 0. 0. 0. 0. 1. 0. 1. 1. 0. 1. 1.
 0. 0. 1. 0. 1. 1. 1. 1. 0. 0. 0. 1. 1. 0. 1. 1. 0. 0. 1. 1. 1. 0. 1. 0.
 0. 1. 0. 0. 1. 0. 0. 0. 0. 1. 1. 0. 0. 1. 0. 1. 1. 0. 0. 0. 1. 1. 1. 1.
 0. 0. 0. 1. 1. 1. 1. 1. 0. 1. 0. 0. 0. 1. 1. 0. 1. 0. 1. 0. 0. 0. 0. 1.
 1. 1. 0. 1. 0. 1. 1. 0. 1. 0. 0. 1. 0. 1. 1. 1. 1. 0. 1. 0. 0. 1. 0. 0.
 0. 1. 0. 0. 0. 1. 0. 1. 1. 0. 0. 1. 0. 0. 0. 0. 0. 0. 0. 0. 0. 0. 0. 1.
 0. 1. 0. 1. 1. 0. 0. 1. 1. 0. 1. 1. 1. 1. 0. 1. 1. 1. 0. 0. 1. 0. 1. 0.
 1. 1. 1. 0. 0. 0. 0. 1. 0. 0. 1. 1. 0. 1. 1. 1. 0. 1. 0. 1. 0. 0. 0. 0.
 1. 0. 1. 1. 1. 1. 0. 0. 1. 1. 1. 1. 0. 0. 0. 1. 0. 0. 1. 1. 0. 1. 1. 0.
 1. 1. 0. 0. 1. 0. 0. 1. 0. 1. 1. 0. 0. 0. 0. 1. 0. 0. 0. 0. 0. 1. 1. 0.
 1. 1. 1. 1.]","[0. 1. 0. 0. 0. 1. 1. 1. 0. 0. 0. 0. 0. 1. 0. 0. 1. 1. 0. 0. 0. 0. 0. 1.
 0. 0. 1. 0. 1. 0. 0. 1. 0. 1. 1. 0. 0. 0. 1. 0. 0. 0. 1. 1. 1. 0. 1. 0.
 1. 0. 1. 1. 0. 1. 1. 1. 1. 0. 1. 0. 0. 1. 1. 1. 0. 0. 0. 1. 1. 0. 1. 1.
 0. 0. 1. 0. 0. 1. 0. 1. 0. 1. 1. 1. 0. 1. 0. 1. 1. 1. 1. 1. 1. 1. 1. 0.
 0. 0. 1. 1. 1. 0. 0. 1. 1. 1. 0. 0. 0. 1. 1. 1. 0. 0. 0. 0. 1. 1. 1. 0.
 1. 0. 0. 1. 1. 0. 0. 0. 0. 1. 0. 0. 1. 1. 0. 1. 1. 1. 0. 1. 1. 0. 1. 0.
 1. 1. 0. 0. 0. 1. 1. 0. 1. 1. 0. 1. 0. 0. 0. 1. 1. 1. 0. 1. 0. 1. 1. 0.
 1. 0. 0. 1. 1. 0. 0. 1. 0. 1. 1. 0. 0. 1. 0. 0. 1. 1. 0. 1. 1. 0. 0. 0.
 0. 1. 1. 0. 0. 1. 0. 0. 1. 0. 1. 1. 1. 0. 0. 0. 1. 1. 0. 0. 0. 0. 1. 0.
 0. 1. 0. 1. 1. 1. 1. 0. 0. 0. 0. 1. 1. 1. 1. 0. 1. 1. 1. 1. 0. 1. 0. 0.
 1. 0. 0. 1. 1. 1. 1. 1. 0. 0. 1. 1. 1. 0. 0. 1. 0. 1. 0. 0. 1. 0. 1. 0.
 1. 0. 0. 0.]"
129,logistic_regression,"{'penalty': None, 'solver': 'sag'}",0.523030115723954,0.1777192536341709,0.1016248667434827,0.3202560562310714,0.524154979951351,0.17947950182777103,0.5146821195743021,0.02985074626865669,0.5149253731343284,0.5149253731343284,"{0: 0.5188794831811093, 1: 0.5188794831811094}","{0: 0.5188794831811093, 1: 0.5188794831811094}",0.5188794831811094,"[[72 62]
 [68 66]]","[1. 1. 1. 0. 0. 0. 1. 0. 1. 0. 0. 1. 0. 1. 1. 0. 0. 0. 1. 0. 1. 1. 0. 0.
 0. 1. 0. 1. 0. 1. 1. 1. 0. 0. 0. 1. 0. 1. 0. 0. 0. 0. 1. 1. 0. 1. 1. 1.
 0. 0. 1. 1. 0. 1. 0. 0. 0. 1. 1. 0. 1. 0. 1. 1. 0. 0. 0. 1. 1. 0. 0. 0.
 1. 1. 0. 1. 1. 0. 0. 0. 0. 0. 0. 0. 0. 1. 0. 0. 0. 0. 1. 1. 0. 1. 0. 1.
 0. 0. 1. 0. 1. 1. 0. 1. 1. 1. 0. 0. 0. 1. 0. 0. 0. 0. 0. 0. 1. 0. 1. 1.
 1. 0. 1. 1. 0. 1. 1. 1. 0. 0. 0. 0. 0. 0. 1. 1. 0. 0. 0. 0. 0. 1. 0. 0.
 0. 1. 1. 0. 1. 1. 0. 0. 0. 1. 0. 1. 1. 0. 0. 1. 0. 1. 0. 0. 1. 0. 0. 1.
 1. 1. 1. 1. 1. 0. 1. 0. 0. 1. 1. 0. 0. 0. 1. 1. 0. 0. 1. 0. 1. 0. 1. 1.
 1. 1. 1. 1. 0. 1. 0. 0. 0. 0. 1. 0. 1. 0. 1. 1. 0. 1. 0. 1. 0. 1. 1. 1.
 0. 0. 0. 1. 0. 1. 0. 1. 0. 1. 1. 1. 0. 1. 0. 0. 1. 0. 1. 1. 0. 0. 0. 0.
 1. 1. 1. 1. 0. 1. 0. 1. 0. 1. 1. 1. 1. 1. 0. 1. 1. 0. 0. 1. 0. 1. 1. 1.
 1. 0. 0. 0.]","[0. 1. 0. 0. 0. 1. 1. 1. 0. 0. 0. 0. 0. 1. 0. 0. 1. 1. 0. 0. 0. 0. 0. 1.
 0. 0. 1. 0. 1. 0. 0. 1. 0. 1. 1. 0. 0. 0. 1. 0. 0. 0. 1. 1. 1. 0. 1. 0.
 1. 0. 1. 1. 0. 1. 1. 1. 1. 0. 1. 0. 0. 1. 1. 1. 0. 0. 0. 1. 1. 0. 1. 1.
 0. 0. 1. 0. 0. 1. 0. 1. 0. 1. 1. 1. 0. 1. 0. 1. 1. 1. 1. 1. 1. 1. 1. 0.
 0. 0. 1. 1. 1. 0. 0. 1. 1. 1. 0. 0. 0. 1. 1. 1. 0. 0. 0. 0. 1. 1. 1. 0.
 1. 0. 0. 1. 1. 0. 0. 0. 0. 1. 0. 0. 1. 1. 0. 1. 1. 1. 0. 1. 1. 0. 1. 0.
 1. 1. 0. 0. 0. 1. 1. 0. 1. 1. 0. 1. 0. 0. 0. 1. 1. 1. 0. 1. 0. 1. 1. 0.
 1. 0. 0. 1. 1. 0. 0. 1. 0. 1. 1. 0. 0. 1. 0. 0. 1. 1. 0. 1. 1. 0. 0. 0.
 0. 1. 1. 0. 0. 1. 0. 0. 1. 0. 1. 1. 1. 0. 0. 0. 1. 1. 0. 0. 0. 0. 1. 0.
 0. 1. 0. 1. 1. 1. 1. 0. 0. 0. 0. 1. 1. 1. 1. 0. 1. 1. 1. 1. 0. 1. 0. 0.
 1. 0. 0. 1. 1. 1. 1. 1. 0. 0. 1. 1. 1. 0. 0. 1. 0. 1. 0. 0. 1. 0. 1. 0.
 1. 0. 0. 0.]"
868,logistic_regression,"{'penalty': None, 'solver': 'sag'}",0.523030115723954,0.1777192536341709,0.1016248667434827,0.3202560562310714,0.524154979951351,0.17947950182777103,0.5146821195743021,0.02985074626865669,0.5149253731343284,0.5149253731343284,"{0: 0.5190465582535085, 1: 0.5190465582535086}","{0: 0.5190465582535085, 1: 0.5190465582535086}",0.5190465582535086,"[[72 62]
 [68 66]]","[1. 1. 1. 0. 0. 0. 1. 0. 1. 0. 0. 1. 0. 1. 1. 0. 0. 0. 1. 0. 1. 1. 0. 0.
 0. 1. 0. 1. 0. 1. 1. 1. 0. 0. 0. 1. 0. 1. 0. 0. 0. 0. 1. 1. 0. 1. 1. 1.
 0. 0. 1. 1. 0. 1. 0. 0. 0. 1. 1. 0. 1. 0. 1. 1. 0. 0. 0. 1. 1. 0. 0. 0.
 1. 1. 0. 1. 1. 0. 0. 0. 0. 0. 0. 0. 0. 1. 0. 0. 0. 0. 1. 1. 0. 1. 0. 1.
 0. 0. 1. 0. 1. 1. 0. 1. 1. 1. 0. 0. 0. 1. 0. 0. 0. 0. 0. 0. 1. 0. 1. 1.
 1. 0. 1. 1. 0. 1. 1. 1. 0. 0. 0. 0. 0. 0. 1. 1. 0. 0. 0. 0. 0. 1. 0. 0.
 0. 1. 1. 0. 1. 1. 0. 0. 0. 1. 0. 1. 1. 0. 0. 1. 0. 1. 0. 0. 1. 0. 0. 1.
 1. 1. 1. 1. 1. 0. 1. 0. 0. 1. 1. 0. 0. 0. 1. 1. 0. 0. 1. 0. 1. 0. 1. 1.
 1. 1. 1. 1. 0. 1. 0. 0. 0. 0. 1. 0. 1. 0. 1. 1. 0. 1. 0. 1. 0. 1. 1. 1.
 0. 0. 0. 1. 0. 1. 0. 1. 0. 1. 1. 1. 0. 1. 0. 0. 1. 0. 1. 1. 0. 0. 0. 0.
 1. 1. 1. 1. 0. 1. 0. 1. 0. 1. 1. 1. 1. 1. 0. 1. 1. 0. 0. 1. 0. 1. 1. 1.
 1. 0. 0. 0.]","[0. 1. 0. 0. 0. 1. 1. 1. 0. 0. 0. 0. 0. 1. 0. 0. 1. 1. 0. 0. 0. 0. 0. 1.
 0. 0. 1. 0. 1. 0. 0. 1. 0. 1. 1. 0. 0. 0. 1. 0. 0. 0. 1. 1. 1. 0. 1. 0.
 1. 0. 1. 1. 0. 1. 1. 1. 1. 0. 1. 0. 0. 1. 1. 1. 0. 0. 0. 1. 1. 0. 1. 1.
 0. 0. 1. 0. 0. 1. 0. 1. 0. 1. 1. 1. 0. 1. 0. 1. 1. 1. 1. 1. 1. 1. 1. 0.
 0. 0. 1. 1. 1. 0. 0. 1. 1. 1. 0. 0. 0. 1. 1. 1. 0. 0. 0. 0. 1. 1. 1. 0.
 1. 0. 0. 1. 1. 0. 0. 0. 0. 1. 0. 0. 1. 1. 0. 1. 1. 1. 0. 1. 1. 0. 1. 0.
 1. 1. 0. 0. 0. 1. 1. 0. 1. 1. 0. 1. 0. 0. 0. 1. 1. 1. 0. 1. 0. 1. 1. 0.
 1. 0. 0. 1. 1. 0. 0. 1. 0. 1. 1. 0. 0. 1. 0. 0. 1. 1. 0. 1. 1. 0. 0. 0.
 0. 1. 1. 0. 0. 1. 0. 0. 1. 0. 1. 1. 1. 0. 0. 0. 1. 1. 0. 0. 0. 0. 1. 0.
 0. 1. 0. 1. 1. 1. 1. 0. 0. 0. 0. 1. 1. 1. 1. 0. 1. 1. 1. 1. 0. 1. 0. 0.
 1. 0. 0. 1. 1. 1. 1. 1. 0. 0. 1. 1. 1. 0. 0. 1. 0. 1. 0. 0. 1. 0. 1. 0.
 1. 0. 0. 0.]"
729,logistic_regression,"{'penalty': None, 'solver': 'sag'}",0.523030115723954,0.1777192536341709,0.1016248667434827,0.3202560562310714,0.524154979951351,0.17947950182777103,0.5146821195743021,0.02985074626865669,0.5149253731343284,0.5149253731343284,"{0: 0.5188237914903097, 1: 0.5188237914903097}","{0: 0.5188237914903097, 1: 0.5188237914903097}",0.5188237914903097,"[[72 62]
 [68 66]]","[1. 1. 1. 0. 0. 0. 1. 0. 1. 0. 0. 1. 0. 1. 1. 0. 0. 0. 1. 0. 1. 1. 0. 0.
 0. 1. 0. 1. 0. 1. 1. 1. 0. 0. 0. 1. 0. 1. 0. 0. 0. 0. 1. 1. 0. 1. 1. 1.
 0. 0. 1. 1. 0. 1. 0. 0. 0. 1. 1. 0. 1. 0. 1. 1. 0. 0. 0. 1. 1. 0. 0. 0.
 1. 1. 0. 1. 1. 0. 0. 0. 0. 0. 0. 0. 0. 1. 0. 0. 0. 0. 1. 1. 0. 1. 0. 1.
 0. 0. 1. 0. 1. 1. 0. 1. 1. 1. 0. 0. 0. 1. 0. 0. 0. 0. 0. 0. 1. 0. 1. 1.
 1. 0. 1. 1. 0. 1. 1. 1. 0. 0. 0. 0. 0. 0. 1. 1. 0. 0. 0. 0. 0. 1. 0. 0.
 0. 1. 1. 0. 1. 1. 0. 0. 0. 1. 0. 1. 1. 0. 0. 1. 0. 1. 0. 0. 1. 0. 0. 1.
 1. 1. 1. 1. 1. 0. 1. 0. 0. 1. 1. 0. 0. 0. 1. 1. 0. 0. 1. 0. 1. 0. 1. 1.
 1. 1. 1. 1. 0. 1. 0. 0. 0. 0. 1. 0. 1. 0. 1. 1. 0. 1. 0. 1. 0. 1. 1. 1.
 0. 0. 0. 1. 0. 1. 0. 1. 0. 1. 1. 1. 0. 1. 0. 0. 1. 0. 1. 1. 0. 0. 0. 0.
 1. 1. 1. 1. 0. 1. 0. 1. 0. 1. 1. 1. 1. 1. 0. 1. 1. 0. 0. 1. 0. 1. 1. 1.
 1. 0. 0. 0.]","[0. 1. 0. 0. 0. 1. 1. 1. 0. 0. 0. 0. 0. 1. 0. 0. 1. 1. 0. 0. 0. 0. 0. 1.
 0. 0. 1. 0. 1. 0. 0. 1. 0. 1. 1. 0. 0. 0. 1. 0. 0. 0. 1. 1. 1. 0. 1. 0.
 1. 0. 1. 1. 0. 1. 1. 1. 1. 0. 1. 0. 0. 1. 1. 1. 0. 0. 0. 1. 1. 0. 1. 1.
 0. 0. 1. 0. 0. 1. 0. 1. 0. 1. 1. 1. 0. 1. 0. 1. 1. 1. 1. 1. 1. 1. 1. 0.
 0. 0. 1. 1. 1. 0. 0. 1. 1. 1. 0. 0. 0. 1. 1. 1. 0. 0. 0. 0. 1. 1. 1. 0.
 1. 0. 0. 1. 1. 0. 0. 0. 0. 1. 0. 0. 1. 1. 0. 1. 1. 1. 0. 1. 1. 0. 1. 0.
 1. 1. 0. 0. 0. 1. 1. 0. 1. 1. 0. 1. 0. 0. 0. 1. 1. 1. 0. 1. 0. 1. 1. 0.
 1. 0. 0. 1. 1. 0. 0. 1. 0. 1. 1. 0. 0. 1. 0. 0. 1. 1. 0. 1. 1. 0. 0. 0.
 0. 1. 1. 0. 0. 1. 0. 0. 1. 0. 1. 1. 1. 0. 0. 0. 1. 1. 0. 0. 0. 0. 1. 0.
 0. 1. 0. 1. 1. 1. 1. 0. 0. 0. 0. 1. 1. 1. 1. 0. 1. 1. 1. 1. 0. 1. 0. 0.
 1. 0. 0. 1. 1. 1. 1. 1. 0. 0. 1. 1. 1. 0. 0. 1. 0. 1. 0. 0. 1. 0. 1. 0.
 1. 0. 0. 0.]"
605,randomforest,"{'criterion': 'gini', 'max_features': 'sqrt', 'n_estimators': 119}",0.5760951582299948,0.18911167701496517,0.10091563896884735,0.33819224726210995,0.5697869614704292,0.18252070696846012,0.539602508414922,0.08208955223880599,0.5410447761194029,0.5410447761194029,"{0: 0.5835932278903988, 1: 0.5835932278903988}","{0: 0.5835932278903988, 1: 0.5835932278903988}",0.5835932278903988,"[[65 69]
 [54 80]]","[1. 0. 0. 0. 0. 1. 0. 1. 1. 0. 0. 1. 1. 0. 0. 0. 1. 0. 0. 0. 0. 1. 1. 0.
 0. 0. 1. 1. 1. 1. 1. 0. 0. 0. 1. 0. 1. 0. 1. 0. 0. 1. 1. 1. 0. 1. 1. 1.
 0. 0. 1. 0. 0. 1. 1. 1. 1. 1. 0. 1. 1. 0. 1. 0. 0. 0. 1. 1. 1. 1. 0. 0.
 0. 1. 0. 1. 1. 0. 1. 0. 1. 1. 1. 0. 0. 1. 1. 1. 1. 1. 1. 1. 0. 1. 1. 1.
 0. 0. 1. 1. 0. 1. 1. 0. 1. 0. 0. 1. 0. 1. 0. 0. 0. 1. 1. 0. 1. 0. 0. 0.
 0. 1. 1. 1. 1. 1. 1. 1. 1. 0. 0. 1. 1. 0. 1. 1. 0. 1. 0. 1. 1. 0. 0. 0.
 0. 0. 0. 0. 1. 1. 1. 0. 1. 0. 0. 1. 1. 0. 1. 0. 1. 1. 0. 0. 1. 1. 0. 1.
 1. 1. 1. 1. 1. 0. 0. 1. 1. 0. 1. 1. 0. 1. 1. 1. 0. 0. 1. 1. 0. 0. 0. 1.
 1. 1. 1. 0. 1. 1. 0. 1. 0. 0. 1. 1. 0. 1. 0. 0. 1. 1. 0. 1. 1. 1. 1. 0.
 1. 1. 0. 0. 0. 0. 0. 0. 1. 1. 1. 0. 1. 0. 1. 1. 1. 1. 1. 1. 0. 1. 0. 0.
 1. 1. 0. 0. 1. 1. 1. 1. 0. 1. 1. 0. 1. 0. 1. 1. 0. 0. 0. 1. 0. 0. 1. 1.
 1. 0. 1. 0.]","[0. 1. 0. 0. 0. 1. 1. 1. 0. 0. 0. 0. 0. 1. 0. 0. 1. 1. 0. 0. 0. 0. 0. 1.
 0. 0. 1. 0. 1. 0. 0. 1. 0. 1. 1. 0. 0. 0. 1. 0. 0. 0. 1. 1. 1. 0. 1. 0.
 1. 0. 1. 1. 0. 1. 1. 1. 1. 0. 1. 0. 0. 1. 1. 1. 0. 0. 0. 1. 1. 0. 1. 1.
 0. 0. 1. 0. 0. 1. 0. 1. 0. 1. 1. 1. 0. 1. 0. 1. 1. 1. 1. 1. 1. 1. 1. 0.
 0. 0. 1. 1. 1. 0. 0. 1. 1. 1. 0. 0. 0. 1. 1. 1. 0. 0. 0. 0. 1. 1. 1. 0.
 1. 0. 0. 1. 1. 0. 0. 0. 0. 1. 0. 0. 1. 1. 0. 1. 1. 1. 0. 1. 1. 0. 1. 0.
 1. 1. 0. 0. 0. 1. 1. 0. 1. 1. 0. 1. 0. 0. 0. 1. 1. 1. 0. 1. 0. 1. 1. 0.
 1. 0. 0. 1. 1. 0. 0. 1. 0. 1. 1. 0. 0. 1. 0. 0. 1. 1. 0. 1. 1. 0. 0. 0.
 0. 1. 1. 0. 0. 1. 0. 0. 1. 0. 1. 1. 1. 0. 0. 0. 1. 1. 0. 0. 0. 0. 1. 0.
 0. 1. 0. 1. 1. 1. 1. 0. 0. 0. 0. 1. 1. 1. 1. 0. 1. 1. 1. 1. 0. 1. 0. 0.
 1. 0. 0. 1. 1. 1. 1. 1. 0. 0. 1. 1. 1. 0. 0. 1. 0. 1. 0. 0. 1. 0. 1. 0.
 1. 0. 0. 0.]"
48,knn,{'n_neighbors': 105},0.5165833840821156,0.1670038508399843,0.09962375901281817,0.21983987789480922,0.5311072290911,0.14239193257486238,0.5259544004791153,0.052238805970149294,0.5261194029850746,0.5261194029850746,"{0: 0.4835152595232791, 1: 0.4835152595232791}","{0: 0.4835152595232791, 1: 0.4835152595232791}",0.4835152595232791,"[[73 61]
 [66 68]]","[1. 1. 0. 0. 0. 0. 0. 0. 1. 1. 1. 0. 0. 0. 1. 1. 1. 1. 1. 0. 1. 0. 1. 0.
 0. 1. 0. 1. 0. 1. 1. 1. 0. 0. 0. 1. 0. 0. 0. 0. 0. 0. 1. 1. 1. 0. 1. 1.
 0. 0. 0. 0. 1. 1. 1. 0. 0. 1. 0. 0. 1. 0. 1. 1. 0. 0. 0. 1. 0. 0. 1. 0.
 0. 1. 0. 1. 1. 1. 0. 0. 1. 0. 1. 0. 1. 1. 1. 1. 0. 1. 1. 0. 0. 1. 0. 1.
 1. 0. 0. 1. 1. 0. 1. 0. 1. 1. 0. 1. 0. 1. 1. 0. 1. 0. 0. 0. 0. 1. 1. 1.
 1. 0. 0. 0. 0. 1. 0. 1. 0. 1. 0. 0. 0. 1. 1. 1. 1. 0. 0. 1. 0. 1. 0. 0.
 0. 1. 0. 0. 1. 1. 0. 0. 1. 0. 0. 1. 1. 0. 0. 0. 0. 0. 1. 0. 1. 0. 0. 1.
 1. 0. 1. 0. 1. 0. 0. 1. 1. 1. 1. 0. 1. 1. 1. 1. 1. 0. 1. 0. 1. 1. 1. 0.
 1. 1. 1. 0. 0. 1. 0. 0. 1. 0. 0. 1. 0. 1. 0. 1. 1. 1. 0. 1. 0. 0. 1. 1.
 0. 0. 0. 1. 1. 1. 0. 0. 0. 1. 1. 1. 0. 0. 0. 1. 0. 0. 0. 1. 0. 1. 0. 1.
 0. 0. 0. 0. 0. 1. 1. 1. 0. 1. 0. 1. 1. 1. 0. 1. 0. 0. 0. 0. 0. 1. 1. 0.
 0. 0. 1. 1.]","[0. 1. 0. 0. 0. 1. 1. 1. 0. 0. 0. 0. 0. 1. 0. 0. 1. 1. 0. 0. 0. 0. 0. 1.
 0. 0. 1. 0. 1. 0. 0. 1. 0. 1. 1. 0. 0. 0. 1. 0. 0. 0. 1. 1. 1. 0. 1. 0.
 1. 0. 1. 1. 0. 1. 1. 1. 1. 0. 1. 0. 0. 1. 1. 1. 0. 0. 0. 1. 1. 0. 1. 1.
 0. 0. 1. 0. 0. 1. 0. 1. 0. 1. 1. 1. 0. 1. 0. 1. 1. 1. 1. 1. 1. 1. 1. 0.
 0. 0. 1. 1. 1. 0. 0. 1. 1. 1. 0. 0. 0. 1. 1. 1. 0. 0. 0. 0. 1. 1. 1. 0.
 1. 0. 0. 1. 1. 0. 0. 0. 0. 1. 0. 0. 1. 1. 0. 1. 1. 1. 0. 1. 1. 0. 1. 0.
 1. 1. 0. 0. 0. 1. 1. 0. 1. 1. 0. 1. 0. 0. 0. 1. 1. 1. 0. 1. 0. 1. 1. 0.
 1. 0. 0. 1. 1. 0. 0. 1. 0. 1. 1. 0. 0. 1. 0. 0. 1. 1. 0. 1. 1. 0. 0. 0.
 0. 1. 1. 0. 0. 1. 0. 0. 1. 0. 1. 1. 1. 0. 0. 0. 1. 1. 0. 0. 0. 0. 1. 0.
 0. 1. 0. 1. 1. 1. 1. 0. 0. 0. 0. 1. 1. 1. 1. 0. 1. 1. 1. 1. 0. 1. 0. 0.
 1. 0. 0. 1. 1. 1. 1. 1. 0. 0. 1. 1. 1. 0. 0. 1. 0. 1. 0. 0. 1. 0. 1. 0.
 1. 0. 0. 0.]"
507,knn,{'n_neighbors': 105},0.5165833840821156,0.1670038508399843,0.09962375901281817,0.21983987789480922,0.5311072290911,0.14239193257486238,0.5259544004791153,0.052238805970149294,0.5261194029850746,0.5261194029850746,"{0: 0.4835152595232791, 1: 0.4835152595232791}","{0: 0.4835152595232791, 1: 0.4835152595232791}",0.4835152595232791,"[[73 61]
 [66 68]]","[1. 1. 0. 0. 0. 0. 0. 0. 1. 1. 1. 0. 0. 0. 1. 1. 1. 1. 1. 0. 1. 0. 1. 0.
 0. 1. 0. 1. 0. 1. 1. 1. 0. 0. 0. 1. 0. 0. 0. 0. 0. 0. 1. 1. 1. 0. 1. 1.
 0. 0. 0. 0. 1. 1. 1. 0. 0. 1. 0. 0. 1. 0. 1. 1. 0. 0. 0. 1. 0. 0. 1. 0.
 0. 1. 0. 1. 1. 1. 0. 0. 1. 0. 1. 0. 1. 1. 1. 1. 0. 1. 1. 0. 0. 1. 0. 1.
 1. 0. 0. 1. 1. 0. 1. 0. 1. 1. 0. 1. 0. 1. 1. 0. 1. 0. 0. 0. 0. 1. 1. 1.
 1. 0. 0. 0. 0. 1. 0. 1. 0. 1. 0. 0. 0. 1. 1. 1. 1. 0. 0. 1. 0. 1. 0. 0.
 0. 1. 0. 0. 1. 1. 0. 0. 1. 0. 0. 1. 1. 0. 0. 0. 0. 0. 1. 0. 1. 0. 0. 1.
 1. 0. 1. 0. 1. 0. 0. 1. 1. 1. 1. 0. 1. 1. 1. 1. 1. 0. 1. 0. 1. 1. 1. 0.
 1. 1. 1. 0. 0. 1. 0. 0. 1. 0. 0. 1. 0. 1. 0. 1. 1. 1. 0. 1. 0. 0. 1. 1.
 0. 0. 0. 1. 1. 1. 0. 0. 0. 1. 1. 1. 0. 0. 0. 1. 0. 0. 0. 1. 0. 1. 0. 1.
 0. 0. 0. 0. 0. 1. 1. 1. 0. 1. 0. 1. 1. 1. 0. 1. 0. 0. 0. 0. 0. 1. 1. 0.
 0. 0. 1. 1.]","[0. 1. 0. 0. 0. 1. 1. 1. 0. 0. 0. 0. 0. 1. 0. 0. 1. 1. 0. 0. 0. 0. 0. 1.
 0. 0. 1. 0. 1. 0. 0. 1. 0. 1. 1. 0. 0. 0. 1. 0. 0. 0. 1. 1. 1. 0. 1. 0.
 1. 0. 1. 1. 0. 1. 1. 1. 1. 0. 1. 0. 0. 1. 1. 1. 0. 0. 0. 1. 1. 0. 1. 1.
 0. 0. 1. 0. 0. 1. 0. 1. 0. 1. 1. 1. 0. 1. 0. 1. 1. 1. 1. 1. 1. 1. 1. 0.
 0. 0. 1. 1. 1. 0. 0. 1. 1. 1. 0. 0. 0. 1. 1. 1. 0. 0. 0. 0. 1. 1. 1. 0.
 1. 0. 0. 1. 1. 0. 0. 0. 0. 1. 0. 0. 1. 1. 0. 1. 1. 1. 0. 1. 1. 0. 1. 0.
 1. 1. 0. 0. 0. 1. 1. 0. 1. 1. 0. 1. 0. 0. 0. 1. 1. 1. 0. 1. 0. 1. 1. 0.
 1. 0. 0. 1. 1. 0. 0. 1. 0. 1. 1. 0. 0. 1. 0. 0. 1. 1. 0. 1. 1. 0. 0. 0.
 0. 1. 1. 0. 0. 1. 0. 0. 1. 0. 1. 1. 1. 0. 0. 0. 1. 1. 0. 0. 0. 0. 1. 0.
 0. 1. 0. 1. 1. 1. 1. 0. 0. 0. 0. 1. 1. 1. 1. 0. 1. 1. 1. 1. 0. 1. 0. 0.
 1. 0. 0. 1. 1. 1. 1. 1. 0. 0. 1. 1. 1. 0. 0. 1. 0. 1. 0. 0. 1. 0. 1. 0.
 1. 0. 0. 0.]"
974,knn,{'n_neighbors': 105},0.5165833840821156,0.1670038508399843,0.09962375901281817,0.21983987789480922,0.5311072290911,0.14239193257486238,0.5259544004791153,0.052238805970149294,0.5261194029850746,0.5261194029850746,"{0: 0.4835152595232791, 1: 0.4835152595232791}","{0: 0.4835152595232791, 1: 0.4835152595232791}",0.4835152595232791,"[[73 61]
 [66 68]]","[1. 1. 0. 0. 0. 0. 0. 0. 1. 1. 1. 0. 0. 0. 1. 1. 1. 1. 1. 0. 1. 0. 1. 0.
 0. 1. 0. 1. 0. 1. 1. 1. 0. 0. 0. 1. 0. 0. 0. 0. 0. 0. 1. 1. 1. 0. 1. 1.
 0. 0. 0. 0. 1. 1. 1. 0. 0. 1. 0. 0. 1. 0. 1. 1. 0. 0. 0. 1. 0. 0. 1. 0.
 0. 1. 0. 1. 1. 1. 0. 0. 1. 0. 1. 0. 1. 1. 1. 1. 0. 1. 1. 0. 0. 1. 0. 1.
 1. 0. 0. 1. 1. 0. 1. 0. 1. 1. 0. 1. 0. 1. 1. 0. 1. 0. 0. 0. 0. 1. 1. 1.
 1. 0. 0. 0. 0. 1. 0. 1. 0. 1. 0. 0. 0. 1. 1. 1. 1. 0. 0. 1. 0. 1. 0. 0.
 0. 1. 0. 0. 1. 1. 0. 0. 1. 0. 0. 1. 1. 0. 0. 0. 0. 0. 1. 0. 1. 0. 0. 1.
 1. 0. 1. 0. 1. 0. 0. 1. 1. 1. 1. 0. 1. 1. 1. 1. 1. 0. 1. 0. 1. 1. 1. 0.
 1. 1. 1. 0. 0. 1. 0. 0. 1. 0. 0. 1. 0. 1. 0. 1. 1. 1. 0. 1. 0. 0. 1. 1.
 0. 0. 0. 1. 1. 1. 0. 0. 0. 1. 1. 1. 0. 0. 0. 1. 0. 0. 0. 1. 0. 1. 0. 1.
 0. 0. 0. 0. 0. 1. 1. 1. 0. 1. 0. 1. 1. 1. 0. 1. 0. 0. 0. 0. 0. 1. 1. 0.
 0. 0. 1. 1.]","[0. 1. 0. 0. 0. 1. 1. 1. 0. 0. 0. 0. 0. 1. 0. 0. 1. 1. 0. 0. 0. 0. 0. 1.
 0. 0. 1. 0. 1. 0. 0. 1. 0. 1. 1. 0. 0. 0. 1. 0. 0. 0. 1. 1. 1. 0. 1. 0.
 1. 0. 1. 1. 0. 1. 1. 1. 1. 0. 1. 0. 0. 1. 1. 1. 0. 0. 0. 1. 1. 0. 1. 1.
 0. 0. 1. 0. 0. 1. 0. 1. 0. 1. 1. 1. 0. 1. 0. 1. 1. 1. 1. 1. 1. 1. 1. 0.
 0. 0. 1. 1. 1. 0. 0. 1. 1. 1. 0. 0. 0. 1. 1. 1. 0. 0. 0. 0. 1. 1. 1. 0.
 1. 0. 0. 1. 1. 0. 0. 0. 0. 1. 0. 0. 1. 1. 0. 1. 1. 1. 0. 1. 1. 0. 1. 0.
 1. 1. 0. 0. 0. 1. 1. 0. 1. 1. 0. 1. 0. 0. 0. 1. 1. 1. 0. 1. 0. 1. 1. 0.
 1. 0. 0. 1. 1. 0. 0. 1. 0. 1. 1. 0. 0. 1. 0. 0. 1. 1. 0. 1. 1. 0. 0. 0.
 0. 1. 1. 0. 0. 1. 0. 0. 1. 0. 1. 1. 1. 0. 0. 0. 1. 1. 0. 0. 0. 0. 1. 0.
 0. 1. 0. 1. 1. 1. 1. 0. 0. 0. 0. 1. 1. 1. 1. 0. 1. 1. 1. 1. 0. 1. 0. 0.
 1. 0. 0. 1. 1. 1. 1. 1. 0. 0. 1. 1. 1. 0. 0. 1. 0. 1. 0. 0. 1. 0. 1. 0.
 1. 0. 0. 0.]"
911,AdaBoost,"{'algorithm': 'SAMME', 'learning_rate': 3.120408163265306, 'n_estimators': 52}",0.49238176344787066,0.16529321741946287,0.09883421864985509,0.24568813805578144,0.5347794902230386,0.14554650223486104,0.49395005966857497,0.06716417910447758,0.5335820895522388,0.5335820895522388,"{0: 0.5297393628870573, 1: 0.5297393628870571}","{0: 0.5297393628870573, 1: 0.5297393628870571}",0.5297393628870571,"[[109  25]
 [100  34]]","[1. 0. 0. 0. 0. 1. 0. 0. 0. 0. 0. 0. 0. 0. 0. 0. 0. 0. 0. 0. 1. 1. 1. 0.
 0. 0. 1. 1. 1. 0. 1. 0. 0. 0. 0. 0. 0. 0. 0. 0. 0. 0. 1. 1. 0. 0. 1. 0.
 1. 0. 0. 0. 0. 0. 0. 0. 0. 1. 0. 1. 0. 0. 0. 0. 0. 0. 0. 1. 1. 0. 0. 0.
 0. 1. 0. 0. 1. 0. 0. 0. 0. 0. 0. 0. 0. 0. 0. 0. 0. 0. 1. 0. 0. 0. 1. 1.
 0. 0. 0. 0. 0. 1. 0. 1. 1. 0. 0. 0. 0. 1. 0. 0. 0. 0. 1. 0. 0. 1. 1. 0.
 0. 0. 0. 0. 0. 0. 1. 1. 0. 0. 0. 0. 0. 0. 1. 0. 0. 0. 0. 0. 0. 0. 0. 0.
 0. 0. 0. 0. 1. 1. 0. 0. 0. 0. 0. 1. 0. 0. 0. 0. 0. 1. 0. 0. 1. 0. 0. 0.
 1. 1. 1. 1. 1. 0. 0. 0. 0. 1. 0. 0. 0. 0. 0. 0. 0. 0. 1. 0. 0. 0. 1. 0.
 0. 1. 0. 0. 0. 0. 0. 0. 0. 0. 0. 0. 0. 0. 0. 0. 0. 0. 0. 1. 0. 0. 1. 0.
 0. 0. 0. 1. 0. 1. 0. 0. 0. 0. 0. 0. 0. 0. 1. 0. 0. 0. 1. 1. 0. 0. 0. 0.
 1. 0. 0. 0. 0. 1. 0. 0. 0. 0. 0. 0. 1. 1. 0. 0. 0. 0. 0. 0. 0. 0. 0. 0.
 1. 0. 1. 0.]","[0. 1. 0. 0. 0. 1. 1. 1. 0. 0. 0. 0. 0. 1. 0. 0. 1. 1. 0. 0. 0. 0. 0. 1.
 0. 0. 1. 0. 1. 0. 0. 1. 0. 1. 1. 0. 0. 0. 1. 0. 0. 0. 1. 1. 1. 0. 1. 0.
 1. 0. 1. 1. 0. 1. 1. 1. 1. 0. 1. 0. 0. 1. 1. 1. 0. 0. 0. 1. 1. 0. 1. 1.
 0. 0. 1. 0. 0. 1. 0. 1. 0. 1. 1. 1. 0. 1. 0. 1. 1. 1. 1. 1. 1. 1. 1. 0.
 0. 0. 1. 1. 1. 0. 0. 1. 1. 1. 0. 0. 0. 1. 1. 1. 0. 0. 0. 0. 1. 1. 1. 0.
 1. 0. 0. 1. 1. 0. 0. 0. 0. 1. 0. 0. 1. 1. 0. 1. 1. 1. 0. 1. 1. 0. 1. 0.
 1. 1. 0. 0. 0. 1. 1. 0. 1. 1. 0. 1. 0. 0. 0. 1. 1. 1. 0. 1. 0. 1. 1. 0.
 1. 0. 0. 1. 1. 0. 0. 1. 0. 1. 1. 0. 0. 1. 0. 0. 1. 1. 0. 1. 1. 0. 0. 0.
 0. 1. 1. 0. 0. 1. 0. 0. 1. 0. 1. 1. 1. 0. 0. 0. 1. 1. 0. 0. 0. 0. 1. 0.
 0. 1. 0. 1. 1. 1. 1. 0. 0. 0. 0. 1. 1. 1. 1. 0. 1. 1. 1. 1. 0. 1. 0. 0.
 1. 0. 0. 1. 1. 1. 1. 1. 0. 0. 1. 1. 1. 0. 0. 1. 0. 1. 0. 0. 1. 0. 1. 0.
 1. 0. 0. 0.]"
828,AdaBoost,"{'algorithm': 'SAMME', 'learning_rate': 2.8755102040816327, 'n_estimators': 52}",0.49238176344787066,0.16529321741946287,0.09883421864985509,0.24568813805578144,0.5347794902230386,0.14554650223486104,0.49395005966857497,0.06716417910447758,0.5335820895522388,0.5335820895522388,"{0: 0.5541323234573402, 1: 0.5541323234573402}","{0: 0.5541323234573402, 1: 0.5541323234573402}",0.5541323234573402,"[[109  25]
 [100  34]]","[1. 0. 0. 0. 0. 1. 0. 0. 0. 0. 0. 0. 0. 0. 0. 0. 0. 0. 0. 0. 1. 1. 1. 0.
 0. 0. 1. 1. 1. 0. 1. 0. 0. 0. 0. 0. 0. 0. 0. 0. 0. 0. 1. 1. 0. 0. 1. 0.
 1. 0. 0. 0. 0. 0. 0. 0. 0. 1. 0. 1. 0. 0. 0. 0. 0. 0. 0. 1. 1. 0. 0. 0.
 0. 1. 0. 0. 1. 0. 0. 0. 0. 0. 0. 0. 0. 0. 0. 0. 0. 0. 1. 0. 0. 0. 1. 1.
 0. 0. 0. 0. 0. 1. 0. 1. 1. 0. 0. 0. 0. 1. 0. 0. 0. 0. 1. 0. 0. 1. 1. 0.
 0. 0. 0. 0. 0. 0. 1. 1. 0. 0. 0. 0. 0. 0. 1. 0. 0. 0. 0. 0. 0. 0. 0. 0.
 0. 0. 0. 0. 1. 1. 0. 0. 0. 0. 0. 1. 0. 0. 0. 0. 0. 1. 0. 0. 1. 0. 0. 0.
 1. 1. 1. 1. 1. 0. 0. 0. 0. 1. 0. 0. 0. 0. 0. 0. 0. 0. 1. 0. 0. 0. 1. 0.
 0. 1. 0. 0. 0. 0. 0. 0. 0. 0. 0. 0. 0. 0. 0. 0. 0. 0. 0. 1. 0. 0. 1. 0.
 0. 0. 0. 1. 0. 1. 0. 0. 0. 0. 0. 0. 0. 0. 1. 0. 0. 0. 1. 1. 0. 0. 0. 0.
 1. 0. 0. 0. 0. 1. 0. 0. 0. 0. 0. 0. 1. 1. 0. 0. 0. 0. 0. 0. 0. 0. 0. 0.
 1. 0. 1. 0.]","[0. 1. 0. 0. 0. 1. 1. 1. 0. 0. 0. 0. 0. 1. 0. 0. 1. 1. 0. 0. 0. 0. 0. 1.
 0. 0. 1. 0. 1. 0. 0. 1. 0. 1. 1. 0. 0. 0. 1. 0. 0. 0. 1. 1. 1. 0. 1. 0.
 1. 0. 1. 1. 0. 1. 1. 1. 1. 0. 1. 0. 0. 1. 1. 1. 0. 0. 0. 1. 1. 0. 1. 1.
 0. 0. 1. 0. 0. 1. 0. 1. 0. 1. 1. 1. 0. 1. 0. 1. 1. 1. 1. 1. 1. 1. 1. 0.
 0. 0. 1. 1. 1. 0. 0. 1. 1. 1. 0. 0. 0. 1. 1. 1. 0. 0. 0. 0. 1. 1. 1. 0.
 1. 0. 0. 1. 1. 0. 0. 0. 0. 1. 0. 0. 1. 1. 0. 1. 1. 1. 0. 1. 1. 0. 1. 0.
 1. 1. 0. 0. 0. 1. 1. 0. 1. 1. 0. 1. 0. 0. 0. 1. 1. 1. 0. 1. 0. 1. 1. 0.
 1. 0. 0. 1. 1. 0. 0. 1. 0. 1. 1. 0. 0. 1. 0. 0. 1. 1. 0. 1. 1. 0. 0. 0.
 0. 1. 1. 0. 0. 1. 0. 0. 1. 0. 1. 1. 1. 0. 0. 0. 1. 1. 0. 0. 0. 0. 1. 0.
 0. 1. 0. 1. 1. 1. 1. 0. 0. 0. 0. 1. 1. 1. 1. 0. 1. 1. 1. 1. 0. 1. 0. 0.
 1. 0. 0. 1. 1. 1. 1. 1. 0. 0. 1. 1. 1. 0. 0. 1. 0. 1. 0. 0. 1. 0. 1. 0.
 1. 0. 0. 0.]"
518,knn,{'n_neighbors': 65},0.5154315551324483,0.16016916784407154,0.09881262952211549,0.2693349124811675,0.5165019307156404,0.15865460532321574,0.5142490658635882,0.02985074626865669,0.5149253731343284,0.5149253731343284,"{0: 0.523975272889285, 1: 0.5239752728892849}","{0: 0.523975272889285, 1: 0.5239752728892849}",0.5239752728892849,"[[64 70]
 [60 74]]","[1. 1. 0. 0. 1. 1. 0. 0. 1. 1. 1. 0. 1. 0. 1. 1. 1. 1. 1. 0. 1. 1. 0. 0.
 0. 0. 0. 1. 0. 1. 1. 1. 0. 1. 1. 1. 0. 0. 0. 1. 0. 1. 1. 1. 0. 0. 1. 1.
 0. 0. 0. 0. 1. 1. 1. 0. 0. 1. 0. 1. 1. 0. 1. 1. 0. 0. 0. 1. 0. 0. 1. 0.
 0. 1. 0. 0. 1. 1. 0. 0. 1. 1. 1. 0. 1. 1. 1. 1. 0. 1. 1. 0. 1. 1. 1. 1.
 1. 1. 0. 1. 1. 1. 1. 0. 0. 1. 0. 1. 0. 1. 1. 0. 1. 0. 1. 0. 0. 1. 0. 1.
 1. 1. 0. 1. 0. 1. 0. 1. 0. 1. 0. 1. 0. 1. 1. 1. 1. 0. 1. 1. 0. 1. 0. 0.
 0. 1. 0. 0. 1. 1. 0. 0. 1. 0. 0. 1. 0. 1. 0. 0. 0. 1. 0. 0. 1. 0. 0. 1.
 1. 1. 1. 0. 1. 0. 0. 1. 1. 1. 0. 0. 1. 1. 1. 1. 1. 1. 1. 0. 1. 1. 1. 0.
 1. 1. 1. 0. 0. 1. 0. 0. 1. 0. 0. 1. 0. 1. 1. 1. 1. 1. 0. 0. 0. 0. 1. 1.
 0. 0. 0. 1. 1. 1. 0. 0. 0. 1. 1. 1. 0. 1. 0. 1. 0. 0. 1. 1. 0. 1. 0. 1.
 0. 0. 0. 0. 0. 1. 1. 0. 0. 1. 1. 0. 0. 1. 0. 1. 0. 0. 0. 0. 0. 1. 1. 0.
 1. 0. 1. 1.]","[0. 1. 0. 0. 0. 1. 1. 1. 0. 0. 0. 0. 0. 1. 0. 0. 1. 1. 0. 0. 0. 0. 0. 1.
 0. 0. 1. 0. 1. 0. 0. 1. 0. 1. 1. 0. 0. 0. 1. 0. 0. 0. 1. 1. 1. 0. 1. 0.
 1. 0. 1. 1. 0. 1. 1. 1. 1. 0. 1. 0. 0. 1. 1. 1. 0. 0. 0. 1. 1. 0. 1. 1.
 0. 0. 1. 0. 0. 1. 0. 1. 0. 1. 1. 1. 0. 1. 0. 1. 1. 1. 1. 1. 1. 1. 1. 0.
 0. 0. 1. 1. 1. 0. 0. 1. 1. 1. 0. 0. 0. 1. 1. 1. 0. 0. 0. 0. 1. 1. 1. 0.
 1. 0. 0. 1. 1. 0. 0. 0. 0. 1. 0. 0. 1. 1. 0. 1. 1. 1. 0. 1. 1. 0. 1. 0.
 1. 1. 0. 0. 0. 1. 1. 0. 1. 1. 0. 1. 0. 0. 0. 1. 1. 1. 0. 1. 0. 1. 1. 0.
 1. 0. 0. 1. 1. 0. 0. 1. 0. 1. 1. 0. 0. 1. 0. 0. 1. 1. 0. 1. 1. 0. 0. 0.
 0. 1. 1. 0. 0. 1. 0. 0. 1. 0. 1. 1. 1. 0. 0. 0. 1. 1. 0. 0. 0. 0. 1. 0.
 0. 1. 0. 1. 1. 1. 1. 0. 0. 0. 0. 1. 1. 1. 1. 0. 1. 1. 1. 1. 0. 1. 0. 0.
 1. 0. 0. 1. 1. 1. 1. 1. 0. 0. 1. 1. 1. 0. 0. 1. 0. 1. 0. 0. 1. 0. 1. 0.
 1. 0. 0. 0.]"
106,knn,{'n_neighbors': 65},0.5154315551324483,0.16016916784407154,0.09881262952211549,0.2693349124811675,0.5165019307156404,0.15865460532321574,0.5142490658635882,0.02985074626865669,0.5149253731343284,0.5149253731343284,"{0: 0.523975272889285, 1: 0.5239752728892849}","{0: 0.523975272889285, 1: 0.5239752728892849}",0.5239752728892849,"[[64 70]
 [60 74]]","[1. 1. 0. 0. 1. 1. 0. 0. 1. 1. 1. 0. 1. 0. 1. 1. 1. 1. 1. 0. 1. 1. 0. 0.
 0. 0. 0. 1. 0. 1. 1. 1. 0. 1. 1. 1. 0. 0. 0. 1. 0. 1. 1. 1. 0. 0. 1. 1.
 0. 0. 0. 0. 1. 1. 1. 0. 0. 1. 0. 1. 1. 0. 1. 1. 0. 0. 0. 1. 0. 0. 1. 0.
 0. 1. 0. 0. 1. 1. 0. 0. 1. 1. 1. 0. 1. 1. 1. 1. 0. 1. 1. 0. 1. 1. 1. 1.
 1. 1. 0. 1. 1. 1. 1. 0. 0. 1. 0. 1. 0. 1. 1. 0. 1. 0. 1. 0. 0. 1. 0. 1.
 1. 1. 0. 1. 0. 1. 0. 1. 0. 1. 0. 1. 0. 1. 1. 1. 1. 0. 1. 1. 0. 1. 0. 0.
 0. 1. 0. 0. 1. 1. 0. 0. 1. 0. 0. 1. 0. 1. 0. 0. 0. 1. 0. 0. 1. 0. 0. 1.
 1. 1. 1. 0. 1. 0. 0. 1. 1. 1. 0. 0. 1. 1. 1. 1. 1. 1. 1. 0. 1. 1. 1. 0.
 1. 1. 1. 0. 0. 1. 0. 0. 1. 0. 0. 1. 0. 1. 1. 1. 1. 1. 0. 0. 0. 0. 1. 1.
 0. 0. 0. 1. 1. 1. 0. 0. 0. 1. 1. 1. 0. 1. 0. 1. 0. 0. 1. 1. 0. 1. 0. 1.
 0. 0. 0. 0. 0. 1. 1. 0. 0. 1. 1. 0. 0. 1. 0. 1. 0. 0. 0. 0. 0. 1. 1. 0.
 1. 0. 1. 1.]","[0. 1. 0. 0. 0. 1. 1. 1. 0. 0. 0. 0. 0. 1. 0. 0. 1. 1. 0. 0. 0. 0. 0. 1.
 0. 0. 1. 0. 1. 0. 0. 1. 0. 1. 1. 0. 0. 0. 1. 0. 0. 0. 1. 1. 1. 0. 1. 0.
 1. 0. 1. 1. 0. 1. 1. 1. 1. 0. 1. 0. 0. 1. 1. 1. 0. 0. 0. 1. 1. 0. 1. 1.
 0. 0. 1. 0. 0. 1. 0. 1. 0. 1. 1. 1. 0. 1. 0. 1. 1. 1. 1. 1. 1. 1. 1. 0.
 0. 0. 1. 1. 1. 0. 0. 1. 1. 1. 0. 0. 0. 1. 1. 1. 0. 0. 0. 0. 1. 1. 1. 0.
 1. 0. 0. 1. 1. 0. 0. 0. 0. 1. 0. 0. 1. 1. 0. 1. 1. 1. 0. 1. 1. 0. 1. 0.
 1. 1. 0. 0. 0. 1. 1. 0. 1. 1. 0. 1. 0. 0. 0. 1. 1. 1. 0. 1. 0. 1. 1. 0.
 1. 0. 0. 1. 1. 0. 0. 1. 0. 1. 1. 0. 0. 1. 0. 0. 1. 1. 0. 1. 1. 0. 0. 0.
 0. 1. 1. 0. 0. 1. 0. 0. 1. 0. 1. 1. 1. 0. 0. 0. 1. 1. 0. 0. 0. 0. 1. 0.
 0. 1. 0. 1. 1. 1. 1. 0. 0. 0. 0. 1. 1. 1. 1. 0. 1. 1. 1. 1. 0. 1. 0. 0.
 1. 0. 0. 1. 1. 1. 1. 1. 0. 0. 1. 1. 1. 0. 0. 1. 0. 1. 0. 0. 1. 0. 1. 0.
 1. 0. 0. 0.]"
181,AdaBoost,"{'algorithm': 'SAMME', 'learning_rate': 2.7122448979591836, 'n_estimators': 96}",0.4862929448590521,0.17867334392451473,0.0986614165373978,0.25817850850913615,0.5245230799666283,0.17302592987590695,0.4858532606232723,0.052238805970149294,0.5261194029850746,0.5261194029850746,"{0: 0.5364223657830252, 1: 0.5364223657830252}","{0: 0.5364223657830252, 1: 0.5364223657830252}",0.5364223657830252,"[[108  26]
 [101  33]]","[1. 0. 0. 0. 0. 1. 0. 0. 0. 0. 0. 0. 0. 0. 0. 0. 0. 0. 0. 0. 1. 1. 1. 0.
 0. 0. 1. 1. 1. 0. 1. 0. 0. 0. 0. 0. 0. 0. 0. 0. 0. 0. 1. 0. 0. 0. 1. 0.
 1. 0. 0. 0. 0. 0. 0. 0. 0. 1. 0. 1. 0. 0. 0. 0. 0. 0. 0. 1. 1. 0. 0. 0.
 0. 1. 0. 0. 1. 0. 0. 0. 0. 0. 0. 0. 0. 0. 0. 0. 0. 0. 1. 0. 0. 0. 1. 1.
 0. 0. 0. 0. 0. 1. 0. 1. 1. 0. 0. 0. 0. 1. 0. 0. 0. 0. 1. 0. 0. 1. 1. 0.
 0. 0. 0. 0. 0. 0. 1. 1. 0. 0. 0. 0. 0. 0. 1. 0. 0. 0. 0. 0. 0. 0. 0. 0.
 0. 0. 0. 0. 1. 1. 0. 0. 0. 0. 0. 1. 0. 0. 0. 0. 0. 1. 0. 0. 1. 0. 0. 0.
 1. 1. 1. 0. 1. 0. 0. 0. 0. 1. 0. 0. 0. 0. 0. 0. 0. 0. 1. 0. 0. 0. 1. 0.
 0. 1. 0. 0. 0. 0. 0. 0. 0. 0. 1. 0. 0. 0. 0. 0. 0. 0. 0. 1. 0. 1. 1. 0.
 0. 0. 0. 1. 0. 1. 0. 0. 0. 0. 0. 0. 0. 0. 0. 0. 0. 0. 1. 1. 0. 0. 0. 0.
 1. 0. 0. 0. 0. 1. 0. 0. 0. 0. 1. 0. 1. 1. 0. 0. 0. 0. 0. 0. 0. 0. 0. 0.
 1. 0. 1. 0.]","[0. 1. 0. 0. 0. 1. 1. 1. 0. 0. 0. 0. 0. 1. 0. 0. 1. 1. 0. 0. 0. 0. 0. 1.
 0. 0. 1. 0. 1. 0. 0. 1. 0. 1. 1. 0. 0. 0. 1. 0. 0. 0. 1. 1. 1. 0. 1. 0.
 1. 0. 1. 1. 0. 1. 1. 1. 1. 0. 1. 0. 0. 1. 1. 1. 0. 0. 0. 1. 1. 0. 1. 1.
 0. 0. 1. 0. 0. 1. 0. 1. 0. 1. 1. 1. 0. 1. 0. 1. 1. 1. 1. 1. 1. 1. 1. 0.
 0. 0. 1. 1. 1. 0. 0. 1. 1. 1. 0. 0. 0. 1. 1. 1. 0. 0. 0. 0. 1. 1. 1. 0.
 1. 0. 0. 1. 1. 0. 0. 0. 0. 1. 0. 0. 1. 1. 0. 1. 1. 1. 0. 1. 1. 0. 1. 0.
 1. 1. 0. 0. 0. 1. 1. 0. 1. 1. 0. 1. 0. 0. 0. 1. 1. 1. 0. 1. 0. 1. 1. 0.
 1. 0. 0. 1. 1. 0. 0. 1. 0. 1. 1. 0. 0. 1. 0. 0. 1. 1. 0. 1. 1. 0. 0. 0.
 0. 1. 1. 0. 0. 1. 0. 0. 1. 0. 1. 1. 1. 0. 0. 0. 1. 1. 0. 0. 0. 0. 1. 0.
 0. 1. 0. 1. 1. 1. 1. 0. 0. 0. 0. 1. 1. 1. 1. 0. 1. 1. 1. 1. 0. 1. 0. 0.
 1. 0. 0. 1. 1. 1. 1. 1. 0. 0. 1. 1. 1. 0. 0. 1. 0. 1. 0. 0. 1. 0. 1. 0.
 1. 0. 0. 0.]"
744,AdaBoost,"{'algorithm': 'SAMME', 'learning_rate': 2.630612244897959, 'n_estimators': 74}",0.4862929448590521,0.17867334392451473,0.0986614165373978,0.25817850850913615,0.5245230799666283,0.17302592987590695,0.4858532606232723,0.052238805970149294,0.5261194029850746,0.5261194029850746,"{0: 0.5549676988193363, 1: 0.5549676988193362}","{0: 0.5549676988193363, 1: 0.5549676988193362}",0.5549676988193362,"[[108  26]
 [101  33]]","[1. 0. 0. 0. 0. 1. 0. 0. 0. 0. 0. 0. 0. 0. 0. 0. 0. 0. 0. 0. 1. 1. 1. 0.
 0. 0. 1. 1. 1. 0. 1. 0. 0. 0. 0. 0. 0. 0. 0. 0. 0. 0. 1. 0. 0. 0. 1. 0.
 1. 0. 0. 0. 0. 0. 0. 0. 0. 1. 0. 1. 0. 0. 0. 0. 0. 0. 0. 1. 1. 0. 0. 0.
 0. 1. 0. 0. 1. 0. 0. 0. 0. 0. 0. 0. 0. 0. 0. 0. 0. 0. 1. 0. 0. 0. 1. 1.
 0. 0. 0. 0. 0. 1. 0. 1. 1. 0. 0. 0. 0. 1. 0. 0. 0. 0. 1. 0. 0. 1. 1. 0.
 0. 0. 0. 0. 0. 0. 1. 1. 0. 0. 0. 0. 0. 0. 1. 0. 0. 0. 0. 0. 0. 0. 0. 0.
 0. 0. 0. 0. 1. 1. 0. 0. 0. 0. 0. 1. 0. 0. 0. 0. 0. 1. 0. 0. 1. 0. 0. 0.
 1. 1. 1. 0. 1. 0. 0. 0. 0. 1. 0. 0. 0. 0. 0. 0. 0. 0. 1. 0. 0. 0. 1. 0.
 0. 1. 0. 0. 0. 0. 0. 0. 0. 0. 1. 0. 0. 0. 0. 0. 0. 0. 0. 1. 0. 1. 1. 0.
 0. 0. 0. 1. 0. 1. 0. 0. 0. 0. 0. 0. 0. 0. 0. 0. 0. 0. 1. 1. 0. 0. 0. 0.
 1. 0. 0. 0. 0. 1. 0. 0. 0. 0. 1. 0. 1. 1. 0. 0. 0. 0. 0. 0. 0. 0. 0. 0.
 1. 0. 1. 0.]","[0. 1. 0. 0. 0. 1. 1. 1. 0. 0. 0. 0. 0. 1. 0. 0. 1. 1. 0. 0. 0. 0. 0. 1.
 0. 0. 1. 0. 1. 0. 0. 1. 0. 1. 1. 0. 0. 0. 1. 0. 0. 0. 1. 1. 1. 0. 1. 0.
 1. 0. 1. 1. 0. 1. 1. 1. 1. 0. 1. 0. 0. 1. 1. 1. 0. 0. 0. 1. 1. 0. 1. 1.
 0. 0. 1. 0. 0. 1. 0. 1. 0. 1. 1. 1. 0. 1. 0. 1. 1. 1. 1. 1. 1. 1. 1. 0.
 0. 0. 1. 1. 1. 0. 0. 1. 1. 1. 0. 0. 0. 1. 1. 1. 0. 0. 0. 0. 1. 1. 1. 0.
 1. 0. 0. 1. 1. 0. 0. 0. 0. 1. 0. 0. 1. 1. 0. 1. 1. 1. 0. 1. 1. 0. 1. 0.
 1. 1. 0. 0. 0. 1. 1. 0. 1. 1. 0. 1. 0. 0. 0. 1. 1. 1. 0. 1. 0. 1. 1. 0.
 1. 0. 0. 1. 1. 0. 0. 1. 0. 1. 1. 0. 0. 1. 0. 0. 1. 1. 0. 1. 1. 0. 0. 0.
 0. 1. 1. 0. 0. 1. 0. 0. 1. 0. 1. 1. 1. 0. 0. 0. 1. 1. 0. 0. 0. 0. 1. 0.
 0. 1. 0. 1. 1. 1. 1. 0. 0. 0. 0. 1. 1. 1. 1. 0. 1. 1. 1. 1. 0. 1. 0. 0.
 1. 0. 0. 1. 1. 1. 1. 1. 0. 0. 1. 1. 1. 0. 0. 1. 0. 1. 0. 0. 1. 0. 1. 0.
 1. 0. 0. 0.]"
36,knn,{'n_neighbors': 60},0.5262475339671339,0.16906313944406035,0.09236088079451425,0.28172671045847164,0.5324872204408494,0.15809858932818854,0.5186500146192723,0.03731343283582089,0.5186567164179104,0.5186567164179104,"{0: 0.5197427043885052, 1: 0.5197427043885052}","{0: 0.5197427043885052, 1: 0.5197427043885052}",0.5197427043885052,"[[70 64]
 [65 69]]","[1. 1. 0. 0. 1. 1. 0. 0. 1. 1. 1. 0. 0. 0. 1. 1. 1. 1. 1. 0. 0. 1. 0. 0.
 1. 0. 0. 1. 0. 1. 1. 1. 0. 1. 1. 1. 0. 0. 0. 0. 0. 0. 1. 1. 0. 0. 1. 1.
 0. 0. 0. 0. 1. 1. 1. 0. 0. 1. 0. 1. 1. 0. 1. 1. 0. 0. 0. 1. 0. 0. 1. 0.
 0. 1. 0. 0. 0. 0. 0. 0. 1. 1. 1. 0. 1. 1. 1. 1. 0. 1. 1. 0. 0. 1. 1. 1.
 1. 0. 0. 1. 1. 1. 1. 0. 1. 1. 0. 1. 0. 1. 1. 0. 1. 0. 1. 0. 0. 1. 0. 1.
 1. 1. 0. 1. 0. 1. 0. 1. 0. 1. 0. 1. 0. 1. 1. 1. 1. 0. 1. 1. 0. 1. 0. 0.
 0. 1. 0. 0. 1. 1. 0. 0. 1. 0. 0. 1. 0. 0. 0. 0. 0. 1. 0. 0. 1. 0. 0. 1.
 1. 1. 0. 0. 1. 0. 0. 1. 1. 1. 0. 0. 1. 1. 1. 1. 1. 0. 1. 0. 1. 1. 1. 0.
 1. 1. 1. 0. 0. 1. 0. 0. 0. 0. 0. 1. 0. 1. 1. 1. 1. 1. 0. 0. 0. 0. 0. 1.
 0. 0. 0. 1. 1. 1. 0. 0. 0. 1. 1. 1. 0. 0. 0. 1. 0. 0. 1. 1. 0. 1. 0. 1.
 0. 0. 0. 0. 0. 1. 0. 1. 0. 1. 1. 0. 1. 1. 0. 0. 0. 0. 0. 0. 0. 1. 1. 0.
 1. 1. 1. 1.]","[0. 1. 0. 0. 0. 1. 1. 1. 0. 0. 0. 0. 0. 1. 0. 0. 1. 1. 0. 0. 0. 0. 0. 1.
 0. 0. 1. 0. 1. 0. 0. 1. 0. 1. 1. 0. 0. 0. 1. 0. 0. 0. 1. 1. 1. 0. 1. 0.
 1. 0. 1. 1. 0. 1. 1. 1. 1. 0. 1. 0. 0. 1. 1. 1. 0. 0. 0. 1. 1. 0. 1. 1.
 0. 0. 1. 0. 0. 1. 0. 1. 0. 1. 1. 1. 0. 1. 0. 1. 1. 1. 1. 1. 1. 1. 1. 0.
 0. 0. 1. 1. 1. 0. 0. 1. 1. 1. 0. 0. 0. 1. 1. 1. 0. 0. 0. 0. 1. 1. 1. 0.
 1. 0. 0. 1. 1. 0. 0. 0. 0. 1. 0. 0. 1. 1. 0. 1. 1. 1. 0. 1. 1. 0. 1. 0.
 1. 1. 0. 0. 0. 1. 1. 0. 1. 1. 0. 1. 0. 0. 0. 1. 1. 1. 0. 1. 0. 1. 1. 0.
 1. 0. 0. 1. 1. 0. 0. 1. 0. 1. 1. 0. 0. 1. 0. 0. 1. 1. 0. 1. 1. 0. 0. 0.
 0. 1. 1. 0. 0. 1. 0. 0. 1. 0. 1. 1. 1. 0. 0. 0. 1. 1. 0. 0. 0. 0. 1. 0.
 0. 1. 0. 1. 1. 1. 1. 0. 0. 0. 0. 1. 1. 1. 1. 0. 1. 1. 1. 1. 0. 1. 0. 0.
 1. 0. 0. 1. 1. 1. 1. 1. 0. 0. 1. 1. 1. 0. 0. 1. 0. 1. 0. 0. 1. 0. 1. 0.
 1. 0. 0. 0.]"
458,knn,{'n_neighbors': 60},0.5262475339671339,0.16906313944406035,0.09236088079451425,0.28172671045847164,0.5324872204408494,0.15809858932818854,0.5186500146192723,0.03731343283582089,0.5186567164179104,0.5186567164179104,"{0: 0.5197427043885052, 1: 0.5197427043885052}","{0: 0.5197427043885052, 1: 0.5197427043885052}",0.5197427043885052,"[[70 64]
 [65 69]]","[1. 1. 0. 0. 1. 1. 0. 0. 1. 1. 1. 0. 0. 0. 1. 1. 1. 1. 1. 0. 0. 1. 0. 0.
 1. 0. 0. 1. 0. 1. 1. 1. 0. 1. 1. 1. 0. 0. 0. 0. 0. 0. 1. 1. 0. 0. 1. 1.
 0. 0. 0. 0. 1. 1. 1. 0. 0. 1. 0. 1. 1. 0. 1. 1. 0. 0. 0. 1. 0. 0. 1. 0.
 0. 1. 0. 0. 0. 0. 0. 0. 1. 1. 1. 0. 1. 1. 1. 1. 0. 1. 1. 0. 0. 1. 1. 1.
 1. 0. 0. 1. 1. 1. 1. 0. 1. 1. 0. 1. 0. 1. 1. 0. 1. 0. 1. 0. 0. 1. 0. 1.
 1. 1. 0. 1. 0. 1. 0. 1. 0. 1. 0. 1. 0. 1. 1. 1. 1. 0. 1. 1. 0. 1. 0. 0.
 0. 1. 0. 0. 1. 1. 0. 0. 1. 0. 0. 1. 0. 0. 0. 0. 0. 1. 0. 0. 1. 0. 0. 1.
 1. 1. 0. 0. 1. 0. 0. 1. 1. 1. 0. 0. 1. 1. 1. 1. 1. 0. 1. 0. 1. 1. 1. 0.
 1. 1. 1. 0. 0. 1. 0. 0. 0. 0. 0. 1. 0. 1. 1. 1. 1. 1. 0. 0. 0. 0. 0. 1.
 0. 0. 0. 1. 1. 1. 0. 0. 0. 1. 1. 1. 0. 0. 0. 1. 0. 0. 1. 1. 0. 1. 0. 1.
 0. 0. 0. 0. 0. 1. 0. 1. 0. 1. 1. 0. 1. 1. 0. 0. 0. 0. 0. 0. 0. 1. 1. 0.
 1. 1. 1. 1.]","[0. 1. 0. 0. 0. 1. 1. 1. 0. 0. 0. 0. 0. 1. 0. 0. 1. 1. 0. 0. 0. 0. 0. 1.
 0. 0. 1. 0. 1. 0. 0. 1. 0. 1. 1. 0. 0. 0. 1. 0. 0. 0. 1. 1. 1. 0. 1. 0.
 1. 0. 1. 1. 0. 1. 1. 1. 1. 0. 1. 0. 0. 1. 1. 1. 0. 0. 0. 1. 1. 0. 1. 1.
 0. 0. 1. 0. 0. 1. 0. 1. 0. 1. 1. 1. 0. 1. 0. 1. 1. 1. 1. 1. 1. 1. 1. 0.
 0. 0. 1. 1. 1. 0. 0. 1. 1. 1. 0. 0. 0. 1. 1. 1. 0. 0. 0. 0. 1. 1. 1. 0.
 1. 0. 0. 1. 1. 0. 0. 0. 0. 1. 0. 0. 1. 1. 0. 1. 1. 1. 0. 1. 1. 0. 1. 0.
 1. 1. 0. 0. 0. 1. 1. 0. 1. 1. 0. 1. 0. 0. 0. 1. 1. 1. 0. 1. 0. 1. 1. 0.
 1. 0. 0. 1. 1. 0. 0. 1. 0. 1. 1. 0. 0. 1. 0. 0. 1. 1. 0. 1. 1. 0. 0. 0.
 0. 1. 1. 0. 0. 1. 0. 0. 1. 0. 1. 1. 1. 0. 0. 0. 1. 1. 0. 0. 0. 0. 1. 0.
 0. 1. 0. 1. 1. 1. 1. 0. 0. 0. 0. 1. 1. 1. 1. 0. 1. 1. 1. 1. 0. 1. 0. 0.
 1. 0. 0. 1. 1. 1. 1. 1. 0. 0. 1. 1. 1. 0. 0. 1. 0. 1. 0. 0. 1. 0. 1. 0.
 1. 0. 0. 0.]"
277,AdaBoost,"{'algorithm': 'SAMME', 'learning_rate': 3.7734693877551018, 'n_estimators': 85}",0.42725837114838044,0.19181920118542303,0.09105777083011708,0.22381671616787832,0.4951052121415025,0.15827580023514481,0.47571921749136936,-0.014925373134328401,0.4925373134328358,0.49253731343283585,"{0: 0.4453107596346625, 1: 0.4453107596346625}","{0: 0.4453107596346625, 1: 0.4453107596346625}",0.4453107596346625,"[[42 92]
 [44 90]]","[1. 0. 1. 1. 0. 1. 0. 1. 1. 1. 1. 1. 0. 0. 1. 0. 0. 1. 0. 1. 1. 1. 1. 0.
 0. 1. 1. 1. 1. 1. 1. 1. 1. 0. 1. 1. 0. 1. 1. 0. 0. 1. 1. 1. 1. 0. 1. 1.
 1. 0. 1. 1. 1. 1. 1. 0. 1. 1. 1. 1. 1. 1. 1. 0. 1. 0. 0. 1. 1. 0. 1. 0.
 1. 1. 0. 1. 1. 1. 1. 0. 1. 1. 1. 1. 1. 0. 0. 0. 1. 1. 1. 1. 0. 1. 1. 1.
 1. 1. 1. 0. 0. 1. 1. 1. 1. 1. 0. 0. 1. 1. 0. 0. 1. 1. 1. 1. 1. 1. 1. 1.
 0. 0. 1. 1. 1. 0. 1. 1. 1. 0. 0. 0. 1. 1. 1. 1. 1. 0. 1. 0. 0. 1. 1. 1.
 0. 1. 1. 1. 1. 1. 1. 0. 1. 0. 0. 1. 1. 1. 1. 1. 0. 1. 1. 1. 1. 0. 0. 0.
 1. 1. 1. 1. 1. 0. 1. 1. 0. 1. 1. 0. 0. 0. 1. 1. 0. 0. 1. 1. 0. 1. 1. 1.
 1. 1. 1. 1. 0. 1. 0. 0. 0. 1. 1. 0. 0. 1. 1. 1. 1. 0. 0. 1. 0. 0. 1. 1.
 1. 1. 0. 1. 0. 1. 1. 1. 1. 0. 1. 0. 0. 1. 1. 1. 0. 1. 1. 1. 1. 0. 0. 1.
 1. 1. 0. 1. 1. 1. 1. 0. 1. 1. 1. 0. 1. 1. 0. 0. 1. 1. 0. 1. 1. 1. 1. 0.
 1. 0. 1. 0.]","[0. 1. 0. 0. 0. 1. 1. 1. 0. 0. 0. 0. 0. 1. 0. 0. 1. 1. 0. 0. 0. 0. 0. 1.
 0. 0. 1. 0. 1. 0. 0. 1. 0. 1. 1. 0. 0. 0. 1. 0. 0. 0. 1. 1. 1. 0. 1. 0.
 1. 0. 1. 1. 0. 1. 1. 1. 1. 0. 1. 0. 0. 1. 1. 1. 0. 0. 0. 1. 1. 0. 1. 1.
 0. 0. 1. 0. 0. 1. 0. 1. 0. 1. 1. 1. 0. 1. 0. 1. 1. 1. 1. 1. 1. 1. 1. 0.
 0. 0. 1. 1. 1. 0. 0. 1. 1. 1. 0. 0. 0. 1. 1. 1. 0. 0. 0. 0. 1. 1. 1. 0.
 1. 0. 0. 1. 1. 0. 0. 0. 0. 1. 0. 0. 1. 1. 0. 1. 1. 1. 0. 1. 1. 0. 1. 0.
 1. 1. 0. 0. 0. 1. 1. 0. 1. 1. 0. 1. 0. 0. 0. 1. 1. 1. 0. 1. 0. 1. 1. 0.
 1. 0. 0. 1. 1. 0. 0. 1. 0. 1. 1. 0. 0. 1. 0. 0. 1. 1. 0. 1. 1. 0. 0. 0.
 0. 1. 1. 0. 0. 1. 0. 0. 1. 0. 1. 1. 1. 0. 0. 0. 1. 1. 0. 0. 0. 0. 1. 0.
 0. 1. 0. 1. 1. 1. 1. 0. 0. 0. 0. 1. 1. 1. 1. 0. 1. 1. 1. 1. 0. 1. 0. 0.
 1. 0. 0. 1. 1. 1. 1. 1. 0. 0. 1. 1. 1. 0. 0. 1. 0. 1. 0. 0. 1. 0. 1. 0.
 1. 0. 0. 0.]"
20,knn,{'n_neighbors': 30},0.518297894840523,0.16597319944992667,0.08995501053301674,0.23302483003492633,0.5194015158228867,0.15935727121784238,0.5259544004791153,0.052238805970149294,0.5261194029850746,0.5261194029850746,"{0: 0.5116395633771441, 1: 0.5116395633771441}","{0: 0.5116395633771441, 1: 0.5116395633771441}",0.5116395633771441,"[[73 61]
 [66 68]]","[1. 1. 0. 1. 1. 0. 0. 0. 1. 1. 1. 0. 1. 0. 1. 1. 1. 1. 1. 0. 0. 1. 0. 1.
 0. 0. 0. 1. 1. 0. 0. 1. 0. 0. 1. 0. 0. 0. 1. 0. 0. 1. 0. 1. 1. 0. 1. 1.
 0. 0. 0. 1. 1. 1. 1. 1. 0. 0. 0. 1. 1. 0. 1. 1. 0. 0. 1. 0. 0. 0. 1. 0.
 0. 1. 0. 0. 1. 0. 0. 0. 0. 1. 1. 0. 0. 1. 0. 1. 0. 0. 0. 0. 1. 1. 0. 1.
 0. 0. 0. 1. 1. 1. 1. 1. 0. 1. 0. 0. 0. 1. 1. 0. 1. 0. 1. 0. 0. 0. 0. 1.
 1. 1. 0. 1. 0. 1. 1. 0. 1. 0. 0. 1. 0. 1. 1. 0. 1. 0. 1. 0. 0. 1. 0. 0.
 0. 1. 0. 0. 0. 0. 0. 1. 1. 0. 0. 1. 0. 0. 0. 0. 0. 1. 0. 0. 1. 0. 0. 1.
 0. 1. 0. 1. 1. 1. 0. 1. 1. 0. 1. 1. 1. 1. 1. 1. 1. 0. 0. 0. 1. 1. 1. 0.
 1. 1. 1. 0. 0. 0. 0. 0. 0. 0. 1. 1. 0. 1. 0. 1. 0. 1. 0. 1. 0. 0. 0. 0.
 0. 0. 1. 1. 1. 1. 0. 0. 1. 1. 1. 1. 0. 1. 0. 1. 0. 1. 1. 0. 0. 1. 0. 0.
 1. 1. 0. 0. 0. 1. 1. 1. 0. 1. 1. 0. 1. 0. 0. 1. 0. 1. 0. 0. 0. 1. 1. 0.
 1. 1. 1. 1.]","[0. 1. 0. 0. 0. 1. 1. 1. 0. 0. 0. 0. 0. 1. 0. 0. 1. 1. 0. 0. 0. 0. 0. 1.
 0. 0. 1. 0. 1. 0. 0. 1. 0. 1. 1. 0. 0. 0. 1. 0. 0. 0. 1. 1. 1. 0. 1. 0.
 1. 0. 1. 1. 0. 1. 1. 1. 1. 0. 1. 0. 0. 1. 1. 1. 0. 0. 0. 1. 1. 0. 1. 1.
 0. 0. 1. 0. 0. 1. 0. 1. 0. 1. 1. 1. 0. 1. 0. 1. 1. 1. 1. 1. 1. 1. 1. 0.
 0. 0. 1. 1. 1. 0. 0. 1. 1. 1. 0. 0. 0. 1. 1. 1. 0. 0. 0. 0. 1. 1. 1. 0.
 1. 0. 0. 1. 1. 0. 0. 0. 0. 1. 0. 0. 1. 1. 0. 1. 1. 1. 0. 1. 1. 0. 1. 0.
 1. 1. 0. 0. 0. 1. 1. 0. 1. 1. 0. 1. 0. 0. 0. 1. 1. 1. 0. 1. 0. 1. 1. 0.
 1. 0. 0. 1. 1. 0. 0. 1. 0. 1. 1. 0. 0. 1. 0. 0. 1. 1. 0. 1. 1. 0. 0. 0.
 0. 1. 1. 0. 0. 1. 0. 0. 1. 0. 1. 1. 1. 0. 0. 0. 1. 1. 0. 0. 0. 0. 1. 0.
 0. 1. 0. 1. 1. 1. 1. 0. 0. 0. 0. 1. 1. 1. 1. 0. 1. 1. 1. 1. 0. 1. 0. 0.
 1. 0. 0. 1. 1. 1. 1. 1. 0. 0. 1. 1. 1. 0. 0. 1. 0. 1. 0. 0. 1. 0. 1. 0.
 1. 0. 0. 0.]"
434,knn,{'n_neighbors': 30},0.518297894840523,0.16597319944992667,0.08995501053301674,0.23302483003492633,0.5194015158228867,0.15935727121784238,0.5259544004791153,0.052238805970149294,0.5261194029850746,0.5261194029850746,"{0: 0.5116395633771441, 1: 0.5116395633771441}","{0: 0.5116395633771441, 1: 0.5116395633771441}",0.5116395633771441,"[[73 61]
 [66 68]]","[1. 1. 0. 1. 1. 0. 0. 0. 1. 1. 1. 0. 1. 0. 1. 1. 1. 1. 1. 0. 0. 1. 0. 1.
 0. 0. 0. 1. 1. 0. 0. 1. 0. 0. 1. 0. 0. 0. 1. 0. 0. 1. 0. 1. 1. 0. 1. 1.
 0. 0. 0. 1. 1. 1. 1. 1. 0. 0. 0. 1. 1. 0. 1. 1. 0. 0. 1. 0. 0. 0. 1. 0.
 0. 1. 0. 0. 1. 0. 0. 0. 0. 1. 1. 0. 0. 1. 0. 1. 0. 0. 0. 0. 1. 1. 0. 1.
 0. 0. 0. 1. 1. 1. 1. 1. 0. 1. 0. 0. 0. 1. 1. 0. 1. 0. 1. 0. 0. 0. 0. 1.
 1. 1. 0. 1. 0. 1. 1. 0. 1. 0. 0. 1. 0. 1. 1. 0. 1. 0. 1. 0. 0. 1. 0. 0.
 0. 1. 0. 0. 0. 0. 0. 1. 1. 0. 0. 1. 0. 0. 0. 0. 0. 1. 0. 0. 1. 0. 0. 1.
 0. 1. 0. 1. 1. 1. 0. 1. 1. 0. 1. 1. 1. 1. 1. 1. 1. 0. 0. 0. 1. 1. 1. 0.
 1. 1. 1. 0. 0. 0. 0. 0. 0. 0. 1. 1. 0. 1. 0. 1. 0. 1. 0. 1. 0. 0. 0. 0.
 0. 0. 1. 1. 1. 1. 0. 0. 1. 1. 1. 1. 0. 1. 0. 1. 0. 1. 1. 0. 0. 1. 0. 0.
 1. 1. 0. 0. 0. 1. 1. 1. 0. 1. 1. 0. 1. 0. 0. 1. 0. 1. 0. 0. 0. 1. 1. 0.
 1. 1. 1. 1.]","[0. 1. 0. 0. 0. 1. 1. 1. 0. 0. 0. 0. 0. 1. 0. 0. 1. 1. 0. 0. 0. 0. 0. 1.
 0. 0. 1. 0. 1. 0. 0. 1. 0. 1. 1. 0. 0. 0. 1. 0. 0. 0. 1. 1. 1. 0. 1. 0.
 1. 0. 1. 1. 0. 1. 1. 1. 1. 0. 1. 0. 0. 1. 1. 1. 0. 0. 0. 1. 1. 0. 1. 1.
 0. 0. 1. 0. 0. 1. 0. 1. 0. 1. 1. 1. 0. 1. 0. 1. 1. 1. 1. 1. 1. 1. 1. 0.
 0. 0. 1. 1. 1. 0. 0. 1. 1. 1. 0. 0. 0. 1. 1. 1. 0. 0. 0. 0. 1. 1. 1. 0.
 1. 0. 0. 1. 1. 0. 0. 0. 0. 1. 0. 0. 1. 1. 0. 1. 1. 1. 0. 1. 1. 0. 1. 0.
 1. 1. 0. 0. 0. 1. 1. 0. 1. 1. 0. 1. 0. 0. 0. 1. 1. 1. 0. 1. 0. 1. 1. 0.
 1. 0. 0. 1. 1. 0. 0. 1. 0. 1. 1. 0. 0. 1. 0. 0. 1. 1. 0. 1. 1. 0. 0. 0.
 0. 1. 1. 0. 0. 1. 0. 0. 1. 0. 1. 1. 1. 0. 0. 0. 1. 1. 0. 0. 0. 0. 1. 0.
 0. 1. 0. 1. 1. 1. 1. 0. 0. 0. 0. 1. 1. 1. 1. 0. 1. 1. 1. 1. 0. 1. 0. 0.
 1. 0. 0. 1. 1. 1. 1. 1. 0. 0. 1. 1. 1. 0. 0. 1. 0. 1. 0. 0. 1. 0. 1. 0.
 1. 0. 0. 0.]"
928,AdaBoost,"{'algorithm': 'SAMME.R', 'learning_rate': 2.5489795918367344, 'n_estimators': 96}",0.5205604876278594,0.17880183468219588,0.08568024027556694,0.28108178732283434,0.5427030481465965,0.1540602481661305,0.5360473557826548,0.07462686567164178,0.5373134328358209,0.5373134328358209,"{0: 0.5442748941857875, 1: 0.5442748941857875}","{0: 0.5442748941857875, 1: 0.5442748941857875}",0.5442748941857875,"[[79 55]
 [69 65]]","[1. 1. 0. 0. 0. 1. 0. 1. 0. 1. 0. 1. 0. 0. 0. 0. 0. 0. 0. 1. 1. 1. 1. 0.
 0. 0. 1. 1. 1. 1. 1. 0. 0. 0. 1. 1. 0. 1. 1. 1. 0. 1. 1. 1. 0. 0. 1. 0.
 1. 0. 1. 0. 0. 1. 0. 0. 0. 1. 1. 1. 1. 0. 0. 0. 1. 0. 0. 1. 1. 0. 0. 0.
 0. 1. 0. 0. 1. 0. 0. 0. 0. 1. 1. 0. 0. 0. 0. 0. 0. 0. 1. 0. 0. 0. 1. 1.
 0. 0. 1. 0. 1. 1. 1. 1. 1. 1. 0. 0. 0. 1. 0. 0. 0. 0. 1. 0. 1. 1. 1. 1.
 0. 0. 0. 1. 1. 0. 1. 1. 1. 0. 0. 0. 1. 0. 1. 0. 0. 0. 1. 1. 0. 0. 0. 0.
 0. 1. 1. 0. 1. 1. 1. 0. 1. 0. 0. 1. 0. 0. 0. 1. 0. 1. 0. 1. 1. 0. 0. 0.
 1. 1. 1. 1. 1. 0. 0. 0. 0. 1. 1. 0. 1. 0. 0. 1. 0. 0. 1. 0. 0. 1. 1. 0.
 0. 1. 0. 1. 0. 1. 0. 0. 0. 1. 1. 0. 0. 1. 1. 1. 0. 0. 0. 1. 0. 0. 1. 1.
 1. 0. 0. 1. 0. 1. 1. 0. 0. 0. 0. 1. 0. 0. 1. 1. 0. 0. 1. 1. 0. 0. 0. 1.
 1. 1. 0. 1. 1. 1. 1. 0. 0. 0. 1. 0. 1. 1. 0. 0. 0. 0. 0. 0. 0. 1. 0. 0.
 1. 1. 1. 0.]","[0. 1. 0. 0. 0. 1. 1. 1. 0. 0. 0. 0. 0. 1. 0. 0. 1. 1. 0. 0. 0. 0. 0. 1.
 0. 0. 1. 0. 1. 0. 0. 1. 0. 1. 1. 0. 0. 0. 1. 0. 0. 0. 1. 1. 1. 0. 1. 0.
 1. 0. 1. 1. 0. 1. 1. 1. 1. 0. 1. 0. 0. 1. 1. 1. 0. 0. 0. 1. 1. 0. 1. 1.
 0. 0. 1. 0. 0. 1. 0. 1. 0. 1. 1. 1. 0. 1. 0. 1. 1. 1. 1. 1. 1. 1. 1. 0.
 0. 0. 1. 1. 1. 0. 0. 1. 1. 1. 0. 0. 0. 1. 1. 1. 0. 0. 0. 0. 1. 1. 1. 0.
 1. 0. 0. 1. 1. 0. 0. 0. 0. 1. 0. 0. 1. 1. 0. 1. 1. 1. 0. 1. 1. 0. 1. 0.
 1. 1. 0. 0. 0. 1. 1. 0. 1. 1. 0. 1. 0. 0. 0. 1. 1. 1. 0. 1. 0. 1. 1. 0.
 1. 0. 0. 1. 1. 0. 0. 1. 0. 1. 1. 0. 0. 1. 0. 0. 1. 1. 0. 1. 1. 0. 0. 0.
 0. 1. 1. 0. 0. 1. 0. 0. 1. 0. 1. 1. 1. 0. 0. 0. 1. 1. 0. 0. 0. 0. 1. 0.
 0. 1. 0. 1. 1. 1. 1. 0. 0. 0. 0. 1. 1. 1. 1. 0. 1. 1. 1. 1. 0. 1. 0. 0.
 1. 0. 0. 1. 1. 1. 1. 1. 0. 0. 1. 1. 1. 0. 0. 1. 0. 1. 0. 0. 1. 0. 1. 0.
 1. 0. 0. 0.]"
309,AdaBoost,"{'algorithm': 'SAMME', 'learning_rate': 3.3653061224489793, 'n_estimators': 96}",0.48883787513231053,0.16753596212439636,0.08467331235185203,0.2556831846941025,0.5275193892129376,0.14610519709603711,0.4881419655613204,0.052238805970149294,0.5261194029850746,0.5261194029850746,"{0: 0.5362831365560259, 1: 0.5362831365560258}","{0: 0.5362831365560259, 1: 0.5362831365560258}",0.5362831365560258,"[[107  27]
 [100  34]]","[1. 0. 0. 0. 0. 1. 0. 0. 0. 0. 0. 0. 0. 0. 0. 0. 0. 0. 0. 0. 1. 1. 1. 0.
 0. 0. 1. 1. 1. 0. 1. 0. 0. 0. 0. 0. 0. 0. 0. 0. 0. 0. 1. 1. 0. 0. 1. 0.
 1. 0. 0. 0. 0. 0. 0. 0. 0. 1. 0. 1. 0. 0. 0. 0. 0. 0. 0. 1. 1. 0. 0. 0.
 0. 1. 0. 0. 1. 0. 1. 0. 0. 0. 0. 0. 0. 0. 0. 0. 0. 0. 1. 0. 0. 0. 1. 1.
 0. 0. 0. 0. 0. 1. 0. 1. 1. 0. 0. 0. 0. 1. 0. 0. 0. 0. 1. 0. 0. 1. 1. 0.
 0. 0. 0. 0. 0. 0. 1. 1. 0. 0. 0. 0. 0. 0. 1. 0. 0. 0. 0. 0. 0. 0. 0. 0.
 0. 0. 0. 0. 1. 1. 0. 0. 0. 0. 0. 1. 0. 0. 0. 0. 0. 1. 0. 0. 1. 0. 0. 0.
 1. 1. 1. 1. 1. 0. 0. 0. 0. 1. 0. 0. 0. 0. 0. 0. 0. 0. 1. 0. 0. 0. 1. 0.
 0. 1. 0. 0. 0. 0. 0. 0. 0. 0. 0. 0. 0. 0. 0. 0. 0. 0. 0. 1. 0. 0. 1. 0.
 0. 0. 0. 1. 0. 1. 0. 0. 0. 0. 0. 0. 0. 0. 1. 0. 0. 0. 1. 1. 0. 0. 1. 0.
 1. 0. 0. 0. 0. 1. 0. 0. 0. 0. 0. 0. 1. 1. 0. 0. 0. 0. 0. 0. 0. 0. 0. 0.
 1. 0. 1. 0.]","[0. 1. 0. 0. 0. 1. 1. 1. 0. 0. 0. 0. 0. 1. 0. 0. 1. 1. 0. 0. 0. 0. 0. 1.
 0. 0. 1. 0. 1. 0. 0. 1. 0. 1. 1. 0. 0. 0. 1. 0. 0. 0. 1. 1. 1. 0. 1. 0.
 1. 0. 1. 1. 0. 1. 1. 1. 1. 0. 1. 0. 0. 1. 1. 1. 0. 0. 0. 1. 1. 0. 1. 1.
 0. 0. 1. 0. 0. 1. 0. 1. 0. 1. 1. 1. 0. 1. 0. 1. 1. 1. 1. 1. 1. 1. 1. 0.
 0. 0. 1. 1. 1. 0. 0. 1. 1. 1. 0. 0. 0. 1. 1. 1. 0. 0. 0. 0. 1. 1. 1. 0.
 1. 0. 0. 1. 1. 0. 0. 0. 0. 1. 0. 0. 1. 1. 0. 1. 1. 1. 0. 1. 1. 0. 1. 0.
 1. 1. 0. 0. 0. 1. 1. 0. 1. 1. 0. 1. 0. 0. 0. 1. 1. 1. 0. 1. 0. 1. 1. 0.
 1. 0. 0. 1. 1. 0. 0. 1. 0. 1. 1. 0. 0. 1. 0. 0. 1. 1. 0. 1. 1. 0. 0. 0.
 0. 1. 1. 0. 0. 1. 0. 0. 1. 0. 1. 1. 1. 0. 0. 0. 1. 1. 0. 0. 0. 0. 1. 0.
 0. 1. 0. 1. 1. 1. 1. 0. 0. 0. 0. 1. 1. 1. 1. 0. 1. 1. 1. 1. 0. 1. 0. 0.
 1. 0. 0. 1. 1. 1. 1. 1. 0. 0. 1. 1. 1. 0. 0. 1. 0. 1. 0. 0. 1. 0. 1. 0.
 1. 0. 0. 0.]"
238,randomforest,"{'criterion': 'gini', 'max_features': 'log2', 'n_estimators': 29}",0.5483911910699356,0.2000918046131458,0.08427624371457561,0.3328540662826854,0.5414199618332683,0.18902082206653062,0.525795889933821,0.052238805970149294,0.5261194029850746,0.5261194029850746,"{0: 0.5648808197816886, 1: 0.5648808197816885}","{0: 0.5648808197816886, 1: 0.5648808197816885}",0.5648808197816885,"[[67 67]
 [60 74]]","[1. 0. 1. 0. 0. 1. 0. 1. 1. 0. 0. 0. 1. 1. 0. 0. 1. 0. 0. 0. 0. 1. 1. 0.
 0. 1. 0. 1. 1. 1. 1. 0. 0. 0. 1. 0. 1. 0. 1. 0. 0. 0. 1. 0. 0. 0. 1. 0.
 0. 0. 1. 0. 1. 1. 1. 0. 1. 1. 0. 1. 1. 1. 1. 0. 0. 0. 1. 0. 1. 1. 0. 0.
 1. 1. 0. 1. 1. 0. 0. 1. 1. 1. 1. 1. 0. 1. 0. 0. 1. 1. 0. 1. 0. 1. 1. 1.
 0. 0. 0. 1. 0. 1. 1. 0. 0. 0. 0. 1. 0. 1. 0. 0. 0. 1. 1. 0. 1. 0. 0. 0.
 0. 1. 1. 1. 1. 1. 1. 1. 1. 0. 0. 1. 1. 0. 1. 1. 0. 0. 0. 1. 1. 0. 0. 0.
 0. 0. 0. 0. 1. 1. 1. 0. 1. 0. 0. 1. 1. 0. 1. 0. 1. 1. 0. 0. 1. 0. 0. 1.
 1. 1. 1. 1. 1. 0. 0. 1. 1. 0. 1. 0. 1. 1. 1. 1. 0. 1. 0. 1. 0. 1. 0. 1.
 0. 1. 1. 0. 1. 1. 0. 1. 0. 0. 1. 1. 0. 1. 0. 1. 1. 1. 0. 1. 1. 0. 0. 0.
 1. 1. 1. 0. 0. 1. 0. 1. 1. 1. 1. 0. 0. 0. 0. 1. 1. 1. 1. 1. 0. 1. 0. 0.
 1. 0. 1. 0. 1. 1. 1. 1. 0. 1. 1. 0. 1. 0. 1. 1. 0. 1. 0. 0. 0. 0. 1. 1.
 1. 0. 1. 0.]","[0. 1. 0. 0. 0. 1. 1. 1. 0. 0. 0. 0. 0. 1. 0. 0. 1. 1. 0. 0. 0. 0. 0. 1.
 0. 0. 1. 0. 1. 0. 0. 1. 0. 1. 1. 0. 0. 0. 1. 0. 0. 0. 1. 1. 1. 0. 1. 0.
 1. 0. 1. 1. 0. 1. 1. 1. 1. 0. 1. 0. 0. 1. 1. 1. 0. 0. 0. 1. 1. 0. 1. 1.
 0. 0. 1. 0. 0. 1. 0. 1. 0. 1. 1. 1. 0. 1. 0. 1. 1. 1. 1. 1. 1. 1. 1. 0.
 0. 0. 1. 1. 1. 0. 0. 1. 1. 1. 0. 0. 0. 1. 1. 1. 0. 0. 0. 0. 1. 1. 1. 0.
 1. 0. 0. 1. 1. 0. 0. 0. 0. 1. 0. 0. 1. 1. 0. 1. 1. 1. 0. 1. 1. 0. 1. 0.
 1. 1. 0. 0. 0. 1. 1. 0. 1. 1. 0. 1. 0. 0. 0. 1. 1. 1. 0. 1. 0. 1. 1. 0.
 1. 0. 0. 1. 1. 0. 0. 1. 0. 1. 1. 0. 0. 1. 0. 0. 1. 1. 0. 1. 1. 0. 0. 0.
 0. 1. 1. 0. 0. 1. 0. 0. 1. 0. 1. 1. 1. 0. 0. 0. 1. 1. 0. 0. 0. 0. 1. 0.
 0. 1. 0. 1. 1. 1. 1. 0. 0. 0. 0. 1. 1. 1. 1. 0. 1. 1. 1. 1. 0. 1. 0. 0.
 1. 0. 0. 1. 1. 1. 1. 1. 0. 0. 1. 1. 1. 0. 0. 1. 0. 1. 0. 0. 1. 0. 1. 0.
 1. 0. 0. 0.]"
369,knn,{'n_neighbors': 130},0.49179453417181973,0.18562822760457548,0.08412145791198904,0.2201850222243314,0.5130826088487379,0.15275244025163257,0.5181132654056843,0.03731343283582089,0.5186567164179104,0.5186567164179104,"{0: 0.46458008465137, 1: 0.4645800846513701}","{0: 0.46458008465137, 1: 0.4645800846513701}",0.4645800846513701,"[[74 60]
 [69 65]]","[1. 1. 0. 0. 0. 0. 0. 0. 1. 1. 1. 0. 1. 0. 1. 1. 0. 1. 1. 0. 1. 1. 1. 0.
 0. 0. 0. 1. 0. 1. 1. 1. 0. 0. 0. 1. 0. 0. 0. 0. 0. 0. 1. 1. 1. 0. 1. 1.
 1. 0. 0. 0. 1. 1. 1. 0. 0. 1. 0. 0. 1. 0. 1. 0. 0. 0. 0. 1. 0. 0. 1. 0.
 0. 1. 0. 0. 1. 1. 0. 0. 1. 0. 1. 0. 1. 0. 1. 1. 0. 1. 1. 0. 0. 1. 0. 1.
 1. 0. 0. 1. 1. 0. 1. 0. 1. 1. 0. 1. 0. 1. 1. 0. 1. 0. 1. 0. 0. 1. 1. 1.
 1. 0. 1. 1. 0. 1. 0. 1. 0. 1. 0. 0. 0. 1. 1. 1. 1. 0. 1. 1. 0. 1. 0. 0.
 0. 1. 0. 0. 1. 0. 0. 0. 1. 0. 0. 1. 0. 0. 0. 0. 0. 0. 0. 0. 1. 0. 0. 1.
 1. 0. 1. 0. 1. 0. 0. 1. 0. 1. 1. 0. 1. 1. 1. 1. 1. 0. 1. 1. 1. 1. 1. 0.
 1. 1. 1. 0. 0. 1. 0. 0. 1. 0. 0. 1. 0. 1. 0. 1. 1. 0. 0. 0. 1. 0. 1. 1.
 0. 0. 1. 0. 1. 1. 0. 0. 0. 1. 0. 1. 0. 0. 1. 1. 0. 0. 0. 1. 0. 1. 0. 1.
 0. 0. 0. 1. 0. 1. 1. 0. 0. 1. 0. 0. 1. 1. 0. 1. 0. 0. 0. 0. 0. 1. 1. 0.
 0. 0. 1. 0.]","[0. 1. 0. 0. 0. 1. 1. 1. 0. 0. 0. 0. 0. 1. 0. 0. 1. 1. 0. 0. 0. 0. 0. 1.
 0. 0. 1. 0. 1. 0. 0. 1. 0. 1. 1. 0. 0. 0. 1. 0. 0. 0. 1. 1. 1. 0. 1. 0.
 1. 0. 1. 1. 0. 1. 1. 1. 1. 0. 1. 0. 0. 1. 1. 1. 0. 0. 0. 1. 1. 0. 1. 1.
 0. 0. 1. 0. 0. 1. 0. 1. 0. 1. 1. 1. 0. 1. 0. 1. 1. 1. 1. 1. 1. 1. 1. 0.
 0. 0. 1. 1. 1. 0. 0. 1. 1. 1. 0. 0. 0. 1. 1. 1. 0. 0. 0. 0. 1. 1. 1. 0.
 1. 0. 0. 1. 1. 0. 0. 0. 0. 1. 0. 0. 1. 1. 0. 1. 1. 1. 0. 1. 1. 0. 1. 0.
 1. 1. 0. 0. 0. 1. 1. 0. 1. 1. 0. 1. 0. 0. 0. 1. 1. 1. 0. 1. 0. 1. 1. 0.
 1. 0. 0. 1. 1. 0. 0. 1. 0. 1. 1. 0. 0. 1. 0. 0. 1. 1. 0. 1. 1. 0. 0. 0.
 0. 1. 1. 0. 0. 1. 0. 0. 1. 0. 1. 1. 1. 0. 0. 0. 1. 1. 0. 0. 0. 0. 1. 0.
 0. 1. 0. 1. 1. 1. 1. 0. 0. 0. 0. 1. 1. 1. 1. 0. 1. 1. 1. 1. 0. 1. 0. 0.
 1. 0. 0. 1. 1. 1. 1. 1. 0. 0. 1. 1. 1. 0. 0. 1. 0. 1. 0. 0. 1. 0. 1. 0.
 1. 0. 0. 0.]"
946,knn,{'n_neighbors': 130},0.49179453417181973,0.18562822760457548,0.08412145791198904,0.2201850222243314,0.5130826088487379,0.15275244025163257,0.5181132654056843,0.03731343283582089,0.5186567164179104,0.5186567164179104,"{0: 0.46458008465137, 1: 0.4645800846513701}","{0: 0.46458008465137, 1: 0.4645800846513701}",0.4645800846513701,"[[74 60]
 [69 65]]","[1. 1. 0. 0. 0. 0. 0. 0. 1. 1. 1. 0. 1. 0. 1. 1. 0. 1. 1. 0. 1. 1. 1. 0.
 0. 0. 0. 1. 0. 1. 1. 1. 0. 0. 0. 1. 0. 0. 0. 0. 0. 0. 1. 1. 1. 0. 1. 1.
 1. 0. 0. 0. 1. 1. 1. 0. 0. 1. 0. 0. 1. 0. 1. 0. 0. 0. 0. 1. 0. 0. 1. 0.
 0. 1. 0. 0. 1. 1. 0. 0. 1. 0. 1. 0. 1. 0. 1. 1. 0. 1. 1. 0. 0. 1. 0. 1.
 1. 0. 0. 1. 1. 0. 1. 0. 1. 1. 0. 1. 0. 1. 1. 0. 1. 0. 1. 0. 0. 1. 1. 1.
 1. 0. 1. 1. 0. 1. 0. 1. 0. 1. 0. 0. 0. 1. 1. 1. 1. 0. 1. 1. 0. 1. 0. 0.
 0. 1. 0. 0. 1. 0. 0. 0. 1. 0. 0. 1. 0. 0. 0. 0. 0. 0. 0. 0. 1. 0. 0. 1.
 1. 0. 1. 0. 1. 0. 0. 1. 0. 1. 1. 0. 1. 1. 1. 1. 1. 0. 1. 1. 1. 1. 1. 0.
 1. 1. 1. 0. 0. 1. 0. 0. 1. 0. 0. 1. 0. 1. 0. 1. 1. 0. 0. 0. 1. 0. 1. 1.
 0. 0. 1. 0. 1. 1. 0. 0. 0. 1. 0. 1. 0. 0. 1. 1. 0. 0. 0. 1. 0. 1. 0. 1.
 0. 0. 0. 1. 0. 1. 1. 0. 0. 1. 0. 0. 1. 1. 0. 1. 0. 0. 0. 0. 0. 1. 1. 0.
 0. 0. 1. 0.]","[0. 1. 0. 0. 0. 1. 1. 1. 0. 0. 0. 0. 0. 1. 0. 0. 1. 1. 0. 0. 0. 0. 0. 1.
 0. 0. 1. 0. 1. 0. 0. 1. 0. 1. 1. 0. 0. 0. 1. 0. 0. 0. 1. 1. 1. 0. 1. 0.
 1. 0. 1. 1. 0. 1. 1. 1. 1. 0. 1. 0. 0. 1. 1. 1. 0. 0. 0. 1. 1. 0. 1. 1.
 0. 0. 1. 0. 0. 1. 0. 1. 0. 1. 1. 1. 0. 1. 0. 1. 1. 1. 1. 1. 1. 1. 1. 0.
 0. 0. 1. 1. 1. 0. 0. 1. 1. 1. 0. 0. 0. 1. 1. 1. 0. 0. 0. 0. 1. 1. 1. 0.
 1. 0. 0. 1. 1. 0. 0. 0. 0. 1. 0. 0. 1. 1. 0. 1. 1. 1. 0. 1. 1. 0. 1. 0.
 1. 1. 0. 0. 0. 1. 1. 0. 1. 1. 0. 1. 0. 0. 0. 1. 1. 1. 0. 1. 0. 1. 1. 0.
 1. 0. 0. 1. 1. 0. 0. 1. 0. 1. 1. 0. 0. 1. 0. 0. 1. 1. 0. 1. 1. 0. 0. 0.
 0. 1. 1. 0. 0. 1. 0. 0. 1. 0. 1. 1. 1. 0. 0. 0. 1. 1. 0. 0. 0. 0. 1. 0.
 0. 1. 0. 1. 1. 1. 1. 0. 0. 0. 0. 1. 1. 1. 1. 0. 1. 1. 1. 1. 0. 1. 0. 0.
 1. 0. 0. 1. 1. 1. 1. 1. 0. 0. 1. 1. 1. 0. 0. 1. 0. 1. 0. 0. 1. 0. 1. 0.
 1. 0. 0. 0.]"
325,randomforest,"{'criterion': 'gini', 'max_features': 'sqrt', 'n_estimators': 33}",0.5493741535890492,0.18345143224503016,0.08257554587290994,0.30804081311365,0.5428805364289234,0.18035169788627295,0.529195248452401,0.05970149253731338,0.5298507462686567,0.5298507462686567,"{0: 0.5579750501225217, 1: 0.5579750501225217}","{0: 0.5579750501225217, 1: 0.5579750501225217}",0.5579750501225217,"[[66 68]
 [58 76]]","[1. 0. 0. 0. 0. 1. 0. 1. 1. 1. 0. 1. 1. 0. 0. 0. 0. 0. 0. 0. 1. 1. 1. 0.
 0. 0. 0. 1. 1. 1. 1. 0. 0. 1. 0. 1. 1. 0. 1. 0. 1. 0. 1. 0. 0. 0. 1. 0.
 0. 0. 1. 0. 0. 1. 1. 1. 1. 1. 0. 1. 1. 0. 1. 0. 0. 0. 1. 1. 1. 1. 0. 0.
 1. 1. 0. 1. 1. 0. 1. 0. 0. 1. 1. 0. 0. 1. 1. 0. 1. 1. 1. 1. 1. 1. 1. 1.
 0. 0. 1. 1. 0. 1. 1. 1. 1. 1. 0. 1. 0. 1. 0. 0. 0. 1. 1. 0. 1. 0. 0. 0.
 0. 1. 1. 1. 1. 1. 1. 1. 1. 0. 0. 1. 0. 0. 1. 0. 0. 1. 0. 1. 1. 0. 0. 0.
 1. 0. 0. 0. 0. 1. 1. 0. 1. 0. 0. 1. 1. 0. 1. 0. 1. 1. 0. 0. 1. 1. 0. 1.
 1. 1. 0. 1. 1. 0. 0. 1. 1. 0. 0. 0. 0. 0. 1. 1. 0. 0. 1. 1. 1. 0. 1. 1.
 0. 1. 0. 0. 1. 1. 0. 1. 0. 0. 0. 1. 0. 1. 1. 0. 1. 1. 0. 1. 1. 1. 1. 0.
 1. 1. 0. 1. 0. 0. 0. 0. 1. 1. 1. 0. 1. 0. 0. 1. 1. 1. 1. 1. 0. 1. 0. 0.
 1. 1. 0. 0. 1. 1. 1. 1. 1. 1. 1. 0. 1. 0. 0. 1. 0. 1. 0. 1. 0. 0. 1. 1.
 1. 0. 1. 0.]","[0. 1. 0. 0. 0. 1. 1. 1. 0. 0. 0. 0. 0. 1. 0. 0. 1. 1. 0. 0. 0. 0. 0. 1.
 0. 0. 1. 0. 1. 0. 0. 1. 0. 1. 1. 0. 0. 0. 1. 0. 0. 0. 1. 1. 1. 0. 1. 0.
 1. 0. 1. 1. 0. 1. 1. 1. 1. 0. 1. 0. 0. 1. 1. 1. 0. 0. 0. 1. 1. 0. 1. 1.
 0. 0. 1. 0. 0. 1. 0. 1. 0. 1. 1. 1. 0. 1. 0. 1. 1. 1. 1. 1. 1. 1. 1. 0.
 0. 0. 1. 1. 1. 0. 0. 1. 1. 1. 0. 0. 0. 1. 1. 1. 0. 0. 0. 0. 1. 1. 1. 0.
 1. 0. 0. 1. 1. 0. 0. 0. 0. 1. 0. 0. 1. 1. 0. 1. 1. 1. 0. 1. 1. 0. 1. 0.
 1. 1. 0. 0. 0. 1. 1. 0. 1. 1. 0. 1. 0. 0. 0. 1. 1. 1. 0. 1. 0. 1. 1. 0.
 1. 0. 0. 1. 1. 0. 0. 1. 0. 1. 1. 0. 0. 1. 0. 0. 1. 1. 0. 1. 1. 0. 0. 0.
 0. 1. 1. 0. 0. 1. 0. 0. 1. 0. 1. 1. 1. 0. 0. 0. 1. 1. 0. 0. 0. 0. 1. 0.
 0. 1. 0. 1. 1. 1. 1. 0. 0. 0. 0. 1. 1. 1. 1. 0. 1. 1. 1. 1. 0. 1. 0. 0.
 1. 0. 0. 1. 1. 1. 1. 1. 0. 0. 1. 1. 1. 0. 0. 1. 0. 1. 0. 0. 1. 0. 1. 0.
 1. 0. 0. 0.]"
553,randomforest,"{'criterion': 'gini', 'max_features': 'sqrt', 'n_estimators': 45}",0.5578131974805363,0.18030021116554865,0.08172713735267413,0.32175104413330513,0.5462197300906978,0.18409244858664064,0.5330554897341901,0.06716417910447758,0.5335820895522388,0.5335820895522387,"{0: 0.5563321452439296, 1: 0.5563321452439297}","{0: 0.5563321452439296, 1: 0.5563321452439297}",0.5563321452439297,"[[67 67]
 [58 76]]","[1. 0. 0. 0. 0. 1. 0. 1. 1. 1. 1. 0. 1. 0. 0. 0. 0. 0. 0. 1. 0. 1. 0. 0.
 0. 1. 1. 1. 1. 1. 1. 0. 0. 1. 1. 0. 1. 0. 1. 0. 1. 0. 1. 0. 0. 0. 1. 0.
 0. 0. 0. 0. 0. 1. 1. 0. 1. 1. 0. 1. 1. 0. 1. 1. 0. 0. 1. 1. 1. 1. 0. 0.
 0. 1. 0. 1. 1. 0. 0. 0. 1. 1. 1. 0. 0. 1. 1. 1. 1. 1. 0. 1. 0. 1. 1. 1.
 0. 0. 0. 1. 0. 1. 1. 0. 1. 0. 0. 0. 0. 1. 0. 0. 0. 1. 1. 0. 1. 0. 0. 1.
 0. 1. 1. 1. 1. 1. 1. 1. 1. 0. 0. 0. 1. 0. 1. 1. 0. 1. 0. 1. 1. 0. 1. 0.
 1. 0. 0. 1. 1. 1. 1. 0. 1. 1. 0. 1. 1. 0. 1. 0. 1. 1. 0. 0. 1. 1. 0. 1.
 1. 1. 0. 1. 1. 1. 0. 1. 1. 0. 1. 0. 0. 1. 1. 1. 0. 1. 1. 1. 0. 0. 1. 1.
 1. 0. 1. 0. 1. 1. 0. 1. 0. 0. 1. 1. 0. 1. 0. 0. 1. 1. 0. 1. 1. 1. 0. 0.
 1. 1. 0. 0. 0. 0. 0. 0. 1. 1. 1. 0. 0. 0. 0. 1. 1. 1. 1. 1. 0. 1. 0. 0.
 1. 1. 0. 0. 1. 1. 1. 1. 0. 1. 1. 0. 1. 0. 0. 1. 0. 0. 0. 1. 0. 0. 1. 1.
 1. 0. 1. 0.]","[0. 1. 0. 0. 0. 1. 1. 1. 0. 0. 0. 0. 0. 1. 0. 0. 1. 1. 0. 0. 0. 0. 0. 1.
 0. 0. 1. 0. 1. 0. 0. 1. 0. 1. 1. 0. 0. 0. 1. 0. 0. 0. 1. 1. 1. 0. 1. 0.
 1. 0. 1. 1. 0. 1. 1. 1. 1. 0. 1. 0. 0. 1. 1. 1. 0. 0. 0. 1. 1. 0. 1. 1.
 0. 0. 1. 0. 0. 1. 0. 1. 0. 1. 1. 1. 0. 1. 0. 1. 1. 1. 1. 1. 1. 1. 1. 0.
 0. 0. 1. 1. 1. 0. 0. 1. 1. 1. 0. 0. 0. 1. 1. 1. 0. 0. 0. 0. 1. 1. 1. 0.
 1. 0. 0. 1. 1. 0. 0. 0. 0. 1. 0. 0. 1. 1. 0. 1. 1. 1. 0. 1. 1. 0. 1. 0.
 1. 1. 0. 0. 0. 1. 1. 0. 1. 1. 0. 1. 0. 0. 0. 1. 1. 1. 0. 1. 0. 1. 1. 0.
 1. 0. 0. 1. 1. 0. 0. 1. 0. 1. 1. 0. 0. 1. 0. 0. 1. 1. 0. 1. 1. 0. 0. 0.
 0. 1. 1. 0. 0. 1. 0. 0. 1. 0. 1. 1. 1. 0. 0. 0. 1. 1. 0. 0. 0. 0. 1. 0.
 0. 1. 0. 1. 1. 1. 1. 0. 0. 0. 0. 1. 1. 1. 1. 0. 1. 1. 1. 1. 0. 1. 0. 0.
 1. 0. 0. 1. 1. 1. 1. 1. 0. 0. 1. 1. 1. 0. 0. 1. 0. 1. 0. 0. 1. 0. 1. 0.
 1. 0. 0. 0.]"
944,SVC,"{'C': 10, 'gamma': 0.0001, 'kernel': 'sigmoid'}",0.46325852975090803,0.19842105195511042,0.08091805499184318,0.2461720838586938,0.49977051025438124,0.1674235780821381,0.4960910440376052,0.007462686567164201,0.503731343283582,0.5037313432835822,"{0: 0.4692024949877478, 1: 0.4692024949877478}","{0: 0.4692024949877478, 1: 0.4692024949877478}",0.4692024949877478,"[[84 50]
 [83 51]]","[1. 1. 0. 0. 0. 0. 0. 1. 1. 1. 1. 0. 0. 0. 0. 1. 0. 0. 1. 0. 0. 0. 0. 0.
 1. 1. 1. 0. 0. 1. 0. 1. 0. 0. 0. 0. 0. 0. 1. 0. 0. 1. 1. 0. 1. 0. 1. 1.
 0. 1. 1. 0. 1. 0. 0. 0. 1. 1. 0. 1. 0. 0. 1. 1. 0. 0. 0. 0. 0. 0. 1. 0.
 1. 1. 0. 1. 0. 1. 1. 0. 0. 0. 0. 0. 0. 0. 0. 0. 0. 0. 0. 0. 0. 0. 1. 0.
 1. 0. 0. 0. 1. 0. 1. 0. 0. 1. 0. 1. 0. 1. 0. 1. 1. 0. 0. 0. 1. 0. 0. 1.
 1. 0. 0. 0. 0. 1. 1. 0. 1. 0. 0. 0. 0. 1. 1. 1. 1. 0. 0. 1. 0. 1. 1. 0.
 0. 1. 0. 0. 0. 0. 1. 1. 1. 1. 0. 1. 0. 0. 0. 0. 0. 0. 1. 0. 0. 0. 0. 1.
 1. 0. 0. 0. 0. 0. 0. 1. 0. 1. 0. 0. 1. 1. 1. 1. 1. 0. 0. 1. 1. 1. 1. 1.
 1. 1. 1. 0. 0. 1. 0. 0. 0. 0. 0. 0. 0. 1. 0. 1. 0. 1. 0. 0. 0. 0. 0. 1.
 0. 1. 0. 0. 1. 0. 0. 0. 0. 1. 1. 1. 0. 0. 0. 1. 0. 0. 0. 0. 0. 0. 0. 0.
 1. 0. 0. 0. 1. 0. 0. 0. 0. 1. 0. 0. 1. 0. 0. 1. 1. 0. 0. 0. 0. 1. 1. 1.
 1. 0. 1. 0.]","[0. 1. 0. 0. 0. 1. 1. 1. 0. 0. 0. 0. 0. 1. 0. 0. 1. 1. 0. 0. 0. 0. 0. 1.
 0. 0. 1. 0. 1. 0. 0. 1. 0. 1. 1. 0. 0. 0. 1. 0. 0. 0. 1. 1. 1. 0. 1. 0.
 1. 0. 1. 1. 0. 1. 1. 1. 1. 0. 1. 0. 0. 1. 1. 1. 0. 0. 0. 1. 1. 0. 1. 1.
 0. 0. 1. 0. 0. 1. 0. 1. 0. 1. 1. 1. 0. 1. 0. 1. 1. 1. 1. 1. 1. 1. 1. 0.
 0. 0. 1. 1. 1. 0. 0. 1. 1. 1. 0. 0. 0. 1. 1. 1. 0. 0. 0. 0. 1. 1. 1. 0.
 1. 0. 0. 1. 1. 0. 0. 0. 0. 1. 0. 0. 1. 1. 0. 1. 1. 1. 0. 1. 1. 0. 1. 0.
 1. 1. 0. 0. 0. 1. 1. 0. 1. 1. 0. 1. 0. 0. 0. 1. 1. 1. 0. 1. 0. 1. 1. 0.
 1. 0. 0. 1. 1. 0. 0. 1. 0. 1. 1. 0. 0. 1. 0. 0. 1. 1. 0. 1. 1. 0. 0. 0.
 0. 1. 1. 0. 0. 1. 0. 0. 1. 0. 1. 1. 1. 0. 0. 0. 1. 1. 0. 0. 0. 0. 1. 0.
 0. 1. 0. 1. 1. 1. 1. 0. 0. 0. 0. 1. 1. 1. 1. 0. 1. 1. 1. 1. 0. 1. 0. 0.
 1. 0. 0. 1. 1. 1. 1. 1. 0. 0. 1. 1. 1. 0. 0. 1. 0. 1. 0. 0. 1. 0. 1. 0.
 1. 0. 0. 0.]"
550,AdaBoost,"{'algorithm': 'SAMME.R', 'learning_rate': 1.8142857142857143, 'n_estimators': 41}",0.5248568044385221,0.14207654332334468,0.08013793263018855,0.24701156233851815,0.5266076907709972,0.13532788272139823,0.5360473557826548,0.07462686567164178,0.5373134328358209,0.5373134328358209,"{0: 0.5739028736912453, 1: 0.5739028736912453}","{0: 0.5739028736912453, 1: 0.5739028736912453}",0.5739028736912453,"[[65 69]
 [55 79]]","[0. 1. 0. 0. 1. 1. 0. 0. 1. 1. 0. 0. 1. 0. 0. 0. 1. 0. 0. 1. 1. 1. 0. 1.
 0. 1. 1. 1. 1. 1. 1. 1. 0. 1. 0. 0. 0. 0. 0. 1. 0. 0. 1. 1. 0. 1. 1. 1.
 0. 0. 1. 1. 0. 1. 1. 0. 1. 1. 0. 1. 0. 1. 1. 0. 0. 0. 1. 0. 1. 1. 0. 1.
 1. 1. 0. 0. 1. 0. 1. 0. 1. 1. 0. 0. 1. 1. 0. 1. 1. 0. 1. 1. 0. 1. 0. 1.
 0. 0. 0. 1. 0. 0. 0. 1. 0. 1. 0. 1. 1. 1. 1. 1. 0. 1. 1. 0. 1. 1. 0. 0.
 1. 1. 0. 0. 1. 0. 1. 1. 1. 0. 0. 0. 1. 0. 1. 1. 0. 0. 0. 1. 1. 1. 1. 1.
 1. 1. 1. 1. 0. 0. 1. 0. 1. 1. 0. 1. 1. 0. 1. 0. 1. 0. 1. 0. 1. 1. 0. 1.
 1. 1. 1. 0. 1. 0. 1. 1. 1. 1. 0. 0. 1. 1. 1. 1. 0. 0. 1. 1. 1. 0. 0. 1.
 0. 1. 0. 1. 0. 1. 0. 0. 0. 0. 1. 1. 1. 1. 1. 1. 1. 1. 0. 1. 1. 0. 1. 0.
 1. 1. 0. 1. 0. 1. 0. 1. 0. 1. 1. 0. 0. 0. 1. 1. 0. 1. 0. 1. 0. 1. 0. 0.
 0. 1. 1. 0. 1. 1. 0. 1. 0. 1. 1. 1. 1. 0. 0. 0. 0. 0. 0. 1. 0. 1. 1. 0.
 0. 0. 1. 0.]","[0. 1. 0. 0. 0. 1. 1. 1. 0. 0. 0. 0. 0. 1. 0. 0. 1. 1. 0. 0. 0. 0. 0. 1.
 0. 0. 1. 0. 1. 0. 0. 1. 0. 1. 1. 0. 0. 0. 1. 0. 0. 0. 1. 1. 1. 0. 1. 0.
 1. 0. 1. 1. 0. 1. 1. 1. 1. 0. 1. 0. 0. 1. 1. 1. 0. 0. 0. 1. 1. 0. 1. 1.
 0. 0. 1. 0. 0. 1. 0. 1. 0. 1. 1. 1. 0. 1. 0. 1. 1. 1. 1. 1. 1. 1. 1. 0.
 0. 0. 1. 1. 1. 0. 0. 1. 1. 1. 0. 0. 0. 1. 1. 1. 0. 0. 0. 0. 1. 1. 1. 0.
 1. 0. 0. 1. 1. 0. 0. 0. 0. 1. 0. 0. 1. 1. 0. 1. 1. 1. 0. 1. 1. 0. 1. 0.
 1. 1. 0. 0. 0. 1. 1. 0. 1. 1. 0. 1. 0. 0. 0. 1. 1. 1. 0. 1. 0. 1. 1. 0.
 1. 0. 0. 1. 1. 0. 0. 1. 0. 1. 1. 0. 0. 1. 0. 0. 1. 1. 0. 1. 1. 0. 0. 0.
 0. 1. 1. 0. 0. 1. 0. 0. 1. 0. 1. 1. 1. 0. 0. 0. 1. 1. 0. 0. 0. 0. 1. 0.
 0. 1. 0. 1. 1. 1. 1. 0. 0. 0. 0. 1. 1. 1. 1. 0. 1. 1. 1. 1. 0. 1. 0. 0.
 1. 0. 0. 1. 1. 1. 1. 1. 0. 0. 1. 1. 1. 0. 0. 1. 0. 1. 0. 0. 1. 0. 1. 0.
 1. 0. 0. 0.]"
848,knn,{'n_neighbors': 95},0.5123312004953371,0.1572403032339852,0.07933589481005678,0.18460669405005373,0.5194559193047096,0.13745806651257889,0.5184891154472904,0.03731343283582089,0.5186567164179104,0.5186567164179104,"{0: 0.4871073735798619, 1: 0.48710737357986184}","{0: 0.4871073735798619, 1: 0.48710737357986184}",0.48710737357986184,"[[72 62]
 [67 67]]","[1. 1. 0. 0. 0. 0. 0. 0. 1. 1. 1. 0. 0. 0. 1. 1. 1. 1. 1. 0. 1. 1. 0. 0.
 0. 0. 0. 1. 0. 1. 1. 1. 0. 0. 0. 1. 1. 0. 0. 0. 0. 0. 1. 1. 1. 0. 1. 1.
 0. 0. 0. 0. 1. 1. 1. 0. 0. 1. 1. 0. 1. 0. 1. 1. 0. 0. 0. 0. 0. 0. 1. 0.
 0. 1. 0. 0. 1. 1. 0. 0. 1. 0. 1. 0. 1. 1. 1. 1. 0. 1. 1. 0. 0. 1. 1. 1.
 1. 0. 0. 1. 1. 0. 1. 0. 1. 1. 0. 1. 0. 1. 1. 0. 1. 0. 0. 0. 0. 1. 1. 1.
 1. 1. 0. 1. 0. 1. 0. 1. 0. 0. 0. 0. 0. 0. 1. 1. 1. 0. 1. 1. 0. 1. 0. 0.
 0. 1. 0. 0. 1. 1. 0. 0. 1. 0. 0. 1. 0. 0. 0. 0. 0. 1. 1. 0. 1. 0. 0. 0.
 1. 0. 1. 0. 0. 0. 0. 1. 1. 1. 1. 0. 1. 1. 1. 1. 1. 0. 1. 0. 1. 1. 1. 0.
 1. 1. 1. 0. 0. 1. 0. 0. 1. 0. 0. 1. 0. 1. 0. 1. 1. 1. 0. 0. 0. 0. 1. 1.
 0. 0. 1. 1. 1. 1. 0. 1. 0. 1. 1. 1. 0. 0. 0. 1. 0. 0. 0. 1. 0. 1. 0. 1.
 0. 0. 1. 0. 0. 1. 1. 0. 0. 1. 1. 0. 1. 1. 0. 1. 0. 0. 0. 0. 0. 1. 1. 0.
 0. 0. 1. 1.]","[0. 1. 0. 0. 0. 1. 1. 1. 0. 0. 0. 0. 0. 1. 0. 0. 1. 1. 0. 0. 0. 0. 0. 1.
 0. 0. 1. 0. 1. 0. 0. 1. 0. 1. 1. 0. 0. 0. 1. 0. 0. 0. 1. 1. 1. 0. 1. 0.
 1. 0. 1. 1. 0. 1. 1. 1. 1. 0. 1. 0. 0. 1. 1. 1. 0. 0. 0. 1. 1. 0. 1. 1.
 0. 0. 1. 0. 0. 1. 0. 1. 0. 1. 1. 1. 0. 1. 0. 1. 1. 1. 1. 1. 1. 1. 1. 0.
 0. 0. 1. 1. 1. 0. 0. 1. 1. 1. 0. 0. 0. 1. 1. 1. 0. 0. 0. 0. 1. 1. 1. 0.
 1. 0. 0. 1. 1. 0. 0. 0. 0. 1. 0. 0. 1. 1. 0. 1. 1. 1. 0. 1. 1. 0. 1. 0.
 1. 1. 0. 0. 0. 1. 1. 0. 1. 1. 0. 1. 0. 0. 0. 1. 1. 1. 0. 1. 0. 1. 1. 0.
 1. 0. 0. 1. 1. 0. 0. 1. 0. 1. 1. 0. 0. 1. 0. 0. 1. 1. 0. 1. 1. 0. 0. 0.
 0. 1. 1. 0. 0. 1. 0. 0. 1. 0. 1. 1. 1. 0. 0. 0. 1. 1. 0. 0. 0. 0. 1. 0.
 0. 1. 0. 1. 1. 1. 1. 0. 0. 0. 0. 1. 1. 1. 1. 0. 1. 1. 1. 1. 0. 1. 0. 0.
 1. 0. 0. 1. 1. 1. 1. 1. 0. 0. 1. 1. 1. 0. 0. 1. 0. 1. 0. 0. 1. 0. 1. 0.
 1. 0. 0. 0.]"
313,knn,{'n_neighbors': 95},0.5123312004953371,0.1572403032339852,0.07933589481005678,0.18460669405005373,0.5194559193047096,0.13745806651257889,0.5184891154472904,0.03731343283582089,0.5186567164179104,0.5186567164179104,"{0: 0.4871073735798619, 1: 0.48710737357986184}","{0: 0.4871073735798619, 1: 0.48710737357986184}",0.48710737357986184,"[[72 62]
 [67 67]]","[1. 1. 0. 0. 0. 0. 0. 0. 1. 1. 1. 0. 0. 0. 1. 1. 1. 1. 1. 0. 1. 1. 0. 0.
 0. 0. 0. 1. 0. 1. 1. 1. 0. 0. 0. 1. 1. 0. 0. 0. 0. 0. 1. 1. 1. 0. 1. 1.
 0. 0. 0. 0. 1. 1. 1. 0. 0. 1. 1. 0. 1. 0. 1. 1. 0. 0. 0. 0. 0. 0. 1. 0.
 0. 1. 0. 0. 1. 1. 0. 0. 1. 0. 1. 0. 1. 1. 1. 1. 0. 1. 1. 0. 0. 1. 1. 1.
 1. 0. 0. 1. 1. 0. 1. 0. 1. 1. 0. 1. 0. 1. 1. 0. 1. 0. 0. 0. 0. 1. 1. 1.
 1. 1. 0. 1. 0. 1. 0. 1. 0. 0. 0. 0. 0. 0. 1. 1. 1. 0. 1. 1. 0. 1. 0. 0.
 0. 1. 0. 0. 1. 1. 0. 0. 1. 0. 0. 1. 0. 0. 0. 0. 0. 1. 1. 0. 1. 0. 0. 0.
 1. 0. 1. 0. 0. 0. 0. 1. 1. 1. 1. 0. 1. 1. 1. 1. 1. 0. 1. 0. 1. 1. 1. 0.
 1. 1. 1. 0. 0. 1. 0. 0. 1. 0. 0. 1. 0. 1. 0. 1. 1. 1. 0. 0. 0. 0. 1. 1.
 0. 0. 1. 1. 1. 1. 0. 1. 0. 1. 1. 1. 0. 0. 0. 1. 0. 0. 0. 1. 0. 1. 0. 1.
 0. 0. 1. 0. 0. 1. 1. 0. 0. 1. 1. 0. 1. 1. 0. 1. 0. 0. 0. 0. 0. 1. 1. 0.
 0. 0. 1. 1.]","[0. 1. 0. 0. 0. 1. 1. 1. 0. 0. 0. 0. 0. 1. 0. 0. 1. 1. 0. 0. 0. 0. 0. 1.
 0. 0. 1. 0. 1. 0. 0. 1. 0. 1. 1. 0. 0. 0. 1. 0. 0. 0. 1. 1. 1. 0. 1. 0.
 1. 0. 1. 1. 0. 1. 1. 1. 1. 0. 1. 0. 0. 1. 1. 1. 0. 0. 0. 1. 1. 0. 1. 1.
 0. 0. 1. 0. 0. 1. 0. 1. 0. 1. 1. 1. 0. 1. 0. 1. 1. 1. 1. 1. 1. 1. 1. 0.
 0. 0. 1. 1. 1. 0. 0. 1. 1. 1. 0. 0. 0. 1. 1. 1. 0. 0. 0. 0. 1. 1. 1. 0.
 1. 0. 0. 1. 1. 0. 0. 0. 0. 1. 0. 0. 1. 1. 0. 1. 1. 1. 0. 1. 1. 0. 1. 0.
 1. 1. 0. 0. 0. 1. 1. 0. 1. 1. 0. 1. 0. 0. 0. 1. 1. 1. 0. 1. 0. 1. 1. 0.
 1. 0. 0. 1. 1. 0. 0. 1. 0. 1. 1. 0. 0. 1. 0. 0. 1. 1. 0. 1. 1. 0. 0. 0.
 0. 1. 1. 0. 0. 1. 0. 0. 1. 0. 1. 1. 1. 0. 0. 0. 1. 1. 0. 0. 0. 0. 1. 0.
 0. 1. 0. 1. 1. 1. 1. 0. 0. 0. 0. 1. 1. 1. 1. 0. 1. 1. 1. 1. 0. 1. 0. 0.
 1. 0. 0. 1. 1. 1. 1. 1. 0. 0. 1. 1. 1. 0. 0. 1. 0. 1. 0. 0. 1. 0. 1. 0.
 1. 0. 0. 0.]"
531,knn,{'n_neighbors': 125},0.505356992500612,0.16576962470049245,0.07918247994909168,0.20348576117096007,0.5206413695324986,0.1423326718749114,0.5148983570036201,0.02985074626865669,0.5149253731343284,0.5149253731343284,"{0: 0.45408220093562046, 1: 0.45408220093562046}","{0: 0.45408220093562046, 1: 0.45408220093562046}",0.45408220093562046,"[[70 64]
 [66 68]]","[1. 1. 0. 0. 0. 1. 0. 0. 1. 1. 1. 0. 1. 0. 1. 1. 1. 1. 1. 0. 1. 0. 1. 0.
 0. 0. 0. 1. 0. 1. 1. 1. 0. 0. 0. 1. 0. 0. 0. 0. 0. 0. 1. 1. 1. 0. 1. 1.
 1. 0. 0. 0. 1. 1. 1. 0. 0. 1. 0. 0. 1. 0. 1. 1. 0. 0. 0. 1. 0. 0. 1. 0.
 0. 1. 0. 0. 0. 1. 0. 0. 1. 0. 1. 0. 1. 0. 1. 1. 0. 1. 1. 0. 0. 1. 0. 1.
 1. 0. 0. 1. 1. 0. 1. 0. 1. 1. 0. 1. 0. 1. 0. 0. 1. 0. 0. 0. 0. 1. 1. 0.
 1. 1. 1. 1. 0. 1. 0. 1. 0. 1. 0. 1. 0. 1. 1. 1. 1. 0. 1. 1. 0. 1. 0. 0.
 0. 1. 1. 0. 1. 1. 0. 0. 1. 0. 0. 1. 1. 0. 0. 0. 0. 0. 0. 0. 1. 0. 0. 1.
 1. 0. 1. 0. 1. 0. 0. 1. 1. 1. 1. 1. 1. 1. 1. 1. 1. 0. 1. 1. 1. 1. 1. 1.
 1. 1. 1. 0. 0. 1. 0. 0. 1. 0. 0. 1. 0. 1. 0. 1. 1. 0. 0. 0. 1. 0. 1. 1.
 0. 0. 1. 0. 1. 1. 0. 0. 0. 1. 1. 1. 0. 0. 1. 1. 0. 0. 0. 1. 0. 1. 0. 1.
 0. 0. 0. 0. 0. 1. 1. 1. 0. 1. 0. 0. 1. 1. 0. 1. 0. 0. 0. 0. 0. 1. 1. 0.
 0. 0. 1. 0.]","[0. 1. 0. 0. 0. 1. 1. 1. 0. 0. 0. 0. 0. 1. 0. 0. 1. 1. 0. 0. 0. 0. 0. 1.
 0. 0. 1. 0. 1. 0. 0. 1. 0. 1. 1. 0. 0. 0. 1. 0. 0. 0. 1. 1. 1. 0. 1. 0.
 1. 0. 1. 1. 0. 1. 1. 1. 1. 0. 1. 0. 0. 1. 1. 1. 0. 0. 0. 1. 1. 0. 1. 1.
 0. 0. 1. 0. 0. 1. 0. 1. 0. 1. 1. 1. 0. 1. 0. 1. 1. 1. 1. 1. 1. 1. 1. 0.
 0. 0. 1. 1. 1. 0. 0. 1. 1. 1. 0. 0. 0. 1. 1. 1. 0. 0. 0. 0. 1. 1. 1. 0.
 1. 0. 0. 1. 1. 0. 0. 0. 0. 1. 0. 0. 1. 1. 0. 1. 1. 1. 0. 1. 1. 0. 1. 0.
 1. 1. 0. 0. 0. 1. 1. 0. 1. 1. 0. 1. 0. 0. 0. 1. 1. 1. 0. 1. 0. 1. 1. 0.
 1. 0. 0. 1. 1. 0. 0. 1. 0. 1. 1. 0. 0. 1. 0. 0. 1. 1. 0. 1. 1. 0. 0. 0.
 0. 1. 1. 0. 0. 1. 0. 0. 1. 0. 1. 1. 1. 0. 0. 0. 1. 1. 0. 0. 0. 0. 1. 0.
 0. 1. 0. 1. 1. 1. 1. 0. 0. 0. 0. 1. 1. 1. 1. 0. 1. 1. 1. 1. 0. 1. 0. 0.
 1. 0. 0. 1. 1. 1. 1. 1. 0. 0. 1. 1. 1. 0. 0. 1. 0. 1. 0. 0. 1. 0. 1. 0.
 1. 0. 0. 0.]"
57,knn,{'n_neighbors': 125},0.505356992500612,0.16576962470049245,0.07918247994909168,0.20348576117096007,0.5206413695324986,0.1423326718749114,0.5148983570036201,0.02985074626865669,0.5149253731343284,0.5149253731343284,"{0: 0.45408220093562046, 1: 0.45408220093562046}","{0: 0.45408220093562046, 1: 0.45408220093562046}",0.45408220093562046,"[[70 64]
 [66 68]]","[1. 1. 0. 0. 0. 1. 0. 0. 1. 1. 1. 0. 1. 0. 1. 1. 1. 1. 1. 0. 1. 0. 1. 0.
 0. 0. 0. 1. 0. 1. 1. 1. 0. 0. 0. 1. 0. 0. 0. 0. 0. 0. 1. 1. 1. 0. 1. 1.
 1. 0. 0. 0. 1. 1. 1. 0. 0. 1. 0. 0. 1. 0. 1. 1. 0. 0. 0. 1. 0. 0. 1. 0.
 0. 1. 0. 0. 0. 1. 0. 0. 1. 0. 1. 0. 1. 0. 1. 1. 0. 1. 1. 0. 0. 1. 0. 1.
 1. 0. 0. 1. 1. 0. 1. 0. 1. 1. 0. 1. 0. 1. 0. 0. 1. 0. 0. 0. 0. 1. 1. 0.
 1. 1. 1. 1. 0. 1. 0. 1. 0. 1. 0. 1. 0. 1. 1. 1. 1. 0. 1. 1. 0. 1. 0. 0.
 0. 1. 1. 0. 1. 1. 0. 0. 1. 0. 0. 1. 1. 0. 0. 0. 0. 0. 0. 0. 1. 0. 0. 1.
 1. 0. 1. 0. 1. 0. 0. 1. 1. 1. 1. 1. 1. 1. 1. 1. 1. 0. 1. 1. 1. 1. 1. 1.
 1. 1. 1. 0. 0. 1. 0. 0. 1. 0. 0. 1. 0. 1. 0. 1. 1. 0. 0. 0. 1. 0. 1. 1.
 0. 0. 1. 0. 1. 1. 0. 0. 0. 1. 1. 1. 0. 0. 1. 1. 0. 0. 0. 1. 0. 1. 0. 1.
 0. 0. 0. 0. 0. 1. 1. 1. 0. 1. 0. 0. 1. 1. 0. 1. 0. 0. 0. 0. 0. 1. 1. 0.
 0. 0. 1. 0.]","[0. 1. 0. 0. 0. 1. 1. 1. 0. 0. 0. 0. 0. 1. 0. 0. 1. 1. 0. 0. 0. 0. 0. 1.
 0. 0. 1. 0. 1. 0. 0. 1. 0. 1. 1. 0. 0. 0. 1. 0. 0. 0. 1. 1. 1. 0. 1. 0.
 1. 0. 1. 1. 0. 1. 1. 1. 1. 0. 1. 0. 0. 1. 1. 1. 0. 0. 0. 1. 1. 0. 1. 1.
 0. 0. 1. 0. 0. 1. 0. 1. 0. 1. 1. 1. 0. 1. 0. 1. 1. 1. 1. 1. 1. 1. 1. 0.
 0. 0. 1. 1. 1. 0. 0. 1. 1. 1. 0. 0. 0. 1. 1. 1. 0. 0. 0. 0. 1. 1. 1. 0.
 1. 0. 0. 1. 1. 0. 0. 0. 0. 1. 0. 0. 1. 1. 0. 1. 1. 1. 0. 1. 1. 0. 1. 0.
 1. 1. 0. 0. 0. 1. 1. 0. 1. 1. 0. 1. 0. 0. 0. 1. 1. 1. 0. 1. 0. 1. 1. 0.
 1. 0. 0. 1. 1. 0. 0. 1. 0. 1. 1. 0. 0. 1. 0. 0. 1. 1. 0. 1. 1. 0. 0. 0.
 0. 1. 1. 0. 0. 1. 0. 0. 1. 0. 1. 1. 1. 0. 0. 0. 1. 1. 0. 0. 0. 0. 1. 0.
 0. 1. 0. 1. 1. 1. 1. 0. 0. 0. 0. 1. 1. 1. 1. 0. 1. 1. 1. 1. 0. 1. 0. 0.
 1. 0. 0. 1. 1. 1. 1. 1. 0. 0. 1. 1. 1. 0. 0. 1. 0. 1. 0. 0. 1. 0. 1. 0.
 1. 0. 0. 0.]"
141,AdaBoost,"{'algorithm': 'SAMME.R', 'learning_rate': 2.059183673469388, 'n_estimators': 74}",0.5347372871103319,0.16663985465238912,0.07910213199558737,0.2925208339773435,0.5472737667798152,0.14761820574735574,0.5261128050902913,0.052238805970149294,0.5261194029850746,0.5261194029850746,"{0: 0.538343729115616, 1: 0.5383437291156159}","{0: 0.538343729115616, 1: 0.5383437291156159}",0.5383437291156159,"[[71 63]
 [64 70]]","[1. 0. 0. 1. 1. 1. 1. 0. 0. 0. 0. 1. 0. 1. 0. 0. 1. 0. 0. 1. 1. 1. 1. 0.
 0. 0. 1. 1. 1. 1. 0. 0. 1. 0. 1. 1. 1. 1. 0. 0. 0. 1. 1. 0. 1. 0. 1. 0.
 0. 0. 1. 1. 0. 1. 0. 0. 0. 1. 1. 1. 1. 0. 0. 0. 1. 0. 0. 1. 1. 0. 0. 0.
 0. 1. 0. 0. 1. 1. 0. 0. 0. 1. 0. 0. 0. 0. 1. 0. 0. 0. 1. 0. 1. 0. 1. 1.
 0. 0. 0. 1. 1. 1. 1. 0. 1. 0. 0. 0. 0. 1. 1. 0. 0. 0. 0. 0. 1. 1. 0. 1.
 0. 0. 1. 1. 1. 0. 1. 1. 1. 0. 0. 1. 1. 1. 1. 0. 1. 1. 1. 1. 0. 0. 0. 0.
 1. 1. 1. 0. 1. 1. 0. 0. 1. 0. 1. 0. 0. 1. 0. 1. 0. 0. 0. 0. 1. 0. 1. 0.
 1. 1. 1. 0. 1. 1. 0. 0. 1. 0. 1. 0. 1. 1. 0. 1. 0. 0. 1. 0. 0. 1. 1. 0.
 0. 1. 0. 1. 1. 1. 0. 0. 1. 1. 1. 1. 0. 1. 1. 1. 0. 1. 0. 1. 0. 1. 1. 0.
 0. 0. 0. 1. 1. 1. 1. 0. 0. 0. 0. 1. 1. 1. 0. 1. 0. 0. 1. 1. 0. 0. 0. 1.
 1. 1. 1. 1. 0. 1. 1. 1. 0. 0. 1. 0. 1. 1. 1. 0. 0. 0. 0. 0. 0. 0. 1. 0.
 1. 1. 1. 0.]","[0. 1. 0. 0. 0. 1. 1. 1. 0. 0. 0. 0. 0. 1. 0. 0. 1. 1. 0. 0. 0. 0. 0. 1.
 0. 0. 1. 0. 1. 0. 0. 1. 0. 1. 1. 0. 0. 0. 1. 0. 0. 0. 1. 1. 1. 0. 1. 0.
 1. 0. 1. 1. 0. 1. 1. 1. 1. 0. 1. 0. 0. 1. 1. 1. 0. 0. 0. 1. 1. 0. 1. 1.
 0. 0. 1. 0. 0. 1. 0. 1. 0. 1. 1. 1. 0. 1. 0. 1. 1. 1. 1. 1. 1. 1. 1. 0.
 0. 0. 1. 1. 1. 0. 0. 1. 1. 1. 0. 0. 0. 1. 1. 1. 0. 0. 0. 0. 1. 1. 1. 0.
 1. 0. 0. 1. 1. 0. 0. 0. 0. 1. 0. 0. 1. 1. 0. 1. 1. 1. 0. 1. 1. 0. 1. 0.
 1. 1. 0. 0. 0. 1. 1. 0. 1. 1. 0. 1. 0. 0. 0. 1. 1. 1. 0. 1. 0. 1. 1. 0.
 1. 0. 0. 1. 1. 0. 0. 1. 0. 1. 1. 0. 0. 1. 0. 0. 1. 1. 0. 1. 1. 0. 0. 0.
 0. 1. 1. 0. 0. 1. 0. 0. 1. 0. 1. 1. 1. 0. 0. 0. 1. 1. 0. 0. 0. 0. 1. 0.
 0. 1. 0. 1. 1. 1. 1. 0. 0. 0. 0. 1. 1. 1. 1. 0. 1. 1. 1. 1. 0. 1. 0. 0.
 1. 0. 0. 1. 1. 1. 1. 1. 0. 0. 1. 1. 1. 0. 0. 1. 0. 1. 0. 0. 1. 0. 1. 0.
 1. 0. 0. 0.]"
51,AdaBoost,"{'algorithm': 'SAMME.R', 'learning_rate': 3.691836734693877, 'n_estimators': 30}",0.5013129277666769,0.1839316882505063,0.07541328347590436,0.27356094112821167,0.5356776083086566,0.1866210895409938,0.5037037037037037,0.04477611940298509,0.5223880597014925,0.5223880597014925,"{0: 0.5679717086210738, 1: 0.5679717086210738}","{0: 0.5679717086210738, 1: 0.5679717086210738}",0.5679717086210738,"[[96 38]
 [90 44]]","[1. 0. 0. 0. 0. 1. 1. 1. 1. 1. 0. 1. 0. 0. 0. 0. 0. 0. 0. 0. 1. 1. 1. 0.
 0. 0. 1. 1. 1. 0. 0. 0. 0. 0. 1. 0. 1. 0. 1. 0. 0. 0. 1. 0. 0. 0. 1. 0.
 0. 0. 1. 0. 0. 0. 0. 0. 0. 1. 0. 1. 1. 1. 0. 0. 1. 0. 0. 1. 1. 0. 0. 0.
 0. 0. 0. 0. 1. 0. 1. 0. 0. 1. 0. 0. 0. 0. 0. 0. 0. 0. 1. 0. 0. 0. 1. 1.
 0. 0. 0. 0. 0. 1. 1. 0. 1. 0. 0. 0. 0. 1. 0. 0. 0. 0. 0. 0. 1. 1. 0. 1.
 0. 0. 0. 1. 0. 0. 1. 0. 0. 0. 0. 0. 0. 0. 1. 0. 0. 0. 0. 0. 0. 0. 0. 1.
 1. 1. 1. 0. 1. 1. 1. 0. 1. 0. 0. 1. 0. 0. 1. 0. 0. 0. 0. 0. 1. 0. 0. 0.
 1. 1. 1. 0. 1. 0. 0. 0. 0. 1. 0. 0. 0. 0. 0. 0. 0. 0. 1. 0. 0. 1. 0. 0.
 0. 0. 0. 0. 1. 1. 0. 0. 0. 1. 1. 1. 0. 0. 1. 1. 0. 0. 0. 1. 0. 1. 1. 0.
 0. 0. 0. 1. 0. 1. 0. 0. 0. 0. 0. 0. 0. 0. 0. 0. 0. 0. 1. 1. 0. 0. 0. 0.
 1. 0. 0. 1. 1. 1. 0. 0. 0. 0. 0. 0. 1. 1. 0. 0. 0. 0. 0. 0. 0. 0. 0. 0.
 1. 0. 1. 0.]","[0. 1. 0. 0. 0. 1. 1. 1. 0. 0. 0. 0. 0. 1. 0. 0. 1. 1. 0. 0. 0. 0. 0. 1.
 0. 0. 1. 0. 1. 0. 0. 1. 0. 1. 1. 0. 0. 0. 1. 0. 0. 0. 1. 1. 1. 0. 1. 0.
 1. 0. 1. 1. 0. 1. 1. 1. 1. 0. 1. 0. 0. 1. 1. 1. 0. 0. 0. 1. 1. 0. 1. 1.
 0. 0. 1. 0. 0. 1. 0. 1. 0. 1. 1. 1. 0. 1. 0. 1. 1. 1. 1. 1. 1. 1. 1. 0.
 0. 0. 1. 1. 1. 0. 0. 1. 1. 1. 0. 0. 0. 1. 1. 1. 0. 0. 0. 0. 1. 1. 1. 0.
 1. 0. 0. 1. 1. 0. 0. 0. 0. 1. 0. 0. 1. 1. 0. 1. 1. 1. 0. 1. 1. 0. 1. 0.
 1. 1. 0. 0. 0. 1. 1. 0. 1. 1. 0. 1. 0. 0. 0. 1. 1. 1. 0. 1. 0. 1. 1. 0.
 1. 0. 0. 1. 1. 0. 0. 1. 0. 1. 1. 0. 0. 1. 0. 0. 1. 1. 0. 1. 1. 0. 0. 0.
 0. 1. 1. 0. 0. 1. 0. 0. 1. 0. 1. 1. 1. 0. 0. 0. 1. 1. 0. 0. 0. 0. 1. 0.
 0. 1. 0. 1. 1. 1. 1. 0. 0. 0. 0. 1. 1. 1. 1. 0. 1. 1. 1. 1. 0. 1. 0. 0.
 1. 0. 0. 1. 1. 1. 1. 1. 0. 0. 1. 1. 1. 0. 0. 1. 0. 1. 0. 0. 1. 0. 1. 0.
 1. 0. 0. 0.]"
211,AdaBoost,"{'algorithm': 'SAMME.R', 'learning_rate': 2.5489795918367344, 'n_estimators': 30}",0.4759811963767417,0.21031256639430956,0.07055293284956178,0.2713017297654103,0.5160775902711386,0.1774567747828148,0.5081742151492653,0.02238805970149249,0.5111940298507462,0.5111940298507462,"{0: 0.5344731566050345, 1: 0.5344731566050345}","{0: 0.5344731566050345, 1: 0.5344731566050345}",0.5344731566050345,"[[79 55]
 [76 58]]","[1. 1. 0. 0. 0. 1. 0. 1. 0. 1. 0. 1. 0. 0. 1. 0. 0. 1. 0. 1. 1. 1. 1. 0.
 0. 1. 1. 1. 1. 0. 1. 0. 0. 0. 1. 1. 0. 1. 1. 1. 0. 1. 1. 0. 0. 0. 1. 0.
 0. 0. 1. 0. 0. 1. 1. 0. 0. 1. 0. 1. 1. 0. 0. 0. 1. 0. 0. 1. 1. 0. 0. 0.
 0. 1. 0. 0. 1. 0. 0. 0. 1. 1. 1. 0. 0. 0. 0. 0. 0. 0. 1. 0. 0. 1. 1. 1.
 0. 0. 1. 0. 1. 1. 1. 0. 1. 1. 0. 0. 0. 1. 0. 0. 0. 1. 1. 0. 1. 1. 0. 1.
 0. 0. 0. 1. 0. 0. 1. 1. 1. 0. 0. 0. 1. 0. 1. 0. 0. 0. 1. 1. 0. 0. 0. 0.
 0. 1. 1. 0. 1. 1. 1. 0. 1. 0. 0. 1. 0. 0. 0. 1. 0. 0. 0. 1. 1. 0. 0. 0.
 1. 1. 1. 0. 1. 0. 0. 0. 0. 1. 1. 0. 1. 0. 0. 1. 0. 0. 1. 0. 0. 1. 1. 0.
 0. 1. 0. 0. 0. 1. 0. 0. 0. 1. 1. 0. 0. 0. 1. 1. 0. 0. 0. 1. 0. 0. 1. 1.
 1. 0. 0. 1. 0. 1. 1. 0. 0. 0. 0. 1. 0. 0. 0. 0. 0. 0. 1. 1. 0. 0. 0. 1.
 1. 0. 0. 1. 1. 1. 1. 0. 0. 0. 0. 0. 1. 1. 0. 0. 1. 0. 0. 0. 0. 1. 0. 0.
 1. 1. 1. 0.]","[0. 1. 0. 0. 0. 1. 1. 1. 0. 0. 0. 0. 0. 1. 0. 0. 1. 1. 0. 0. 0. 0. 0. 1.
 0. 0. 1. 0. 1. 0. 0. 1. 0. 1. 1. 0. 0. 0. 1. 0. 0. 0. 1. 1. 1. 0. 1. 0.
 1. 0. 1. 1. 0. 1. 1. 1. 1. 0. 1. 0. 0. 1. 1. 1. 0. 0. 0. 1. 1. 0. 1. 1.
 0. 0. 1. 0. 0. 1. 0. 1. 0. 1. 1. 1. 0. 1. 0. 1. 1. 1. 1. 1. 1. 1. 1. 0.
 0. 0. 1. 1. 1. 0. 0. 1. 1. 1. 0. 0. 0. 1. 1. 1. 0. 0. 0. 0. 1. 1. 1. 0.
 1. 0. 0. 1. 1. 0. 0. 0. 0. 1. 0. 0. 1. 1. 0. 1. 1. 1. 0. 1. 1. 0. 1. 0.
 1. 1. 0. 0. 0. 1. 1. 0. 1. 1. 0. 1. 0. 0. 0. 1. 1. 1. 0. 1. 0. 1. 1. 0.
 1. 0. 0. 1. 1. 0. 0. 1. 0. 1. 1. 0. 0. 1. 0. 0. 1. 1. 0. 1. 1. 0. 0. 0.
 0. 1. 1. 0. 0. 1. 0. 0. 1. 0. 1. 1. 1. 0. 0. 0. 1. 1. 0. 0. 0. 0. 1. 0.
 0. 1. 0. 1. 1. 1. 1. 0. 0. 0. 0. 1. 1. 1. 1. 0. 1. 1. 1. 1. 0. 1. 0. 0.
 1. 0. 0. 1. 1. 1. 1. 1. 0. 0. 1. 1. 1. 0. 0. 1. 0. 1. 0. 0. 1. 0. 1. 0.
 1. 0. 0. 0.]"
290,SVC,"{'C': 1000, 'gamma': 0.0001, 'kernel': 'sigmoid'}",0.49719841715528573,0.1763163013168832,0.07039714836765475,0.24056452915019474,0.5175509917949435,0.14958288709854814,0.5175214569813692,0.03731343283582089,0.5186567164179104,0.5186567164179104,"{0: 0.5005012252171976, 1: 0.5005012252171976}","{0: 0.5005012252171976, 1: 0.5005012252171976}",0.5005012252171976,"[[76 58]
 [71 63]]","[1. 1. 1. 0. 0. 0. 0. 1. 1. 1. 0. 0. 0. 0. 1. 1. 0. 1. 0. 0. 0. 0. 0. 1.
 0. 0. 1. 0. 0. 0. 1. 0. 1. 0. 0. 1. 0. 0. 1. 0. 0. 0. 1. 0. 0. 0. 0. 0.
 0. 0. 1. 0. 1. 1. 1. 0. 1. 0. 0. 0. 0. 0. 1. 0. 0. 1. 0. 1. 0. 1. 1. 0.
 0. 0. 0. 1. 1. 1. 1. 1. 1. 0. 1. 1. 1. 1. 1. 0. 0. 0. 1. 1. 1. 1. 0. 1.
 0. 0. 0. 0. 0. 1. 1. 1. 0. 0. 0. 1. 0. 1. 1. 1. 1. 1. 0. 0. 1. 1. 0. 1.
 0. 1. 0. 0. 1. 1. 0. 1. 0. 0. 1. 0. 0. 0. 1. 1. 0. 1. 0. 1. 0. 0. 1. 0.
 1. 1. 0. 1. 0. 1. 1. 1. 1. 1. 1. 1. 0. 0. 0. 0. 0. 1. 1. 0. 0. 0. 0. 0.
 0. 0. 0. 1. 1. 1. 0. 0. 1. 1. 1. 0. 0. 1. 1. 1. 1. 0. 1. 0. 1. 1. 1. 1.
 0. 1. 0. 1. 0. 1. 0. 0. 0. 1. 1. 0. 1. 0. 0. 1. 1. 1. 1. 0. 0. 0. 1. 1.
 0. 0. 1. 0. 0. 0. 0. 0. 0. 1. 0. 0. 0. 0. 0. 0. 0. 0. 1. 0. 0. 0. 0. 1.
 0. 1. 0. 0. 1. 1. 1. 0. 1. 1. 1. 0. 0. 0. 1. 1. 0. 0. 0. 1. 0. 1. 0. 1.
 1. 0. 1. 0.]","[0. 1. 0. 0. 0. 1. 1. 1. 0. 0. 0. 0. 0. 1. 0. 0. 1. 1. 0. 0. 0. 0. 0. 1.
 0. 0. 1. 0. 1. 0. 0. 1. 0. 1. 1. 0. 0. 0. 1. 0. 0. 0. 1. 1. 1. 0. 1. 0.
 1. 0. 1. 1. 0. 1. 1. 1. 1. 0. 1. 0. 0. 1. 1. 1. 0. 0. 0. 1. 1. 0. 1. 1.
 0. 0. 1. 0. 0. 1. 0. 1. 0. 1. 1. 1. 0. 1. 0. 1. 1. 1. 1. 1. 1. 1. 1. 0.
 0. 0. 1. 1. 1. 0. 0. 1. 1. 1. 0. 0. 0. 1. 1. 1. 0. 0. 0. 0. 1. 1. 1. 0.
 1. 0. 0. 1. 1. 0. 0. 0. 0. 1. 0. 0. 1. 1. 0. 1. 1. 1. 0. 1. 1. 0. 1. 0.
 1. 1. 0. 0. 0. 1. 1. 0. 1. 1. 0. 1. 0. 0. 0. 1. 1. 1. 0. 1. 0. 1. 1. 0.
 1. 0. 0. 1. 1. 0. 0. 1. 0. 1. 1. 0. 0. 1. 0. 0. 1. 1. 0. 1. 1. 0. 0. 0.
 0. 1. 1. 0. 0. 1. 0. 0. 1. 0. 1. 1. 1. 0. 0. 0. 1. 1. 0. 0. 0. 0. 1. 0.
 0. 1. 0. 1. 1. 1. 1. 0. 0. 0. 0. 1. 1. 1. 1. 0. 1. 1. 1. 1. 0. 1. 0. 0.
 1. 0. 0. 1. 1. 1. 1. 1. 0. 0. 1. 1. 1. 0. 0. 1. 0. 1. 0. 0. 1. 0. 1. 0.
 1. 0. 0. 0.]"
387,AdaBoost,"{'algorithm': 'SAMME.R', 'learning_rate': 1.9775510204081632, 'n_estimators': 96}",0.5322048436640417,0.19314194835618478,0.0648293492327442,0.35851396291197823,0.5333388031472709,0.1903511694637234,0.5139508928571428,0.02985074626865669,0.5149253731343284,0.5149253731343284,"{0: 0.5215248384940967, 1: 0.5215248384940967}","{0: 0.5215248384940967, 1: 0.5215248384940967}",0.5215248384940967,"[[75 59]
 [71 63]]","[1. 0. 0. 1. 1. 1. 1. 1. 1. 0. 0. 0. 0. 0. 0. 0. 0. 0. 1. 0. 1. 0. 0. 0.
 1. 0. 1. 1. 1. 1. 1. 0. 0. 0. 0. 0. 1. 0. 0. 1. 1. 0. 0. 1. 0. 0. 1. 0.
 0. 0. 0. 0. 0. 0. 0. 1. 1. 1. 0. 1. 1. 0. 1. 1. 1. 0. 1. 1. 1. 0. 0. 0.
 1. 0. 0. 0. 0. 0. 1. 1. 1. 1. 1. 0. 0. 0. 1. 1. 0. 1. 1. 0. 0. 0. 0. 1.
 0. 0. 0. 1. 1. 1. 1. 0. 1. 0. 0. 1. 1. 0. 0. 1. 0. 0. 1. 1. 0. 1. 1. 1.
 0. 0. 1. 1. 0. 0. 1. 1. 1. 0. 0. 0. 0. 1. 1. 0. 1. 1. 1. 0. 1. 0. 0. 0.
 0. 1. 1. 1. 1. 1. 1. 0. 1. 0. 0. 1. 1. 0. 0. 1. 0. 0. 0. 0. 1. 1. 0. 1.
 1. 0. 1. 0. 1. 1. 1. 0. 0. 1. 0. 0. 1. 0. 0. 0. 0. 1. 1. 0. 1. 0. 1. 0.
 0. 1. 0. 0. 1. 1. 0. 0. 0. 1. 0. 1. 1. 1. 1. 0. 0. 0. 0. 1. 0. 1. 1. 0.
 0. 0. 0. 1. 0. 1. 1. 1. 0. 1. 1. 0. 0. 1. 1. 1. 0. 1. 1. 1. 0. 1. 0. 0.
 1. 0. 0. 1. 1. 1. 0. 0. 0. 0. 0. 0. 1. 0. 0. 0. 0. 0. 0. 0. 0. 0. 1. 0.
 1. 0. 1. 0.]","[0. 1. 0. 0. 0. 1. 1. 1. 0. 0. 0. 0. 0. 1. 0. 0. 1. 1. 0. 0. 0. 0. 0. 1.
 0. 0. 1. 0. 1. 0. 0. 1. 0. 1. 1. 0. 0. 0. 1. 0. 0. 0. 1. 1. 1. 0. 1. 0.
 1. 0. 1. 1. 0. 1. 1. 1. 1. 0. 1. 0. 0. 1. 1. 1. 0. 0. 0. 1. 1. 0. 1. 1.
 0. 0. 1. 0. 0. 1. 0. 1. 0. 1. 1. 1. 0. 1. 0. 1. 1. 1. 1. 1. 1. 1. 1. 0.
 0. 0. 1. 1. 1. 0. 0. 1. 1. 1. 0. 0. 0. 1. 1. 1. 0. 0. 0. 0. 1. 1. 1. 0.
 1. 0. 0. 1. 1. 0. 0. 0. 0. 1. 0. 0. 1. 1. 0. 1. 1. 1. 0. 1. 1. 0. 1. 0.
 1. 1. 0. 0. 0. 1. 1. 0. 1. 1. 0. 1. 0. 0. 0. 1. 1. 1. 0. 1. 0. 1. 1. 0.
 1. 0. 0. 1. 1. 0. 0. 1. 0. 1. 1. 0. 0. 1. 0. 0. 1. 1. 0. 1. 1. 0. 0. 0.
 0. 1. 1. 0. 0. 1. 0. 0. 1. 0. 1. 1. 1. 0. 0. 0. 1. 1. 0. 0. 0. 0. 1. 0.
 0. 1. 0. 1. 1. 1. 1. 0. 0. 0. 0. 1. 1. 1. 1. 0. 1. 1. 1. 1. 0. 1. 0. 0.
 1. 0. 0. 1. 1. 1. 1. 1. 0. 0. 1. 1. 1. 0. 0. 1. 0. 1. 0. 0. 1. 0. 1. 0.
 1. 0. 0. 0.]"
670,knn,{'n_neighbors': 45},0.5121890008500131,0.1704433414456398,0.06359843403181538,0.3101505275904465,0.5088684724773435,0.16480639655304974,0.49372402501994034,-0.00746268656716409,0.4962686567164179,0.4962686567164179,"{0: 0.4916462463800402, 1: 0.49164624638004006}","{0: 0.4916462463800402, 1: 0.49164624638004006}",0.49164624638004006,"[[57 77]
 [58 76]]","[1. 1. 0. 0. 1. 1. 0. 0. 1. 1. 1. 0. 1. 0. 1. 1. 1. 1. 1. 0. 0. 1. 0. 0.
 1. 0. 0. 1. 1. 1. 1. 1. 0. 1. 1. 1. 0. 0. 0. 1. 0. 1. 1. 1. 1. 0. 1. 1.
 0. 0. 0. 1. 1. 1. 1. 0. 0. 1. 0. 1. 1. 0. 1. 1. 0. 1. 0. 0. 0. 0. 1. 0.
 0. 1. 0. 0. 1. 0. 1. 0. 0. 1. 1. 0. 1. 1. 1. 1. 0. 1. 1. 0. 1. 1. 1. 1.
 1. 1. 0. 1. 1. 1. 1. 1. 0. 1. 0. 1. 0. 1. 1. 0. 1. 0. 1. 0. 0. 0. 0. 1.
 1. 1. 0. 1. 0. 1. 1. 1. 1. 0. 0. 1. 0. 1. 1. 1. 1. 0. 1. 1. 0. 1. 1. 0.
 0. 1. 0. 0. 1. 1. 1. 0. 1. 0. 0. 1. 0. 1. 0. 0. 0. 1. 0. 0. 1. 0. 0. 1.
 1. 1. 0. 0. 1. 1. 0. 1. 1. 1. 1. 1. 1. 0. 1. 1. 1. 0. 0. 0. 1. 1. 1. 0.
 1. 1. 1. 0. 0. 0. 0. 0. 1. 1. 0. 1. 0. 1. 0. 1. 1. 1. 0. 1. 0. 0. 1. 1.
 1. 0. 0. 1. 1. 1. 0. 0. 0. 1. 1. 1. 0. 1. 0. 1. 0. 0. 1. 1. 0. 1. 0. 1.
 0. 1. 0. 0. 1. 0. 1. 1. 0. 1. 1. 0. 0. 1. 0. 0. 0. 1. 0. 0. 1. 1. 1. 0.
 1. 1. 1. 1.]","[0. 1. 0. 0. 0. 1. 1. 1. 0. 0. 0. 0. 0. 1. 0. 0. 1. 1. 0. 0. 0. 0. 0. 1.
 0. 0. 1. 0. 1. 0. 0. 1. 0. 1. 1. 0. 0. 0. 1. 0. 0. 0. 1. 1. 1. 0. 1. 0.
 1. 0. 1. 1. 0. 1. 1. 1. 1. 0. 1. 0. 0. 1. 1. 1. 0. 0. 0. 1. 1. 0. 1. 1.
 0. 0. 1. 0. 0. 1. 0. 1. 0. 1. 1. 1. 0. 1. 0. 1. 1. 1. 1. 1. 1. 1. 1. 0.
 0. 0. 1. 1. 1. 0. 0. 1. 1. 1. 0. 0. 0. 1. 1. 1. 0. 0. 0. 0. 1. 1. 1. 0.
 1. 0. 0. 1. 1. 0. 0. 0. 0. 1. 0. 0. 1. 1. 0. 1. 1. 1. 0. 1. 1. 0. 1. 0.
 1. 1. 0. 0. 0. 1. 1. 0. 1. 1. 0. 1. 0. 0. 0. 1. 1. 1. 0. 1. 0. 1. 1. 0.
 1. 0. 0. 1. 1. 0. 0. 1. 0. 1. 1. 0. 0. 1. 0. 0. 1. 1. 0. 1. 1. 0. 0. 0.
 0. 1. 1. 0. 0. 1. 0. 0. 1. 0. 1. 1. 1. 0. 0. 0. 1. 1. 0. 0. 0. 0. 1. 0.
 0. 1. 0. 1. 1. 1. 1. 0. 0. 0. 0. 1. 1. 1. 1. 0. 1. 1. 1. 1. 0. 1. 0. 0.
 1. 0. 0. 1. 1. 1. 1. 1. 0. 0. 1. 1. 1. 0. 0. 1. 0. 1. 0. 0. 1. 0. 1. 0.
 1. 0. 0. 0.]"
254,knn,{'n_neighbors': 45},0.5121890008500131,0.1704433414456398,0.06359843403181538,0.3101505275904465,0.5088684724773435,0.16480639655304974,0.49372402501994034,-0.00746268656716409,0.4962686567164179,0.4962686567164179,"{0: 0.4916462463800402, 1: 0.49164624638004006}","{0: 0.4916462463800402, 1: 0.49164624638004006}",0.49164624638004006,"[[57 77]
 [58 76]]","[1. 1. 0. 0. 1. 1. 0. 0. 1. 1. 1. 0. 1. 0. 1. 1. 1. 1. 1. 0. 0. 1. 0. 0.
 1. 0. 0. 1. 1. 1. 1. 1. 0. 1. 1. 1. 0. 0. 0. 1. 0. 1. 1. 1. 1. 0. 1. 1.
 0. 0. 0. 1. 1. 1. 1. 0. 0. 1. 0. 1. 1. 0. 1. 1. 0. 1. 0. 0. 0. 0. 1. 0.
 0. 1. 0. 0. 1. 0. 1. 0. 0. 1. 1. 0. 1. 1. 1. 1. 0. 1. 1. 0. 1. 1. 1. 1.
 1. 1. 0. 1. 1. 1. 1. 1. 0. 1. 0. 1. 0. 1. 1. 0. 1. 0. 1. 0. 0. 0. 0. 1.
 1. 1. 0. 1. 0. 1. 1. 1. 1. 0. 0. 1. 0. 1. 1. 1. 1. 0. 1. 1. 0. 1. 1. 0.
 0. 1. 0. 0. 1. 1. 1. 0. 1. 0. 0. 1. 0. 1. 0. 0. 0. 1. 0. 0. 1. 0. 0. 1.
 1. 1. 0. 0. 1. 1. 0. 1. 1. 1. 1. 1. 1. 0. 1. 1. 1. 0. 0. 0. 1. 1. 1. 0.
 1. 1. 1. 0. 0. 0. 0. 0. 1. 1. 0. 1. 0. 1. 0. 1. 1. 1. 0. 1. 0. 0. 1. 1.
 1. 0. 0. 1. 1. 1. 0. 0. 0. 1. 1. 1. 0. 1. 0. 1. 0. 0. 1. 1. 0. 1. 0. 1.
 0. 1. 0. 0. 1. 0. 1. 1. 0. 1. 1. 0. 0. 1. 0. 0. 0. 1. 0. 0. 1. 1. 1. 0.
 1. 1. 1. 1.]","[0. 1. 0. 0. 0. 1. 1. 1. 0. 0. 0. 0. 0. 1. 0. 0. 1. 1. 0. 0. 0. 0. 0. 1.
 0. 0. 1. 0. 1. 0. 0. 1. 0. 1. 1. 0. 0. 0. 1. 0. 0. 0. 1. 1. 1. 0. 1. 0.
 1. 0. 1. 1. 0. 1. 1. 1. 1. 0. 1. 0. 0. 1. 1. 1. 0. 0. 0. 1. 1. 0. 1. 1.
 0. 0. 1. 0. 0. 1. 0. 1. 0. 1. 1. 1. 0. 1. 0. 1. 1. 1. 1. 1. 1. 1. 1. 0.
 0. 0. 1. 1. 1. 0. 0. 1. 1. 1. 0. 0. 0. 1. 1. 1. 0. 0. 0. 0. 1. 1. 1. 0.
 1. 0. 0. 1. 1. 0. 0. 0. 0. 1. 0. 0. 1. 1. 0. 1. 1. 1. 0. 1. 1. 0. 1. 0.
 1. 1. 0. 0. 0. 1. 1. 0. 1. 1. 0. 1. 0. 0. 0. 1. 1. 1. 0. 1. 0. 1. 1. 0.
 1. 0. 0. 1. 1. 0. 0. 1. 0. 1. 1. 0. 0. 1. 0. 0. 1. 1. 0. 1. 1. 0. 0. 0.
 0. 1. 1. 0. 0. 1. 0. 0. 1. 0. 1. 1. 1. 0. 0. 0. 1. 1. 0. 0. 0. 0. 1. 0.
 0. 1. 0. 1. 1. 1. 1. 0. 0. 0. 0. 1. 1. 1. 1. 0. 1. 1. 1. 1. 0. 1. 0. 0.
 1. 0. 0. 1. 1. 1. 1. 1. 0. 0. 1. 1. 1. 0. 0. 1. 0. 1. 0. 0. 1. 0. 1. 0.
 1. 0. 0. 0.]"
494,knn,{'n_neighbors': 35},0.4919955422912412,0.18808734574854935,0.06339761256368909,0.2579392995769709,0.5078106145646468,0.17391882551472274,0.5144313824632368,0.03731343283582089,0.5186567164179104,0.5186567164179104,"{0: 0.4853252394742704, 1: 0.4853252394742704}","{0: 0.4853252394742704, 1: 0.4853252394742704}",0.4853252394742704,"[[57 77]
 [52 82]]","[1. 1. 0. 1. 1. 1. 0. 0. 1. 1. 1. 0. 1. 0. 1. 1. 1. 1. 1. 0. 0. 1. 0. 1.
 1. 0. 1. 1. 1. 1. 0. 1. 0. 1. 1. 0. 0. 0. 1. 1. 0. 1. 1. 1. 1. 0. 1. 1.
 0. 1. 1. 1. 1. 1. 1. 1. 0. 0. 0. 1. 1. 0. 1. 1. 0. 0. 1. 1. 0. 0. 1. 0.
 0. 1. 0. 0. 1. 0. 1. 0. 0. 1. 1. 0. 0. 1. 1. 1. 0. 1. 0. 0. 1. 1. 1. 1.
 1. 1. 0. 1. 1. 1. 1. 1. 0. 1. 0. 1. 0. 1. 1. 0. 1. 0. 1. 0. 1. 0. 0. 1.
 1. 1. 0. 1. 0. 1. 1. 1. 1. 0. 0. 1. 0. 1. 1. 0. 1. 0. 1. 0. 0. 1. 0. 0.
 0. 1. 0. 0. 1. 1. 1. 1. 1. 0. 0. 1. 0. 0. 0. 0. 0. 1. 0. 0. 1. 0. 0. 1.
 1. 1. 1. 1. 1. 1. 0. 1. 1. 0. 1. 1. 1. 1. 1. 1. 1. 0. 1. 0. 1. 1. 1. 0.
 1. 1. 1. 0. 0. 0. 0. 0. 1. 0. 1. 1. 0. 1. 0. 1. 0. 1. 1. 1. 0. 0. 0. 0.
 1. 0. 1. 1. 1. 1. 0. 0. 0. 1. 1. 1. 0. 1. 0. 1. 0. 1. 1. 0. 0. 1. 0. 1.
 1. 1. 0. 0. 1. 1. 1. 1. 0. 1. 1. 0. 1. 1. 0. 1. 0. 1. 0. 0. 0. 1. 1. 0.
 1. 1. 1. 1.]","[0. 1. 0. 0. 0. 1. 1. 1. 0. 0. 0. 0. 0. 1. 0. 0. 1. 1. 0. 0. 0. 0. 0. 1.
 0. 0. 1. 0. 1. 0. 0. 1. 0. 1. 1. 0. 0. 0. 1. 0. 0. 0. 1. 1. 1. 0. 1. 0.
 1. 0. 1. 1. 0. 1. 1. 1. 1. 0. 1. 0. 0. 1. 1. 1. 0. 0. 0. 1. 1. 0. 1. 1.
 0. 0. 1. 0. 0. 1. 0. 1. 0. 1. 1. 1. 0. 1. 0. 1. 1. 1. 1. 1. 1. 1. 1. 0.
 0. 0. 1. 1. 1. 0. 0. 1. 1. 1. 0. 0. 0. 1. 1. 1. 0. 0. 0. 0. 1. 1. 1. 0.
 1. 0. 0. 1. 1. 0. 0. 0. 0. 1. 0. 0. 1. 1. 0. 1. 1. 1. 0. 1. 1. 0. 1. 0.
 1. 1. 0. 0. 0. 1. 1. 0. 1. 1. 0. 1. 0. 0. 0. 1. 1. 1. 0. 1. 0. 1. 1. 0.
 1. 0. 0. 1. 1. 0. 0. 1. 0. 1. 1. 0. 0. 1. 0. 0. 1. 1. 0. 1. 1. 0. 0. 0.
 0. 1. 1. 0. 0. 1. 0. 0. 1. 0. 1. 1. 1. 0. 0. 0. 1. 1. 0. 0. 0. 0. 1. 0.
 0. 1. 0. 1. 1. 1. 1. 0. 0. 0. 0. 1. 1. 1. 1. 0. 1. 1. 1. 1. 0. 1. 0. 0.
 1. 0. 0. 1. 1. 1. 1. 1. 0. 0. 1. 1. 1. 0. 0. 1. 0. 1. 0. 0. 1. 0. 1. 0.
 1. 0. 0. 0.]"
29,knn,{'n_neighbors': 35},0.4919955422912412,0.18808734574854935,0.06339761256368909,0.2579392995769709,0.5078106145646468,0.17391882551472274,0.5144313824632368,0.03731343283582089,0.5186567164179104,0.5186567164179104,"{0: 0.4853252394742704, 1: 0.4853252394742704}","{0: 0.4853252394742704, 1: 0.4853252394742704}",0.4853252394742704,"[[57 77]
 [52 82]]","[1. 1. 0. 1. 1. 1. 0. 0. 1. 1. 1. 0. 1. 0. 1. 1. 1. 1. 1. 0. 0. 1. 0. 1.
 1. 0. 1. 1. 1. 1. 0. 1. 0. 1. 1. 0. 0. 0. 1. 1. 0. 1. 1. 1. 1. 0. 1. 1.
 0. 1. 1. 1. 1. 1. 1. 1. 0. 0. 0. 1. 1. 0. 1. 1. 0. 0. 1. 1. 0. 0. 1. 0.
 0. 1. 0. 0. 1. 0. 1. 0. 0. 1. 1. 0. 0. 1. 1. 1. 0. 1. 0. 0. 1. 1. 1. 1.
 1. 1. 0. 1. 1. 1. 1. 1. 0. 1. 0. 1. 0. 1. 1. 0. 1. 0. 1. 0. 1. 0. 0. 1.
 1. 1. 0. 1. 0. 1. 1. 1. 1. 0. 0. 1. 0. 1. 1. 0. 1. 0. 1. 0. 0. 1. 0. 0.
 0. 1. 0. 0. 1. 1. 1. 1. 1. 0. 0. 1. 0. 0. 0. 0. 0. 1. 0. 0. 1. 0. 0. 1.
 1. 1. 1. 1. 1. 1. 0. 1. 1. 0. 1. 1. 1. 1. 1. 1. 1. 0. 1. 0. 1. 1. 1. 0.
 1. 1. 1. 0. 0. 0. 0. 0. 1. 0. 1. 1. 0. 1. 0. 1. 0. 1. 1. 1. 0. 0. 0. 0.
 1. 0. 1. 1. 1. 1. 0. 0. 0. 1. 1. 1. 0. 1. 0. 1. 0. 1. 1. 0. 0. 1. 0. 1.
 1. 1. 0. 0. 1. 1. 1. 1. 0. 1. 1. 0. 1. 1. 0. 1. 0. 1. 0. 0. 0. 1. 1. 0.
 1. 1. 1. 1.]","[0. 1. 0. 0. 0. 1. 1. 1. 0. 0. 0. 0. 0. 1. 0. 0. 1. 1. 0. 0. 0. 0. 0. 1.
 0. 0. 1. 0. 1. 0. 0. 1. 0. 1. 1. 0. 0. 0. 1. 0. 0. 0. 1. 1. 1. 0. 1. 0.
 1. 0. 1. 1. 0. 1. 1. 1. 1. 0. 1. 0. 0. 1. 1. 1. 0. 0. 0. 1. 1. 0. 1. 1.
 0. 0. 1. 0. 0. 1. 0. 1. 0. 1. 1. 1. 0. 1. 0. 1. 1. 1. 1. 1. 1. 1. 1. 0.
 0. 0. 1. 1. 1. 0. 0. 1. 1. 1. 0. 0. 0. 1. 1. 1. 0. 0. 0. 0. 1. 1. 1. 0.
 1. 0. 0. 1. 1. 0. 0. 0. 0. 1. 0. 0. 1. 1. 0. 1. 1. 1. 0. 1. 1. 0. 1. 0.
 1. 1. 0. 0. 0. 1. 1. 0. 1. 1. 0. 1. 0. 0. 0. 1. 1. 1. 0. 1. 0. 1. 1. 0.
 1. 0. 0. 1. 1. 0. 0. 1. 0. 1. 1. 0. 0. 1. 0. 0. 1. 1. 0. 1. 1. 0. 0. 0.
 0. 1. 1. 0. 0. 1. 0. 0. 1. 0. 1. 1. 1. 0. 0. 0. 1. 1. 0. 0. 0. 0. 1. 0.
 0. 1. 0. 1. 1. 1. 1. 0. 0. 0. 0. 1. 1. 1. 1. 0. 1. 1. 1. 1. 0. 1. 0. 0.
 1. 0. 0. 1. 1. 1. 1. 1. 0. 0. 1. 1. 1. 0. 0. 1. 0. 1. 0. 0. 1. 0. 1. 0.
 1. 0. 0. 0.]"
482,knn,{'n_neighbors': 115},0.5054721705746693,0.20205147068394008,0.06299423455790111,0.30933981505751884,0.5159904052041149,0.17681109450278049,0.49242424242424243,-0.014925373134328401,0.4925373134328358,0.4925373134328358,"{0: 0.45689463132100694, 1: 0.4568946313210069}","{0: 0.45689463132100694, 1: 0.4568946313210069}",0.4568946313210069,"[[64 70]
 [66 68]]","[1. 1. 0. 0. 0. 0. 0. 0. 1. 1. 1. 0. 0. 0. 1. 1. 1. 1. 1. 0. 1. 1. 1. 1.
 0. 1. 0. 1. 0. 1. 1. 1. 0. 0. 0. 1. 0. 0. 0. 1. 0. 0. 1. 1. 1. 0. 1. 1.
 1. 0. 0. 0. 1. 1. 1. 0. 0. 1. 0. 0. 1. 0. 1. 1. 0. 0. 0. 1. 0. 0. 1. 0.
 0. 1. 0. 1. 0. 1. 0. 0. 1. 0. 0. 0. 1. 1. 1. 1. 0. 1. 1. 0. 0. 1. 0. 1.
 1. 0. 0. 1. 1. 0. 1. 0. 1. 1. 1. 1. 0. 1. 0. 0. 1. 0. 0. 0. 0. 1. 1. 1.
 1. 1. 1. 0. 0. 1. 0. 1. 0. 1. 0. 1. 0. 1. 1. 1. 1. 0. 0. 1. 0. 1. 0. 0.
 0. 1. 0. 0. 1. 1. 0. 0. 1. 0. 0. 1. 1. 0. 0. 0. 0. 0. 1. 0. 1. 0. 0. 1.
 1. 0. 1. 0. 0. 0. 0. 1. 1. 1. 1. 1. 1. 1. 1. 1. 1. 0. 1. 1. 1. 1. 1. 1.
 1. 1. 1. 0. 0. 1. 0. 0. 1. 0. 1. 1. 0. 1. 0. 1. 1. 0. 0. 1. 1. 0. 1. 1.
 0. 0. 0. 1. 1. 1. 0. 0. 0. 1. 1. 1. 0. 0. 1. 1. 0. 0. 1. 0. 0. 1. 0. 1.
 0. 0. 0. 0. 0. 1. 1. 1. 0. 1. 0. 0. 1. 1. 0. 0. 1. 0. 0. 0. 0. 1. 1. 0.
 1. 0. 1. 1.]","[0. 1. 0. 0. 0. 1. 1. 1. 0. 0. 0. 0. 0. 1. 0. 0. 1. 1. 0. 0. 0. 0. 0. 1.
 0. 0. 1. 0. 1. 0. 0. 1. 0. 1. 1. 0. 0. 0. 1. 0. 0. 0. 1. 1. 1. 0. 1. 0.
 1. 0. 1. 1. 0. 1. 1. 1. 1. 0. 1. 0. 0. 1. 1. 1. 0. 0. 0. 1. 1. 0. 1. 1.
 0. 0. 1. 0. 0. 1. 0. 1. 0. 1. 1. 1. 0. 1. 0. 1. 1. 1. 1. 1. 1. 1. 1. 0.
 0. 0. 1. 1. 1. 0. 0. 1. 1. 1. 0. 0. 0. 1. 1. 1. 0. 0. 0. 0. 1. 1. 1. 0.
 1. 0. 0. 1. 1. 0. 0. 0. 0. 1. 0. 0. 1. 1. 0. 1. 1. 1. 0. 1. 1. 0. 1. 0.
 1. 1. 0. 0. 0. 1. 1. 0. 1. 1. 0. 1. 0. 0. 0. 1. 1. 1. 0. 1. 0. 1. 1. 0.
 1. 0. 0. 1. 1. 0. 0. 1. 0. 1. 1. 0. 0. 1. 0. 0. 1. 1. 0. 1. 1. 0. 0. 0.
 0. 1. 1. 0. 0. 1. 0. 0. 1. 0. 1. 1. 1. 0. 0. 0. 1. 1. 0. 0. 0. 0. 1. 0.
 0. 1. 0. 1. 1. 1. 1. 0. 0. 0. 0. 1. 1. 1. 1. 0. 1. 1. 1. 1. 0. 1. 0. 0.
 1. 0. 0. 1. 1. 1. 1. 1. 0. 0. 1. 1. 1. 0. 0. 1. 0. 1. 0. 0. 1. 0. 1. 0.
 1. 0. 0. 0.]"
64,knn,{'n_neighbors': 115},0.5054721705746693,0.20205147068394008,0.06299423455790111,0.30933981505751884,0.5159904052041149,0.17681109450278049,0.49242424242424243,-0.014925373134328401,0.4925373134328358,0.4925373134328358,"{0: 0.45689463132100694, 1: 0.4568946313210069}","{0: 0.45689463132100694, 1: 0.4568946313210069}",0.4568946313210069,"[[64 70]
 [66 68]]","[1. 1. 0. 0. 0. 0. 0. 0. 1. 1. 1. 0. 0. 0. 1. 1. 1. 1. 1. 0. 1. 1. 1. 1.
 0. 1. 0. 1. 0. 1. 1. 1. 0. 0. 0. 1. 0. 0. 0. 1. 0. 0. 1. 1. 1. 0. 1. 1.
 1. 0. 0. 0. 1. 1. 1. 0. 0. 1. 0. 0. 1. 0. 1. 1. 0. 0. 0. 1. 0. 0. 1. 0.
 0. 1. 0. 1. 0. 1. 0. 0. 1. 0. 0. 0. 1. 1. 1. 1. 0. 1. 1. 0. 0. 1. 0. 1.
 1. 0. 0. 1. 1. 0. 1. 0. 1. 1. 1. 1. 0. 1. 0. 0. 1. 0. 0. 0. 0. 1. 1. 1.
 1. 1. 1. 0. 0. 1. 0. 1. 0. 1. 0. 1. 0. 1. 1. 1. 1. 0. 0. 1. 0. 1. 0. 0.
 0. 1. 0. 0. 1. 1. 0. 0. 1. 0. 0. 1. 1. 0. 0. 0. 0. 0. 1. 0. 1. 0. 0. 1.
 1. 0. 1. 0. 0. 0. 0. 1. 1. 1. 1. 1. 1. 1. 1. 1. 1. 0. 1. 1. 1. 1. 1. 1.
 1. 1. 1. 0. 0. 1. 0. 0. 1. 0. 1. 1. 0. 1. 0. 1. 1. 0. 0. 1. 1. 0. 1. 1.
 0. 0. 0. 1. 1. 1. 0. 0. 0. 1. 1. 1. 0. 0. 1. 1. 0. 0. 1. 0. 0. 1. 0. 1.
 0. 0. 0. 0. 0. 1. 1. 1. 0. 1. 0. 0. 1. 1. 0. 0. 1. 0. 0. 0. 0. 1. 1. 0.
 1. 0. 1. 1.]","[0. 1. 0. 0. 0. 1. 1. 1. 0. 0. 0. 0. 0. 1. 0. 0. 1. 1. 0. 0. 0. 0. 0. 1.
 0. 0. 1. 0. 1. 0. 0. 1. 0. 1. 1. 0. 0. 0. 1. 0. 0. 0. 1. 1. 1. 0. 1. 0.
 1. 0. 1. 1. 0. 1. 1. 1. 1. 0. 1. 0. 0. 1. 1. 1. 0. 0. 0. 1. 1. 0. 1. 1.
 0. 0. 1. 0. 0. 1. 0. 1. 0. 1. 1. 1. 0. 1. 0. 1. 1. 1. 1. 1. 1. 1. 1. 0.
 0. 0. 1. 1. 1. 0. 0. 1. 1. 1. 0. 0. 0. 1. 1. 1. 0. 0. 0. 0. 1. 1. 1. 0.
 1. 0. 0. 1. 1. 0. 0. 0. 0. 1. 0. 0. 1. 1. 0. 1. 1. 1. 0. 1. 1. 0. 1. 0.
 1. 1. 0. 0. 0. 1. 1. 0. 1. 1. 0. 1. 0. 0. 0. 1. 1. 1. 0. 1. 0. 1. 1. 0.
 1. 0. 0. 1. 1. 0. 0. 1. 0. 1. 1. 0. 0. 1. 0. 0. 1. 1. 0. 1. 1. 0. 0. 0.
 0. 1. 1. 0. 0. 1. 0. 0. 1. 0. 1. 1. 1. 0. 0. 0. 1. 1. 0. 0. 0. 0. 1. 0.
 0. 1. 0. 1. 1. 1. 1. 0. 0. 0. 0. 1. 1. 1. 1. 0. 1. 1. 1. 1. 0. 1. 0. 0.
 1. 0. 0. 1. 1. 1. 1. 1. 0. 0. 1. 1. 1. 0. 0. 1. 0. 1. 0. 0. 1. 0. 1. 0.
 1. 0. 0. 0.]"
108,naive_bayes,{},0.49419674061900104,0.13408863665375076,0.05953865325630384,0.22699545016132694,0.5143300826264535,0.12836842513153657,0.4844867333303966,0.02238805970149249,0.5111940298507462,0.5111940298507462,"{0: 0.48936288705725106, 1: 0.48936288705725106}","{0: 0.48936288705725106, 1: 0.48936288705725106}",0.48936288705725106,"[[38 96]
 [35 99]]","[1. 1. 1. 0. 0. 1. 1. 1. 1. 1. 1. 1. 1. 1. 1. 1. 1. 1. 1. 1. 0. 1. 0. 1.
 0. 1. 1. 1. 0. 1. 1. 1. 0. 0. 1. 1. 1. 1. 0. 1. 1. 0. 1. 1. 0. 1. 1. 1.
 0. 1. 1. 1. 1. 1. 1. 0. 1. 1. 1. 0. 1. 1. 1. 0. 1. 0. 0. 1. 1. 1. 1. 1.
 1. 1. 0. 1. 0. 0. 1. 1. 0. 0. 1. 1. 1. 1. 1. 1. 1. 0. 1. 1. 0. 1. 0. 0.
 1. 0. 1. 1. 1. 1. 1. 1. 0. 1. 1. 1. 1. 1. 1. 0. 0. 1. 1. 1. 1. 0. 0. 1.
 1. 1. 1. 1. 1. 1. 1. 1. 0. 0. 1. 1. 1. 1. 1. 1. 1. 0. 1. 0. 1. 1. 0. 1.
 0. 1. 1. 0. 0. 1. 0. 0. 1. 1. 0. 1. 1. 0. 1. 1. 1. 1. 1. 1. 0. 1. 0. 1.
 1. 0. 1. 1. 1. 0. 1. 1. 1. 1. 1. 0. 0. 1. 1. 1. 1. 1. 0. 1. 1. 1. 1. 1.
 1. 1. 1. 1. 1. 1. 1. 0. 1. 0. 1. 1. 1. 1. 1. 1. 0. 1. 0. 1. 1. 1. 0. 1.
 0. 0. 1. 1. 0. 1. 1. 1. 0. 1. 1. 1. 1. 1. 0. 1. 1. 0. 0. 1. 0. 1. 0. 1.
 1. 1. 1. 1. 0. 1. 1. 1. 1. 1. 1. 1. 1. 0. 0. 1. 1. 0. 1. 1. 0. 1. 1. 1.
 0. 0. 1. 0.]","[0. 1. 0. 0. 0. 1. 1. 1. 0. 0. 0. 0. 0. 1. 0. 0. 1. 1. 0. 0. 0. 0. 0. 1.
 0. 0. 1. 0. 1. 0. 0. 1. 0. 1. 1. 0. 0. 0. 1. 0. 0. 0. 1. 1. 1. 0. 1. 0.
 1. 0. 1. 1. 0. 1. 1. 1. 1. 0. 1. 0. 0. 1. 1. 1. 0. 0. 0. 1. 1. 0. 1. 1.
 0. 0. 1. 0. 0. 1. 0. 1. 0. 1. 1. 1. 0. 1. 0. 1. 1. 1. 1. 1. 1. 1. 1. 0.
 0. 0. 1. 1. 1. 0. 0. 1. 1. 1. 0. 0. 0. 1. 1. 1. 0. 0. 0. 0. 1. 1. 1. 0.
 1. 0. 0. 1. 1. 0. 0. 0. 0. 1. 0. 0. 1. 1. 0. 1. 1. 1. 0. 1. 1. 0. 1. 0.
 1. 1. 0. 0. 0. 1. 1. 0. 1. 1. 0. 1. 0. 0. 0. 1. 1. 1. 0. 1. 0. 1. 1. 0.
 1. 0. 0. 1. 1. 0. 0. 1. 0. 1. 1. 0. 0. 1. 0. 0. 1. 1. 0. 1. 1. 0. 0. 0.
 0. 1. 1. 0. 0. 1. 0. 0. 1. 0. 1. 1. 1. 0. 0. 0. 1. 1. 0. 0. 0. 0. 1. 0.
 0. 1. 0. 1. 1. 1. 1. 0. 0. 0. 0. 1. 1. 1. 1. 0. 1. 1. 1. 1. 0. 1. 0. 0.
 1. 0. 0. 1. 1. 1. 1. 1. 0. 0. 1. 1. 1. 0. 0. 1. 0. 1. 0. 0. 1. 0. 1. 0.
 1. 0. 0. 0.]"
865,naive_bayes,{},0.49419674061900104,0.13408863665375076,0.05953865325630384,0.22699545016132694,0.5143300826264535,0.12836842513153657,0.4844867333303966,0.02238805970149249,0.5111940298507462,0.5111940298507462,"{0: 0.48936288705725106, 1: 0.48936288705725106}","{0: 0.48936288705725106, 1: 0.48936288705725106}",0.48936288705725106,"[[38 96]
 [35 99]]","[1. 1. 1. 0. 0. 1. 1. 1. 1. 1. 1. 1. 1. 1. 1. 1. 1. 1. 1. 1. 0. 1. 0. 1.
 0. 1. 1. 1. 0. 1. 1. 1. 0. 0. 1. 1. 1. 1. 0. 1. 1. 0. 1. 1. 0. 1. 1. 1.
 0. 1. 1. 1. 1. 1. 1. 0. 1. 1. 1. 0. 1. 1. 1. 0. 1. 0. 0. 1. 1. 1. 1. 1.
 1. 1. 0. 1. 0. 0. 1. 1. 0. 0. 1. 1. 1. 1. 1. 1. 1. 0. 1. 1. 0. 1. 0. 0.
 1. 0. 1. 1. 1. 1. 1. 1. 0. 1. 1. 1. 1. 1. 1. 0. 0. 1. 1. 1. 1. 0. 0. 1.
 1. 1. 1. 1. 1. 1. 1. 1. 0. 0. 1. 1. 1. 1. 1. 1. 1. 0. 1. 0. 1. 1. 0. 1.
 0. 1. 1. 0. 0. 1. 0. 0. 1. 1. 0. 1. 1. 0. 1. 1. 1. 1. 1. 1. 0. 1. 0. 1.
 1. 0. 1. 1. 1. 0. 1. 1. 1. 1. 1. 0. 0. 1. 1. 1. 1. 1. 0. 1. 1. 1. 1. 1.
 1. 1. 1. 1. 1. 1. 1. 0. 1. 0. 1. 1. 1. 1. 1. 1. 0. 1. 0. 1. 1. 1. 0. 1.
 0. 0. 1. 1. 0. 1. 1. 1. 0. 1. 1. 1. 1. 1. 0. 1. 1. 0. 0. 1. 0. 1. 0. 1.
 1. 1. 1. 1. 0. 1. 1. 1. 1. 1. 1. 1. 1. 0. 0. 1. 1. 0. 1. 1. 0. 1. 1. 1.
 0. 0. 1. 0.]","[0. 1. 0. 0. 0. 1. 1. 1. 0. 0. 0. 0. 0. 1. 0. 0. 1. 1. 0. 0. 0. 0. 0. 1.
 0. 0. 1. 0. 1. 0. 0. 1. 0. 1. 1. 0. 0. 0. 1. 0. 0. 0. 1. 1. 1. 0. 1. 0.
 1. 0. 1. 1. 0. 1. 1. 1. 1. 0. 1. 0. 0. 1. 1. 1. 0. 0. 0. 1. 1. 0. 1. 1.
 0. 0. 1. 0. 0. 1. 0. 1. 0. 1. 1. 1. 0. 1. 0. 1. 1. 1. 1. 1. 1. 1. 1. 0.
 0. 0. 1. 1. 1. 0. 0. 1. 1. 1. 0. 0. 0. 1. 1. 1. 0. 0. 0. 0. 1. 1. 1. 0.
 1. 0. 0. 1. 1. 0. 0. 0. 0. 1. 0. 0. 1. 1. 0. 1. 1. 1. 0. 1. 1. 0. 1. 0.
 1. 1. 0. 0. 0. 1. 1. 0. 1. 1. 0. 1. 0. 0. 0. 1. 1. 1. 0. 1. 0. 1. 1. 0.
 1. 0. 0. 1. 1. 0. 0. 1. 0. 1. 1. 0. 0. 1. 0. 0. 1. 1. 0. 1. 1. 0. 0. 0.
 0. 1. 1. 0. 0. 1. 0. 0. 1. 0. 1. 1. 1. 0. 0. 0. 1. 1. 0. 0. 0. 0. 1. 0.
 0. 1. 0. 1. 1. 1. 1. 0. 0. 0. 0. 1. 1. 1. 1. 0. 1. 1. 1. 1. 0. 1. 0. 0.
 1. 0. 0. 1. 1. 1. 1. 1. 0. 0. 1. 1. 1. 0. 0. 1. 0. 1. 0. 0. 1. 0. 1. 0.
 1. 0. 0. 0.]"
37,naive_bayes,{},0.49419674061900104,0.13408863665375076,0.05953865325630384,0.22699545016132694,0.5143300826264535,0.12836842513153657,0.4844867333303966,0.02238805970149249,0.5111940298507462,0.5111940298507462,"{0: 0.48936288705725106, 1: 0.48936288705725106}","{0: 0.48936288705725106, 1: 0.48936288705725106}",0.48936288705725106,"[[38 96]
 [35 99]]","[1. 1. 1. 0. 0. 1. 1. 1. 1. 1. 1. 1. 1. 1. 1. 1. 1. 1. 1. 1. 0. 1. 0. 1.
 0. 1. 1. 1. 0. 1. 1. 1. 0. 0. 1. 1. 1. 1. 0. 1. 1. 0. 1. 1. 0. 1. 1. 1.
 0. 1. 1. 1. 1. 1. 1. 0. 1. 1. 1. 0. 1. 1. 1. 0. 1. 0. 0. 1. 1. 1. 1. 1.
 1. 1. 0. 1. 0. 0. 1. 1. 0. 0. 1. 1. 1. 1. 1. 1. 1. 0. 1. 1. 0. 1. 0. 0.
 1. 0. 1. 1. 1. 1. 1. 1. 0. 1. 1. 1. 1. 1. 1. 0. 0. 1. 1. 1. 1. 0. 0. 1.
 1. 1. 1. 1. 1. 1. 1. 1. 0. 0. 1. 1. 1. 1. 1. 1. 1. 0. 1. 0. 1. 1. 0. 1.
 0. 1. 1. 0. 0. 1. 0. 0. 1. 1. 0. 1. 1. 0. 1. 1. 1. 1. 1. 1. 0. 1. 0. 1.
 1. 0. 1. 1. 1. 0. 1. 1. 1. 1. 1. 0. 0. 1. 1. 1. 1. 1. 0. 1. 1. 1. 1. 1.
 1. 1. 1. 1. 1. 1. 1. 0. 1. 0. 1. 1. 1. 1. 1. 1. 0. 1. 0. 1. 1. 1. 0. 1.
 0. 0. 1. 1. 0. 1. 1. 1. 0. 1. 1. 1. 1. 1. 0. 1. 1. 0. 0. 1. 0. 1. 0. 1.
 1. 1. 1. 1. 0. 1. 1. 1. 1. 1. 1. 1. 1. 0. 0. 1. 1. 0. 1. 1. 0. 1. 1. 1.
 0. 0. 1. 0.]","[0. 1. 0. 0. 0. 1. 1. 1. 0. 0. 0. 0. 0. 1. 0. 0. 1. 1. 0. 0. 0. 0. 0. 1.
 0. 0. 1. 0. 1. 0. 0. 1. 0. 1. 1. 0. 0. 0. 1. 0. 0. 0. 1. 1. 1. 0. 1. 0.
 1. 0. 1. 1. 0. 1. 1. 1. 1. 0. 1. 0. 0. 1. 1. 1. 0. 0. 0. 1. 1. 0. 1. 1.
 0. 0. 1. 0. 0. 1. 0. 1. 0. 1. 1. 1. 0. 1. 0. 1. 1. 1. 1. 1. 1. 1. 1. 0.
 0. 0. 1. 1. 1. 0. 0. 1. 1. 1. 0. 0. 0. 1. 1. 1. 0. 0. 0. 0. 1. 1. 1. 0.
 1. 0. 0. 1. 1. 0. 0. 0. 0. 1. 0. 0. 1. 1. 0. 1. 1. 1. 0. 1. 1. 0. 1. 0.
 1. 1. 0. 0. 0. 1. 1. 0. 1. 1. 0. 1. 0. 0. 0. 1. 1. 1. 0. 1. 0. 1. 1. 0.
 1. 0. 0. 1. 1. 0. 0. 1. 0. 1. 1. 0. 0. 1. 0. 0. 1. 1. 0. 1. 1. 0. 0. 0.
 0. 1. 1. 0. 0. 1. 0. 0. 1. 0. 1. 1. 1. 0. 0. 0. 1. 1. 0. 0. 0. 0. 1. 0.
 0. 1. 0. 1. 1. 1. 1. 0. 0. 0. 0. 1. 1. 1. 1. 0. 1. 1. 1. 1. 0. 1. 0. 0.
 1. 0. 0. 1. 1. 1. 1. 1. 0. 0. 1. 1. 1. 0. 0. 1. 0. 1. 0. 0. 1. 0. 1. 0.
 1. 0. 0. 0.]"
963,naive_bayes,{},0.49419674061900104,0.13408863665375076,0.05953865325630384,0.22699545016132694,0.5143300826264535,0.12836842513153657,0.4844867333303966,0.02238805970149249,0.5111940298507462,0.5111940298507462,"{0: 0.48936288705725106, 1: 0.48936288705725106}","{0: 0.48936288705725106, 1: 0.48936288705725106}",0.48936288705725106,"[[38 96]
 [35 99]]","[1. 1. 1. 0. 0. 1. 1. 1. 1. 1. 1. 1. 1. 1. 1. 1. 1. 1. 1. 1. 0. 1. 0. 1.
 0. 1. 1. 1. 0. 1. 1. 1. 0. 0. 1. 1. 1. 1. 0. 1. 1. 0. 1. 1. 0. 1. 1. 1.
 0. 1. 1. 1. 1. 1. 1. 0. 1. 1. 1. 0. 1. 1. 1. 0. 1. 0. 0. 1. 1. 1. 1. 1.
 1. 1. 0. 1. 0. 0. 1. 1. 0. 0. 1. 1. 1. 1. 1. 1. 1. 0. 1. 1. 0. 1. 0. 0.
 1. 0. 1. 1. 1. 1. 1. 1. 0. 1. 1. 1. 1. 1. 1. 0. 0. 1. 1. 1. 1. 0. 0. 1.
 1. 1. 1. 1. 1. 1. 1. 1. 0. 0. 1. 1. 1. 1. 1. 1. 1. 0. 1. 0. 1. 1. 0. 1.
 0. 1. 1. 0. 0. 1. 0. 0. 1. 1. 0. 1. 1. 0. 1. 1. 1. 1. 1. 1. 0. 1. 0. 1.
 1. 0. 1. 1. 1. 0. 1. 1. 1. 1. 1. 0. 0. 1. 1. 1. 1. 1. 0. 1. 1. 1. 1. 1.
 1. 1. 1. 1. 1. 1. 1. 0. 1. 0. 1. 1. 1. 1. 1. 1. 0. 1. 0. 1. 1. 1. 0. 1.
 0. 0. 1. 1. 0. 1. 1. 1. 0. 1. 1. 1. 1. 1. 0. 1. 1. 0. 0. 1. 0. 1. 0. 1.
 1. 1. 1. 1. 0. 1. 1. 1. 1. 1. 1. 1. 1. 0. 0. 1. 1. 0. 1. 1. 0. 1. 1. 1.
 0. 0. 1. 0.]","[0. 1. 0. 0. 0. 1. 1. 1. 0. 0. 0. 0. 0. 1. 0. 0. 1. 1. 0. 0. 0. 0. 0. 1.
 0. 0. 1. 0. 1. 0. 0. 1. 0. 1. 1. 0. 0. 0. 1. 0. 0. 0. 1. 1. 1. 0. 1. 0.
 1. 0. 1. 1. 0. 1. 1. 1. 1. 0. 1. 0. 0. 1. 1. 1. 0. 0. 0. 1. 1. 0. 1. 1.
 0. 0. 1. 0. 0. 1. 0. 1. 0. 1. 1. 1. 0. 1. 0. 1. 1. 1. 1. 1. 1. 1. 1. 0.
 0. 0. 1. 1. 1. 0. 0. 1. 1. 1. 0. 0. 0. 1. 1. 1. 0. 0. 0. 0. 1. 1. 1. 0.
 1. 0. 0. 1. 1. 0. 0. 0. 0. 1. 0. 0. 1. 1. 0. 1. 1. 1. 0. 1. 1. 0. 1. 0.
 1. 1. 0. 0. 0. 1. 1. 0. 1. 1. 0. 1. 0. 0. 0. 1. 1. 1. 0. 1. 0. 1. 1. 0.
 1. 0. 0. 1. 1. 0. 0. 1. 0. 1. 1. 0. 0. 1. 0. 0. 1. 1. 0. 1. 1. 0. 0. 0.
 0. 1. 1. 0. 0. 1. 0. 0. 1. 0. 1. 1. 1. 0. 0. 0. 1. 1. 0. 0. 0. 0. 1. 0.
 0. 1. 0. 1. 1. 1. 1. 0. 0. 0. 0. 1. 1. 1. 1. 0. 1. 1. 1. 1. 0. 1. 0. 0.
 1. 0. 0. 1. 1. 1. 1. 1. 0. 0. 1. 1. 1. 0. 0. 1. 0. 1. 0. 0. 1. 0. 1. 0.
 1. 0. 0. 0.]"
98,naive_bayes,{},0.49419674061900104,0.13408863665375076,0.05953865325630384,0.22699545016132694,0.5143300826264535,0.12836842513153657,0.4844867333303966,0.02238805970149249,0.5111940298507462,0.5111940298507462,"{0: 0.48936288705725106, 1: 0.48936288705725106}","{0: 0.48936288705725106, 1: 0.48936288705725106}",0.48936288705725106,"[[38 96]
 [35 99]]","[1. 1. 1. 0. 0. 1. 1. 1. 1. 1. 1. 1. 1. 1. 1. 1. 1. 1. 1. 1. 0. 1. 0. 1.
 0. 1. 1. 1. 0. 1. 1. 1. 0. 0. 1. 1. 1. 1. 0. 1. 1. 0. 1. 1. 0. 1. 1. 1.
 0. 1. 1. 1. 1. 1. 1. 0. 1. 1. 1. 0. 1. 1. 1. 0. 1. 0. 0. 1. 1. 1. 1. 1.
 1. 1. 0. 1. 0. 0. 1. 1. 0. 0. 1. 1. 1. 1. 1. 1. 1. 0. 1. 1. 0. 1. 0. 0.
 1. 0. 1. 1. 1. 1. 1. 1. 0. 1. 1. 1. 1. 1. 1. 0. 0. 1. 1. 1. 1. 0. 0. 1.
 1. 1. 1. 1. 1. 1. 1. 1. 0. 0. 1. 1. 1. 1. 1. 1. 1. 0. 1. 0. 1. 1. 0. 1.
 0. 1. 1. 0. 0. 1. 0. 0. 1. 1. 0. 1. 1. 0. 1. 1. 1. 1. 1. 1. 0. 1. 0. 1.
 1. 0. 1. 1. 1. 0. 1. 1. 1. 1. 1. 0. 0. 1. 1. 1. 1. 1. 0. 1. 1. 1. 1. 1.
 1. 1. 1. 1. 1. 1. 1. 0. 1. 0. 1. 1. 1. 1. 1. 1. 0. 1. 0. 1. 1. 1. 0. 1.
 0. 0. 1. 1. 0. 1. 1. 1. 0. 1. 1. 1. 1. 1. 0. 1. 1. 0. 0. 1. 0. 1. 0. 1.
 1. 1. 1. 1. 0. 1. 1. 1. 1. 1. 1. 1. 1. 0. 0. 1. 1. 0. 1. 1. 0. 1. 1. 1.
 0. 0. 1. 0.]","[0. 1. 0. 0. 0. 1. 1. 1. 0. 0. 0. 0. 0. 1. 0. 0. 1. 1. 0. 0. 0. 0. 0. 1.
 0. 0. 1. 0. 1. 0. 0. 1. 0. 1. 1. 0. 0. 0. 1. 0. 0. 0. 1. 1. 1. 0. 1. 0.
 1. 0. 1. 1. 0. 1. 1. 1. 1. 0. 1. 0. 0. 1. 1. 1. 0. 0. 0. 1. 1. 0. 1. 1.
 0. 0. 1. 0. 0. 1. 0. 1. 0. 1. 1. 1. 0. 1. 0. 1. 1. 1. 1. 1. 1. 1. 1. 0.
 0. 0. 1. 1. 1. 0. 0. 1. 1. 1. 0. 0. 0. 1. 1. 1. 0. 0. 0. 0. 1. 1. 1. 0.
 1. 0. 0. 1. 1. 0. 0. 0. 0. 1. 0. 0. 1. 1. 0. 1. 1. 1. 0. 1. 1. 0. 1. 0.
 1. 1. 0. 0. 0. 1. 1. 0. 1. 1. 0. 1. 0. 0. 0. 1. 1. 1. 0. 1. 0. 1. 1. 0.
 1. 0. 0. 1. 1. 0. 0. 1. 0. 1. 1. 0. 0. 1. 0. 0. 1. 1. 0. 1. 1. 0. 0. 0.
 0. 1. 1. 0. 0. 1. 0. 0. 1. 0. 1. 1. 1. 0. 0. 0. 1. 1. 0. 0. 0. 0. 1. 0.
 0. 1. 0. 1. 1. 1. 1. 0. 0. 0. 0. 1. 1. 1. 1. 0. 1. 1. 1. 1. 0. 1. 0. 0.
 1. 0. 0. 1. 1. 1. 1. 1. 0. 0. 1. 1. 1. 0. 0. 1. 0. 1. 0. 0. 1. 0. 1. 0.
 1. 0. 0. 0.]"
42,naive_bayes,{},0.49419674061900104,0.13408863665375076,0.05953865325630384,0.22699545016132694,0.5143300826264535,0.12836842513153657,0.4844867333303966,0.02238805970149249,0.5111940298507462,0.5111940298507462,"{0: 0.48936288705725106, 1: 0.48936288705725106}","{0: 0.48936288705725106, 1: 0.48936288705725106}",0.48936288705725106,"[[38 96]
 [35 99]]","[1. 1. 1. 0. 0. 1. 1. 1. 1. 1. 1. 1. 1. 1. 1. 1. 1. 1. 1. 1. 0. 1. 0. 1.
 0. 1. 1. 1. 0. 1. 1. 1. 0. 0. 1. 1. 1. 1. 0. 1. 1. 0. 1. 1. 0. 1. 1. 1.
 0. 1. 1. 1. 1. 1. 1. 0. 1. 1. 1. 0. 1. 1. 1. 0. 1. 0. 0. 1. 1. 1. 1. 1.
 1. 1. 0. 1. 0. 0. 1. 1. 0. 0. 1. 1. 1. 1. 1. 1. 1. 0. 1. 1. 0. 1. 0. 0.
 1. 0. 1. 1. 1. 1. 1. 1. 0. 1. 1. 1. 1. 1. 1. 0. 0. 1. 1. 1. 1. 0. 0. 1.
 1. 1. 1. 1. 1. 1. 1. 1. 0. 0. 1. 1. 1. 1. 1. 1. 1. 0. 1. 0. 1. 1. 0. 1.
 0. 1. 1. 0. 0. 1. 0. 0. 1. 1. 0. 1. 1. 0. 1. 1. 1. 1. 1. 1. 0. 1. 0. 1.
 1. 0. 1. 1. 1. 0. 1. 1. 1. 1. 1. 0. 0. 1. 1. 1. 1. 1. 0. 1. 1. 1. 1. 1.
 1. 1. 1. 1. 1. 1. 1. 0. 1. 0. 1. 1. 1. 1. 1. 1. 0. 1. 0. 1. 1. 1. 0. 1.
 0. 0. 1. 1. 0. 1. 1. 1. 0. 1. 1. 1. 1. 1. 0. 1. 1. 0. 0. 1. 0. 1. 0. 1.
 1. 1. 1. 1. 0. 1. 1. 1. 1. 1. 1. 1. 1. 0. 0. 1. 1. 0. 1. 1. 0. 1. 1. 1.
 0. 0. 1. 0.]","[0. 1. 0. 0. 0. 1. 1. 1. 0. 0. 0. 0. 0. 1. 0. 0. 1. 1. 0. 0. 0. 0. 0. 1.
 0. 0. 1. 0. 1. 0. 0. 1. 0. 1. 1. 0. 0. 0. 1. 0. 0. 0. 1. 1. 1. 0. 1. 0.
 1. 0. 1. 1. 0. 1. 1. 1. 1. 0. 1. 0. 0. 1. 1. 1. 0. 0. 0. 1. 1. 0. 1. 1.
 0. 0. 1. 0. 0. 1. 0. 1. 0. 1. 1. 1. 0. 1. 0. 1. 1. 1. 1. 1. 1. 1. 1. 0.
 0. 0. 1. 1. 1. 0. 0. 1. 1. 1. 0. 0. 0. 1. 1. 1. 0. 0. 0. 0. 1. 1. 1. 0.
 1. 0. 0. 1. 1. 0. 0. 0. 0. 1. 0. 0. 1. 1. 0. 1. 1. 1. 0. 1. 1. 0. 1. 0.
 1. 1. 0. 0. 0. 1. 1. 0. 1. 1. 0. 1. 0. 0. 0. 1. 1. 1. 0. 1. 0. 1. 1. 0.
 1. 0. 0. 1. 1. 0. 0. 1. 0. 1. 1. 0. 0. 1. 0. 0. 1. 1. 0. 1. 1. 0. 0. 0.
 0. 1. 1. 0. 0. 1. 0. 0. 1. 0. 1. 1. 1. 0. 0. 0. 1. 1. 0. 0. 0. 0. 1. 0.
 0. 1. 0. 1. 1. 1. 1. 0. 0. 0. 0. 1. 1. 1. 1. 0. 1. 1. 1. 1. 0. 1. 0. 0.
 1. 0. 0. 1. 1. 1. 1. 1. 0. 0. 1. 1. 1. 0. 0. 1. 0. 1. 0. 0. 1. 0. 1. 0.
 1. 0. 0. 0.]"
935,naive_bayes,{},0.49419674061900104,0.13408863665375076,0.05953865325630384,0.22699545016132694,0.5143300826264535,0.12836842513153657,0.4844867333303966,0.02238805970149249,0.5111940298507462,0.5111940298507462,"{0: 0.48936288705725106, 1: 0.48936288705725106}","{0: 0.48936288705725106, 1: 0.48936288705725106}",0.48936288705725106,"[[38 96]
 [35 99]]","[1. 1. 1. 0. 0. 1. 1. 1. 1. 1. 1. 1. 1. 1. 1. 1. 1. 1. 1. 1. 0. 1. 0. 1.
 0. 1. 1. 1. 0. 1. 1. 1. 0. 0. 1. 1. 1. 1. 0. 1. 1. 0. 1. 1. 0. 1. 1. 1.
 0. 1. 1. 1. 1. 1. 1. 0. 1. 1. 1. 0. 1. 1. 1. 0. 1. 0. 0. 1. 1. 1. 1. 1.
 1. 1. 0. 1. 0. 0. 1. 1. 0. 0. 1. 1. 1. 1. 1. 1. 1. 0. 1. 1. 0. 1. 0. 0.
 1. 0. 1. 1. 1. 1. 1. 1. 0. 1. 1. 1. 1. 1. 1. 0. 0. 1. 1. 1. 1. 0. 0. 1.
 1. 1. 1. 1. 1. 1. 1. 1. 0. 0. 1. 1. 1. 1. 1. 1. 1. 0. 1. 0. 1. 1. 0. 1.
 0. 1. 1. 0. 0. 1. 0. 0. 1. 1. 0. 1. 1. 0. 1. 1. 1. 1. 1. 1. 0. 1. 0. 1.
 1. 0. 1. 1. 1. 0. 1. 1. 1. 1. 1. 0. 0. 1. 1. 1. 1. 1. 0. 1. 1. 1. 1. 1.
 1. 1. 1. 1. 1. 1. 1. 0. 1. 0. 1. 1. 1. 1. 1. 1. 0. 1. 0. 1. 1. 1. 0. 1.
 0. 0. 1. 1. 0. 1. 1. 1. 0. 1. 1. 1. 1. 1. 0. 1. 1. 0. 0. 1. 0. 1. 0. 1.
 1. 1. 1. 1. 0. 1. 1. 1. 1. 1. 1. 1. 1. 0. 0. 1. 1. 0. 1. 1. 0. 1. 1. 1.
 0. 0. 1. 0.]","[0. 1. 0. 0. 0. 1. 1. 1. 0. 0. 0. 0. 0. 1. 0. 0. 1. 1. 0. 0. 0. 0. 0. 1.
 0. 0. 1. 0. 1. 0. 0. 1. 0. 1. 1. 0. 0. 0. 1. 0. 0. 0. 1. 1. 1. 0. 1. 0.
 1. 0. 1. 1. 0. 1. 1. 1. 1. 0. 1. 0. 0. 1. 1. 1. 0. 0. 0. 1. 1. 0. 1. 1.
 0. 0. 1. 0. 0. 1. 0. 1. 0. 1. 1. 1. 0. 1. 0. 1. 1. 1. 1. 1. 1. 1. 1. 0.
 0. 0. 1. 1. 1. 0. 0. 1. 1. 1. 0. 0. 0. 1. 1. 1. 0. 0. 0. 0. 1. 1. 1. 0.
 1. 0. 0. 1. 1. 0. 0. 0. 0. 1. 0. 0. 1. 1. 0. 1. 1. 1. 0. 1. 1. 0. 1. 0.
 1. 1. 0. 0. 0. 1. 1. 0. 1. 1. 0. 1. 0. 0. 0. 1. 1. 1. 0. 1. 0. 1. 1. 0.
 1. 0. 0. 1. 1. 0. 0. 1. 0. 1. 1. 0. 0. 1. 0. 0. 1. 1. 0. 1. 1. 0. 0. 0.
 0. 1. 1. 0. 0. 1. 0. 0. 1. 0. 1. 1. 1. 0. 0. 0. 1. 1. 0. 0. 0. 0. 1. 0.
 0. 1. 0. 1. 1. 1. 1. 0. 0. 0. 0. 1. 1. 1. 1. 0. 1. 1. 1. 1. 0. 1. 0. 0.
 1. 0. 0. 1. 1. 1. 1. 1. 0. 0. 1. 1. 1. 0. 0. 1. 0. 1. 0. 0. 1. 0. 1. 0.
 1. 0. 0. 0.]"
89,naive_bayes,{},0.49419674061900104,0.13408863665375076,0.05953865325630384,0.22699545016132694,0.5143300826264535,0.12836842513153657,0.4844867333303966,0.02238805970149249,0.5111940298507462,0.5111940298507462,"{0: 0.48936288705725106, 1: 0.48936288705725106}","{0: 0.48936288705725106, 1: 0.48936288705725106}",0.48936288705725106,"[[38 96]
 [35 99]]","[1. 1. 1. 0. 0. 1. 1. 1. 1. 1. 1. 1. 1. 1. 1. 1. 1. 1. 1. 1. 0. 1. 0. 1.
 0. 1. 1. 1. 0. 1. 1. 1. 0. 0. 1. 1. 1. 1. 0. 1. 1. 0. 1. 1. 0. 1. 1. 1.
 0. 1. 1. 1. 1. 1. 1. 0. 1. 1. 1. 0. 1. 1. 1. 0. 1. 0. 0. 1. 1. 1. 1. 1.
 1. 1. 0. 1. 0. 0. 1. 1. 0. 0. 1. 1. 1. 1. 1. 1. 1. 0. 1. 1. 0. 1. 0. 0.
 1. 0. 1. 1. 1. 1. 1. 1. 0. 1. 1. 1. 1. 1. 1. 0. 0. 1. 1. 1. 1. 0. 0. 1.
 1. 1. 1. 1. 1. 1. 1. 1. 0. 0. 1. 1. 1. 1. 1. 1. 1. 0. 1. 0. 1. 1. 0. 1.
 0. 1. 1. 0. 0. 1. 0. 0. 1. 1. 0. 1. 1. 0. 1. 1. 1. 1. 1. 1. 0. 1. 0. 1.
 1. 0. 1. 1. 1. 0. 1. 1. 1. 1. 1. 0. 0. 1. 1. 1. 1. 1. 0. 1. 1. 1. 1. 1.
 1. 1. 1. 1. 1. 1. 1. 0. 1. 0. 1. 1. 1. 1. 1. 1. 0. 1. 0. 1. 1. 1. 0. 1.
 0. 0. 1. 1. 0. 1. 1. 1. 0. 1. 1. 1. 1. 1. 0. 1. 1. 0. 0. 1. 0. 1. 0. 1.
 1. 1. 1. 1. 0. 1. 1. 1. 1. 1. 1. 1. 1. 0. 0. 1. 1. 0. 1. 1. 0. 1. 1. 1.
 0. 0. 1. 0.]","[0. 1. 0. 0. 0. 1. 1. 1. 0. 0. 0. 0. 0. 1. 0. 0. 1. 1. 0. 0. 0. 0. 0. 1.
 0. 0. 1. 0. 1. 0. 0. 1. 0. 1. 1. 0. 0. 0. 1. 0. 0. 0. 1. 1. 1. 0. 1. 0.
 1. 0. 1. 1. 0. 1. 1. 1. 1. 0. 1. 0. 0. 1. 1. 1. 0. 0. 0. 1. 1. 0. 1. 1.
 0. 0. 1. 0. 0. 1. 0. 1. 0. 1. 1. 1. 0. 1. 0. 1. 1. 1. 1. 1. 1. 1. 1. 0.
 0. 0. 1. 1. 1. 0. 0. 1. 1. 1. 0. 0. 0. 1. 1. 1. 0. 0. 0. 0. 1. 1. 1. 0.
 1. 0. 0. 1. 1. 0. 0. 0. 0. 1. 0. 0. 1. 1. 0. 1. 1. 1. 0. 1. 1. 0. 1. 0.
 1. 1. 0. 0. 0. 1. 1. 0. 1. 1. 0. 1. 0. 0. 0. 1. 1. 1. 0. 1. 0. 1. 1. 0.
 1. 0. 0. 1. 1. 0. 0. 1. 0. 1. 1. 0. 0. 1. 0. 0. 1. 1. 0. 1. 1. 0. 0. 0.
 0. 1. 1. 0. 0. 1. 0. 0. 1. 0. 1. 1. 1. 0. 0. 0. 1. 1. 0. 0. 0. 0. 1. 0.
 0. 1. 0. 1. 1. 1. 1. 0. 0. 0. 0. 1. 1. 1. 1. 0. 1. 1. 1. 1. 0. 1. 0. 0.
 1. 0. 0. 1. 1. 1. 1. 1. 0. 0. 1. 1. 1. 0. 0. 1. 0. 1. 0. 0. 1. 0. 1. 0.
 1. 0. 0. 0.]"
47,naive_bayes,{},0.49419674061900104,0.13408863665375076,0.05953865325630384,0.22699545016132694,0.5143300826264535,0.12836842513153657,0.4844867333303966,0.02238805970149249,0.5111940298507462,0.5111940298507462,"{0: 0.48936288705725106, 1: 0.48936288705725106}","{0: 0.48936288705725106, 1: 0.48936288705725106}",0.48936288705725106,"[[38 96]
 [35 99]]","[1. 1. 1. 0. 0. 1. 1. 1. 1. 1. 1. 1. 1. 1. 1. 1. 1. 1. 1. 1. 0. 1. 0. 1.
 0. 1. 1. 1. 0. 1. 1. 1. 0. 0. 1. 1. 1. 1. 0. 1. 1. 0. 1. 1. 0. 1. 1. 1.
 0. 1. 1. 1. 1. 1. 1. 0. 1. 1. 1. 0. 1. 1. 1. 0. 1. 0. 0. 1. 1. 1. 1. 1.
 1. 1. 0. 1. 0. 0. 1. 1. 0. 0. 1. 1. 1. 1. 1. 1. 1. 0. 1. 1. 0. 1. 0. 0.
 1. 0. 1. 1. 1. 1. 1. 1. 0. 1. 1. 1. 1. 1. 1. 0. 0. 1. 1. 1. 1. 0. 0. 1.
 1. 1. 1. 1. 1. 1. 1. 1. 0. 0. 1. 1. 1. 1. 1. 1. 1. 0. 1. 0. 1. 1. 0. 1.
 0. 1. 1. 0. 0. 1. 0. 0. 1. 1. 0. 1. 1. 0. 1. 1. 1. 1. 1. 1. 0. 1. 0. 1.
 1. 0. 1. 1. 1. 0. 1. 1. 1. 1. 1. 0. 0. 1. 1. 1. 1. 1. 0. 1. 1. 1. 1. 1.
 1. 1. 1. 1. 1. 1. 1. 0. 1. 0. 1. 1. 1. 1. 1. 1. 0. 1. 0. 1. 1. 1. 0. 1.
 0. 0. 1. 1. 0. 1. 1. 1. 0. 1. 1. 1. 1. 1. 0. 1. 1. 0. 0. 1. 0. 1. 0. 1.
 1. 1. 1. 1. 0. 1. 1. 1. 1. 1. 1. 1. 1. 0. 0. 1. 1. 0. 1. 1. 0. 1. 1. 1.
 0. 0. 1. 0.]","[0. 1. 0. 0. 0. 1. 1. 1. 0. 0. 0. 0. 0. 1. 0. 0. 1. 1. 0. 0. 0. 0. 0. 1.
 0. 0. 1. 0. 1. 0. 0. 1. 0. 1. 1. 0. 0. 0. 1. 0. 0. 0. 1. 1. 1. 0. 1. 0.
 1. 0. 1. 1. 0. 1. 1. 1. 1. 0. 1. 0. 0. 1. 1. 1. 0. 0. 0. 1. 1. 0. 1. 1.
 0. 0. 1. 0. 0. 1. 0. 1. 0. 1. 1. 1. 0. 1. 0. 1. 1. 1. 1. 1. 1. 1. 1. 0.
 0. 0. 1. 1. 1. 0. 0. 1. 1. 1. 0. 0. 0. 1. 1. 1. 0. 0. 0. 0. 1. 1. 1. 0.
 1. 0. 0. 1. 1. 0. 0. 0. 0. 1. 0. 0. 1. 1. 0. 1. 1. 1. 0. 1. 1. 0. 1. 0.
 1. 1. 0. 0. 0. 1. 1. 0. 1. 1. 0. 1. 0. 0. 0. 1. 1. 1. 0. 1. 0. 1. 1. 0.
 1. 0. 0. 1. 1. 0. 0. 1. 0. 1. 1. 0. 0. 1. 0. 0. 1. 1. 0. 1. 1. 0. 0. 0.
 0. 1. 1. 0. 0. 1. 0. 0. 1. 0. 1. 1. 1. 0. 0. 0. 1. 1. 0. 0. 0. 0. 1. 0.
 0. 1. 0. 1. 1. 1. 1. 0. 0. 0. 0. 1. 1. 1. 1. 0. 1. 1. 1. 1. 0. 1. 0. 0.
 1. 0. 0. 1. 1. 1. 1. 1. 0. 0. 1. 1. 1. 0. 0. 1. 0. 1. 0. 0. 1. 0. 1. 0.
 1. 0. 0. 0.]"
879,naive_bayes,{},0.49419674061900104,0.13408863665375076,0.05953865325630384,0.22699545016132694,0.5143300826264535,0.12836842513153657,0.4844867333303966,0.02238805970149249,0.5111940298507462,0.5111940298507462,"{0: 0.48936288705725106, 1: 0.48936288705725106}","{0: 0.48936288705725106, 1: 0.48936288705725106}",0.48936288705725106,"[[38 96]
 [35 99]]","[1. 1. 1. 0. 0. 1. 1. 1. 1. 1. 1. 1. 1. 1. 1. 1. 1. 1. 1. 1. 0. 1. 0. 1.
 0. 1. 1. 1. 0. 1. 1. 1. 0. 0. 1. 1. 1. 1. 0. 1. 1. 0. 1. 1. 0. 1. 1. 1.
 0. 1. 1. 1. 1. 1. 1. 0. 1. 1. 1. 0. 1. 1. 1. 0. 1. 0. 0. 1. 1. 1. 1. 1.
 1. 1. 0. 1. 0. 0. 1. 1. 0. 0. 1. 1. 1. 1. 1. 1. 1. 0. 1. 1. 0. 1. 0. 0.
 1. 0. 1. 1. 1. 1. 1. 1. 0. 1. 1. 1. 1. 1. 1. 0. 0. 1. 1. 1. 1. 0. 0. 1.
 1. 1. 1. 1. 1. 1. 1. 1. 0. 0. 1. 1. 1. 1. 1. 1. 1. 0. 1. 0. 1. 1. 0. 1.
 0. 1. 1. 0. 0. 1. 0. 0. 1. 1. 0. 1. 1. 0. 1. 1. 1. 1. 1. 1. 0. 1. 0. 1.
 1. 0. 1. 1. 1. 0. 1. 1. 1. 1. 1. 0. 0. 1. 1. 1. 1. 1. 0. 1. 1. 1. 1. 1.
 1. 1. 1. 1. 1. 1. 1. 0. 1. 0. 1. 1. 1. 1. 1. 1. 0. 1. 0. 1. 1. 1. 0. 1.
 0. 0. 1. 1. 0. 1. 1. 1. 0. 1. 1. 1. 1. 1. 0. 1. 1. 0. 0. 1. 0. 1. 0. 1.
 1. 1. 1. 1. 0. 1. 1. 1. 1. 1. 1. 1. 1. 0. 0. 1. 1. 0. 1. 1. 0. 1. 1. 1.
 0. 0. 1. 0.]","[0. 1. 0. 0. 0. 1. 1. 1. 0. 0. 0. 0. 0. 1. 0. 0. 1. 1. 0. 0. 0. 0. 0. 1.
 0. 0. 1. 0. 1. 0. 0. 1. 0. 1. 1. 0. 0. 0. 1. 0. 0. 0. 1. 1. 1. 0. 1. 0.
 1. 0. 1. 1. 0. 1. 1. 1. 1. 0. 1. 0. 0. 1. 1. 1. 0. 0. 0. 1. 1. 0. 1. 1.
 0. 0. 1. 0. 0. 1. 0. 1. 0. 1. 1. 1. 0. 1. 0. 1. 1. 1. 1. 1. 1. 1. 1. 0.
 0. 0. 1. 1. 1. 0. 0. 1. 1. 1. 0. 0. 0. 1. 1. 1. 0. 0. 0. 0. 1. 1. 1. 0.
 1. 0. 0. 1. 1. 0. 0. 0. 0. 1. 0. 0. 1. 1. 0. 1. 1. 1. 0. 1. 1. 0. 1. 0.
 1. 1. 0. 0. 0. 1. 1. 0. 1. 1. 0. 1. 0. 0. 0. 1. 1. 1. 0. 1. 0. 1. 1. 0.
 1. 0. 0. 1. 1. 0. 0. 1. 0. 1. 1. 0. 0. 1. 0. 0. 1. 1. 0. 1. 1. 0. 0. 0.
 0. 1. 1. 0. 0. 1. 0. 0. 1. 0. 1. 1. 1. 0. 0. 0. 1. 1. 0. 0. 0. 0. 1. 0.
 0. 1. 0. 1. 1. 1. 1. 0. 0. 0. 0. 1. 1. 1. 1. 0. 1. 1. 1. 1. 0. 1. 0. 0.
 1. 0. 0. 1. 1. 1. 1. 1. 0. 0. 1. 1. 1. 0. 0. 1. 0. 1. 0. 0. 1. 0. 1. 0.
 1. 0. 0. 0.]"
950,naive_bayes,{},0.49419674061900104,0.13408863665375076,0.05953865325630384,0.22699545016132694,0.5143300826264535,0.12836842513153657,0.4844867333303966,0.02238805970149249,0.5111940298507462,0.5111940298507462,"{0: 0.48936288705725106, 1: 0.48936288705725106}","{0: 0.48936288705725106, 1: 0.48936288705725106}",0.48936288705725106,"[[38 96]
 [35 99]]","[1. 1. 1. 0. 0. 1. 1. 1. 1. 1. 1. 1. 1. 1. 1. 1. 1. 1. 1. 1. 0. 1. 0. 1.
 0. 1. 1. 1. 0. 1. 1. 1. 0. 0. 1. 1. 1. 1. 0. 1. 1. 0. 1. 1. 0. 1. 1. 1.
 0. 1. 1. 1. 1. 1. 1. 0. 1. 1. 1. 0. 1. 1. 1. 0. 1. 0. 0. 1. 1. 1. 1. 1.
 1. 1. 0. 1. 0. 0. 1. 1. 0. 0. 1. 1. 1. 1. 1. 1. 1. 0. 1. 1. 0. 1. 0. 0.
 1. 0. 1. 1. 1. 1. 1. 1. 0. 1. 1. 1. 1. 1. 1. 0. 0. 1. 1. 1. 1. 0. 0. 1.
 1. 1. 1. 1. 1. 1. 1. 1. 0. 0. 1. 1. 1. 1. 1. 1. 1. 0. 1. 0. 1. 1. 0. 1.
 0. 1. 1. 0. 0. 1. 0. 0. 1. 1. 0. 1. 1. 0. 1. 1. 1. 1. 1. 1. 0. 1. 0. 1.
 1. 0. 1. 1. 1. 0. 1. 1. 1. 1. 1. 0. 0. 1. 1. 1. 1. 1. 0. 1. 1. 1. 1. 1.
 1. 1. 1. 1. 1. 1. 1. 0. 1. 0. 1. 1. 1. 1. 1. 1. 0. 1. 0. 1. 1. 1. 0. 1.
 0. 0. 1. 1. 0. 1. 1. 1. 0. 1. 1. 1. 1. 1. 0. 1. 1. 0. 0. 1. 0. 1. 0. 1.
 1. 1. 1. 1. 0. 1. 1. 1. 1. 1. 1. 1. 1. 0. 0. 1. 1. 0. 1. 1. 0. 1. 1. 1.
 0. 0. 1. 0.]","[0. 1. 0. 0. 0. 1. 1. 1. 0. 0. 0. 0. 0. 1. 0. 0. 1. 1. 0. 0. 0. 0. 0. 1.
 0. 0. 1. 0. 1. 0. 0. 1. 0. 1. 1. 0. 0. 0. 1. 0. 0. 0. 1. 1. 1. 0. 1. 0.
 1. 0. 1. 1. 0. 1. 1. 1. 1. 0. 1. 0. 0. 1. 1. 1. 0. 0. 0. 1. 1. 0. 1. 1.
 0. 0. 1. 0. 0. 1. 0. 1. 0. 1. 1. 1. 0. 1. 0. 1. 1. 1. 1. 1. 1. 1. 1. 0.
 0. 0. 1. 1. 1. 0. 0. 1. 1. 1. 0. 0. 0. 1. 1. 1. 0. 0. 0. 0. 1. 1. 1. 0.
 1. 0. 0. 1. 1. 0. 0. 0. 0. 1. 0. 0. 1. 1. 0. 1. 1. 1. 0. 1. 1. 0. 1. 0.
 1. 1. 0. 0. 0. 1. 1. 0. 1. 1. 0. 1. 0. 0. 0. 1. 1. 1. 0. 1. 0. 1. 1. 0.
 1. 0. 0. 1. 1. 0. 0. 1. 0. 1. 1. 0. 0. 1. 0. 0. 1. 1. 0. 1. 1. 0. 0. 0.
 0. 1. 1. 0. 0. 1. 0. 0. 1. 0. 1. 1. 1. 0. 0. 0. 1. 1. 0. 0. 0. 0. 1. 0.
 0. 1. 0. 1. 1. 1. 1. 0. 0. 0. 0. 1. 1. 1. 1. 0. 1. 1. 1. 1. 0. 1. 0. 0.
 1. 0. 0. 1. 1. 1. 1. 1. 0. 0. 1. 1. 1. 0. 0. 1. 0. 1. 0. 0. 1. 0. 1. 0.
 1. 0. 0. 0.]"
922,naive_bayes,{},0.49419674061900104,0.13408863665375076,0.05953865325630384,0.22699545016132694,0.5143300826264535,0.12836842513153657,0.4844867333303966,0.02238805970149249,0.5111940298507462,0.5111940298507462,"{0: 0.48936288705725106, 1: 0.48936288705725106}","{0: 0.48936288705725106, 1: 0.48936288705725106}",0.48936288705725106,"[[38 96]
 [35 99]]","[1. 1. 1. 0. 0. 1. 1. 1. 1. 1. 1. 1. 1. 1. 1. 1. 1. 1. 1. 1. 0. 1. 0. 1.
 0. 1. 1. 1. 0. 1. 1. 1. 0. 0. 1. 1. 1. 1. 0. 1. 1. 0. 1. 1. 0. 1. 1. 1.
 0. 1. 1. 1. 1. 1. 1. 0. 1. 1. 1. 0. 1. 1. 1. 0. 1. 0. 0. 1. 1. 1. 1. 1.
 1. 1. 0. 1. 0. 0. 1. 1. 0. 0. 1. 1. 1. 1. 1. 1. 1. 0. 1. 1. 0. 1. 0. 0.
 1. 0. 1. 1. 1. 1. 1. 1. 0. 1. 1. 1. 1. 1. 1. 0. 0. 1. 1. 1. 1. 0. 0. 1.
 1. 1. 1. 1. 1. 1. 1. 1. 0. 0. 1. 1. 1. 1. 1. 1. 1. 0. 1. 0. 1. 1. 0. 1.
 0. 1. 1. 0. 0. 1. 0. 0. 1. 1. 0. 1. 1. 0. 1. 1. 1. 1. 1. 1. 0. 1. 0. 1.
 1. 0. 1. 1. 1. 0. 1. 1. 1. 1. 1. 0. 0. 1. 1. 1. 1. 1. 0. 1. 1. 1. 1. 1.
 1. 1. 1. 1. 1. 1. 1. 0. 1. 0. 1. 1. 1. 1. 1. 1. 0. 1. 0. 1. 1. 1. 0. 1.
 0. 0. 1. 1. 0. 1. 1. 1. 0. 1. 1. 1. 1. 1. 0. 1. 1. 0. 0. 1. 0. 1. 0. 1.
 1. 1. 1. 1. 0. 1. 1. 1. 1. 1. 1. 1. 1. 0. 0. 1. 1. 0. 1. 1. 0. 1. 1. 1.
 0. 0. 1. 0.]","[0. 1. 0. 0. 0. 1. 1. 1. 0. 0. 0. 0. 0. 1. 0. 0. 1. 1. 0. 0. 0. 0. 0. 1.
 0. 0. 1. 0. 1. 0. 0. 1. 0. 1. 1. 0. 0. 0. 1. 0. 0. 0. 1. 1. 1. 0. 1. 0.
 1. 0. 1. 1. 0. 1. 1. 1. 1. 0. 1. 0. 0. 1. 1. 1. 0. 0. 0. 1. 1. 0. 1. 1.
 0. 0. 1. 0. 0. 1. 0. 1. 0. 1. 1. 1. 0. 1. 0. 1. 1. 1. 1. 1. 1. 1. 1. 0.
 0. 0. 1. 1. 1. 0. 0. 1. 1. 1. 0. 0. 0. 1. 1. 1. 0. 0. 0. 0. 1. 1. 1. 0.
 1. 0. 0. 1. 1. 0. 0. 0. 0. 1. 0. 0. 1. 1. 0. 1. 1. 1. 0. 1. 1. 0. 1. 0.
 1. 1. 0. 0. 0. 1. 1. 0. 1. 1. 0. 1. 0. 0. 0. 1. 1. 1. 0. 1. 0. 1. 1. 0.
 1. 0. 0. 1. 1. 0. 0. 1. 0. 1. 1. 0. 0. 1. 0. 0. 1. 1. 0. 1. 1. 0. 0. 0.
 0. 1. 1. 0. 0. 1. 0. 0. 1. 0. 1. 1. 1. 0. 0. 0. 1. 1. 0. 0. 0. 0. 1. 0.
 0. 1. 0. 1. 1. 1. 1. 0. 0. 0. 0. 1. 1. 1. 1. 0. 1. 1. 1. 1. 0. 1. 0. 0.
 1. 0. 0. 1. 1. 1. 1. 1. 0. 0. 1. 1. 1. 0. 0. 1. 0. 1. 0. 0. 1. 0. 1. 0.
 1. 0. 0. 0.]"
840,naive_bayes,{},0.49419674061900104,0.13408863665375076,0.05953865325630384,0.22699545016132694,0.5143300826264535,0.12836842513153657,0.4844867333303966,0.02238805970149249,0.5111940298507462,0.5111940298507462,"{0: 0.48936288705725106, 1: 0.48936288705725106}","{0: 0.48936288705725106, 1: 0.48936288705725106}",0.48936288705725106,"[[38 96]
 [35 99]]","[1. 1. 1. 0. 0. 1. 1. 1. 1. 1. 1. 1. 1. 1. 1. 1. 1. 1. 1. 1. 0. 1. 0. 1.
 0. 1. 1. 1. 0. 1. 1. 1. 0. 0. 1. 1. 1. 1. 0. 1. 1. 0. 1. 1. 0. 1. 1. 1.
 0. 1. 1. 1. 1. 1. 1. 0. 1. 1. 1. 0. 1. 1. 1. 0. 1. 0. 0. 1. 1. 1. 1. 1.
 1. 1. 0. 1. 0. 0. 1. 1. 0. 0. 1. 1. 1. 1. 1. 1. 1. 0. 1. 1. 0. 1. 0. 0.
 1. 0. 1. 1. 1. 1. 1. 1. 0. 1. 1. 1. 1. 1. 1. 0. 0. 1. 1. 1. 1. 0. 0. 1.
 1. 1. 1. 1. 1. 1. 1. 1. 0. 0. 1. 1. 1. 1. 1. 1. 1. 0. 1. 0. 1. 1. 0. 1.
 0. 1. 1. 0. 0. 1. 0. 0. 1. 1. 0. 1. 1. 0. 1. 1. 1. 1. 1. 1. 0. 1. 0. 1.
 1. 0. 1. 1. 1. 0. 1. 1. 1. 1. 1. 0. 0. 1. 1. 1. 1. 1. 0. 1. 1. 1. 1. 1.
 1. 1. 1. 1. 1. 1. 1. 0. 1. 0. 1. 1. 1. 1. 1. 1. 0. 1. 0. 1. 1. 1. 0. 1.
 0. 0. 1. 1. 0. 1. 1. 1. 0. 1. 1. 1. 1. 1. 0. 1. 1. 0. 0. 1. 0. 1. 0. 1.
 1. 1. 1. 1. 0. 1. 1. 1. 1. 1. 1. 1. 1. 0. 0. 1. 1. 0. 1. 1. 0. 1. 1. 1.
 0. 0. 1. 0.]","[0. 1. 0. 0. 0. 1. 1. 1. 0. 0. 0. 0. 0. 1. 0. 0. 1. 1. 0. 0. 0. 0. 0. 1.
 0. 0. 1. 0. 1. 0. 0. 1. 0. 1. 1. 0. 0. 0. 1. 0. 0. 0. 1. 1. 1. 0. 1. 0.
 1. 0. 1. 1. 0. 1. 1. 1. 1. 0. 1. 0. 0. 1. 1. 1. 0. 0. 0. 1. 1. 0. 1. 1.
 0. 0. 1. 0. 0. 1. 0. 1. 0. 1. 1. 1. 0. 1. 0. 1. 1. 1. 1. 1. 1. 1. 1. 0.
 0. 0. 1. 1. 1. 0. 0. 1. 1. 1. 0. 0. 0. 1. 1. 1. 0. 0. 0. 0. 1. 1. 1. 0.
 1. 0. 0. 1. 1. 0. 0. 0. 0. 1. 0. 0. 1. 1. 0. 1. 1. 1. 0. 1. 1. 0. 1. 0.
 1. 1. 0. 0. 0. 1. 1. 0. 1. 1. 0. 1. 0. 0. 0. 1. 1. 1. 0. 1. 0. 1. 1. 0.
 1. 0. 0. 1. 1. 0. 0. 1. 0. 1. 1. 0. 0. 1. 0. 0. 1. 1. 0. 1. 1. 0. 0. 0.
 0. 1. 1. 0. 0. 1. 0. 0. 1. 0. 1. 1. 1. 0. 0. 0. 1. 1. 0. 0. 0. 0. 1. 0.
 0. 1. 0. 1. 1. 1. 1. 0. 0. 0. 0. 1. 1. 1. 1. 0. 1. 1. 1. 1. 0. 1. 0. 0.
 1. 0. 0. 1. 1. 1. 1. 1. 0. 0. 1. 1. 1. 0. 0. 1. 0. 1. 0. 0. 1. 0. 1. 0.
 1. 0. 0. 0.]"
55,naive_bayes,{},0.49419674061900104,0.13408863665375076,0.05953865325630384,0.22699545016132694,0.5143300826264535,0.12836842513153657,0.4844867333303966,0.02238805970149249,0.5111940298507462,0.5111940298507462,"{0: 0.48936288705725106, 1: 0.48936288705725106}","{0: 0.48936288705725106, 1: 0.48936288705725106}",0.48936288705725106,"[[38 96]
 [35 99]]","[1. 1. 1. 0. 0. 1. 1. 1. 1. 1. 1. 1. 1. 1. 1. 1. 1. 1. 1. 1. 0. 1. 0. 1.
 0. 1. 1. 1. 0. 1. 1. 1. 0. 0. 1. 1. 1. 1. 0. 1. 1. 0. 1. 1. 0. 1. 1. 1.
 0. 1. 1. 1. 1. 1. 1. 0. 1. 1. 1. 0. 1. 1. 1. 0. 1. 0. 0. 1. 1. 1. 1. 1.
 1. 1. 0. 1. 0. 0. 1. 1. 0. 0. 1. 1. 1. 1. 1. 1. 1. 0. 1. 1. 0. 1. 0. 0.
 1. 0. 1. 1. 1. 1. 1. 1. 0. 1. 1. 1. 1. 1. 1. 0. 0. 1. 1. 1. 1. 0. 0. 1.
 1. 1. 1. 1. 1. 1. 1. 1. 0. 0. 1. 1. 1. 1. 1. 1. 1. 0. 1. 0. 1. 1. 0. 1.
 0. 1. 1. 0. 0. 1. 0. 0. 1. 1. 0. 1. 1. 0. 1. 1. 1. 1. 1. 1. 0. 1. 0. 1.
 1. 0. 1. 1. 1. 0. 1. 1. 1. 1. 1. 0. 0. 1. 1. 1. 1. 1. 0. 1. 1. 1. 1. 1.
 1. 1. 1. 1. 1. 1. 1. 0. 1. 0. 1. 1. 1. 1. 1. 1. 0. 1. 0. 1. 1. 1. 0. 1.
 0. 0. 1. 1. 0. 1. 1. 1. 0. 1. 1. 1. 1. 1. 0. 1. 1. 0. 0. 1. 0. 1. 0. 1.
 1. 1. 1. 1. 0. 1. 1. 1. 1. 1. 1. 1. 1. 0. 0. 1. 1. 0. 1. 1. 0. 1. 1. 1.
 0. 0. 1. 0.]","[0. 1. 0. 0. 0. 1. 1. 1. 0. 0. 0. 0. 0. 1. 0. 0. 1. 1. 0. 0. 0. 0. 0. 1.
 0. 0. 1. 0. 1. 0. 0. 1. 0. 1. 1. 0. 0. 0. 1. 0. 0. 0. 1. 1. 1. 0. 1. 0.
 1. 0. 1. 1. 0. 1. 1. 1. 1. 0. 1. 0. 0. 1. 1. 1. 0. 0. 0. 1. 1. 0. 1. 1.
 0. 0. 1. 0. 0. 1. 0. 1. 0. 1. 1. 1. 0. 1. 0. 1. 1. 1. 1. 1. 1. 1. 1. 0.
 0. 0. 1. 1. 1. 0. 0. 1. 1. 1. 0. 0. 0. 1. 1. 1. 0. 0. 0. 0. 1. 1. 1. 0.
 1. 0. 0. 1. 1. 0. 0. 0. 0. 1. 0. 0. 1. 1. 0. 1. 1. 1. 0. 1. 1. 0. 1. 0.
 1. 1. 0. 0. 0. 1. 1. 0. 1. 1. 0. 1. 0. 0. 0. 1. 1. 1. 0. 1. 0. 1. 1. 0.
 1. 0. 0. 1. 1. 0. 0. 1. 0. 1. 1. 0. 0. 1. 0. 0. 1. 1. 0. 1. 1. 0. 0. 0.
 0. 1. 1. 0. 0. 1. 0. 0. 1. 0. 1. 1. 1. 0. 0. 0. 1. 1. 0. 0. 0. 0. 1. 0.
 0. 1. 0. 1. 1. 1. 1. 0. 0. 0. 0. 1. 1. 1. 1. 0. 1. 1. 1. 1. 0. 1. 0. 0.
 1. 0. 0. 1. 1. 1. 1. 1. 0. 0. 1. 1. 1. 0. 0. 1. 0. 1. 0. 0. 1. 0. 1. 0.
 1. 0. 0. 0.]"
895,naive_bayes,{},0.49419674061900104,0.13408863665375076,0.05953865325630384,0.22699545016132694,0.5143300826264535,0.12836842513153657,0.4844867333303966,0.02238805970149249,0.5111940298507462,0.5111940298507462,"{0: 0.48936288705725106, 1: 0.48936288705725106}","{0: 0.48936288705725106, 1: 0.48936288705725106}",0.48936288705725106,"[[38 96]
 [35 99]]","[1. 1. 1. 0. 0. 1. 1. 1. 1. 1. 1. 1. 1. 1. 1. 1. 1. 1. 1. 1. 0. 1. 0. 1.
 0. 1. 1. 1. 0. 1. 1. 1. 0. 0. 1. 1. 1. 1. 0. 1. 1. 0. 1. 1. 0. 1. 1. 1.
 0. 1. 1. 1. 1. 1. 1. 0. 1. 1. 1. 0. 1. 1. 1. 0. 1. 0. 0. 1. 1. 1. 1. 1.
 1. 1. 0. 1. 0. 0. 1. 1. 0. 0. 1. 1. 1. 1. 1. 1. 1. 0. 1. 1. 0. 1. 0. 0.
 1. 0. 1. 1. 1. 1. 1. 1. 0. 1. 1. 1. 1. 1. 1. 0. 0. 1. 1. 1. 1. 0. 0. 1.
 1. 1. 1. 1. 1. 1. 1. 1. 0. 0. 1. 1. 1. 1. 1. 1. 1. 0. 1. 0. 1. 1. 0. 1.
 0. 1. 1. 0. 0. 1. 0. 0. 1. 1. 0. 1. 1. 0. 1. 1. 1. 1. 1. 1. 0. 1. 0. 1.
 1. 0. 1. 1. 1. 0. 1. 1. 1. 1. 1. 0. 0. 1. 1. 1. 1. 1. 0. 1. 1. 1. 1. 1.
 1. 1. 1. 1. 1. 1. 1. 0. 1. 0. 1. 1. 1. 1. 1. 1. 0. 1. 0. 1. 1. 1. 0. 1.
 0. 0. 1. 1. 0. 1. 1. 1. 0. 1. 1. 1. 1. 1. 0. 1. 1. 0. 0. 1. 0. 1. 0. 1.
 1. 1. 1. 1. 0. 1. 1. 1. 1. 1. 1. 1. 1. 0. 0. 1. 1. 0. 1. 1. 0. 1. 1. 1.
 0. 0. 1. 0.]","[0. 1. 0. 0. 0. 1. 1. 1. 0. 0. 0. 0. 0. 1. 0. 0. 1. 1. 0. 0. 0. 0. 0. 1.
 0. 0. 1. 0. 1. 0. 0. 1. 0. 1. 1. 0. 0. 0. 1. 0. 0. 0. 1. 1. 1. 0. 1. 0.
 1. 0. 1. 1. 0. 1. 1. 1. 1. 0. 1. 0. 0. 1. 1. 1. 0. 0. 0. 1. 1. 0. 1. 1.
 0. 0. 1. 0. 0. 1. 0. 1. 0. 1. 1. 1. 0. 1. 0. 1. 1. 1. 1. 1. 1. 1. 1. 0.
 0. 0. 1. 1. 1. 0. 0. 1. 1. 1. 0. 0. 0. 1. 1. 1. 0. 0. 0. 0. 1. 1. 1. 0.
 1. 0. 0. 1. 1. 0. 0. 0. 0. 1. 0. 0. 1. 1. 0. 1. 1. 1. 0. 1. 1. 0. 1. 0.
 1. 1. 0. 0. 0. 1. 1. 0. 1. 1. 0. 1. 0. 0. 0. 1. 1. 1. 0. 1. 0. 1. 1. 0.
 1. 0. 0. 1. 1. 0. 0. 1. 0. 1. 1. 0. 0. 1. 0. 0. 1. 1. 0. 1. 1. 0. 0. 0.
 0. 1. 1. 0. 0. 1. 0. 0. 1. 0. 1. 1. 1. 0. 0. 0. 1. 1. 0. 0. 0. 0. 1. 0.
 0. 1. 0. 1. 1. 1. 1. 0. 0. 0. 0. 1. 1. 1. 1. 0. 1. 1. 1. 1. 0. 1. 0. 0.
 1. 0. 0. 1. 1. 1. 1. 1. 0. 0. 1. 1. 1. 0. 0. 1. 0. 1. 0. 0. 1. 0. 1. 0.
 1. 0. 0. 0.]"
907,naive_bayes,{},0.49419674061900104,0.13408863665375076,0.05953865325630384,0.22699545016132694,0.5143300826264535,0.12836842513153657,0.4844867333303966,0.02238805970149249,0.5111940298507462,0.5111940298507462,"{0: 0.48936288705725106, 1: 0.48936288705725106}","{0: 0.48936288705725106, 1: 0.48936288705725106}",0.48936288705725106,"[[38 96]
 [35 99]]","[1. 1. 1. 0. 0. 1. 1. 1. 1. 1. 1. 1. 1. 1. 1. 1. 1. 1. 1. 1. 0. 1. 0. 1.
 0. 1. 1. 1. 0. 1. 1. 1. 0. 0. 1. 1. 1. 1. 0. 1. 1. 0. 1. 1. 0. 1. 1. 1.
 0. 1. 1. 1. 1. 1. 1. 0. 1. 1. 1. 0. 1. 1. 1. 0. 1. 0. 0. 1. 1. 1. 1. 1.
 1. 1. 0. 1. 0. 0. 1. 1. 0. 0. 1. 1. 1. 1. 1. 1. 1. 0. 1. 1. 0. 1. 0. 0.
 1. 0. 1. 1. 1. 1. 1. 1. 0. 1. 1. 1. 1. 1. 1. 0. 0. 1. 1. 1. 1. 0. 0. 1.
 1. 1. 1. 1. 1. 1. 1. 1. 0. 0. 1. 1. 1. 1. 1. 1. 1. 0. 1. 0. 1. 1. 0. 1.
 0. 1. 1. 0. 0. 1. 0. 0. 1. 1. 0. 1. 1. 0. 1. 1. 1. 1. 1. 1. 0. 1. 0. 1.
 1. 0. 1. 1. 1. 0. 1. 1. 1. 1. 1. 0. 0. 1. 1. 1. 1. 1. 0. 1. 1. 1. 1. 1.
 1. 1. 1. 1. 1. 1. 1. 0. 1. 0. 1. 1. 1. 1. 1. 1. 0. 1. 0. 1. 1. 1. 0. 1.
 0. 0. 1. 1. 0. 1. 1. 1. 0. 1. 1. 1. 1. 1. 0. 1. 1. 0. 0. 1. 0. 1. 0. 1.
 1. 1. 1. 1. 0. 1. 1. 1. 1. 1. 1. 1. 1. 0. 0. 1. 1. 0. 1. 1. 0. 1. 1. 1.
 0. 0. 1. 0.]","[0. 1. 0. 0. 0. 1. 1. 1. 0. 0. 0. 0. 0. 1. 0. 0. 1. 1. 0. 0. 0. 0. 0. 1.
 0. 0. 1. 0. 1. 0. 0. 1. 0. 1. 1. 0. 0. 0. 1. 0. 0. 0. 1. 1. 1. 0. 1. 0.
 1. 0. 1. 1. 0. 1. 1. 1. 1. 0. 1. 0. 0. 1. 1. 1. 0. 0. 0. 1. 1. 0. 1. 1.
 0. 0. 1. 0. 0. 1. 0. 1. 0. 1. 1. 1. 0. 1. 0. 1. 1. 1. 1. 1. 1. 1. 1. 0.
 0. 0. 1. 1. 1. 0. 0. 1. 1. 1. 0. 0. 0. 1. 1. 1. 0. 0. 0. 0. 1. 1. 1. 0.
 1. 0. 0. 1. 1. 0. 0. 0. 0. 1. 0. 0. 1. 1. 0. 1. 1. 1. 0. 1. 1. 0. 1. 0.
 1. 1. 0. 0. 0. 1. 1. 0. 1. 1. 0. 1. 0. 0. 0. 1. 1. 1. 0. 1. 0. 1. 1. 0.
 1. 0. 0. 1. 1. 0. 0. 1. 0. 1. 1. 0. 0. 1. 0. 0. 1. 1. 0. 1. 1. 0. 0. 0.
 0. 1. 1. 0. 0. 1. 0. 0. 1. 0. 1. 1. 1. 0. 0. 0. 1. 1. 0. 0. 0. 0. 1. 0.
 0. 1. 0. 1. 1. 1. 1. 0. 0. 0. 0. 1. 1. 1. 1. 0. 1. 1. 1. 1. 0. 1. 0. 0.
 1. 0. 0. 1. 1. 1. 1. 1. 0. 0. 1. 1. 1. 0. 0. 1. 0. 1. 0. 0. 1. 0. 1. 0.
 1. 0. 0. 0.]"
852,naive_bayes,{},0.49419674061900104,0.13408863665375076,0.05953865325630384,0.22699545016132694,0.5143300826264535,0.12836842513153657,0.4844867333303966,0.02238805970149249,0.5111940298507462,0.5111940298507462,"{0: 0.48936288705725106, 1: 0.48936288705725106}","{0: 0.48936288705725106, 1: 0.48936288705725106}",0.48936288705725106,"[[38 96]
 [35 99]]","[1. 1. 1. 0. 0. 1. 1. 1. 1. 1. 1. 1. 1. 1. 1. 1. 1. 1. 1. 1. 0. 1. 0. 1.
 0. 1. 1. 1. 0. 1. 1. 1. 0. 0. 1. 1. 1. 1. 0. 1. 1. 0. 1. 1. 0. 1. 1. 1.
 0. 1. 1. 1. 1. 1. 1. 0. 1. 1. 1. 0. 1. 1. 1. 0. 1. 0. 0. 1. 1. 1. 1. 1.
 1. 1. 0. 1. 0. 0. 1. 1. 0. 0. 1. 1. 1. 1. 1. 1. 1. 0. 1. 1. 0. 1. 0. 0.
 1. 0. 1. 1. 1. 1. 1. 1. 0. 1. 1. 1. 1. 1. 1. 0. 0. 1. 1. 1. 1. 0. 0. 1.
 1. 1. 1. 1. 1. 1. 1. 1. 0. 0. 1. 1. 1. 1. 1. 1. 1. 0. 1. 0. 1. 1. 0. 1.
 0. 1. 1. 0. 0. 1. 0. 0. 1. 1. 0. 1. 1. 0. 1. 1. 1. 1. 1. 1. 0. 1. 0. 1.
 1. 0. 1. 1. 1. 0. 1. 1. 1. 1. 1. 0. 0. 1. 1. 1. 1. 1. 0. 1. 1. 1. 1. 1.
 1. 1. 1. 1. 1. 1. 1. 0. 1. 0. 1. 1. 1. 1. 1. 1. 0. 1. 0. 1. 1. 1. 0. 1.
 0. 0. 1. 1. 0. 1. 1. 1. 0. 1. 1. 1. 1. 1. 0. 1. 1. 0. 0. 1. 0. 1. 0. 1.
 1. 1. 1. 1. 0. 1. 1. 1. 1. 1. 1. 1. 1. 0. 0. 1. 1. 0. 1. 1. 0. 1. 1. 1.
 0. 0. 1. 0.]","[0. 1. 0. 0. 0. 1. 1. 1. 0. 0. 0. 0. 0. 1. 0. 0. 1. 1. 0. 0. 0. 0. 0. 1.
 0. 0. 1. 0. 1. 0. 0. 1. 0. 1. 1. 0. 0. 0. 1. 0. 0. 0. 1. 1. 1. 0. 1. 0.
 1. 0. 1. 1. 0. 1. 1. 1. 1. 0. 1. 0. 0. 1. 1. 1. 0. 0. 0. 1. 1. 0. 1. 1.
 0. 0. 1. 0. 0. 1. 0. 1. 0. 1. 1. 1. 0. 1. 0. 1. 1. 1. 1. 1. 1. 1. 1. 0.
 0. 0. 1. 1. 1. 0. 0. 1. 1. 1. 0. 0. 0. 1. 1. 1. 0. 0. 0. 0. 1. 1. 1. 0.
 1. 0. 0. 1. 1. 0. 0. 0. 0. 1. 0. 0. 1. 1. 0. 1. 1. 1. 0. 1. 1. 0. 1. 0.
 1. 1. 0. 0. 0. 1. 1. 0. 1. 1. 0. 1. 0. 0. 0. 1. 1. 1. 0. 1. 0. 1. 1. 0.
 1. 0. 0. 1. 1. 0. 0. 1. 0. 1. 1. 0. 0. 1. 0. 0. 1. 1. 0. 1. 1. 0. 0. 0.
 0. 1. 1. 0. 0. 1. 0. 0. 1. 0. 1. 1. 1. 0. 0. 0. 1. 1. 0. 0. 0. 0. 1. 0.
 0. 1. 0. 1. 1. 1. 1. 0. 0. 0. 0. 1. 1. 1. 1. 0. 1. 1. 1. 1. 0. 1. 0. 0.
 1. 0. 0. 1. 1. 1. 1. 1. 0. 0. 1. 1. 1. 0. 0. 1. 0. 1. 0. 0. 1. 0. 1. 0.
 1. 0. 0. 0.]"
72,naive_bayes,{},0.49419674061900104,0.13408863665375076,0.05953865325630384,0.22699545016132694,0.5143300826264535,0.12836842513153657,0.4844867333303966,0.02238805970149249,0.5111940298507462,0.5111940298507462,"{0: 0.48936288705725106, 1: 0.48936288705725106}","{0: 0.48936288705725106, 1: 0.48936288705725106}",0.48936288705725106,"[[38 96]
 [35 99]]","[1. 1. 1. 0. 0. 1. 1. 1. 1. 1. 1. 1. 1. 1. 1. 1. 1. 1. 1. 1. 0. 1. 0. 1.
 0. 1. 1. 1. 0. 1. 1. 1. 0. 0. 1. 1. 1. 1. 0. 1. 1. 0. 1. 1. 0. 1. 1. 1.
 0. 1. 1. 1. 1. 1. 1. 0. 1. 1. 1. 0. 1. 1. 1. 0. 1. 0. 0. 1. 1. 1. 1. 1.
 1. 1. 0. 1. 0. 0. 1. 1. 0. 0. 1. 1. 1. 1. 1. 1. 1. 0. 1. 1. 0. 1. 0. 0.
 1. 0. 1. 1. 1. 1. 1. 1. 0. 1. 1. 1. 1. 1. 1. 0. 0. 1. 1. 1. 1. 0. 0. 1.
 1. 1. 1. 1. 1. 1. 1. 1. 0. 0. 1. 1. 1. 1. 1. 1. 1. 0. 1. 0. 1. 1. 0. 1.
 0. 1. 1. 0. 0. 1. 0. 0. 1. 1. 0. 1. 1. 0. 1. 1. 1. 1. 1. 1. 0. 1. 0. 1.
 1. 0. 1. 1. 1. 0. 1. 1. 1. 1. 1. 0. 0. 1. 1. 1. 1. 1. 0. 1. 1. 1. 1. 1.
 1. 1. 1. 1. 1. 1. 1. 0. 1. 0. 1. 1. 1. 1. 1. 1. 0. 1. 0. 1. 1. 1. 0. 1.
 0. 0. 1. 1. 0. 1. 1. 1. 0. 1. 1. 1. 1. 1. 0. 1. 1. 0. 0. 1. 0. 1. 0. 1.
 1. 1. 1. 1. 0. 1. 1. 1. 1. 1. 1. 1. 1. 0. 0. 1. 1. 0. 1. 1. 0. 1. 1. 1.
 0. 0. 1. 0.]","[0. 1. 0. 0. 0. 1. 1. 1. 0. 0. 0. 0. 0. 1. 0. 0. 1. 1. 0. 0. 0. 0. 0. 1.
 0. 0. 1. 0. 1. 0. 0. 1. 0. 1. 1. 0. 0. 0. 1. 0. 0. 0. 1. 1. 1. 0. 1. 0.
 1. 0. 1. 1. 0. 1. 1. 1. 1. 0. 1. 0. 0. 1. 1. 1. 0. 0. 0. 1. 1. 0. 1. 1.
 0. 0. 1. 0. 0. 1. 0. 1. 0. 1. 1. 1. 0. 1. 0. 1. 1. 1. 1. 1. 1. 1. 1. 0.
 0. 0. 1. 1. 1. 0. 0. 1. 1. 1. 0. 0. 0. 1. 1. 1. 0. 0. 0. 0. 1. 1. 1. 0.
 1. 0. 0. 1. 1. 0. 0. 0. 0. 1. 0. 0. 1. 1. 0. 1. 1. 1. 0. 1. 1. 0. 1. 0.
 1. 1. 0. 0. 0. 1. 1. 0. 1. 1. 0. 1. 0. 0. 0. 1. 1. 1. 0. 1. 0. 1. 1. 0.
 1. 0. 0. 1. 1. 0. 0. 1. 0. 1. 1. 0. 0. 1. 0. 0. 1. 1. 0. 1. 1. 0. 0. 0.
 0. 1. 1. 0. 0. 1. 0. 0. 1. 0. 1. 1. 1. 0. 0. 0. 1. 1. 0. 0. 0. 0. 1. 0.
 0. 1. 0. 1. 1. 1. 1. 0. 0. 0. 0. 1. 1. 1. 1. 0. 1. 1. 1. 1. 0. 1. 0. 0.
 1. 0. 0. 1. 1. 1. 1. 1. 0. 0. 1. 1. 1. 0. 0. 1. 0. 1. 0. 0. 1. 0. 1. 0.
 1. 0. 0. 0.]"
81,naive_bayes,{},0.49419674061900104,0.13408863665375076,0.05953865325630384,0.22699545016132694,0.5143300826264535,0.12836842513153657,0.4844867333303966,0.02238805970149249,0.5111940298507462,0.5111940298507462,"{0: 0.48936288705725106, 1: 0.48936288705725106}","{0: 0.48936288705725106, 1: 0.48936288705725106}",0.48936288705725106,"[[38 96]
 [35 99]]","[1. 1. 1. 0. 0. 1. 1. 1. 1. 1. 1. 1. 1. 1. 1. 1. 1. 1. 1. 1. 0. 1. 0. 1.
 0. 1. 1. 1. 0. 1. 1. 1. 0. 0. 1. 1. 1. 1. 0. 1. 1. 0. 1. 1. 0. 1. 1. 1.
 0. 1. 1. 1. 1. 1. 1. 0. 1. 1. 1. 0. 1. 1. 1. 0. 1. 0. 0. 1. 1. 1. 1. 1.
 1. 1. 0. 1. 0. 0. 1. 1. 0. 0. 1. 1. 1. 1. 1. 1. 1. 0. 1. 1. 0. 1. 0. 0.
 1. 0. 1. 1. 1. 1. 1. 1. 0. 1. 1. 1. 1. 1. 1. 0. 0. 1. 1. 1. 1. 0. 0. 1.
 1. 1. 1. 1. 1. 1. 1. 1. 0. 0. 1. 1. 1. 1. 1. 1. 1. 0. 1. 0. 1. 1. 0. 1.
 0. 1. 1. 0. 0. 1. 0. 0. 1. 1. 0. 1. 1. 0. 1. 1. 1. 1. 1. 1. 0. 1. 0. 1.
 1. 0. 1. 1. 1. 0. 1. 1. 1. 1. 1. 0. 0. 1. 1. 1. 1. 1. 0. 1. 1. 1. 1. 1.
 1. 1. 1. 1. 1. 1. 1. 0. 1. 0. 1. 1. 1. 1. 1. 1. 0. 1. 0. 1. 1. 1. 0. 1.
 0. 0. 1. 1. 0. 1. 1. 1. 0. 1. 1. 1. 1. 1. 0. 1. 1. 0. 0. 1. 0. 1. 0. 1.
 1. 1. 1. 1. 0. 1. 1. 1. 1. 1. 1. 1. 1. 0. 0. 1. 1. 0. 1. 1. 0. 1. 1. 1.
 0. 0. 1. 0.]","[0. 1. 0. 0. 0. 1. 1. 1. 0. 0. 0. 0. 0. 1. 0. 0. 1. 1. 0. 0. 0. 0. 0. 1.
 0. 0. 1. 0. 1. 0. 0. 1. 0. 1. 1. 0. 0. 0. 1. 0. 0. 0. 1. 1. 1. 0. 1. 0.
 1. 0. 1. 1. 0. 1. 1. 1. 1. 0. 1. 0. 0. 1. 1. 1. 0. 0. 0. 1. 1. 0. 1. 1.
 0. 0. 1. 0. 0. 1. 0. 1. 0. 1. 1. 1. 0. 1. 0. 1. 1. 1. 1. 1. 1. 1. 1. 0.
 0. 0. 1. 1. 1. 0. 0. 1. 1. 1. 0. 0. 0. 1. 1. 1. 0. 0. 0. 0. 1. 1. 1. 0.
 1. 0. 0. 1. 1. 0. 0. 0. 0. 1. 0. 0. 1. 1. 0. 1. 1. 1. 0. 1. 1. 0. 1. 0.
 1. 1. 0. 0. 0. 1. 1. 0. 1. 1. 0. 1. 0. 0. 0. 1. 1. 1. 0. 1. 0. 1. 1. 0.
 1. 0. 0. 1. 1. 0. 0. 1. 0. 1. 1. 0. 0. 1. 0. 0. 1. 1. 0. 1. 1. 0. 0. 0.
 0. 1. 1. 0. 0. 1. 0. 0. 1. 0. 1. 1. 1. 0. 0. 0. 1. 1. 0. 0. 0. 0. 1. 0.
 0. 1. 0. 1. 1. 1. 1. 0. 0. 0. 0. 1. 1. 1. 1. 0. 1. 1. 1. 1. 0. 1. 0. 0.
 1. 0. 0. 1. 1. 1. 1. 1. 0. 0. 1. 1. 1. 0. 0. 1. 0. 1. 0. 0. 1. 0. 1. 0.
 1. 0. 0. 0.]"
0,naive_bayes,{},0.49419674061900104,0.13408863665375076,0.05953865325630384,0.22699545016132694,0.5143300826264535,0.12836842513153657,0.4844867333303966,0.02238805970149249,0.5111940298507462,0.5111940298507462,"{0: 0.48936288705725106, 1: 0.48936288705725106}","{0: 0.48936288705725106, 1: 0.48936288705725106}",0.48936288705725106,"[[38 96]
 [35 99]]","[1. 1. 1. 0. 0. 1. 1. 1. 1. 1. 1. 1. 1. 1. 1. 1. 1. 1. 1. 1. 0. 1. 0. 1.
 0. 1. 1. 1. 0. 1. 1. 1. 0. 0. 1. 1. 1. 1. 0. 1. 1. 0. 1. 1. 0. 1. 1. 1.
 0. 1. 1. 1. 1. 1. 1. 0. 1. 1. 1. 0. 1. 1. 1. 0. 1. 0. 0. 1. 1. 1. 1. 1.
 1. 1. 0. 1. 0. 0. 1. 1. 0. 0. 1. 1. 1. 1. 1. 1. 1. 0. 1. 1. 0. 1. 0. 0.
 1. 0. 1. 1. 1. 1. 1. 1. 0. 1. 1. 1. 1. 1. 1. 0. 0. 1. 1. 1. 1. 0. 0. 1.
 1. 1. 1. 1. 1. 1. 1. 1. 0. 0. 1. 1. 1. 1. 1. 1. 1. 0. 1. 0. 1. 1. 0. 1.
 0. 1. 1. 0. 0. 1. 0. 0. 1. 1. 0. 1. 1. 0. 1. 1. 1. 1. 1. 1. 0. 1. 0. 1.
 1. 0. 1. 1. 1. 0. 1. 1. 1. 1. 1. 0. 0. 1. 1. 1. 1. 1. 0. 1. 1. 1. 1. 1.
 1. 1. 1. 1. 1. 1. 1. 0. 1. 0. 1. 1. 1. 1. 1. 1. 0. 1. 0. 1. 1. 1. 0. 1.
 0. 0. 1. 1. 0. 1. 1. 1. 0. 1. 1. 1. 1. 1. 0. 1. 1. 0. 0. 1. 0. 1. 0. 1.
 1. 1. 1. 1. 0. 1. 1. 1. 1. 1. 1. 1. 1. 0. 0. 1. 1. 0. 1. 1. 0. 1. 1. 1.
 0. 0. 1. 0.]","[0. 1. 0. 0. 0. 1. 1. 1. 0. 0. 0. 0. 0. 1. 0. 0. 1. 1. 0. 0. 0. 0. 0. 1.
 0. 0. 1. 0. 1. 0. 0. 1. 0. 1. 1. 0. 0. 0. 1. 0. 0. 0. 1. 1. 1. 0. 1. 0.
 1. 0. 1. 1. 0. 1. 1. 1. 1. 0. 1. 0. 0. 1. 1. 1. 0. 0. 0. 1. 1. 0. 1. 1.
 0. 0. 1. 0. 0. 1. 0. 1. 0. 1. 1. 1. 0. 1. 0. 1. 1. 1. 1. 1. 1. 1. 1. 0.
 0. 0. 1. 1. 1. 0. 0. 1. 1. 1. 0. 0. 0. 1. 1. 1. 0. 0. 0. 0. 1. 1. 1. 0.
 1. 0. 0. 1. 1. 0. 0. 0. 0. 1. 0. 0. 1. 1. 0. 1. 1. 1. 0. 1. 1. 0. 1. 0.
 1. 1. 0. 0. 0. 1. 1. 0. 1. 1. 0. 1. 0. 0. 0. 1. 1. 1. 0. 1. 0. 1. 1. 0.
 1. 0. 0. 1. 1. 0. 0. 1. 0. 1. 1. 0. 0. 1. 0. 0. 1. 1. 0. 1. 1. 0. 0. 0.
 0. 1. 1. 0. 0. 1. 0. 0. 1. 0. 1. 1. 1. 0. 0. 0. 1. 1. 0. 0. 0. 0. 1. 0.
 0. 1. 0. 1. 1. 1. 1. 0. 0. 0. 0. 1. 1. 1. 1. 0. 1. 1. 1. 1. 0. 1. 0. 0.
 1. 0. 0. 1. 1. 1. 1. 1. 0. 0. 1. 1. 1. 0. 0. 1. 0. 1. 0. 0. 1. 0. 1. 0.
 1. 0. 0. 0.]"
9,naive_bayes,{},0.49419674061900104,0.13408863665375076,0.05953865325630384,0.22699545016132694,0.5143300826264535,0.12836842513153657,0.4844867333303966,0.02238805970149249,0.5111940298507462,0.5111940298507462,"{0: 0.48936288705725106, 1: 0.48936288705725106}","{0: 0.48936288705725106, 1: 0.48936288705725106}",0.48936288705725106,"[[38 96]
 [35 99]]","[1. 1. 1. 0. 0. 1. 1. 1. 1. 1. 1. 1. 1. 1. 1. 1. 1. 1. 1. 1. 0. 1. 0. 1.
 0. 1. 1. 1. 0. 1. 1. 1. 0. 0. 1. 1. 1. 1. 0. 1. 1. 0. 1. 1. 0. 1. 1. 1.
 0. 1. 1. 1. 1. 1. 1. 0. 1. 1. 1. 0. 1. 1. 1. 0. 1. 0. 0. 1. 1. 1. 1. 1.
 1. 1. 0. 1. 0. 0. 1. 1. 0. 0. 1. 1. 1. 1. 1. 1. 1. 0. 1. 1. 0. 1. 0. 0.
 1. 0. 1. 1. 1. 1. 1. 1. 0. 1. 1. 1. 1. 1. 1. 0. 0. 1. 1. 1. 1. 0. 0. 1.
 1. 1. 1. 1. 1. 1. 1. 1. 0. 0. 1. 1. 1. 1. 1. 1. 1. 0. 1. 0. 1. 1. 0. 1.
 0. 1. 1. 0. 0. 1. 0. 0. 1. 1. 0. 1. 1. 0. 1. 1. 1. 1. 1. 1. 0. 1. 0. 1.
 1. 0. 1. 1. 1. 0. 1. 1. 1. 1. 1. 0. 0. 1. 1. 1. 1. 1. 0. 1. 1. 1. 1. 1.
 1. 1. 1. 1. 1. 1. 1. 0. 1. 0. 1. 1. 1. 1. 1. 1. 0. 1. 0. 1. 1. 1. 0. 1.
 0. 0. 1. 1. 0. 1. 1. 1. 0. 1. 1. 1. 1. 1. 0. 1. 1. 0. 0. 1. 0. 1. 0. 1.
 1. 1. 1. 1. 0. 1. 1. 1. 1. 1. 1. 1. 1. 0. 0. 1. 1. 0. 1. 1. 0. 1. 1. 1.
 0. 0. 1. 0.]","[0. 1. 0. 0. 0. 1. 1. 1. 0. 0. 0. 0. 0. 1. 0. 0. 1. 1. 0. 0. 0. 0. 0. 1.
 0. 0. 1. 0. 1. 0. 0. 1. 0. 1. 1. 0. 0. 0. 1. 0. 0. 0. 1. 1. 1. 0. 1. 0.
 1. 0. 1. 1. 0. 1. 1. 1. 1. 0. 1. 0. 0. 1. 1. 1. 0. 0. 0. 1. 1. 0. 1. 1.
 0. 0. 1. 0. 0. 1. 0. 1. 0. 1. 1. 1. 0. 1. 0. 1. 1. 1. 1. 1. 1. 1. 1. 0.
 0. 0. 1. 1. 1. 0. 0. 1. 1. 1. 0. 0. 0. 1. 1. 1. 0. 0. 0. 0. 1. 1. 1. 0.
 1. 0. 0. 1. 1. 0. 0. 0. 0. 1. 0. 0. 1. 1. 0. 1. 1. 1. 0. 1. 1. 0. 1. 0.
 1. 1. 0. 0. 0. 1. 1. 0. 1. 1. 0. 1. 0. 0. 0. 1. 1. 1. 0. 1. 0. 1. 1. 0.
 1. 0. 0. 1. 1. 0. 0. 1. 0. 1. 1. 0. 0. 1. 0. 0. 1. 1. 0. 1. 1. 0. 0. 0.
 0. 1. 1. 0. 0. 1. 0. 0. 1. 0. 1. 1. 1. 0. 0. 0. 1. 1. 0. 0. 0. 0. 1. 0.
 0. 1. 0. 1. 1. 1. 1. 0. 0. 0. 0. 1. 1. 1. 1. 0. 1. 1. 1. 1. 0. 1. 0. 0.
 1. 0. 0. 1. 1. 1. 1. 1. 0. 0. 1. 1. 1. 0. 0. 1. 0. 1. 0. 0. 1. 0. 1. 0.
 1. 0. 0. 0.]"
992,naive_bayes,{},0.49419674061900104,0.13408863665375076,0.05953865325630384,0.22699545016132694,0.5143300826264535,0.12836842513153657,0.4844867333303966,0.02238805970149249,0.5111940298507462,0.5111940298507462,"{0: 0.48936288705725106, 1: 0.48936288705725106}","{0: 0.48936288705725106, 1: 0.48936288705725106}",0.48936288705725106,"[[38 96]
 [35 99]]","[1. 1. 1. 0. 0. 1. 1. 1. 1. 1. 1. 1. 1. 1. 1. 1. 1. 1. 1. 1. 0. 1. 0. 1.
 0. 1. 1. 1. 0. 1. 1. 1. 0. 0. 1. 1. 1. 1. 0. 1. 1. 0. 1. 1. 0. 1. 1. 1.
 0. 1. 1. 1. 1. 1. 1. 0. 1. 1. 1. 0. 1. 1. 1. 0. 1. 0. 0. 1. 1. 1. 1. 1.
 1. 1. 0. 1. 0. 0. 1. 1. 0. 0. 1. 1. 1. 1. 1. 1. 1. 0. 1. 1. 0. 1. 0. 0.
 1. 0. 1. 1. 1. 1. 1. 1. 0. 1. 1. 1. 1. 1. 1. 0. 0. 1. 1. 1. 1. 0. 0. 1.
 1. 1. 1. 1. 1. 1. 1. 1. 0. 0. 1. 1. 1. 1. 1. 1. 1. 0. 1. 0. 1. 1. 0. 1.
 0. 1. 1. 0. 0. 1. 0. 0. 1. 1. 0. 1. 1. 0. 1. 1. 1. 1. 1. 1. 0. 1. 0. 1.
 1. 0. 1. 1. 1. 0. 1. 1. 1. 1. 1. 0. 0. 1. 1. 1. 1. 1. 0. 1. 1. 1. 1. 1.
 1. 1. 1. 1. 1. 1. 1. 0. 1. 0. 1. 1. 1. 1. 1. 1. 0. 1. 0. 1. 1. 1. 0. 1.
 0. 0. 1. 1. 0. 1. 1. 1. 0. 1. 1. 1. 1. 1. 0. 1. 1. 0. 0. 1. 0. 1. 0. 1.
 1. 1. 1. 1. 0. 1. 1. 1. 1. 1. 1. 1. 1. 0. 0. 1. 1. 0. 1. 1. 0. 1. 1. 1.
 0. 0. 1. 0.]","[0. 1. 0. 0. 0. 1. 1. 1. 0. 0. 0. 0. 0. 1. 0. 0. 1. 1. 0. 0. 0. 0. 0. 1.
 0. 0. 1. 0. 1. 0. 0. 1. 0. 1. 1. 0. 0. 0. 1. 0. 0. 0. 1. 1. 1. 0. 1. 0.
 1. 0. 1. 1. 0. 1. 1. 1. 1. 0. 1. 0. 0. 1. 1. 1. 0. 0. 0. 1. 1. 0. 1. 1.
 0. 0. 1. 0. 0. 1. 0. 1. 0. 1. 1. 1. 0. 1. 0. 1. 1. 1. 1. 1. 1. 1. 1. 0.
 0. 0. 1. 1. 1. 0. 0. 1. 1. 1. 0. 0. 0. 1. 1. 1. 0. 0. 0. 0. 1. 1. 1. 0.
 1. 0. 0. 1. 1. 0. 0. 0. 0. 1. 0. 0. 1. 1. 0. 1. 1. 1. 0. 1. 1. 0. 1. 0.
 1. 1. 0. 0. 0. 1. 1. 0. 1. 1. 0. 1. 0. 0. 0. 1. 1. 1. 0. 1. 0. 1. 1. 0.
 1. 0. 0. 1. 1. 0. 0. 1. 0. 1. 1. 0. 0. 1. 0. 0. 1. 1. 0. 1. 1. 0. 0. 0.
 0. 1. 1. 0. 0. 1. 0. 0. 1. 0. 1. 1. 1. 0. 0. 0. 1. 1. 0. 0. 0. 0. 1. 0.
 0. 1. 0. 1. 1. 1. 1. 0. 0. 0. 0. 1. 1. 1. 1. 0. 1. 1. 1. 1. 0. 1. 0. 0.
 1. 0. 0. 1. 1. 1. 1. 1. 0. 0. 1. 1. 1. 0. 0. 1. 0. 1. 0. 0. 1. 0. 1. 0.
 1. 0. 0. 0.]"
569,naive_bayes,{},0.49419674061900104,0.13408863665375076,0.05953865325630384,0.22699545016132694,0.5143300826264535,0.12836842513153657,0.4844867333303966,0.02238805970149249,0.5111940298507462,0.5111940298507462,"{0: 0.48936288705725106, 1: 0.48936288705725106}","{0: 0.48936288705725106, 1: 0.48936288705725106}",0.48936288705725106,"[[38 96]
 [35 99]]","[1. 1. 1. 0. 0. 1. 1. 1. 1. 1. 1. 1. 1. 1. 1. 1. 1. 1. 1. 1. 0. 1. 0. 1.
 0. 1. 1. 1. 0. 1. 1. 1. 0. 0. 1. 1. 1. 1. 0. 1. 1. 0. 1. 1. 0. 1. 1. 1.
 0. 1. 1. 1. 1. 1. 1. 0. 1. 1. 1. 0. 1. 1. 1. 0. 1. 0. 0. 1. 1. 1. 1. 1.
 1. 1. 0. 1. 0. 0. 1. 1. 0. 0. 1. 1. 1. 1. 1. 1. 1. 0. 1. 1. 0. 1. 0. 0.
 1. 0. 1. 1. 1. 1. 1. 1. 0. 1. 1. 1. 1. 1. 1. 0. 0. 1. 1. 1. 1. 0. 0. 1.
 1. 1. 1. 1. 1. 1. 1. 1. 0. 0. 1. 1. 1. 1. 1. 1. 1. 0. 1. 0. 1. 1. 0. 1.
 0. 1. 1. 0. 0. 1. 0. 0. 1. 1. 0. 1. 1. 0. 1. 1. 1. 1. 1. 1. 0. 1. 0. 1.
 1. 0. 1. 1. 1. 0. 1. 1. 1. 1. 1. 0. 0. 1. 1. 1. 1. 1. 0. 1. 1. 1. 1. 1.
 1. 1. 1. 1. 1. 1. 1. 0. 1. 0. 1. 1. 1. 1. 1. 1. 0. 1. 0. 1. 1. 1. 0. 1.
 0. 0. 1. 1. 0. 1. 1. 1. 0. 1. 1. 1. 1. 1. 0. 1. 1. 0. 0. 1. 0. 1. 0. 1.
 1. 1. 1. 1. 0. 1. 1. 1. 1. 1. 1. 1. 1. 0. 0. 1. 1. 0. 1. 1. 0. 1. 1. 1.
 0. 0. 1. 0.]","[0. 1. 0. 0. 0. 1. 1. 1. 0. 0. 0. 0. 0. 1. 0. 0. 1. 1. 0. 0. 0. 0. 0. 1.
 0. 0. 1. 0. 1. 0. 0. 1. 0. 1. 1. 0. 0. 0. 1. 0. 0. 0. 1. 1. 1. 0. 1. 0.
 1. 0. 1. 1. 0. 1. 1. 1. 1. 0. 1. 0. 0. 1. 1. 1. 0. 0. 0. 1. 1. 0. 1. 1.
 0. 0. 1. 0. 0. 1. 0. 1. 0. 1. 1. 1. 0. 1. 0. 1. 1. 1. 1. 1. 1. 1. 1. 0.
 0. 0. 1. 1. 1. 0. 0. 1. 1. 1. 0. 0. 0. 1. 1. 1. 0. 0. 0. 0. 1. 1. 1. 0.
 1. 0. 0. 1. 1. 0. 0. 0. 0. 1. 0. 0. 1. 1. 0. 1. 1. 1. 0. 1. 1. 0. 1. 0.
 1. 1. 0. 0. 0. 1. 1. 0. 1. 1. 0. 1. 0. 0. 0. 1. 1. 1. 0. 1. 0. 1. 1. 0.
 1. 0. 0. 1. 1. 0. 0. 1. 0. 1. 1. 0. 0. 1. 0. 0. 1. 1. 0. 1. 1. 0. 0. 0.
 0. 1. 1. 0. 0. 1. 0. 0. 1. 0. 1. 1. 1. 0. 0. 0. 1. 1. 0. 0. 0. 0. 1. 0.
 0. 1. 0. 1. 1. 1. 1. 0. 0. 0. 0. 1. 1. 1. 1. 0. 1. 1. 1. 1. 0. 1. 0. 0.
 1. 0. 0. 1. 1. 1. 1. 1. 0. 0. 1. 1. 1. 0. 0. 1. 0. 1. 0. 0. 1. 0. 1. 0.
 1. 0. 0. 0.]"
284,naive_bayes,{},0.49419674061900104,0.13408863665375076,0.05953865325630384,0.22699545016132694,0.5143300826264535,0.12836842513153657,0.4844867333303966,0.02238805970149249,0.5111940298507462,0.5111940298507462,"{0: 0.48936288705725106, 1: 0.48936288705725106}","{0: 0.48936288705725106, 1: 0.48936288705725106}",0.48936288705725106,"[[38 96]
 [35 99]]","[1. 1. 1. 0. 0. 1. 1. 1. 1. 1. 1. 1. 1. 1. 1. 1. 1. 1. 1. 1. 0. 1. 0. 1.
 0. 1. 1. 1. 0. 1. 1. 1. 0. 0. 1. 1. 1. 1. 0. 1. 1. 0. 1. 1. 0. 1. 1. 1.
 0. 1. 1. 1. 1. 1. 1. 0. 1. 1. 1. 0. 1. 1. 1. 0. 1. 0. 0. 1. 1. 1. 1. 1.
 1. 1. 0. 1. 0. 0. 1. 1. 0. 0. 1. 1. 1. 1. 1. 1. 1. 0. 1. 1. 0. 1. 0. 0.
 1. 0. 1. 1. 1. 1. 1. 1. 0. 1. 1. 1. 1. 1. 1. 0. 0. 1. 1. 1. 1. 0. 0. 1.
 1. 1. 1. 1. 1. 1. 1. 1. 0. 0. 1. 1. 1. 1. 1. 1. 1. 0. 1. 0. 1. 1. 0. 1.
 0. 1. 1. 0. 0. 1. 0. 0. 1. 1. 0. 1. 1. 0. 1. 1. 1. 1. 1. 1. 0. 1. 0. 1.
 1. 0. 1. 1. 1. 0. 1. 1. 1. 1. 1. 0. 0. 1. 1. 1. 1. 1. 0. 1. 1. 1. 1. 1.
 1. 1. 1. 1. 1. 1. 1. 0. 1. 0. 1. 1. 1. 1. 1. 1. 0. 1. 0. 1. 1. 1. 0. 1.
 0. 0. 1. 1. 0. 1. 1. 1. 0. 1. 1. 1. 1. 1. 0. 1. 1. 0. 0. 1. 0. 1. 0. 1.
 1. 1. 1. 1. 0. 1. 1. 1. 1. 1. 1. 1. 1. 0. 0. 1. 1. 0. 1. 1. 0. 1. 1. 1.
 0. 0. 1. 0.]","[0. 1. 0. 0. 0. 1. 1. 1. 0. 0. 0. 0. 0. 1. 0. 0. 1. 1. 0. 0. 0. 0. 0. 1.
 0. 0. 1. 0. 1. 0. 0. 1. 0. 1. 1. 0. 0. 0. 1. 0. 0. 0. 1. 1. 1. 0. 1. 0.
 1. 0. 1. 1. 0. 1. 1. 1. 1. 0. 1. 0. 0. 1. 1. 1. 0. 0. 0. 1. 1. 0. 1. 1.
 0. 0. 1. 0. 0. 1. 0. 1. 0. 1. 1. 1. 0. 1. 0. 1. 1. 1. 1. 1. 1. 1. 1. 0.
 0. 0. 1. 1. 1. 0. 0. 1. 1. 1. 0. 0. 0. 1. 1. 1. 0. 0. 0. 0. 1. 1. 1. 0.
 1. 0. 0. 1. 1. 0. 0. 0. 0. 1. 0. 0. 1. 1. 0. 1. 1. 1. 0. 1. 1. 0. 1. 0.
 1. 1. 0. 0. 0. 1. 1. 0. 1. 1. 0. 1. 0. 0. 0. 1. 1. 1. 0. 1. 0. 1. 1. 0.
 1. 0. 0. 1. 1. 0. 0. 1. 0. 1. 1. 0. 0. 1. 0. 0. 1. 1. 0. 1. 1. 0. 0. 0.
 0. 1. 1. 0. 0. 1. 0. 0. 1. 0. 1. 1. 1. 0. 0. 0. 1. 1. 0. 0. 0. 0. 1. 0.
 0. 1. 0. 1. 1. 1. 1. 0. 0. 0. 0. 1. 1. 1. 1. 0. 1. 1. 1. 1. 0. 1. 0. 0.
 1. 0. 0. 1. 1. 1. 1. 1. 0. 0. 1. 1. 1. 0. 0. 1. 0. 1. 0. 0. 1. 0. 1. 0.
 1. 0. 0. 0.]"
372,naive_bayes,{},0.49419674061900104,0.13408863665375076,0.05953865325630384,0.22699545016132694,0.5143300826264535,0.12836842513153657,0.4844867333303966,0.02238805970149249,0.5111940298507462,0.5111940298507462,"{0: 0.48936288705725106, 1: 0.48936288705725106}","{0: 0.48936288705725106, 1: 0.48936288705725106}",0.48936288705725106,"[[38 96]
 [35 99]]","[1. 1. 1. 0. 0. 1. 1. 1. 1. 1. 1. 1. 1. 1. 1. 1. 1. 1. 1. 1. 0. 1. 0. 1.
 0. 1. 1. 1. 0. 1. 1. 1. 0. 0. 1. 1. 1. 1. 0. 1. 1. 0. 1. 1. 0. 1. 1. 1.
 0. 1. 1. 1. 1. 1. 1. 0. 1. 1. 1. 0. 1. 1. 1. 0. 1. 0. 0. 1. 1. 1. 1. 1.
 1. 1. 0. 1. 0. 0. 1. 1. 0. 0. 1. 1. 1. 1. 1. 1. 1. 0. 1. 1. 0. 1. 0. 0.
 1. 0. 1. 1. 1. 1. 1. 1. 0. 1. 1. 1. 1. 1. 1. 0. 0. 1. 1. 1. 1. 0. 0. 1.
 1. 1. 1. 1. 1. 1. 1. 1. 0. 0. 1. 1. 1. 1. 1. 1. 1. 0. 1. 0. 1. 1. 0. 1.
 0. 1. 1. 0. 0. 1. 0. 0. 1. 1. 0. 1. 1. 0. 1. 1. 1. 1. 1. 1. 0. 1. 0. 1.
 1. 0. 1. 1. 1. 0. 1. 1. 1. 1. 1. 0. 0. 1. 1. 1. 1. 1. 0. 1. 1. 1. 1. 1.
 1. 1. 1. 1. 1. 1. 1. 0. 1. 0. 1. 1. 1. 1. 1. 1. 0. 1. 0. 1. 1. 1. 0. 1.
 0. 0. 1. 1. 0. 1. 1. 1. 0. 1. 1. 1. 1. 1. 0. 1. 1. 0. 0. 1. 0. 1. 0. 1.
 1. 1. 1. 1. 0. 1. 1. 1. 1. 1. 1. 1. 1. 0. 0. 1. 1. 0. 1. 1. 0. 1. 1. 1.
 0. 0. 1. 0.]","[0. 1. 0. 0. 0. 1. 1. 1. 0. 0. 0. 0. 0. 1. 0. 0. 1. 1. 0. 0. 0. 0. 0. 1.
 0. 0. 1. 0. 1. 0. 0. 1. 0. 1. 1. 0. 0. 0. 1. 0. 0. 0. 1. 1. 1. 0. 1. 0.
 1. 0. 1. 1. 0. 1. 1. 1. 1. 0. 1. 0. 0. 1. 1. 1. 0. 0. 0. 1. 1. 0. 1. 1.
 0. 0. 1. 0. 0. 1. 0. 1. 0. 1. 1. 1. 0. 1. 0. 1. 1. 1. 1. 1. 1. 1. 1. 0.
 0. 0. 1. 1. 1. 0. 0. 1. 1. 1. 0. 0. 0. 1. 1. 1. 0. 0. 0. 0. 1. 1. 1. 0.
 1. 0. 0. 1. 1. 0. 0. 0. 0. 1. 0. 0. 1. 1. 0. 1. 1. 1. 0. 1. 1. 0. 1. 0.
 1. 1. 0. 0. 0. 1. 1. 0. 1. 1. 0. 1. 0. 0. 0. 1. 1. 1. 0. 1. 0. 1. 1. 0.
 1. 0. 0. 1. 1. 0. 0. 1. 0. 1. 1. 0. 0. 1. 0. 0. 1. 1. 0. 1. 1. 0. 0. 0.
 0. 1. 1. 0. 0. 1. 0. 0. 1. 0. 1. 1. 1. 0. 0. 0. 1. 1. 0. 0. 0. 0. 1. 0.
 0. 1. 0. 1. 1. 1. 1. 0. 0. 0. 0. 1. 1. 1. 1. 0. 1. 1. 1. 1. 0. 1. 0. 0.
 1. 0. 0. 1. 1. 1. 1. 1. 0. 0. 1. 1. 1. 0. 0. 1. 0. 1. 0. 0. 1. 0. 1. 0.
 1. 0. 0. 0.]"
272,naive_bayes,{},0.49419674061900104,0.13408863665375076,0.05953865325630384,0.22699545016132694,0.5143300826264535,0.12836842513153657,0.4844867333303966,0.02238805970149249,0.5111940298507462,0.5111940298507462,"{0: 0.48936288705725106, 1: 0.48936288705725106}","{0: 0.48936288705725106, 1: 0.48936288705725106}",0.48936288705725106,"[[38 96]
 [35 99]]","[1. 1. 1. 0. 0. 1. 1. 1. 1. 1. 1. 1. 1. 1. 1. 1. 1. 1. 1. 1. 0. 1. 0. 1.
 0. 1. 1. 1. 0. 1. 1. 1. 0. 0. 1. 1. 1. 1. 0. 1. 1. 0. 1. 1. 0. 1. 1. 1.
 0. 1. 1. 1. 1. 1. 1. 0. 1. 1. 1. 0. 1. 1. 1. 0. 1. 0. 0. 1. 1. 1. 1. 1.
 1. 1. 0. 1. 0. 0. 1. 1. 0. 0. 1. 1. 1. 1. 1. 1. 1. 0. 1. 1. 0. 1. 0. 0.
 1. 0. 1. 1. 1. 1. 1. 1. 0. 1. 1. 1. 1. 1. 1. 0. 0. 1. 1. 1. 1. 0. 0. 1.
 1. 1. 1. 1. 1. 1. 1. 1. 0. 0. 1. 1. 1. 1. 1. 1. 1. 0. 1. 0. 1. 1. 0. 1.
 0. 1. 1. 0. 0. 1. 0. 0. 1. 1. 0. 1. 1. 0. 1. 1. 1. 1. 1. 1. 0. 1. 0. 1.
 1. 0. 1. 1. 1. 0. 1. 1. 1. 1. 1. 0. 0. 1. 1. 1. 1. 1. 0. 1. 1. 1. 1. 1.
 1. 1. 1. 1. 1. 1. 1. 0. 1. 0. 1. 1. 1. 1. 1. 1. 0. 1. 0. 1. 1. 1. 0. 1.
 0. 0. 1. 1. 0. 1. 1. 1. 0. 1. 1. 1. 1. 1. 0. 1. 1. 0. 0. 1. 0. 1. 0. 1.
 1. 1. 1. 1. 0. 1. 1. 1. 1. 1. 1. 1. 1. 0. 0. 1. 1. 0. 1. 1. 0. 1. 1. 1.
 0. 0. 1. 0.]","[0. 1. 0. 0. 0. 1. 1. 1. 0. 0. 0. 0. 0. 1. 0. 0. 1. 1. 0. 0. 0. 0. 0. 1.
 0. 0. 1. 0. 1. 0. 0. 1. 0. 1. 1. 0. 0. 0. 1. 0. 0. 0. 1. 1. 1. 0. 1. 0.
 1. 0. 1. 1. 0. 1. 1. 1. 1. 0. 1. 0. 0. 1. 1. 1. 0. 0. 0. 1. 1. 0. 1. 1.
 0. 0. 1. 0. 0. 1. 0. 1. 0. 1. 1. 1. 0. 1. 0. 1. 1. 1. 1. 1. 1. 1. 1. 0.
 0. 0. 1. 1. 1. 0. 0. 1. 1. 1. 0. 0. 0. 1. 1. 1. 0. 0. 0. 0. 1. 1. 1. 0.
 1. 0. 0. 1. 1. 0. 0. 0. 0. 1. 0. 0. 1. 1. 0. 1. 1. 1. 0. 1. 1. 0. 1. 0.
 1. 1. 0. 0. 0. 1. 1. 0. 1. 1. 0. 1. 0. 0. 0. 1. 1. 1. 0. 1. 0. 1. 1. 0.
 1. 0. 0. 1. 1. 0. 0. 1. 0. 1. 1. 0. 0. 1. 0. 0. 1. 1. 0. 1. 1. 0. 0. 0.
 0. 1. 1. 0. 0. 1. 0. 0. 1. 0. 1. 1. 1. 0. 0. 0. 1. 1. 0. 0. 0. 0. 1. 0.
 0. 1. 0. 1. 1. 1. 1. 0. 0. 0. 0. 1. 1. 1. 1. 0. 1. 1. 1. 1. 0. 1. 0. 0.
 1. 0. 0. 1. 1. 1. 1. 1. 0. 0. 1. 1. 1. 0. 0. 1. 0. 1. 0. 0. 1. 0. 1. 0.
 1. 0. 0. 0.]"
607,naive_bayes,{},0.49419674061900104,0.13408863665375076,0.05953865325630384,0.22699545016132694,0.5143300826264535,0.12836842513153657,0.4844867333303966,0.02238805970149249,0.5111940298507462,0.5111940298507462,"{0: 0.48936288705725106, 1: 0.48936288705725106}","{0: 0.48936288705725106, 1: 0.48936288705725106}",0.48936288705725106,"[[38 96]
 [35 99]]","[1. 1. 1. 0. 0. 1. 1. 1. 1. 1. 1. 1. 1. 1. 1. 1. 1. 1. 1. 1. 0. 1. 0. 1.
 0. 1. 1. 1. 0. 1. 1. 1. 0. 0. 1. 1. 1. 1. 0. 1. 1. 0. 1. 1. 0. 1. 1. 1.
 0. 1. 1. 1. 1. 1. 1. 0. 1. 1. 1. 0. 1. 1. 1. 0. 1. 0. 0. 1. 1. 1. 1. 1.
 1. 1. 0. 1. 0. 0. 1. 1. 0. 0. 1. 1. 1. 1. 1. 1. 1. 0. 1. 1. 0. 1. 0. 0.
 1. 0. 1. 1. 1. 1. 1. 1. 0. 1. 1. 1. 1. 1. 1. 0. 0. 1. 1. 1. 1. 0. 0. 1.
 1. 1. 1. 1. 1. 1. 1. 1. 0. 0. 1. 1. 1. 1. 1. 1. 1. 0. 1. 0. 1. 1. 0. 1.
 0. 1. 1. 0. 0. 1. 0. 0. 1. 1. 0. 1. 1. 0. 1. 1. 1. 1. 1. 1. 0. 1. 0. 1.
 1. 0. 1. 1. 1. 0. 1. 1. 1. 1. 1. 0. 0. 1. 1. 1. 1. 1. 0. 1. 1. 1. 1. 1.
 1. 1. 1. 1. 1. 1. 1. 0. 1. 0. 1. 1. 1. 1. 1. 1. 0. 1. 0. 1. 1. 1. 0. 1.
 0. 0. 1. 1. 0. 1. 1. 1. 0. 1. 1. 1. 1. 1. 0. 1. 1. 0. 0. 1. 0. 1. 0. 1.
 1. 1. 1. 1. 0. 1. 1. 1. 1. 1. 1. 1. 1. 0. 0. 1. 1. 0. 1. 1. 0. 1. 1. 1.
 0. 0. 1. 0.]","[0. 1. 0. 0. 0. 1. 1. 1. 0. 0. 0. 0. 0. 1. 0. 0. 1. 1. 0. 0. 0. 0. 0. 1.
 0. 0. 1. 0. 1. 0. 0. 1. 0. 1. 1. 0. 0. 0. 1. 0. 0. 0. 1. 1. 1. 0. 1. 0.
 1. 0. 1. 1. 0. 1. 1. 1. 1. 0. 1. 0. 0. 1. 1. 1. 0. 0. 0. 1. 1. 0. 1. 1.
 0. 0. 1. 0. 0. 1. 0. 1. 0. 1. 1. 1. 0. 1. 0. 1. 1. 1. 1. 1. 1. 1. 1. 0.
 0. 0. 1. 1. 1. 0. 0. 1. 1. 1. 0. 0. 0. 1. 1. 1. 0. 0. 0. 0. 1. 1. 1. 0.
 1. 0. 0. 1. 1. 0. 0. 0. 0. 1. 0. 0. 1. 1. 0. 1. 1. 1. 0. 1. 1. 0. 1. 0.
 1. 1. 0. 0. 0. 1. 1. 0. 1. 1. 0. 1. 0. 0. 0. 1. 1. 1. 0. 1. 0. 1. 1. 0.
 1. 0. 0. 1. 1. 0. 0. 1. 0. 1. 1. 0. 0. 1. 0. 0. 1. 1. 0. 1. 1. 0. 0. 0.
 0. 1. 1. 0. 0. 1. 0. 0. 1. 0. 1. 1. 1. 0. 0. 0. 1. 1. 0. 0. 0. 0. 1. 0.
 0. 1. 0. 1. 1. 1. 1. 0. 0. 0. 0. 1. 1. 1. 1. 0. 1. 1. 1. 1. 0. 1. 0. 0.
 1. 0. 0. 1. 1. 1. 1. 1. 0. 0. 1. 1. 1. 0. 0. 1. 0. 1. 0. 0. 1. 0. 1. 0.
 1. 0. 0. 0.]"
618,naive_bayes,{},0.49419674061900104,0.13408863665375076,0.05953865325630384,0.22699545016132694,0.5143300826264535,0.12836842513153657,0.4844867333303966,0.02238805970149249,0.5111940298507462,0.5111940298507462,"{0: 0.48936288705725106, 1: 0.48936288705725106}","{0: 0.48936288705725106, 1: 0.48936288705725106}",0.48936288705725106,"[[38 96]
 [35 99]]","[1. 1. 1. 0. 0. 1. 1. 1. 1. 1. 1. 1. 1. 1. 1. 1. 1. 1. 1. 1. 0. 1. 0. 1.
 0. 1. 1. 1. 0. 1. 1. 1. 0. 0. 1. 1. 1. 1. 0. 1. 1. 0. 1. 1. 0. 1. 1. 1.
 0. 1. 1. 1. 1. 1. 1. 0. 1. 1. 1. 0. 1. 1. 1. 0. 1. 0. 0. 1. 1. 1. 1. 1.
 1. 1. 0. 1. 0. 0. 1. 1. 0. 0. 1. 1. 1. 1. 1. 1. 1. 0. 1. 1. 0. 1. 0. 0.
 1. 0. 1. 1. 1. 1. 1. 1. 0. 1. 1. 1. 1. 1. 1. 0. 0. 1. 1. 1. 1. 0. 0. 1.
 1. 1. 1. 1. 1. 1. 1. 1. 0. 0. 1. 1. 1. 1. 1. 1. 1. 0. 1. 0. 1. 1. 0. 1.
 0. 1. 1. 0. 0. 1. 0. 0. 1. 1. 0. 1. 1. 0. 1. 1. 1. 1. 1. 1. 0. 1. 0. 1.
 1. 0. 1. 1. 1. 0. 1. 1. 1. 1. 1. 0. 0. 1. 1. 1. 1. 1. 0. 1. 1. 1. 1. 1.
 1. 1. 1. 1. 1. 1. 1. 0. 1. 0. 1. 1. 1. 1. 1. 1. 0. 1. 0. 1. 1. 1. 0. 1.
 0. 0. 1. 1. 0. 1. 1. 1. 0. 1. 1. 1. 1. 1. 0. 1. 1. 0. 0. 1. 0. 1. 0. 1.
 1. 1. 1. 1. 0. 1. 1. 1. 1. 1. 1. 1. 1. 0. 0. 1. 1. 0. 1. 1. 0. 1. 1. 1.
 0. 0. 1. 0.]","[0. 1. 0. 0. 0. 1. 1. 1. 0. 0. 0. 0. 0. 1. 0. 0. 1. 1. 0. 0. 0. 0. 0. 1.
 0. 0. 1. 0. 1. 0. 0. 1. 0. 1. 1. 0. 0. 0. 1. 0. 0. 0. 1. 1. 1. 0. 1. 0.
 1. 0. 1. 1. 0. 1. 1. 1. 1. 0. 1. 0. 0. 1. 1. 1. 0. 0. 0. 1. 1. 0. 1. 1.
 0. 0. 1. 0. 0. 1. 0. 1. 0. 1. 1. 1. 0. 1. 0. 1. 1. 1. 1. 1. 1. 1. 1. 0.
 0. 0. 1. 1. 1. 0. 0. 1. 1. 1. 0. 0. 0. 1. 1. 1. 0. 0. 0. 0. 1. 1. 1. 0.
 1. 0. 0. 1. 1. 0. 0. 0. 0. 1. 0. 0. 1. 1. 0. 1. 1. 1. 0. 1. 1. 0. 1. 0.
 1. 1. 0. 0. 0. 1. 1. 0. 1. 1. 0. 1. 0. 0. 0. 1. 1. 1. 0. 1. 0. 1. 1. 0.
 1. 0. 0. 1. 1. 0. 0. 1. 0. 1. 1. 0. 0. 1. 0. 0. 1. 1. 0. 1. 1. 0. 0. 0.
 0. 1. 1. 0. 0. 1. 0. 0. 1. 0. 1. 1. 1. 0. 0. 0. 1. 1. 0. 0. 0. 0. 1. 0.
 0. 1. 0. 1. 1. 1. 1. 0. 0. 0. 0. 1. 1. 1. 1. 0. 1. 1. 1. 1. 0. 1. 0. 0.
 1. 0. 0. 1. 1. 1. 1. 1. 0. 0. 1. 1. 1. 0. 0. 1. 0. 1. 0. 0. 1. 0. 1. 0.
 1. 0. 0. 0.]"
823,naive_bayes,{},0.49419674061900104,0.13408863665375076,0.05953865325630384,0.22699545016132694,0.5143300826264535,0.12836842513153657,0.4844867333303966,0.02238805970149249,0.5111940298507462,0.5111940298507462,"{0: 0.48936288705725106, 1: 0.48936288705725106}","{0: 0.48936288705725106, 1: 0.48936288705725106}",0.48936288705725106,"[[38 96]
 [35 99]]","[1. 1. 1. 0. 0. 1. 1. 1. 1. 1. 1. 1. 1. 1. 1. 1. 1. 1. 1. 1. 0. 1. 0. 1.
 0. 1. 1. 1. 0. 1. 1. 1. 0. 0. 1. 1. 1. 1. 0. 1. 1. 0. 1. 1. 0. 1. 1. 1.
 0. 1. 1. 1. 1. 1. 1. 0. 1. 1. 1. 0. 1. 1. 1. 0. 1. 0. 0. 1. 1. 1. 1. 1.
 1. 1. 0. 1. 0. 0. 1. 1. 0. 0. 1. 1. 1. 1. 1. 1. 1. 0. 1. 1. 0. 1. 0. 0.
 1. 0. 1. 1. 1. 1. 1. 1. 0. 1. 1. 1. 1. 1. 1. 0. 0. 1. 1. 1. 1. 0. 0. 1.
 1. 1. 1. 1. 1. 1. 1. 1. 0. 0. 1. 1. 1. 1. 1. 1. 1. 0. 1. 0. 1. 1. 0. 1.
 0. 1. 1. 0. 0. 1. 0. 0. 1. 1. 0. 1. 1. 0. 1. 1. 1. 1. 1. 1. 0. 1. 0. 1.
 1. 0. 1. 1. 1. 0. 1. 1. 1. 1. 1. 0. 0. 1. 1. 1. 1. 1. 0. 1. 1. 1. 1. 1.
 1. 1. 1. 1. 1. 1. 1. 0. 1. 0. 1. 1. 1. 1. 1. 1. 0. 1. 0. 1. 1. 1. 0. 1.
 0. 0. 1. 1. 0. 1. 1. 1. 0. 1. 1. 1. 1. 1. 0. 1. 1. 0. 0. 1. 0. 1. 0. 1.
 1. 1. 1. 1. 0. 1. 1. 1. 1. 1. 1. 1. 1. 0. 0. 1. 1. 0. 1. 1. 0. 1. 1. 1.
 0. 0. 1. 0.]","[0. 1. 0. 0. 0. 1. 1. 1. 0. 0. 0. 0. 0. 1. 0. 0. 1. 1. 0. 0. 0. 0. 0. 1.
 0. 0. 1. 0. 1. 0. 0. 1. 0. 1. 1. 0. 0. 0. 1. 0. 0. 0. 1. 1. 1. 0. 1. 0.
 1. 0. 1. 1. 0. 1. 1. 1. 1. 0. 1. 0. 0. 1. 1. 1. 0. 0. 0. 1. 1. 0. 1. 1.
 0. 0. 1. 0. 0. 1. 0. 1. 0. 1. 1. 1. 0. 1. 0. 1. 1. 1. 1. 1. 1. 1. 1. 0.
 0. 0. 1. 1. 1. 0. 0. 1. 1. 1. 0. 0. 0. 1. 1. 1. 0. 0. 0. 0. 1. 1. 1. 0.
 1. 0. 0. 1. 1. 0. 0. 0. 0. 1. 0. 0. 1. 1. 0. 1. 1. 1. 0. 1. 1. 0. 1. 0.
 1. 1. 0. 0. 0. 1. 1. 0. 1. 1. 0. 1. 0. 0. 0. 1. 1. 1. 0. 1. 0. 1. 1. 0.
 1. 0. 0. 1. 1. 0. 0. 1. 0. 1. 1. 0. 0. 1. 0. 0. 1. 1. 0. 1. 1. 0. 0. 0.
 0. 1. 1. 0. 0. 1. 0. 0. 1. 0. 1. 1. 1. 0. 0. 0. 1. 1. 0. 0. 0. 0. 1. 0.
 0. 1. 0. 1. 1. 1. 1. 0. 0. 0. 0. 1. 1. 1. 1. 0. 1. 1. 1. 1. 0. 1. 0. 0.
 1. 0. 0. 1. 1. 1. 1. 1. 0. 0. 1. 1. 1. 0. 0. 1. 0. 1. 0. 0. 1. 0. 1. 0.
 1. 0. 0. 0.]"
248,naive_bayes,{},0.49419674061900104,0.13408863665375076,0.05953865325630384,0.22699545016132694,0.5143300826264535,0.12836842513153657,0.4844867333303966,0.02238805970149249,0.5111940298507462,0.5111940298507462,"{0: 0.48936288705725106, 1: 0.48936288705725106}","{0: 0.48936288705725106, 1: 0.48936288705725106}",0.48936288705725106,"[[38 96]
 [35 99]]","[1. 1. 1. 0. 0. 1. 1. 1. 1. 1. 1. 1. 1. 1. 1. 1. 1. 1. 1. 1. 0. 1. 0. 1.
 0. 1. 1. 1. 0. 1. 1. 1. 0. 0. 1. 1. 1. 1. 0. 1. 1. 0. 1. 1. 0. 1. 1. 1.
 0. 1. 1. 1. 1. 1. 1. 0. 1. 1. 1. 0. 1. 1. 1. 0. 1. 0. 0. 1. 1. 1. 1. 1.
 1. 1. 0. 1. 0. 0. 1. 1. 0. 0. 1. 1. 1. 1. 1. 1. 1. 0. 1. 1. 0. 1. 0. 0.
 1. 0. 1. 1. 1. 1. 1. 1. 0. 1. 1. 1. 1. 1. 1. 0. 0. 1. 1. 1. 1. 0. 0. 1.
 1. 1. 1. 1. 1. 1. 1. 1. 0. 0. 1. 1. 1. 1. 1. 1. 1. 0. 1. 0. 1. 1. 0. 1.
 0. 1. 1. 0. 0. 1. 0. 0. 1. 1. 0. 1. 1. 0. 1. 1. 1. 1. 1. 1. 0. 1. 0. 1.
 1. 0. 1. 1. 1. 0. 1. 1. 1. 1. 1. 0. 0. 1. 1. 1. 1. 1. 0. 1. 1. 1. 1. 1.
 1. 1. 1. 1. 1. 1. 1. 0. 1. 0. 1. 1. 1. 1. 1. 1. 0. 1. 0. 1. 1. 1. 0. 1.
 0. 0. 1. 1. 0. 1. 1. 1. 0. 1. 1. 1. 1. 1. 0. 1. 1. 0. 0. 1. 0. 1. 0. 1.
 1. 1. 1. 1. 0. 1. 1. 1. 1. 1. 1. 1. 1. 0. 0. 1. 1. 0. 1. 1. 0. 1. 1. 1.
 0. 0. 1. 0.]","[0. 1. 0. 0. 0. 1. 1. 1. 0. 0. 0. 0. 0. 1. 0. 0. 1. 1. 0. 0. 0. 0. 0. 1.
 0. 0. 1. 0. 1. 0. 0. 1. 0. 1. 1. 0. 0. 0. 1. 0. 0. 0. 1. 1. 1. 0. 1. 0.
 1. 0. 1. 1. 0. 1. 1. 1. 1. 0. 1. 0. 0. 1. 1. 1. 0. 0. 0. 1. 1. 0. 1. 1.
 0. 0. 1. 0. 0. 1. 0. 1. 0. 1. 1. 1. 0. 1. 0. 1. 1. 1. 1. 1. 1. 1. 1. 0.
 0. 0. 1. 1. 1. 0. 0. 1. 1. 1. 0. 0. 0. 1. 1. 1. 0. 0. 0. 0. 1. 1. 1. 0.
 1. 0. 0. 1. 1. 0. 0. 0. 0. 1. 0. 0. 1. 1. 0. 1. 1. 1. 0. 1. 1. 0. 1. 0.
 1. 1. 0. 0. 0. 1. 1. 0. 1. 1. 0. 1. 0. 0. 0. 1. 1. 1. 0. 1. 0. 1. 1. 0.
 1. 0. 0. 1. 1. 0. 0. 1. 0. 1. 1. 0. 0. 1. 0. 0. 1. 1. 0. 1. 1. 0. 0. 0.
 0. 1. 1. 0. 0. 1. 0. 0. 1. 0. 1. 1. 1. 0. 0. 0. 1. 1. 0. 0. 0. 0. 1. 0.
 0. 1. 0. 1. 1. 1. 1. 0. 0. 0. 0. 1. 1. 1. 1. 0. 1. 1. 1. 1. 0. 1. 0. 0.
 1. 0. 0. 1. 1. 1. 1. 1. 0. 0. 1. 1. 1. 0. 0. 1. 0. 1. 0. 0. 1. 0. 1. 0.
 1. 0. 0. 0.]"
633,naive_bayes,{},0.49419674061900104,0.13408863665375076,0.05953865325630384,0.22699545016132694,0.5143300826264535,0.12836842513153657,0.4844867333303966,0.02238805970149249,0.5111940298507462,0.5111940298507462,"{0: 0.48936288705725106, 1: 0.48936288705725106}","{0: 0.48936288705725106, 1: 0.48936288705725106}",0.48936288705725106,"[[38 96]
 [35 99]]","[1. 1. 1. 0. 0. 1. 1. 1. 1. 1. 1. 1. 1. 1. 1. 1. 1. 1. 1. 1. 0. 1. 0. 1.
 0. 1. 1. 1. 0. 1. 1. 1. 0. 0. 1. 1. 1. 1. 0. 1. 1. 0. 1. 1. 0. 1. 1. 1.
 0. 1. 1. 1. 1. 1. 1. 0. 1. 1. 1. 0. 1. 1. 1. 0. 1. 0. 0. 1. 1. 1. 1. 1.
 1. 1. 0. 1. 0. 0. 1. 1. 0. 0. 1. 1. 1. 1. 1. 1. 1. 0. 1. 1. 0. 1. 0. 0.
 1. 0. 1. 1. 1. 1. 1. 1. 0. 1. 1. 1. 1. 1. 1. 0. 0. 1. 1. 1. 1. 0. 0. 1.
 1. 1. 1. 1. 1. 1. 1. 1. 0. 0. 1. 1. 1. 1. 1. 1. 1. 0. 1. 0. 1. 1. 0. 1.
 0. 1. 1. 0. 0. 1. 0. 0. 1. 1. 0. 1. 1. 0. 1. 1. 1. 1. 1. 1. 0. 1. 0. 1.
 1. 0. 1. 1. 1. 0. 1. 1. 1. 1. 1. 0. 0. 1. 1. 1. 1. 1. 0. 1. 1. 1. 1. 1.
 1. 1. 1. 1. 1. 1. 1. 0. 1. 0. 1. 1. 1. 1. 1. 1. 0. 1. 0. 1. 1. 1. 0. 1.
 0. 0. 1. 1. 0. 1. 1. 1. 0. 1. 1. 1. 1. 1. 0. 1. 1. 0. 0. 1. 0. 1. 0. 1.
 1. 1. 1. 1. 0. 1. 1. 1. 1. 1. 1. 1. 1. 0. 0. 1. 1. 0. 1. 1. 0. 1. 1. 1.
 0. 0. 1. 0.]","[0. 1. 0. 0. 0. 1. 1. 1. 0. 0. 0. 0. 0. 1. 0. 0. 1. 1. 0. 0. 0. 0. 0. 1.
 0. 0. 1. 0. 1. 0. 0. 1. 0. 1. 1. 0. 0. 0. 1. 0. 0. 0. 1. 1. 1. 0. 1. 0.
 1. 0. 1. 1. 0. 1. 1. 1. 1. 0. 1. 0. 0. 1. 1. 1. 0. 0. 0. 1. 1. 0. 1. 1.
 0. 0. 1. 0. 0. 1. 0. 1. 0. 1. 1. 1. 0. 1. 0. 1. 1. 1. 1. 1. 1. 1. 1. 0.
 0. 0. 1. 1. 1. 0. 0. 1. 1. 1. 0. 0. 0. 1. 1. 1. 0. 0. 0. 0. 1. 1. 1. 0.
 1. 0. 0. 1. 1. 0. 0. 0. 0. 1. 0. 0. 1. 1. 0. 1. 1. 1. 0. 1. 1. 0. 1. 0.
 1. 1. 0. 0. 0. 1. 1. 0. 1. 1. 0. 1. 0. 0. 0. 1. 1. 1. 0. 1. 0. 1. 1. 0.
 1. 0. 0. 1. 1. 0. 0. 1. 0. 1. 1. 0. 0. 1. 0. 0. 1. 1. 0. 1. 1. 0. 0. 0.
 0. 1. 1. 0. 0. 1. 0. 0. 1. 0. 1. 1. 1. 0. 0. 0. 1. 1. 0. 0. 0. 0. 1. 0.
 0. 1. 0. 1. 1. 1. 1. 0. 0. 0. 0. 1. 1. 1. 1. 0. 1. 1. 1. 1. 0. 1. 0. 0.
 1. 0. 0. 1. 1. 1. 1. 1. 0. 0. 1. 1. 1. 0. 0. 1. 0. 1. 0. 0. 1. 0. 1. 0.
 1. 0. 0. 0.]"
646,naive_bayes,{},0.49419674061900104,0.13408863665375076,0.05953865325630384,0.22699545016132694,0.5143300826264535,0.12836842513153657,0.4844867333303966,0.02238805970149249,0.5111940298507462,0.5111940298507462,"{0: 0.48936288705725106, 1: 0.48936288705725106}","{0: 0.48936288705725106, 1: 0.48936288705725106}",0.48936288705725106,"[[38 96]
 [35 99]]","[1. 1. 1. 0. 0. 1. 1. 1. 1. 1. 1. 1. 1. 1. 1. 1. 1. 1. 1. 1. 0. 1. 0. 1.
 0. 1. 1. 1. 0. 1. 1. 1. 0. 0. 1. 1. 1. 1. 0. 1. 1. 0. 1. 1. 0. 1. 1. 1.
 0. 1. 1. 1. 1. 1. 1. 0. 1. 1. 1. 0. 1. 1. 1. 0. 1. 0. 0. 1. 1. 1. 1. 1.
 1. 1. 0. 1. 0. 0. 1. 1. 0. 0. 1. 1. 1. 1. 1. 1. 1. 0. 1. 1. 0. 1. 0. 0.
 1. 0. 1. 1. 1. 1. 1. 1. 0. 1. 1. 1. 1. 1. 1. 0. 0. 1. 1. 1. 1. 0. 0. 1.
 1. 1. 1. 1. 1. 1. 1. 1. 0. 0. 1. 1. 1. 1. 1. 1. 1. 0. 1. 0. 1. 1. 0. 1.
 0. 1. 1. 0. 0. 1. 0. 0. 1. 1. 0. 1. 1. 0. 1. 1. 1. 1. 1. 1. 0. 1. 0. 1.
 1. 0. 1. 1. 1. 0. 1. 1. 1. 1. 1. 0. 0. 1. 1. 1. 1. 1. 0. 1. 1. 1. 1. 1.
 1. 1. 1. 1. 1. 1. 1. 0. 1. 0. 1. 1. 1. 1. 1. 1. 0. 1. 0. 1. 1. 1. 0. 1.
 0. 0. 1. 1. 0. 1. 1. 1. 0. 1. 1. 1. 1. 1. 0. 1. 1. 0. 0. 1. 0. 1. 0. 1.
 1. 1. 1. 1. 0. 1. 1. 1. 1. 1. 1. 1. 1. 0. 0. 1. 1. 0. 1. 1. 0. 1. 1. 1.
 0. 0. 1. 0.]","[0. 1. 0. 0. 0. 1. 1. 1. 0. 0. 0. 0. 0. 1. 0. 0. 1. 1. 0. 0. 0. 0. 0. 1.
 0. 0. 1. 0. 1. 0. 0. 1. 0. 1. 1. 0. 0. 0. 1. 0. 0. 0. 1. 1. 1. 0. 1. 0.
 1. 0. 1. 1. 0. 1. 1. 1. 1. 0. 1. 0. 0. 1. 1. 1. 0. 0. 0. 1. 1. 0. 1. 1.
 0. 0. 1. 0. 0. 1. 0. 1. 0. 1. 1. 1. 0. 1. 0. 1. 1. 1. 1. 1. 1. 1. 1. 0.
 0. 0. 1. 1. 1. 0. 0. 1. 1. 1. 0. 0. 0. 1. 1. 1. 0. 0. 0. 0. 1. 1. 1. 0.
 1. 0. 0. 1. 1. 0. 0. 0. 0. 1. 0. 0. 1. 1. 0. 1. 1. 1. 0. 1. 1. 0. 1. 0.
 1. 1. 0. 0. 0. 1. 1. 0. 1. 1. 0. 1. 0. 0. 0. 1. 1. 1. 0. 1. 0. 1. 1. 0.
 1. 0. 0. 1. 1. 0. 0. 1. 0. 1. 1. 0. 0. 1. 0. 0. 1. 1. 0. 1. 1. 0. 0. 0.
 0. 1. 1. 0. 0. 1. 0. 0. 1. 0. 1. 1. 1. 0. 0. 0. 1. 1. 0. 0. 0. 0. 1. 0.
 0. 1. 0. 1. 1. 1. 1. 0. 0. 0. 0. 1. 1. 1. 1. 0. 1. 1. 1. 1. 0. 1. 0. 0.
 1. 0. 0. 1. 1. 1. 1. 1. 0. 0. 1. 1. 1. 0. 0. 1. 0. 1. 0. 0. 1. 0. 1. 0.
 1. 0. 0. 0.]"
237,naive_bayes,{},0.49419674061900104,0.13408863665375076,0.05953865325630384,0.22699545016132694,0.5143300826264535,0.12836842513153657,0.4844867333303966,0.02238805970149249,0.5111940298507462,0.5111940298507462,"{0: 0.48936288705725106, 1: 0.48936288705725106}","{0: 0.48936288705725106, 1: 0.48936288705725106}",0.48936288705725106,"[[38 96]
 [35 99]]","[1. 1. 1. 0. 0. 1. 1. 1. 1. 1. 1. 1. 1. 1. 1. 1. 1. 1. 1. 1. 0. 1. 0. 1.
 0. 1. 1. 1. 0. 1. 1. 1. 0. 0. 1. 1. 1. 1. 0. 1. 1. 0. 1. 1. 0. 1. 1. 1.
 0. 1. 1. 1. 1. 1. 1. 0. 1. 1. 1. 0. 1. 1. 1. 0. 1. 0. 0. 1. 1. 1. 1. 1.
 1. 1. 0. 1. 0. 0. 1. 1. 0. 0. 1. 1. 1. 1. 1. 1. 1. 0. 1. 1. 0. 1. 0. 0.
 1. 0. 1. 1. 1. 1. 1. 1. 0. 1. 1. 1. 1. 1. 1. 0. 0. 1. 1. 1. 1. 0. 0. 1.
 1. 1. 1. 1. 1. 1. 1. 1. 0. 0. 1. 1. 1. 1. 1. 1. 1. 0. 1. 0. 1. 1. 0. 1.
 0. 1. 1. 0. 0. 1. 0. 0. 1. 1. 0. 1. 1. 0. 1. 1. 1. 1. 1. 1. 0. 1. 0. 1.
 1. 0. 1. 1. 1. 0. 1. 1. 1. 1. 1. 0. 0. 1. 1. 1. 1. 1. 0. 1. 1. 1. 1. 1.
 1. 1. 1. 1. 1. 1. 1. 0. 1. 0. 1. 1. 1. 1. 1. 1. 0. 1. 0. 1. 1. 1. 0. 1.
 0. 0. 1. 1. 0. 1. 1. 1. 0. 1. 1. 1. 1. 1. 0. 1. 1. 0. 0. 1. 0. 1. 0. 1.
 1. 1. 1. 1. 0. 1. 1. 1. 1. 1. 1. 1. 1. 0. 0. 1. 1. 0. 1. 1. 0. 1. 1. 1.
 0. 0. 1. 0.]","[0. 1. 0. 0. 0. 1. 1. 1. 0. 0. 0. 0. 0. 1. 0. 0. 1. 1. 0. 0. 0. 0. 0. 1.
 0. 0. 1. 0. 1. 0. 0. 1. 0. 1. 1. 0. 0. 0. 1. 0. 0. 0. 1. 1. 1. 0. 1. 0.
 1. 0. 1. 1. 0. 1. 1. 1. 1. 0. 1. 0. 0. 1. 1. 1. 0. 0. 0. 1. 1. 0. 1. 1.
 0. 0. 1. 0. 0. 1. 0. 1. 0. 1. 1. 1. 0. 1. 0. 1. 1. 1. 1. 1. 1. 1. 1. 0.
 0. 0. 1. 1. 1. 0. 0. 1. 1. 1. 0. 0. 0. 1. 1. 1. 0. 0. 0. 0. 1. 1. 1. 0.
 1. 0. 0. 1. 1. 0. 0. 0. 0. 1. 0. 0. 1. 1. 0. 1. 1. 1. 0. 1. 1. 0. 1. 0.
 1. 1. 0. 0. 0. 1. 1. 0. 1. 1. 0. 1. 0. 0. 0. 1. 1. 1. 0. 1. 0. 1. 1. 0.
 1. 0. 0. 1. 1. 0. 0. 1. 0. 1. 1. 0. 0. 1. 0. 0. 1. 1. 0. 1. 1. 0. 0. 0.
 0. 1. 1. 0. 0. 1. 0. 0. 1. 0. 1. 1. 1. 0. 0. 0. 1. 1. 0. 0. 0. 0. 1. 0.
 0. 1. 0. 1. 1. 1. 1. 0. 0. 0. 0. 1. 1. 1. 1. 0. 1. 1. 1. 1. 0. 1. 0. 0.
 1. 0. 0. 1. 1. 1. 1. 1. 0. 0. 1. 1. 1. 0. 0. 1. 0. 1. 0. 0. 1. 0. 1. 0.
 1. 0. 0. 0.]"
659,naive_bayes,{},0.49419674061900104,0.13408863665375076,0.05953865325630384,0.22699545016132694,0.5143300826264535,0.12836842513153657,0.4844867333303966,0.02238805970149249,0.5111940298507462,0.5111940298507462,"{0: 0.48936288705725106, 1: 0.48936288705725106}","{0: 0.48936288705725106, 1: 0.48936288705725106}",0.48936288705725106,"[[38 96]
 [35 99]]","[1. 1. 1. 0. 0. 1. 1. 1. 1. 1. 1. 1. 1. 1. 1. 1. 1. 1. 1. 1. 0. 1. 0. 1.
 0. 1. 1. 1. 0. 1. 1. 1. 0. 0. 1. 1. 1. 1. 0. 1. 1. 0. 1. 1. 0. 1. 1. 1.
 0. 1. 1. 1. 1. 1. 1. 0. 1. 1. 1. 0. 1. 1. 1. 0. 1. 0. 0. 1. 1. 1. 1. 1.
 1. 1. 0. 1. 0. 0. 1. 1. 0. 0. 1. 1. 1. 1. 1. 1. 1. 0. 1. 1. 0. 1. 0. 0.
 1. 0. 1. 1. 1. 1. 1. 1. 0. 1. 1. 1. 1. 1. 1. 0. 0. 1. 1. 1. 1. 0. 0. 1.
 1. 1. 1. 1. 1. 1. 1. 1. 0. 0. 1. 1. 1. 1. 1. 1. 1. 0. 1. 0. 1. 1. 0. 1.
 0. 1. 1. 0. 0. 1. 0. 0. 1. 1. 0. 1. 1. 0. 1. 1. 1. 1. 1. 1. 0. 1. 0. 1.
 1. 0. 1. 1. 1. 0. 1. 1. 1. 1. 1. 0. 0. 1. 1. 1. 1. 1. 0. 1. 1. 1. 1. 1.
 1. 1. 1. 1. 1. 1. 1. 0. 1. 0. 1. 1. 1. 1. 1. 1. 0. 1. 0. 1. 1. 1. 0. 1.
 0. 0. 1. 1. 0. 1. 1. 1. 0. 1. 1. 1. 1. 1. 0. 1. 1. 0. 0. 1. 0. 1. 0. 1.
 1. 1. 1. 1. 0. 1. 1. 1. 1. 1. 1. 1. 1. 0. 0. 1. 1. 0. 1. 1. 0. 1. 1. 1.
 0. 0. 1. 0.]","[0. 1. 0. 0. 0. 1. 1. 1. 0. 0. 0. 0. 0. 1. 0. 0. 1. 1. 0. 0. 0. 0. 0. 1.
 0. 0. 1. 0. 1. 0. 0. 1. 0. 1. 1. 0. 0. 0. 1. 0. 0. 0. 1. 1. 1. 0. 1. 0.
 1. 0. 1. 1. 0. 1. 1. 1. 1. 0. 1. 0. 0. 1. 1. 1. 0. 0. 0. 1. 1. 0. 1. 1.
 0. 0. 1. 0. 0. 1. 0. 1. 0. 1. 1. 1. 0. 1. 0. 1. 1. 1. 1. 1. 1. 1. 1. 0.
 0. 0. 1. 1. 1. 0. 0. 1. 1. 1. 0. 0. 0. 1. 1. 1. 0. 0. 0. 0. 1. 1. 1. 0.
 1. 0. 0. 1. 1. 0. 0. 0. 0. 1. 0. 0. 1. 1. 0. 1. 1. 1. 0. 1. 1. 0. 1. 0.
 1. 1. 0. 0. 0. 1. 1. 0. 1. 1. 0. 1. 0. 0. 0. 1. 1. 1. 0. 1. 0. 1. 1. 0.
 1. 0. 0. 1. 1. 0. 0. 1. 0. 1. 1. 0. 0. 1. 0. 0. 1. 1. 0. 1. 1. 0. 0. 0.
 0. 1. 1. 0. 0. 1. 0. 0. 1. 0. 1. 1. 1. 0. 0. 0. 1. 1. 0. 0. 0. 0. 1. 0.
 0. 1. 0. 1. 1. 1. 1. 0. 0. 0. 0. 1. 1. 1. 1. 0. 1. 1. 1. 1. 0. 1. 0. 0.
 1. 0. 0. 1. 1. 1. 1. 1. 0. 0. 1. 1. 1. 0. 0. 1. 0. 1. 0. 0. 1. 0. 1. 0.
 1. 0. 0. 0.]"
227,naive_bayes,{},0.49419674061900104,0.13408863665375076,0.05953865325630384,0.22699545016132694,0.5143300826264535,0.12836842513153657,0.4844867333303966,0.02238805970149249,0.5111940298507462,0.5111940298507462,"{0: 0.48936288705725106, 1: 0.48936288705725106}","{0: 0.48936288705725106, 1: 0.48936288705725106}",0.48936288705725106,"[[38 96]
 [35 99]]","[1. 1. 1. 0. 0. 1. 1. 1. 1. 1. 1. 1. 1. 1. 1. 1. 1. 1. 1. 1. 0. 1. 0. 1.
 0. 1. 1. 1. 0. 1. 1. 1. 0. 0. 1. 1. 1. 1. 0. 1. 1. 0. 1. 1. 0. 1. 1. 1.
 0. 1. 1. 1. 1. 1. 1. 0. 1. 1. 1. 0. 1. 1. 1. 0. 1. 0. 0. 1. 1. 1. 1. 1.
 1. 1. 0. 1. 0. 0. 1. 1. 0. 0. 1. 1. 1. 1. 1. 1. 1. 0. 1. 1. 0. 1. 0. 0.
 1. 0. 1. 1. 1. 1. 1. 1. 0. 1. 1. 1. 1. 1. 1. 0. 0. 1. 1. 1. 1. 0. 0. 1.
 1. 1. 1. 1. 1. 1. 1. 1. 0. 0. 1. 1. 1. 1. 1. 1. 1. 0. 1. 0. 1. 1. 0. 1.
 0. 1. 1. 0. 0. 1. 0. 0. 1. 1. 0. 1. 1. 0. 1. 1. 1. 1. 1. 1. 0. 1. 0. 1.
 1. 0. 1. 1. 1. 0. 1. 1. 1. 1. 1. 0. 0. 1. 1. 1. 1. 1. 0. 1. 1. 1. 1. 1.
 1. 1. 1. 1. 1. 1. 1. 0. 1. 0. 1. 1. 1. 1. 1. 1. 0. 1. 0. 1. 1. 1. 0. 1.
 0. 0. 1. 1. 0. 1. 1. 1. 0. 1. 1. 1. 1. 1. 0. 1. 1. 0. 0. 1. 0. 1. 0. 1.
 1. 1. 1. 1. 0. 1. 1. 1. 1. 1. 1. 1. 1. 0. 0. 1. 1. 0. 1. 1. 0. 1. 1. 1.
 0. 0. 1. 0.]","[0. 1. 0. 0. 0. 1. 1. 1. 0. 0. 0. 0. 0. 1. 0. 0. 1. 1. 0. 0. 0. 0. 0. 1.
 0. 0. 1. 0. 1. 0. 0. 1. 0. 1. 1. 0. 0. 0. 1. 0. 0. 0. 1. 1. 1. 0. 1. 0.
 1. 0. 1. 1. 0. 1. 1. 1. 1. 0. 1. 0. 0. 1. 1. 1. 0. 0. 0. 1. 1. 0. 1. 1.
 0. 0. 1. 0. 0. 1. 0. 1. 0. 1. 1. 1. 0. 1. 0. 1. 1. 1. 1. 1. 1. 1. 1. 0.
 0. 0. 1. 1. 1. 0. 0. 1. 1. 1. 0. 0. 0. 1. 1. 1. 0. 0. 0. 0. 1. 1. 1. 0.
 1. 0. 0. 1. 1. 0. 0. 0. 0. 1. 0. 0. 1. 1. 0. 1. 1. 1. 0. 1. 1. 0. 1. 0.
 1. 1. 0. 0. 0. 1. 1. 0. 1. 1. 0. 1. 0. 0. 0. 1. 1. 1. 0. 1. 0. 1. 1. 0.
 1. 0. 0. 1. 1. 0. 0. 1. 0. 1. 1. 0. 0. 1. 0. 0. 1. 1. 0. 1. 1. 0. 0. 0.
 0. 1. 1. 0. 0. 1. 0. 0. 1. 0. 1. 1. 1. 0. 0. 0. 1. 1. 0. 0. 0. 0. 1. 0.
 0. 1. 0. 1. 1. 1. 1. 0. 0. 0. 0. 1. 1. 1. 1. 0. 1. 1. 1. 1. 0. 1. 0. 0.
 1. 0. 0. 1. 1. 1. 1. 1. 0. 0. 1. 1. 1. 0. 0. 1. 0. 1. 0. 0. 1. 0. 1. 0.
 1. 0. 0. 0.]"
673,naive_bayes,{},0.49419674061900104,0.13408863665375076,0.05953865325630384,0.22699545016132694,0.5143300826264535,0.12836842513153657,0.4844867333303966,0.02238805970149249,0.5111940298507462,0.5111940298507462,"{0: 0.48936288705725106, 1: 0.48936288705725106}","{0: 0.48936288705725106, 1: 0.48936288705725106}",0.48936288705725106,"[[38 96]
 [35 99]]","[1. 1. 1. 0. 0. 1. 1. 1. 1. 1. 1. 1. 1. 1. 1. 1. 1. 1. 1. 1. 0. 1. 0. 1.
 0. 1. 1. 1. 0. 1. 1. 1. 0. 0. 1. 1. 1. 1. 0. 1. 1. 0. 1. 1. 0. 1. 1. 1.
 0. 1. 1. 1. 1. 1. 1. 0. 1. 1. 1. 0. 1. 1. 1. 0. 1. 0. 0. 1. 1. 1. 1. 1.
 1. 1. 0. 1. 0. 0. 1. 1. 0. 0. 1. 1. 1. 1. 1. 1. 1. 0. 1. 1. 0. 1. 0. 0.
 1. 0. 1. 1. 1. 1. 1. 1. 0. 1. 1. 1. 1. 1. 1. 0. 0. 1. 1. 1. 1. 0. 0. 1.
 1. 1. 1. 1. 1. 1. 1. 1. 0. 0. 1. 1. 1. 1. 1. 1. 1. 0. 1. 0. 1. 1. 0. 1.
 0. 1. 1. 0. 0. 1. 0. 0. 1. 1. 0. 1. 1. 0. 1. 1. 1. 1. 1. 1. 0. 1. 0. 1.
 1. 0. 1. 1. 1. 0. 1. 1. 1. 1. 1. 0. 0. 1. 1. 1. 1. 1. 0. 1. 1. 1. 1. 1.
 1. 1. 1. 1. 1. 1. 1. 0. 1. 0. 1. 1. 1. 1. 1. 1. 0. 1. 0. 1. 1. 1. 0. 1.
 0. 0. 1. 1. 0. 1. 1. 1. 0. 1. 1. 1. 1. 1. 0. 1. 1. 0. 0. 1. 0. 1. 0. 1.
 1. 1. 1. 1. 0. 1. 1. 1. 1. 1. 1. 1. 1. 0. 0. 1. 1. 0. 1. 1. 0. 1. 1. 1.
 0. 0. 1. 0.]","[0. 1. 0. 0. 0. 1. 1. 1. 0. 0. 0. 0. 0. 1. 0. 0. 1. 1. 0. 0. 0. 0. 0. 1.
 0. 0. 1. 0. 1. 0. 0. 1. 0. 1. 1. 0. 0. 0. 1. 0. 0. 0. 1. 1. 1. 0. 1. 0.
 1. 0. 1. 1. 0. 1. 1. 1. 1. 0. 1. 0. 0. 1. 1. 1. 0. 0. 0. 1. 1. 0. 1. 1.
 0. 0. 1. 0. 0. 1. 0. 1. 0. 1. 1. 1. 0. 1. 0. 1. 1. 1. 1. 1. 1. 1. 1. 0.
 0. 0. 1. 1. 1. 0. 0. 1. 1. 1. 0. 0. 0. 1. 1. 1. 0. 0. 0. 0. 1. 1. 1. 0.
 1. 0. 0. 1. 1. 0. 0. 0. 0. 1. 0. 0. 1. 1. 0. 1. 1. 1. 0. 1. 1. 0. 1. 0.
 1. 1. 0. 0. 0. 1. 1. 0. 1. 1. 0. 1. 0. 0. 0. 1. 1. 1. 0. 1. 0. 1. 1. 0.
 1. 0. 0. 1. 1. 0. 0. 1. 0. 1. 1. 0. 0. 1. 0. 0. 1. 1. 0. 1. 1. 0. 0. 0.
 0. 1. 1. 0. 0. 1. 0. 0. 1. 0. 1. 1. 1. 0. 0. 0. 1. 1. 0. 0. 0. 0. 1. 0.
 0. 1. 0. 1. 1. 1. 1. 0. 0. 0. 0. 1. 1. 1. 1. 0. 1. 1. 1. 1. 0. 1. 0. 0.
 1. 0. 0. 1. 1. 1. 1. 1. 0. 0. 1. 1. 1. 0. 0. 1. 0. 1. 0. 0. 1. 0. 1. 0.
 1. 0. 0. 0.]"
217,naive_bayes,{},0.49419674061900104,0.13408863665375076,0.05953865325630384,0.22699545016132694,0.5143300826264535,0.12836842513153657,0.4844867333303966,0.02238805970149249,0.5111940298507462,0.5111940298507462,"{0: 0.48936288705725106, 1: 0.48936288705725106}","{0: 0.48936288705725106, 1: 0.48936288705725106}",0.48936288705725106,"[[38 96]
 [35 99]]","[1. 1. 1. 0. 0. 1. 1. 1. 1. 1. 1. 1. 1. 1. 1. 1. 1. 1. 1. 1. 0. 1. 0. 1.
 0. 1. 1. 1. 0. 1. 1. 1. 0. 0. 1. 1. 1. 1. 0. 1. 1. 0. 1. 1. 0. 1. 1. 1.
 0. 1. 1. 1. 1. 1. 1. 0. 1. 1. 1. 0. 1. 1. 1. 0. 1. 0. 0. 1. 1. 1. 1. 1.
 1. 1. 0. 1. 0. 0. 1. 1. 0. 0. 1. 1. 1. 1. 1. 1. 1. 0. 1. 1. 0. 1. 0. 0.
 1. 0. 1. 1. 1. 1. 1. 1. 0. 1. 1. 1. 1. 1. 1. 0. 0. 1. 1. 1. 1. 0. 0. 1.
 1. 1. 1. 1. 1. 1. 1. 1. 0. 0. 1. 1. 1. 1. 1. 1. 1. 0. 1. 0. 1. 1. 0. 1.
 0. 1. 1. 0. 0. 1. 0. 0. 1. 1. 0. 1. 1. 0. 1. 1. 1. 1. 1. 1. 0. 1. 0. 1.
 1. 0. 1. 1. 1. 0. 1. 1. 1. 1. 1. 0. 0. 1. 1. 1. 1. 1. 0. 1. 1. 1. 1. 1.
 1. 1. 1. 1. 1. 1. 1. 0. 1. 0. 1. 1. 1. 1. 1. 1. 0. 1. 0. 1. 1. 1. 0. 1.
 0. 0. 1. 1. 0. 1. 1. 1. 0. 1. 1. 1. 1. 1. 0. 1. 1. 0. 0. 1. 0. 1. 0. 1.
 1. 1. 1. 1. 0. 1. 1. 1. 1. 1. 1. 1. 1. 0. 0. 1. 1. 0. 1. 1. 0. 1. 1. 1.
 0. 0. 1. 0.]","[0. 1. 0. 0. 0. 1. 1. 1. 0. 0. 0. 0. 0. 1. 0. 0. 1. 1. 0. 0. 0. 0. 0. 1.
 0. 0. 1. 0. 1. 0. 0. 1. 0. 1. 1. 0. 0. 0. 1. 0. 0. 0. 1. 1. 1. 0. 1. 0.
 1. 0. 1. 1. 0. 1. 1. 1. 1. 0. 1. 0. 0. 1. 1. 1. 0. 0. 0. 1. 1. 0. 1. 1.
 0. 0. 1. 0. 0. 1. 0. 1. 0. 1. 1. 1. 0. 1. 0. 1. 1. 1. 1. 1. 1. 1. 1. 0.
 0. 0. 1. 1. 1. 0. 0. 1. 1. 1. 0. 0. 0. 1. 1. 1. 0. 0. 0. 0. 1. 1. 1. 0.
 1. 0. 0. 1. 1. 0. 0. 0. 0. 1. 0. 0. 1. 1. 0. 1. 1. 1. 0. 1. 1. 0. 1. 0.
 1. 1. 0. 0. 0. 1. 1. 0. 1. 1. 0. 1. 0. 0. 0. 1. 1. 1. 0. 1. 0. 1. 1. 0.
 1. 0. 0. 1. 1. 0. 0. 1. 0. 1. 1. 0. 0. 1. 0. 0. 1. 1. 0. 1. 1. 0. 0. 0.
 0. 1. 1. 0. 0. 1. 0. 0. 1. 0. 1. 1. 1. 0. 0. 0. 1. 1. 0. 0. 0. 0. 1. 0.
 0. 1. 0. 1. 1. 1. 1. 0. 0. 0. 0. 1. 1. 1. 1. 0. 1. 1. 1. 1. 0. 1. 0. 0.
 1. 0. 0. 1. 1. 1. 1. 1. 0. 0. 1. 1. 1. 0. 0. 1. 0. 1. 0. 0. 1. 0. 1. 0.
 1. 0. 0. 0.]"
294,naive_bayes,{},0.49419674061900104,0.13408863665375076,0.05953865325630384,0.22699545016132694,0.5143300826264535,0.12836842513153657,0.4844867333303966,0.02238805970149249,0.5111940298507462,0.5111940298507462,"{0: 0.48936288705725106, 1: 0.48936288705725106}","{0: 0.48936288705725106, 1: 0.48936288705725106}",0.48936288705725106,"[[38 96]
 [35 99]]","[1. 1. 1. 0. 0. 1. 1. 1. 1. 1. 1. 1. 1. 1. 1. 1. 1. 1. 1. 1. 0. 1. 0. 1.
 0. 1. 1. 1. 0. 1. 1. 1. 0. 0. 1. 1. 1. 1. 0. 1. 1. 0. 1. 1. 0. 1. 1. 1.
 0. 1. 1. 1. 1. 1. 1. 0. 1. 1. 1. 0. 1. 1. 1. 0. 1. 0. 0. 1. 1. 1. 1. 1.
 1. 1. 0. 1. 0. 0. 1. 1. 0. 0. 1. 1. 1. 1. 1. 1. 1. 0. 1. 1. 0. 1. 0. 0.
 1. 0. 1. 1. 1. 1. 1. 1. 0. 1. 1. 1. 1. 1. 1. 0. 0. 1. 1. 1. 1. 0. 0. 1.
 1. 1. 1. 1. 1. 1. 1. 1. 0. 0. 1. 1. 1. 1. 1. 1. 1. 0. 1. 0. 1. 1. 0. 1.
 0. 1. 1. 0. 0. 1. 0. 0. 1. 1. 0. 1. 1. 0. 1. 1. 1. 1. 1. 1. 0. 1. 0. 1.
 1. 0. 1. 1. 1. 0. 1. 1. 1. 1. 1. 0. 0. 1. 1. 1. 1. 1. 0. 1. 1. 1. 1. 1.
 1. 1. 1. 1. 1. 1. 1. 0. 1. 0. 1. 1. 1. 1. 1. 1. 0. 1. 0. 1. 1. 1. 0. 1.
 0. 0. 1. 1. 0. 1. 1. 1. 0. 1. 1. 1. 1. 1. 0. 1. 1. 0. 0. 1. 0. 1. 0. 1.
 1. 1. 1. 1. 0. 1. 1. 1. 1. 1. 1. 1. 1. 0. 0. 1. 1. 0. 1. 1. 0. 1. 1. 1.
 0. 0. 1. 0.]","[0. 1. 0. 0. 0. 1. 1. 1. 0. 0. 0. 0. 0. 1. 0. 0. 1. 1. 0. 0. 0. 0. 0. 1.
 0. 0. 1. 0. 1. 0. 0. 1. 0. 1. 1. 0. 0. 0. 1. 0. 0. 0. 1. 1. 1. 0. 1. 0.
 1. 0. 1. 1. 0. 1. 1. 1. 1. 0. 1. 0. 0. 1. 1. 1. 0. 0. 0. 1. 1. 0. 1. 1.
 0. 0. 1. 0. 0. 1. 0. 1. 0. 1. 1. 1. 0. 1. 0. 1. 1. 1. 1. 1. 1. 1. 1. 0.
 0. 0. 1. 1. 1. 0. 0. 1. 1. 1. 0. 0. 0. 1. 1. 1. 0. 0. 0. 0. 1. 1. 1. 0.
 1. 0. 0. 1. 1. 0. 0. 0. 0. 1. 0. 0. 1. 1. 0. 1. 1. 1. 0. 1. 1. 0. 1. 0.
 1. 1. 0. 0. 0. 1. 1. 0. 1. 1. 0. 1. 0. 0. 0. 1. 1. 1. 0. 1. 0. 1. 1. 0.
 1. 0. 0. 1. 1. 0. 0. 1. 0. 1. 1. 0. 0. 1. 0. 0. 1. 1. 0. 1. 1. 0. 0. 0.
 0. 1. 1. 0. 0. 1. 0. 0. 1. 0. 1. 1. 1. 0. 0. 0. 1. 1. 0. 0. 0. 0. 1. 0.
 0. 1. 0. 1. 1. 1. 1. 0. 0. 0. 0. 1. 1. 1. 1. 0. 1. 1. 1. 1. 0. 1. 0. 0.
 1. 0. 0. 1. 1. 1. 1. 1. 0. 0. 1. 1. 1. 0. 0. 1. 0. 1. 0. 0. 1. 0. 1. 0.
 1. 0. 0. 0.]"
305,naive_bayes,{},0.49419674061900104,0.13408863665375076,0.05953865325630384,0.22699545016132694,0.5143300826264535,0.12836842513153657,0.4844867333303966,0.02238805970149249,0.5111940298507462,0.5111940298507462,"{0: 0.48936288705725106, 1: 0.48936288705725106}","{0: 0.48936288705725106, 1: 0.48936288705725106}",0.48936288705725106,"[[38 96]
 [35 99]]","[1. 1. 1. 0. 0. 1. 1. 1. 1. 1. 1. 1. 1. 1. 1. 1. 1. 1. 1. 1. 0. 1. 0. 1.
 0. 1. 1. 1. 0. 1. 1. 1. 0. 0. 1. 1. 1. 1. 0. 1. 1. 0. 1. 1. 0. 1. 1. 1.
 0. 1. 1. 1. 1. 1. 1. 0. 1. 1. 1. 0. 1. 1. 1. 0. 1. 0. 0. 1. 1. 1. 1. 1.
 1. 1. 0. 1. 0. 0. 1. 1. 0. 0. 1. 1. 1. 1. 1. 1. 1. 0. 1. 1. 0. 1. 0. 0.
 1. 0. 1. 1. 1. 1. 1. 1. 0. 1. 1. 1. 1. 1. 1. 0. 0. 1. 1. 1. 1. 0. 0. 1.
 1. 1. 1. 1. 1. 1. 1. 1. 0. 0. 1. 1. 1. 1. 1. 1. 1. 0. 1. 0. 1. 1. 0. 1.
 0. 1. 1. 0. 0. 1. 0. 0. 1. 1. 0. 1. 1. 0. 1. 1. 1. 1. 1. 1. 0. 1. 0. 1.
 1. 0. 1. 1. 1. 0. 1. 1. 1. 1. 1. 0. 0. 1. 1. 1. 1. 1. 0. 1. 1. 1. 1. 1.
 1. 1. 1. 1. 1. 1. 1. 0. 1. 0. 1. 1. 1. 1. 1. 1. 0. 1. 0. 1. 1. 1. 0. 1.
 0. 0. 1. 1. 0. 1. 1. 1. 0. 1. 1. 1. 1. 1. 0. 1. 1. 0. 0. 1. 0. 1. 0. 1.
 1. 1. 1. 1. 0. 1. 1. 1. 1. 1. 1. 1. 1. 0. 0. 1. 1. 0. 1. 1. 0. 1. 1. 1.
 0. 0. 1. 0.]","[0. 1. 0. 0. 0. 1. 1. 1. 0. 0. 0. 0. 0. 1. 0. 0. 1. 1. 0. 0. 0. 0. 0. 1.
 0. 0. 1. 0. 1. 0. 0. 1. 0. 1. 1. 0. 0. 0. 1. 0. 0. 0. 1. 1. 1. 0. 1. 0.
 1. 0. 1. 1. 0. 1. 1. 1. 1. 0. 1. 0. 0. 1. 1. 1. 0. 0. 0. 1. 1. 0. 1. 1.
 0. 0. 1. 0. 0. 1. 0. 1. 0. 1. 1. 1. 0. 1. 0. 1. 1. 1. 1. 1. 1. 1. 1. 0.
 0. 0. 1. 1. 1. 0. 0. 1. 1. 1. 0. 0. 0. 1. 1. 1. 0. 0. 0. 0. 1. 1. 1. 0.
 1. 0. 0. 1. 1. 0. 0. 0. 0. 1. 0. 0. 1. 1. 0. 1. 1. 1. 0. 1. 1. 0. 1. 0.
 1. 1. 0. 0. 0. 1. 1. 0. 1. 1. 0. 1. 0. 0. 0. 1. 1. 1. 0. 1. 0. 1. 1. 0.
 1. 0. 0. 1. 1. 0. 0. 1. 0. 1. 1. 0. 0. 1. 0. 0. 1. 1. 0. 1. 1. 0. 0. 0.
 0. 1. 1. 0. 0. 1. 0. 0. 1. 0. 1. 1. 1. 0. 0. 0. 1. 1. 0. 0. 0. 0. 1. 0.
 0. 1. 0. 1. 1. 1. 1. 0. 0. 0. 0. 1. 1. 1. 1. 0. 1. 1. 1. 1. 0. 1. 0. 0.
 1. 0. 0. 1. 1. 1. 1. 1. 0. 0. 1. 1. 1. 0. 0. 1. 0. 1. 0. 0. 1. 0. 1. 0.
 1. 0. 0. 0.]"
207,naive_bayes,{},0.49419674061900104,0.13408863665375076,0.05953865325630384,0.22699545016132694,0.5143300826264535,0.12836842513153657,0.4844867333303966,0.02238805970149249,0.5111940298507462,0.5111940298507462,"{0: 0.48936288705725106, 1: 0.48936288705725106}","{0: 0.48936288705725106, 1: 0.48936288705725106}",0.48936288705725106,"[[38 96]
 [35 99]]","[1. 1. 1. 0. 0. 1. 1. 1. 1. 1. 1. 1. 1. 1. 1. 1. 1. 1. 1. 1. 0. 1. 0. 1.
 0. 1. 1. 1. 0. 1. 1. 1. 0. 0. 1. 1. 1. 1. 0. 1. 1. 0. 1. 1. 0. 1. 1. 1.
 0. 1. 1. 1. 1. 1. 1. 0. 1. 1. 1. 0. 1. 1. 1. 0. 1. 0. 0. 1. 1. 1. 1. 1.
 1. 1. 0. 1. 0. 0. 1. 1. 0. 0. 1. 1. 1. 1. 1. 1. 1. 0. 1. 1. 0. 1. 0. 0.
 1. 0. 1. 1. 1. 1. 1. 1. 0. 1. 1. 1. 1. 1. 1. 0. 0. 1. 1. 1. 1. 0. 0. 1.
 1. 1. 1. 1. 1. 1. 1. 1. 0. 0. 1. 1. 1. 1. 1. 1. 1. 0. 1. 0. 1. 1. 0. 1.
 0. 1. 1. 0. 0. 1. 0. 0. 1. 1. 0. 1. 1. 0. 1. 1. 1. 1. 1. 1. 0. 1. 0. 1.
 1. 0. 1. 1. 1. 0. 1. 1. 1. 1. 1. 0. 0. 1. 1. 1. 1. 1. 0. 1. 1. 1. 1. 1.
 1. 1. 1. 1. 1. 1. 1. 0. 1. 0. 1. 1. 1. 1. 1. 1. 0. 1. 0. 1. 1. 1. 0. 1.
 0. 0. 1. 1. 0. 1. 1. 1. 0. 1. 1. 1. 1. 1. 0. 1. 1. 0. 0. 1. 0. 1. 0. 1.
 1. 1. 1. 1. 0. 1. 1. 1. 1. 1. 1. 1. 1. 0. 0. 1. 1. 0. 1. 1. 0. 1. 1. 1.
 0. 0. 1. 0.]","[0. 1. 0. 0. 0. 1. 1. 1. 0. 0. 0. 0. 0. 1. 0. 0. 1. 1. 0. 0. 0. 0. 0. 1.
 0. 0. 1. 0. 1. 0. 0. 1. 0. 1. 1. 0. 0. 0. 1. 0. 0. 0. 1. 1. 1. 0. 1. 0.
 1. 0. 1. 1. 0. 1. 1. 1. 1. 0. 1. 0. 0. 1. 1. 1. 0. 0. 0. 1. 1. 0. 1. 1.
 0. 0. 1. 0. 0. 1. 0. 1. 0. 1. 1. 1. 0. 1. 0. 1. 1. 1. 1. 1. 1. 1. 1. 0.
 0. 0. 1. 1. 1. 0. 0. 1. 1. 1. 0. 0. 0. 1. 1. 1. 0. 0. 0. 0. 1. 1. 1. 0.
 1. 0. 0. 1. 1. 0. 0. 0. 0. 1. 0. 0. 1. 1. 0. 1. 1. 1. 0. 1. 1. 0. 1. 0.
 1. 1. 0. 0. 0. 1. 1. 0. 1. 1. 0. 1. 0. 0. 0. 1. 1. 1. 0. 1. 0. 1. 1. 0.
 1. 0. 0. 1. 1. 0. 0. 1. 0. 1. 1. 0. 0. 1. 0. 0. 1. 1. 0. 1. 1. 0. 0. 0.
 0. 1. 1. 0. 0. 1. 0. 0. 1. 0. 1. 1. 1. 0. 0. 0. 1. 1. 0. 0. 0. 0. 1. 0.
 0. 1. 0. 1. 1. 1. 1. 0. 0. 0. 0. 1. 1. 1. 1. 0. 1. 1. 1. 1. 0. 1. 0. 0.
 1. 0. 0. 1. 1. 1. 1. 1. 0. 0. 1. 1. 1. 0. 0. 1. 0. 1. 0. 0. 1. 0. 1. 0.
 1. 0. 0. 0.]"
557,naive_bayes,{},0.49419674061900104,0.13408863665375076,0.05953865325630384,0.22699545016132694,0.5143300826264535,0.12836842513153657,0.4844867333303966,0.02238805970149249,0.5111940298507462,0.5111940298507462,"{0: 0.48936288705725106, 1: 0.48936288705725106}","{0: 0.48936288705725106, 1: 0.48936288705725106}",0.48936288705725106,"[[38 96]
 [35 99]]","[1. 1. 1. 0. 0. 1. 1. 1. 1. 1. 1. 1. 1. 1. 1. 1. 1. 1. 1. 1. 0. 1. 0. 1.
 0. 1. 1. 1. 0. 1. 1. 1. 0. 0. 1. 1. 1. 1. 0. 1. 1. 0. 1. 1. 0. 1. 1. 1.
 0. 1. 1. 1. 1. 1. 1. 0. 1. 1. 1. 0. 1. 1. 1. 0. 1. 0. 0. 1. 1. 1. 1. 1.
 1. 1. 0. 1. 0. 0. 1. 1. 0. 0. 1. 1. 1. 1. 1. 1. 1. 0. 1. 1. 0. 1. 0. 0.
 1. 0. 1. 1. 1. 1. 1. 1. 0. 1. 1. 1. 1. 1. 1. 0. 0. 1. 1. 1. 1. 0. 0. 1.
 1. 1. 1. 1. 1. 1. 1. 1. 0. 0. 1. 1. 1. 1. 1. 1. 1. 0. 1. 0. 1. 1. 0. 1.
 0. 1. 1. 0. 0. 1. 0. 0. 1. 1. 0. 1. 1. 0. 1. 1. 1. 1. 1. 1. 0. 1. 0. 1.
 1. 0. 1. 1. 1. 0. 1. 1. 1. 1. 1. 0. 0. 1. 1. 1. 1. 1. 0. 1. 1. 1. 1. 1.
 1. 1. 1. 1. 1. 1. 1. 0. 1. 0. 1. 1. 1. 1. 1. 1. 0. 1. 0. 1. 1. 1. 0. 1.
 0. 0. 1. 1. 0. 1. 1. 1. 0. 1. 1. 1. 1. 1. 0. 1. 1. 0. 0. 1. 0. 1. 0. 1.
 1. 1. 1. 1. 0. 1. 1. 1. 1. 1. 1. 1. 1. 0. 0. 1. 1. 0. 1. 1. 0. 1. 1. 1.
 0. 0. 1. 0.]","[0. 1. 0. 0. 0. 1. 1. 1. 0. 0. 0. 0. 0. 1. 0. 0. 1. 1. 0. 0. 0. 0. 0. 1.
 0. 0. 1. 0. 1. 0. 0. 1. 0. 1. 1. 0. 0. 0. 1. 0. 0. 0. 1. 1. 1. 0. 1. 0.
 1. 0. 1. 1. 0. 1. 1. 1. 1. 0. 1. 0. 0. 1. 1. 1. 0. 0. 0. 1. 1. 0. 1. 1.
 0. 0. 1. 0. 0. 1. 0. 1. 0. 1. 1. 1. 0. 1. 0. 1. 1. 1. 1. 1. 1. 1. 1. 0.
 0. 0. 1. 1. 1. 0. 0. 1. 1. 1. 0. 0. 0. 1. 1. 1. 0. 0. 0. 0. 1. 1. 1. 0.
 1. 0. 0. 1. 1. 0. 0. 0. 0. 1. 0. 0. 1. 1. 0. 1. 1. 1. 0. 1. 1. 0. 1. 0.
 1. 1. 0. 0. 0. 1. 1. 0. 1. 1. 0. 1. 0. 0. 0. 1. 1. 1. 0. 1. 0. 1. 1. 0.
 1. 0. 0. 1. 1. 0. 0. 1. 0. 1. 1. 0. 0. 1. 0. 0. 1. 1. 0. 1. 1. 0. 0. 0.
 0. 1. 1. 0. 0. 1. 0. 0. 1. 0. 1. 1. 1. 0. 0. 0. 1. 1. 0. 0. 0. 0. 1. 0.
 0. 1. 0. 1. 1. 1. 1. 0. 0. 0. 0. 1. 1. 1. 1. 0. 1. 1. 1. 1. 0. 1. 0. 0.
 1. 0. 0. 1. 1. 1. 1. 1. 0. 0. 1. 1. 1. 0. 0. 1. 0. 1. 0. 0. 1. 0. 1. 0.
 1. 0. 0. 0.]"
349,naive_bayes,{},0.49419674061900104,0.13408863665375076,0.05953865325630384,0.22699545016132694,0.5143300826264535,0.12836842513153657,0.4844867333303966,0.02238805970149249,0.5111940298507462,0.5111940298507462,"{0: 0.48936288705725106, 1: 0.48936288705725106}","{0: 0.48936288705725106, 1: 0.48936288705725106}",0.48936288705725106,"[[38 96]
 [35 99]]","[1. 1. 1. 0. 0. 1. 1. 1. 1. 1. 1. 1. 1. 1. 1. 1. 1. 1. 1. 1. 0. 1. 0. 1.
 0. 1. 1. 1. 0. 1. 1. 1. 0. 0. 1. 1. 1. 1. 0. 1. 1. 0. 1. 1. 0. 1. 1. 1.
 0. 1. 1. 1. 1. 1. 1. 0. 1. 1. 1. 0. 1. 1. 1. 0. 1. 0. 0. 1. 1. 1. 1. 1.
 1. 1. 0. 1. 0. 0. 1. 1. 0. 0. 1. 1. 1. 1. 1. 1. 1. 0. 1. 1. 0. 1. 0. 0.
 1. 0. 1. 1. 1. 1. 1. 1. 0. 1. 1. 1. 1. 1. 1. 0. 0. 1. 1. 1. 1. 0. 0. 1.
 1. 1. 1. 1. 1. 1. 1. 1. 0. 0. 1. 1. 1. 1. 1. 1. 1. 0. 1. 0. 1. 1. 0. 1.
 0. 1. 1. 0. 0. 1. 0. 0. 1. 1. 0. 1. 1. 0. 1. 1. 1. 1. 1. 1. 0. 1. 0. 1.
 1. 0. 1. 1. 1. 0. 1. 1. 1. 1. 1. 0. 0. 1. 1. 1. 1. 1. 0. 1. 1. 1. 1. 1.
 1. 1. 1. 1. 1. 1. 1. 0. 1. 0. 1. 1. 1. 1. 1. 1. 0. 1. 0. 1. 1. 1. 0. 1.
 0. 0. 1. 1. 0. 1. 1. 1. 0. 1. 1. 1. 1. 1. 0. 1. 1. 0. 0. 1. 0. 1. 0. 1.
 1. 1. 1. 1. 0. 1. 1. 1. 1. 1. 1. 1. 1. 0. 0. 1. 1. 0. 1. 1. 0. 1. 1. 1.
 0. 0. 1. 0.]","[0. 1. 0. 0. 0. 1. 1. 1. 0. 0. 0. 0. 0. 1. 0. 0. 1. 1. 0. 0. 0. 0. 0. 1.
 0. 0. 1. 0. 1. 0. 0. 1. 0. 1. 1. 0. 0. 0. 1. 0. 0. 0. 1. 1. 1. 0. 1. 0.
 1. 0. 1. 1. 0. 1. 1. 1. 1. 0. 1. 0. 0. 1. 1. 1. 0. 0. 0. 1. 1. 0. 1. 1.
 0. 0. 1. 0. 0. 1. 0. 1. 0. 1. 1. 1. 0. 1. 0. 1. 1. 1. 1. 1. 1. 1. 1. 0.
 0. 0. 1. 1. 1. 0. 0. 1. 1. 1. 0. 0. 0. 1. 1. 1. 0. 0. 0. 0. 1. 1. 1. 0.
 1. 0. 0. 1. 1. 0. 0. 0. 0. 1. 0. 0. 1. 1. 0. 1. 1. 1. 0. 1. 1. 0. 1. 0.
 1. 1. 0. 0. 0. 1. 1. 0. 1. 1. 0. 1. 0. 0. 0. 1. 1. 1. 0. 1. 0. 1. 1. 0.
 1. 0. 0. 1. 1. 0. 0. 1. 0. 1. 1. 0. 0. 1. 0. 0. 1. 1. 0. 1. 1. 0. 0. 0.
 0. 1. 1. 0. 0. 1. 0. 0. 1. 0. 1. 1. 1. 0. 0. 0. 1. 1. 0. 0. 0. 0. 1. 0.
 0. 1. 0. 1. 1. 1. 1. 0. 0. 0. 0. 1. 1. 1. 1. 0. 1. 1. 1. 1. 0. 1. 0. 0.
 1. 0. 0. 1. 1. 1. 1. 1. 0. 0. 1. 1. 1. 0. 0. 1. 0. 1. 0. 0. 1. 0. 1. 0.
 1. 0. 0. 0.]"
448,naive_bayes,{},0.49419674061900104,0.13408863665375076,0.05953865325630384,0.22699545016132694,0.5143300826264535,0.12836842513153657,0.4844867333303966,0.02238805970149249,0.5111940298507462,0.5111940298507462,"{0: 0.48936288705725106, 1: 0.48936288705725106}","{0: 0.48936288705725106, 1: 0.48936288705725106}",0.48936288705725106,"[[38 96]
 [35 99]]","[1. 1. 1. 0. 0. 1. 1. 1. 1. 1. 1. 1. 1. 1. 1. 1. 1. 1. 1. 1. 0. 1. 0. 1.
 0. 1. 1. 1. 0. 1. 1. 1. 0. 0. 1. 1. 1. 1. 0. 1. 1. 0. 1. 1. 0. 1. 1. 1.
 0. 1. 1. 1. 1. 1. 1. 0. 1. 1. 1. 0. 1. 1. 1. 0. 1. 0. 0. 1. 1. 1. 1. 1.
 1. 1. 0. 1. 0. 0. 1. 1. 0. 0. 1. 1. 1. 1. 1. 1. 1. 0. 1. 1. 0. 1. 0. 0.
 1. 0. 1. 1. 1. 1. 1. 1. 0. 1. 1. 1. 1. 1. 1. 0. 0. 1. 1. 1. 1. 0. 0. 1.
 1. 1. 1. 1. 1. 1. 1. 1. 0. 0. 1. 1. 1. 1. 1. 1. 1. 0. 1. 0. 1. 1. 0. 1.
 0. 1. 1. 0. 0. 1. 0. 0. 1. 1. 0. 1. 1. 0. 1. 1. 1. 1. 1. 1. 0. 1. 0. 1.
 1. 0. 1. 1. 1. 0. 1. 1. 1. 1. 1. 0. 0. 1. 1. 1. 1. 1. 0. 1. 1. 1. 1. 1.
 1. 1. 1. 1. 1. 1. 1. 0. 1. 0. 1. 1. 1. 1. 1. 1. 0. 1. 0. 1. 1. 1. 0. 1.
 0. 0. 1. 1. 0. 1. 1. 1. 0. 1. 1. 1. 1. 1. 0. 1. 1. 0. 0. 1. 0. 1. 0. 1.
 1. 1. 1. 1. 0. 1. 1. 1. 1. 1. 1. 1. 1. 0. 0. 1. 1. 0. 1. 1. 0. 1. 1. 1.
 0. 0. 1. 0.]","[0. 1. 0. 0. 0. 1. 1. 1. 0. 0. 0. 0. 0. 1. 0. 0. 1. 1. 0. 0. 0. 0. 0. 1.
 0. 0. 1. 0. 1. 0. 0. 1. 0. 1. 1. 0. 0. 0. 1. 0. 0. 0. 1. 1. 1. 0. 1. 0.
 1. 0. 1. 1. 0. 1. 1. 1. 1. 0. 1. 0. 0. 1. 1. 1. 0. 0. 0. 1. 1. 0. 1. 1.
 0. 0. 1. 0. 0. 1. 0. 1. 0. 1. 1. 1. 0. 1. 0. 1. 1. 1. 1. 1. 1. 1. 1. 0.
 0. 0. 1. 1. 1. 0. 0. 1. 1. 1. 0. 0. 0. 1. 1. 1. 0. 0. 0. 0. 1. 1. 1. 0.
 1. 0. 0. 1. 1. 0. 0. 0. 0. 1. 0. 0. 1. 1. 0. 1. 1. 1. 0. 1. 1. 0. 1. 0.
 1. 1. 0. 0. 0. 1. 1. 0. 1. 1. 0. 1. 0. 0. 0. 1. 1. 1. 0. 1. 0. 1. 1. 0.
 1. 0. 0. 1. 1. 0. 0. 1. 0. 1. 1. 0. 0. 1. 0. 0. 1. 1. 0. 1. 1. 0. 0. 0.
 0. 1. 1. 0. 0. 1. 0. 0. 1. 0. 1. 1. 1. 0. 0. 0. 1. 1. 0. 0. 0. 0. 1. 0.
 0. 1. 0. 1. 1. 1. 1. 0. 0. 0. 0. 1. 1. 1. 1. 0. 1. 1. 1. 1. 0. 1. 0. 0.
 1. 0. 0. 1. 1. 1. 1. 1. 0. 0. 1. 1. 1. 0. 0. 1. 0. 1. 0. 0. 1. 0. 1. 0.
 1. 0. 0. 0.]"
460,naive_bayes,{},0.49419674061900104,0.13408863665375076,0.05953865325630384,0.22699545016132694,0.5143300826264535,0.12836842513153657,0.4844867333303966,0.02238805970149249,0.5111940298507462,0.5111940298507462,"{0: 0.48936288705725106, 1: 0.48936288705725106}","{0: 0.48936288705725106, 1: 0.48936288705725106}",0.48936288705725106,"[[38 96]
 [35 99]]","[1. 1. 1. 0. 0. 1. 1. 1. 1. 1. 1. 1. 1. 1. 1. 1. 1. 1. 1. 1. 0. 1. 0. 1.
 0. 1. 1. 1. 0. 1. 1. 1. 0. 0. 1. 1. 1. 1. 0. 1. 1. 0. 1. 1. 0. 1. 1. 1.
 0. 1. 1. 1. 1. 1. 1. 0. 1. 1. 1. 0. 1. 1. 1. 0. 1. 0. 0. 1. 1. 1. 1. 1.
 1. 1. 0. 1. 0. 0. 1. 1. 0. 0. 1. 1. 1. 1. 1. 1. 1. 0. 1. 1. 0. 1. 0. 0.
 1. 0. 1. 1. 1. 1. 1. 1. 0. 1. 1. 1. 1. 1. 1. 0. 0. 1. 1. 1. 1. 0. 0. 1.
 1. 1. 1. 1. 1. 1. 1. 1. 0. 0. 1. 1. 1. 1. 1. 1. 1. 0. 1. 0. 1. 1. 0. 1.
 0. 1. 1. 0. 0. 1. 0. 0. 1. 1. 0. 1. 1. 0. 1. 1. 1. 1. 1. 1. 0. 1. 0. 1.
 1. 0. 1. 1. 1. 0. 1. 1. 1. 1. 1. 0. 0. 1. 1. 1. 1. 1. 0. 1. 1. 1. 1. 1.
 1. 1. 1. 1. 1. 1. 1. 0. 1. 0. 1. 1. 1. 1. 1. 1. 0. 1. 0. 1. 1. 1. 0. 1.
 0. 0. 1. 1. 0. 1. 1. 1. 0. 1. 1. 1. 1. 1. 0. 1. 1. 0. 0. 1. 0. 1. 0. 1.
 1. 1. 1. 1. 0. 1. 1. 1. 1. 1. 1. 1. 1. 0. 0. 1. 1. 0. 1. 1. 0. 1. 1. 1.
 0. 0. 1. 0.]","[0. 1. 0. 0. 0. 1. 1. 1. 0. 0. 0. 0. 0. 1. 0. 0. 1. 1. 0. 0. 0. 0. 0. 1.
 0. 0. 1. 0. 1. 0. 0. 1. 0. 1. 1. 0. 0. 0. 1. 0. 0. 0. 1. 1. 1. 0. 1. 0.
 1. 0. 1. 1. 0. 1. 1. 1. 1. 0. 1. 0. 0. 1. 1. 1. 0. 0. 0. 1. 1. 0. 1. 1.
 0. 0. 1. 0. 0. 1. 0. 1. 0. 1. 1. 1. 0. 1. 0. 1. 1. 1. 1. 1. 1. 1. 1. 0.
 0. 0. 1. 1. 1. 0. 0. 1. 1. 1. 0. 0. 0. 1. 1. 1. 0. 0. 0. 0. 1. 1. 1. 0.
 1. 0. 0. 1. 1. 0. 0. 0. 0. 1. 0. 0. 1. 1. 0. 1. 1. 1. 0. 1. 1. 0. 1. 0.
 1. 1. 0. 0. 0. 1. 1. 0. 1. 1. 0. 1. 0. 0. 0. 1. 1. 1. 0. 1. 0. 1. 1. 0.
 1. 0. 0. 1. 1. 0. 0. 1. 0. 1. 1. 0. 0. 1. 0. 0. 1. 1. 0. 1. 1. 0. 0. 0.
 0. 1. 1. 0. 0. 1. 0. 0. 1. 0. 1. 1. 1. 0. 0. 0. 1. 1. 0. 0. 0. 0. 1. 0.
 0. 1. 0. 1. 1. 1. 1. 0. 0. 0. 0. 1. 1. 1. 1. 0. 1. 1. 1. 1. 0. 1. 0. 0.
 1. 0. 0. 1. 1. 1. 1. 1. 0. 0. 1. 1. 1. 0. 0. 1. 0. 1. 0. 0. 1. 0. 1. 0.
 1. 0. 0. 0.]"
339,naive_bayes,{},0.49419674061900104,0.13408863665375076,0.05953865325630384,0.22699545016132694,0.5143300826264535,0.12836842513153657,0.4844867333303966,0.02238805970149249,0.5111940298507462,0.5111940298507462,"{0: 0.48936288705725106, 1: 0.48936288705725106}","{0: 0.48936288705725106, 1: 0.48936288705725106}",0.48936288705725106,"[[38 96]
 [35 99]]","[1. 1. 1. 0. 0. 1. 1. 1. 1. 1. 1. 1. 1. 1. 1. 1. 1. 1. 1. 1. 0. 1. 0. 1.
 0. 1. 1. 1. 0. 1. 1. 1. 0. 0. 1. 1. 1. 1. 0. 1. 1. 0. 1. 1. 0. 1. 1. 1.
 0. 1. 1. 1. 1. 1. 1. 0. 1. 1. 1. 0. 1. 1. 1. 0. 1. 0. 0. 1. 1. 1. 1. 1.
 1. 1. 0. 1. 0. 0. 1. 1. 0. 0. 1. 1. 1. 1. 1. 1. 1. 0. 1. 1. 0. 1. 0. 0.
 1. 0. 1. 1. 1. 1. 1. 1. 0. 1. 1. 1. 1. 1. 1. 0. 0. 1. 1. 1. 1. 0. 0. 1.
 1. 1. 1. 1. 1. 1. 1. 1. 0. 0. 1. 1. 1. 1. 1. 1. 1. 0. 1. 0. 1. 1. 0. 1.
 0. 1. 1. 0. 0. 1. 0. 0. 1. 1. 0. 1. 1. 0. 1. 1. 1. 1. 1. 1. 0. 1. 0. 1.
 1. 0. 1. 1. 1. 0. 1. 1. 1. 1. 1. 0. 0. 1. 1. 1. 1. 1. 0. 1. 1. 1. 1. 1.
 1. 1. 1. 1. 1. 1. 1. 0. 1. 0. 1. 1. 1. 1. 1. 1. 0. 1. 0. 1. 1. 1. 0. 1.
 0. 0. 1. 1. 0. 1. 1. 1. 0. 1. 1. 1. 1. 1. 0. 1. 1. 0. 0. 1. 0. 1. 0. 1.
 1. 1. 1. 1. 0. 1. 1. 1. 1. 1. 1. 1. 1. 0. 0. 1. 1. 0. 1. 1. 0. 1. 1. 1.
 0. 0. 1. 0.]","[0. 1. 0. 0. 0. 1. 1. 1. 0. 0. 0. 0. 0. 1. 0. 0. 1. 1. 0. 0. 0. 0. 0. 1.
 0. 0. 1. 0. 1. 0. 0. 1. 0. 1. 1. 0. 0. 0. 1. 0. 0. 0. 1. 1. 1. 0. 1. 0.
 1. 0. 1. 1. 0. 1. 1. 1. 1. 0. 1. 0. 0. 1. 1. 1. 0. 0. 0. 1. 1. 0. 1. 1.
 0. 0. 1. 0. 0. 1. 0. 1. 0. 1. 1. 1. 0. 1. 0. 1. 1. 1. 1. 1. 1. 1. 1. 0.
 0. 0. 1. 1. 1. 0. 0. 1. 1. 1. 0. 0. 0. 1. 1. 1. 0. 0. 0. 0. 1. 1. 1. 0.
 1. 0. 0. 1. 1. 0. 0. 0. 0. 1. 0. 0. 1. 1. 0. 1. 1. 1. 0. 1. 1. 0. 1. 0.
 1. 1. 0. 0. 0. 1. 1. 0. 1. 1. 0. 1. 0. 0. 0. 1. 1. 1. 0. 1. 0. 1. 1. 0.
 1. 0. 0. 1. 1. 0. 0. 1. 0. 1. 1. 0. 0. 1. 0. 0. 1. 1. 0. 1. 1. 0. 0. 0.
 0. 1. 1. 0. 0. 1. 0. 0. 1. 0. 1. 1. 1. 0. 0. 0. 1. 1. 0. 0. 0. 0. 1. 0.
 0. 1. 0. 1. 1. 1. 1. 0. 0. 0. 0. 1. 1. 1. 1. 0. 1. 1. 1. 1. 0. 1. 0. 0.
 1. 0. 0. 1. 1. 1. 1. 1. 0. 0. 1. 1. 1. 0. 0. 1. 0. 1. 0. 0. 1. 0. 1. 0.
 1. 0. 0. 0.]"
473,naive_bayes,{},0.49419674061900104,0.13408863665375076,0.05953865325630384,0.22699545016132694,0.5143300826264535,0.12836842513153657,0.4844867333303966,0.02238805970149249,0.5111940298507462,0.5111940298507462,"{0: 0.48936288705725106, 1: 0.48936288705725106}","{0: 0.48936288705725106, 1: 0.48936288705725106}",0.48936288705725106,"[[38 96]
 [35 99]]","[1. 1. 1. 0. 0. 1. 1. 1. 1. 1. 1. 1. 1. 1. 1. 1. 1. 1. 1. 1. 0. 1. 0. 1.
 0. 1. 1. 1. 0. 1. 1. 1. 0. 0. 1. 1. 1. 1. 0. 1. 1. 0. 1. 1. 0. 1. 1. 1.
 0. 1. 1. 1. 1. 1. 1. 0. 1. 1. 1. 0. 1. 1. 1. 0. 1. 0. 0. 1. 1. 1. 1. 1.
 1. 1. 0. 1. 0. 0. 1. 1. 0. 0. 1. 1. 1. 1. 1. 1. 1. 0. 1. 1. 0. 1. 0. 0.
 1. 0. 1. 1. 1. 1. 1. 1. 0. 1. 1. 1. 1. 1. 1. 0. 0. 1. 1. 1. 1. 0. 0. 1.
 1. 1. 1. 1. 1. 1. 1. 1. 0. 0. 1. 1. 1. 1. 1. 1. 1. 0. 1. 0. 1. 1. 0. 1.
 0. 1. 1. 0. 0. 1. 0. 0. 1. 1. 0. 1. 1. 0. 1. 1. 1. 1. 1. 1. 0. 1. 0. 1.
 1. 0. 1. 1. 1. 0. 1. 1. 1. 1. 1. 0. 0. 1. 1. 1. 1. 1. 0. 1. 1. 1. 1. 1.
 1. 1. 1. 1. 1. 1. 1. 0. 1. 0. 1. 1. 1. 1. 1. 1. 0. 1. 0. 1. 1. 1. 0. 1.
 0. 0. 1. 1. 0. 1. 1. 1. 0. 1. 1. 1. 1. 1. 0. 1. 1. 0. 0. 1. 0. 1. 0. 1.
 1. 1. 1. 1. 0. 1. 1. 1. 1. 1. 1. 1. 1. 0. 0. 1. 1. 0. 1. 1. 0. 1. 1. 1.
 0. 0. 1. 0.]","[0. 1. 0. 0. 0. 1. 1. 1. 0. 0. 0. 0. 0. 1. 0. 0. 1. 1. 0. 0. 0. 0. 0. 1.
 0. 0. 1. 0. 1. 0. 0. 1. 0. 1. 1. 0. 0. 0. 1. 0. 0. 0. 1. 1. 1. 0. 1. 0.
 1. 0. 1. 1. 0. 1. 1. 1. 1. 0. 1. 0. 0. 1. 1. 1. 0. 0. 0. 1. 1. 0. 1. 1.
 0. 0. 1. 0. 0. 1. 0. 1. 0. 1. 1. 1. 0. 1. 0. 1. 1. 1. 1. 1. 1. 1. 1. 0.
 0. 0. 1. 1. 1. 0. 0. 1. 1. 1. 0. 0. 0. 1. 1. 1. 0. 0. 0. 0. 1. 1. 1. 0.
 1. 0. 0. 1. 1. 0. 0. 0. 0. 1. 0. 0. 1. 1. 0. 1. 1. 1. 0. 1. 1. 0. 1. 0.
 1. 1. 0. 0. 0. 1. 1. 0. 1. 1. 0. 1. 0. 0. 0. 1. 1. 1. 0. 1. 0. 1. 1. 0.
 1. 0. 0. 1. 1. 0. 0. 1. 0. 1. 1. 0. 0. 1. 0. 0. 1. 1. 0. 1. 1. 0. 0. 0.
 0. 1. 1. 0. 0. 1. 0. 0. 1. 0. 1. 1. 1. 0. 0. 0. 1. 1. 0. 0. 0. 0. 1. 0.
 0. 1. 0. 1. 1. 1. 1. 0. 0. 0. 0. 1. 1. 1. 1. 0. 1. 1. 1. 1. 0. 1. 0. 0.
 1. 0. 0. 1. 1. 1. 1. 1. 0. 0. 1. 1. 1. 0. 0. 1. 0. 1. 0. 0. 1. 0. 1. 0.
 1. 0. 0. 0.]"
485,naive_bayes,{},0.49419674061900104,0.13408863665375076,0.05953865325630384,0.22699545016132694,0.5143300826264535,0.12836842513153657,0.4844867333303966,0.02238805970149249,0.5111940298507462,0.5111940298507462,"{0: 0.48936288705725106, 1: 0.48936288705725106}","{0: 0.48936288705725106, 1: 0.48936288705725106}",0.48936288705725106,"[[38 96]
 [35 99]]","[1. 1. 1. 0. 0. 1. 1. 1. 1. 1. 1. 1. 1. 1. 1. 1. 1. 1. 1. 1. 0. 1. 0. 1.
 0. 1. 1. 1. 0. 1. 1. 1. 0. 0. 1. 1. 1. 1. 0. 1. 1. 0. 1. 1. 0. 1. 1. 1.
 0. 1. 1. 1. 1. 1. 1. 0. 1. 1. 1. 0. 1. 1. 1. 0. 1. 0. 0. 1. 1. 1. 1. 1.
 1. 1. 0. 1. 0. 0. 1. 1. 0. 0. 1. 1. 1. 1. 1. 1. 1. 0. 1. 1. 0. 1. 0. 0.
 1. 0. 1. 1. 1. 1. 1. 1. 0. 1. 1. 1. 1. 1. 1. 0. 0. 1. 1. 1. 1. 0. 0. 1.
 1. 1. 1. 1. 1. 1. 1. 1. 0. 0. 1. 1. 1. 1. 1. 1. 1. 0. 1. 0. 1. 1. 0. 1.
 0. 1. 1. 0. 0. 1. 0. 0. 1. 1. 0. 1. 1. 0. 1. 1. 1. 1. 1. 1. 0. 1. 0. 1.
 1. 0. 1. 1. 1. 0. 1. 1. 1. 1. 1. 0. 0. 1. 1. 1. 1. 1. 0. 1. 1. 1. 1. 1.
 1. 1. 1. 1. 1. 1. 1. 0. 1. 0. 1. 1. 1. 1. 1. 1. 0. 1. 0. 1. 1. 1. 0. 1.
 0. 0. 1. 1. 0. 1. 1. 1. 0. 1. 1. 1. 1. 1. 0. 1. 1. 0. 0. 1. 0. 1. 0. 1.
 1. 1. 1. 1. 0. 1. 1. 1. 1. 1. 1. 1. 1. 0. 0. 1. 1. 0. 1. 1. 0. 1. 1. 1.
 0. 0. 1. 0.]","[0. 1. 0. 0. 0. 1. 1. 1. 0. 0. 0. 0. 0. 1. 0. 0. 1. 1. 0. 0. 0. 0. 0. 1.
 0. 0. 1. 0. 1. 0. 0. 1. 0. 1. 1. 0. 0. 0. 1. 0. 0. 0. 1. 1. 1. 0. 1. 0.
 1. 0. 1. 1. 0. 1. 1. 1. 1. 0. 1. 0. 0. 1. 1. 1. 0. 0. 0. 1. 1. 0. 1. 1.
 0. 0. 1. 0. 0. 1. 0. 1. 0. 1. 1. 1. 0. 1. 0. 1. 1. 1. 1. 1. 1. 1. 1. 0.
 0. 0. 1. 1. 1. 0. 0. 1. 1. 1. 0. 0. 0. 1. 1. 1. 0. 0. 0. 0. 1. 1. 1. 0.
 1. 0. 0. 1. 1. 0. 0. 0. 0. 1. 0. 0. 1. 1. 0. 1. 1. 1. 0. 1. 1. 0. 1. 0.
 1. 1. 0. 0. 0. 1. 1. 0. 1. 1. 0. 1. 0. 0. 0. 1. 1. 1. 0. 1. 0. 1. 1. 0.
 1. 0. 0. 1. 1. 0. 0. 1. 0. 1. 1. 0. 0. 1. 0. 0. 1. 1. 0. 1. 1. 0. 0. 0.
 0. 1. 1. 0. 0. 1. 0. 0. 1. 0. 1. 1. 1. 0. 0. 0. 1. 1. 0. 0. 0. 0. 1. 0.
 0. 1. 0. 1. 1. 1. 1. 0. 0. 0. 0. 1. 1. 1. 1. 0. 1. 1. 1. 1. 0. 1. 0. 0.
 1. 0. 0. 1. 1. 1. 1. 1. 0. 0. 1. 1. 1. 0. 0. 1. 0. 1. 0. 0. 1. 0. 1. 0.
 1. 0. 0. 0.]"
497,naive_bayes,{},0.49419674061900104,0.13408863665375076,0.05953865325630384,0.22699545016132694,0.5143300826264535,0.12836842513153657,0.4844867333303966,0.02238805970149249,0.5111940298507462,0.5111940298507462,"{0: 0.48936288705725106, 1: 0.48936288705725106}","{0: 0.48936288705725106, 1: 0.48936288705725106}",0.48936288705725106,"[[38 96]
 [35 99]]","[1. 1. 1. 0. 0. 1. 1. 1. 1. 1. 1. 1. 1. 1. 1. 1. 1. 1. 1. 1. 0. 1. 0. 1.
 0. 1. 1. 1. 0. 1. 1. 1. 0. 0. 1. 1. 1. 1. 0. 1. 1. 0. 1. 1. 0. 1. 1. 1.
 0. 1. 1. 1. 1. 1. 1. 0. 1. 1. 1. 0. 1. 1. 1. 0. 1. 0. 0. 1. 1. 1. 1. 1.
 1. 1. 0. 1. 0. 0. 1. 1. 0. 0. 1. 1. 1. 1. 1. 1. 1. 0. 1. 1. 0. 1. 0. 0.
 1. 0. 1. 1. 1. 1. 1. 1. 0. 1. 1. 1. 1. 1. 1. 0. 0. 1. 1. 1. 1. 0. 0. 1.
 1. 1. 1. 1. 1. 1. 1. 1. 0. 0. 1. 1. 1. 1. 1. 1. 1. 0. 1. 0. 1. 1. 0. 1.
 0. 1. 1. 0. 0. 1. 0. 0. 1. 1. 0. 1. 1. 0. 1. 1. 1. 1. 1. 1. 0. 1. 0. 1.
 1. 0. 1. 1. 1. 0. 1. 1. 1. 1. 1. 0. 0. 1. 1. 1. 1. 1. 0. 1. 1. 1. 1. 1.
 1. 1. 1. 1. 1. 1. 1. 0. 1. 0. 1. 1. 1. 1. 1. 1. 0. 1. 0. 1. 1. 1. 0. 1.
 0. 0. 1. 1. 0. 1. 1. 1. 0. 1. 1. 1. 1. 1. 0. 1. 1. 0. 0. 1. 0. 1. 0. 1.
 1. 1. 1. 1. 0. 1. 1. 1. 1. 1. 1. 1. 1. 0. 0. 1. 1. 0. 1. 1. 0. 1. 1. 1.
 0. 0. 1. 0.]","[0. 1. 0. 0. 0. 1. 1. 1. 0. 0. 0. 0. 0. 1. 0. 0. 1. 1. 0. 0. 0. 0. 0. 1.
 0. 0. 1. 0. 1. 0. 0. 1. 0. 1. 1. 0. 0. 0. 1. 0. 0. 0. 1. 1. 1. 0. 1. 0.
 1. 0. 1. 1. 0. 1. 1. 1. 1. 0. 1. 0. 0. 1. 1. 1. 0. 0. 0. 1. 1. 0. 1. 1.
 0. 0. 1. 0. 0. 1. 0. 1. 0. 1. 1. 1. 0. 1. 0. 1. 1. 1. 1. 1. 1. 1. 1. 0.
 0. 0. 1. 1. 1. 0. 0. 1. 1. 1. 0. 0. 0. 1. 1. 1. 0. 0. 0. 0. 1. 1. 1. 0.
 1. 0. 0. 1. 1. 0. 0. 0. 0. 1. 0. 0. 1. 1. 0. 1. 1. 1. 0. 1. 1. 0. 1. 0.
 1. 1. 0. 0. 0. 1. 1. 0. 1. 1. 0. 1. 0. 0. 0. 1. 1. 1. 0. 1. 0. 1. 1. 0.
 1. 0. 0. 1. 1. 0. 0. 1. 0. 1. 1. 0. 0. 1. 0. 0. 1. 1. 0. 1. 1. 0. 0. 0.
 0. 1. 1. 0. 0. 1. 0. 0. 1. 0. 1. 1. 1. 0. 0. 0. 1. 1. 0. 0. 0. 0. 1. 0.
 0. 1. 0. 1. 1. 1. 1. 0. 0. 0. 0. 1. 1. 1. 1. 0. 1. 1. 1. 1. 0. 1. 0. 0.
 1. 0. 0. 1. 1. 1. 1. 1. 0. 0. 1. 1. 1. 0. 0. 1. 0. 1. 0. 0. 1. 0. 1. 0.
 1. 0. 0. 0.]"
327,naive_bayes,{},0.49419674061900104,0.13408863665375076,0.05953865325630384,0.22699545016132694,0.5143300826264535,0.12836842513153657,0.4844867333303966,0.02238805970149249,0.5111940298507462,0.5111940298507462,"{0: 0.48936288705725106, 1: 0.48936288705725106}","{0: 0.48936288705725106, 1: 0.48936288705725106}",0.48936288705725106,"[[38 96]
 [35 99]]","[1. 1. 1. 0. 0. 1. 1. 1. 1. 1. 1. 1. 1. 1. 1. 1. 1. 1. 1. 1. 0. 1. 0. 1.
 0. 1. 1. 1. 0. 1. 1. 1. 0. 0. 1. 1. 1. 1. 0. 1. 1. 0. 1. 1. 0. 1. 1. 1.
 0. 1. 1. 1. 1. 1. 1. 0. 1. 1. 1. 0. 1. 1. 1. 0. 1. 0. 0. 1. 1. 1. 1. 1.
 1. 1. 0. 1. 0. 0. 1. 1. 0. 0. 1. 1. 1. 1. 1. 1. 1. 0. 1. 1. 0. 1. 0. 0.
 1. 0. 1. 1. 1. 1. 1. 1. 0. 1. 1. 1. 1. 1. 1. 0. 0. 1. 1. 1. 1. 0. 0. 1.
 1. 1. 1. 1. 1. 1. 1. 1. 0. 0. 1. 1. 1. 1. 1. 1. 1. 0. 1. 0. 1. 1. 0. 1.
 0. 1. 1. 0. 0. 1. 0. 0. 1. 1. 0. 1. 1. 0. 1. 1. 1. 1. 1. 1. 0. 1. 0. 1.
 1. 0. 1. 1. 1. 0. 1. 1. 1. 1. 1. 0. 0. 1. 1. 1. 1. 1. 0. 1. 1. 1. 1. 1.
 1. 1. 1. 1. 1. 1. 1. 0. 1. 0. 1. 1. 1. 1. 1. 1. 0. 1. 0. 1. 1. 1. 0. 1.
 0. 0. 1. 1. 0. 1. 1. 1. 0. 1. 1. 1. 1. 1. 0. 1. 1. 0. 0. 1. 0. 1. 0. 1.
 1. 1. 1. 1. 0. 1. 1. 1. 1. 1. 1. 1. 1. 0. 0. 1. 1. 0. 1. 1. 0. 1. 1. 1.
 0. 0. 1. 0.]","[0. 1. 0. 0. 0. 1. 1. 1. 0. 0. 0. 0. 0. 1. 0. 0. 1. 1. 0. 0. 0. 0. 0. 1.
 0. 0. 1. 0. 1. 0. 0. 1. 0. 1. 1. 0. 0. 0. 1. 0. 0. 0. 1. 1. 1. 0. 1. 0.
 1. 0. 1. 1. 0. 1. 1. 1. 1. 0. 1. 0. 0. 1. 1. 1. 0. 0. 0. 1. 1. 0. 1. 1.
 0. 0. 1. 0. 0. 1. 0. 1. 0. 1. 1. 1. 0. 1. 0. 1. 1. 1. 1. 1. 1. 1. 1. 0.
 0. 0. 1. 1. 1. 0. 0. 1. 1. 1. 0. 0. 0. 1. 1. 1. 0. 0. 0. 0. 1. 1. 1. 0.
 1. 0. 0. 1. 1. 0. 0. 0. 0. 1. 0. 0. 1. 1. 0. 1. 1. 1. 0. 1. 1. 0. 1. 0.
 1. 1. 0. 0. 0. 1. 1. 0. 1. 1. 0. 1. 0. 0. 0. 1. 1. 1. 0. 1. 0. 1. 1. 0.
 1. 0. 0. 1. 1. 0. 0. 1. 0. 1. 1. 0. 0. 1. 0. 0. 1. 1. 0. 1. 1. 0. 0. 0.
 0. 1. 1. 0. 0. 1. 0. 0. 1. 0. 1. 1. 1. 0. 0. 0. 1. 1. 0. 0. 0. 0. 1. 0.
 0. 1. 0. 1. 1. 1. 1. 0. 0. 0. 0. 1. 1. 1. 1. 0. 1. 1. 1. 1. 0. 1. 0. 0.
 1. 0. 0. 1. 1. 1. 1. 1. 0. 0. 1. 1. 1. 0. 0. 1. 0. 1. 0. 0. 1. 0. 1. 0.
 1. 0. 0. 0.]"
425,naive_bayes,{},0.49419674061900104,0.13408863665375076,0.05953865325630384,0.22699545016132694,0.5143300826264535,0.12836842513153657,0.4844867333303966,0.02238805970149249,0.5111940298507462,0.5111940298507462,"{0: 0.48936288705725106, 1: 0.48936288705725106}","{0: 0.48936288705725106, 1: 0.48936288705725106}",0.48936288705725106,"[[38 96]
 [35 99]]","[1. 1. 1. 0. 0. 1. 1. 1. 1. 1. 1. 1. 1. 1. 1. 1. 1. 1. 1. 1. 0. 1. 0. 1.
 0. 1. 1. 1. 0. 1. 1. 1. 0. 0. 1. 1. 1. 1. 0. 1. 1. 0. 1. 1. 0. 1. 1. 1.
 0. 1. 1. 1. 1. 1. 1. 0. 1. 1. 1. 0. 1. 1. 1. 0. 1. 0. 0. 1. 1. 1. 1. 1.
 1. 1. 0. 1. 0. 0. 1. 1. 0. 0. 1. 1. 1. 1. 1. 1. 1. 0. 1. 1. 0. 1. 0. 0.
 1. 0. 1. 1. 1. 1. 1. 1. 0. 1. 1. 1. 1. 1. 1. 0. 0. 1. 1. 1. 1. 0. 0. 1.
 1. 1. 1. 1. 1. 1. 1. 1. 0. 0. 1. 1. 1. 1. 1. 1. 1. 0. 1. 0. 1. 1. 0. 1.
 0. 1. 1. 0. 0. 1. 0. 0. 1. 1. 0. 1. 1. 0. 1. 1. 1. 1. 1. 1. 0. 1. 0. 1.
 1. 0. 1. 1. 1. 0. 1. 1. 1. 1. 1. 0. 0. 1. 1. 1. 1. 1. 0. 1. 1. 1. 1. 1.
 1. 1. 1. 1. 1. 1. 1. 0. 1. 0. 1. 1. 1. 1. 1. 1. 0. 1. 0. 1. 1. 1. 0. 1.
 0. 0. 1. 1. 0. 1. 1. 1. 0. 1. 1. 1. 1. 1. 0. 1. 1. 0. 0. 1. 0. 1. 0. 1.
 1. 1. 1. 1. 0. 1. 1. 1. 1. 1. 1. 1. 1. 0. 0. 1. 1. 0. 1. 1. 0. 1. 1. 1.
 0. 0. 1. 0.]","[0. 1. 0. 0. 0. 1. 1. 1. 0. 0. 0. 0. 0. 1. 0. 0. 1. 1. 0. 0. 0. 0. 0. 1.
 0. 0. 1. 0. 1. 0. 0. 1. 0. 1. 1. 0. 0. 0. 1. 0. 0. 0. 1. 1. 1. 0. 1. 0.
 1. 0. 1. 1. 0. 1. 1. 1. 1. 0. 1. 0. 0. 1. 1. 1. 0. 0. 0. 1. 1. 0. 1. 1.
 0. 0. 1. 0. 0. 1. 0. 1. 0. 1. 1. 1. 0. 1. 0. 1. 1. 1. 1. 1. 1. 1. 1. 0.
 0. 0. 1. 1. 1. 0. 0. 1. 1. 1. 0. 0. 0. 1. 1. 1. 0. 0. 0. 0. 1. 1. 1. 0.
 1. 0. 0. 1. 1. 0. 0. 0. 0. 1. 0. 0. 1. 1. 0. 1. 1. 1. 0. 1. 1. 0. 1. 0.
 1. 1. 0. 0. 0. 1. 1. 0. 1. 1. 0. 1. 0. 0. 0. 1. 1. 1. 0. 1. 0. 1. 1. 0.
 1. 0. 0. 1. 1. 0. 0. 1. 0. 1. 1. 0. 0. 1. 0. 0. 1. 1. 0. 1. 1. 0. 0. 0.
 0. 1. 1. 0. 0. 1. 0. 0. 1. 0. 1. 1. 1. 0. 0. 0. 1. 1. 0. 0. 0. 0. 1. 0.
 0. 1. 0. 1. 1. 1. 1. 0. 0. 0. 0. 1. 1. 1. 1. 0. 1. 1. 1. 1. 0. 1. 0. 0.
 1. 0. 0. 1. 1. 1. 1. 1. 0. 0. 1. 1. 1. 0. 0. 1. 0. 1. 0. 0. 1. 0. 1. 0.
 1. 0. 0. 0.]"
509,naive_bayes,{},0.49419674061900104,0.13408863665375076,0.05953865325630384,0.22699545016132694,0.5143300826264535,0.12836842513153657,0.4844867333303966,0.02238805970149249,0.5111940298507462,0.5111940298507462,"{0: 0.48936288705725106, 1: 0.48936288705725106}","{0: 0.48936288705725106, 1: 0.48936288705725106}",0.48936288705725106,"[[38 96]
 [35 99]]","[1. 1. 1. 0. 0. 1. 1. 1. 1. 1. 1. 1. 1. 1. 1. 1. 1. 1. 1. 1. 0. 1. 0. 1.
 0. 1. 1. 1. 0. 1. 1. 1. 0. 0. 1. 1. 1. 1. 0. 1. 1. 0. 1. 1. 0. 1. 1. 1.
 0. 1. 1. 1. 1. 1. 1. 0. 1. 1. 1. 0. 1. 1. 1. 0. 1. 0. 0. 1. 1. 1. 1. 1.
 1. 1. 0. 1. 0. 0. 1. 1. 0. 0. 1. 1. 1. 1. 1. 1. 1. 0. 1. 1. 0. 1. 0. 0.
 1. 0. 1. 1. 1. 1. 1. 1. 0. 1. 1. 1. 1. 1. 1. 0. 0. 1. 1. 1. 1. 0. 0. 1.
 1. 1. 1. 1. 1. 1. 1. 1. 0. 0. 1. 1. 1. 1. 1. 1. 1. 0. 1. 0. 1. 1. 0. 1.
 0. 1. 1. 0. 0. 1. 0. 0. 1. 1. 0. 1. 1. 0. 1. 1. 1. 1. 1. 1. 0. 1. 0. 1.
 1. 0. 1. 1. 1. 0. 1. 1. 1. 1. 1. 0. 0. 1. 1. 1. 1. 1. 0. 1. 1. 1. 1. 1.
 1. 1. 1. 1. 1. 1. 1. 0. 1. 0. 1. 1. 1. 1. 1. 1. 0. 1. 0. 1. 1. 1. 0. 1.
 0. 0. 1. 1. 0. 1. 1. 1. 0. 1. 1. 1. 1. 1. 0. 1. 1. 0. 0. 1. 0. 1. 0. 1.
 1. 1. 1. 1. 0. 1. 1. 1. 1. 1. 1. 1. 1. 0. 0. 1. 1. 0. 1. 1. 0. 1. 1. 1.
 0. 0. 1. 0.]","[0. 1. 0. 0. 0. 1. 1. 1. 0. 0. 0. 0. 0. 1. 0. 0. 1. 1. 0. 0. 0. 0. 0. 1.
 0. 0. 1. 0. 1. 0. 0. 1. 0. 1. 1. 0. 0. 0. 1. 0. 0. 0. 1. 1. 1. 0. 1. 0.
 1. 0. 1. 1. 0. 1. 1. 1. 1. 0. 1. 0. 0. 1. 1. 1. 0. 0. 0. 1. 1. 0. 1. 1.
 0. 0. 1. 0. 0. 1. 0. 1. 0. 1. 1. 1. 0. 1. 0. 1. 1. 1. 1. 1. 1. 1. 1. 0.
 0. 0. 1. 1. 1. 0. 0. 1. 1. 1. 0. 0. 0. 1. 1. 1. 0. 0. 0. 0. 1. 1. 1. 0.
 1. 0. 0. 1. 1. 0. 0. 0. 0. 1. 0. 0. 1. 1. 0. 1. 1. 1. 0. 1. 1. 0. 1. 0.
 1. 1. 0. 0. 0. 1. 1. 0. 1. 1. 0. 1. 0. 0. 0. 1. 1. 1. 0. 1. 0. 1. 1. 0.
 1. 0. 0. 1. 1. 0. 0. 1. 0. 1. 1. 0. 0. 1. 0. 0. 1. 1. 0. 1. 1. 0. 0. 0.
 0. 1. 1. 0. 0. 1. 0. 0. 1. 0. 1. 1. 1. 0. 0. 0. 1. 1. 0. 0. 0. 0. 1. 0.
 0. 1. 0. 1. 1. 1. 1. 0. 0. 0. 0. 1. 1. 1. 1. 0. 1. 1. 1. 1. 0. 1. 0. 0.
 1. 0. 0. 1. 1. 1. 1. 1. 0. 0. 1. 1. 1. 0. 0. 1. 0. 1. 0. 0. 1. 0. 1. 0.
 1. 0. 0. 0.]"
521,naive_bayes,{},0.49419674061900104,0.13408863665375076,0.05953865325630384,0.22699545016132694,0.5143300826264535,0.12836842513153657,0.4844867333303966,0.02238805970149249,0.5111940298507462,0.5111940298507462,"{0: 0.48936288705725106, 1: 0.48936288705725106}","{0: 0.48936288705725106, 1: 0.48936288705725106}",0.48936288705725106,"[[38 96]
 [35 99]]","[1. 1. 1. 0. 0. 1. 1. 1. 1. 1. 1. 1. 1. 1. 1. 1. 1. 1. 1. 1. 0. 1. 0. 1.
 0. 1. 1. 1. 0. 1. 1. 1. 0. 0. 1. 1. 1. 1. 0. 1. 1. 0. 1. 1. 0. 1. 1. 1.
 0. 1. 1. 1. 1. 1. 1. 0. 1. 1. 1. 0. 1. 1. 1. 0. 1. 0. 0. 1. 1. 1. 1. 1.
 1. 1. 0. 1. 0. 0. 1. 1. 0. 0. 1. 1. 1. 1. 1. 1. 1. 0. 1. 1. 0. 1. 0. 0.
 1. 0. 1. 1. 1. 1. 1. 1. 0. 1. 1. 1. 1. 1. 1. 0. 0. 1. 1. 1. 1. 0. 0. 1.
 1. 1. 1. 1. 1. 1. 1. 1. 0. 0. 1. 1. 1. 1. 1. 1. 1. 0. 1. 0. 1. 1. 0. 1.
 0. 1. 1. 0. 0. 1. 0. 0. 1. 1. 0. 1. 1. 0. 1. 1. 1. 1. 1. 1. 0. 1. 0. 1.
 1. 0. 1. 1. 1. 0. 1. 1. 1. 1. 1. 0. 0. 1. 1. 1. 1. 1. 0. 1. 1. 1. 1. 1.
 1. 1. 1. 1. 1. 1. 1. 0. 1. 0. 1. 1. 1. 1. 1. 1. 0. 1. 0. 1. 1. 1. 0. 1.
 0. 0. 1. 1. 0. 1. 1. 1. 0. 1. 1. 1. 1. 1. 0. 1. 1. 0. 0. 1. 0. 1. 0. 1.
 1. 1. 1. 1. 0. 1. 1. 1. 1. 1. 1. 1. 1. 0. 0. 1. 1. 0. 1. 1. 0. 1. 1. 1.
 0. 0. 1. 0.]","[0. 1. 0. 0. 0. 1. 1. 1. 0. 0. 0. 0. 0. 1. 0. 0. 1. 1. 0. 0. 0. 0. 0. 1.
 0. 0. 1. 0. 1. 0. 0. 1. 0. 1. 1. 0. 0. 0. 1. 0. 0. 0. 1. 1. 1. 0. 1. 0.
 1. 0. 1. 1. 0. 1. 1. 1. 1. 0. 1. 0. 0. 1. 1. 1. 0. 0. 0. 1. 1. 0. 1. 1.
 0. 0. 1. 0. 0. 1. 0. 1. 0. 1. 1. 1. 0. 1. 0. 1. 1. 1. 1. 1. 1. 1. 1. 0.
 0. 0. 1. 1. 1. 0. 0. 1. 1. 1. 0. 0. 0. 1. 1. 1. 0. 0. 0. 0. 1. 1. 1. 0.
 1. 0. 0. 1. 1. 0. 0. 0. 0. 1. 0. 0. 1. 1. 0. 1. 1. 1. 0. 1. 1. 0. 1. 0.
 1. 1. 0. 0. 0. 1. 1. 0. 1. 1. 0. 1. 0. 0. 0. 1. 1. 1. 0. 1. 0. 1. 1. 0.
 1. 0. 0. 1. 1. 0. 0. 1. 0. 1. 1. 0. 0. 1. 0. 0. 1. 1. 0. 1. 1. 0. 0. 0.
 0. 1. 1. 0. 0. 1. 0. 0. 1. 0. 1. 1. 1. 0. 0. 0. 1. 1. 0. 0. 0. 0. 1. 0.
 0. 1. 0. 1. 1. 1. 1. 0. 0. 0. 0. 1. 1. 1. 1. 0. 1. 1. 1. 1. 0. 1. 0. 0.
 1. 0. 0. 1. 1. 1. 1. 1. 0. 0. 1. 1. 1. 0. 0. 1. 0. 1. 0. 0. 1. 0. 1. 0.
 1. 0. 0. 0.]"
316,naive_bayes,{},0.49419674061900104,0.13408863665375076,0.05953865325630384,0.22699545016132694,0.5143300826264535,0.12836842513153657,0.4844867333303966,0.02238805970149249,0.5111940298507462,0.5111940298507462,"{0: 0.48936288705725106, 1: 0.48936288705725106}","{0: 0.48936288705725106, 1: 0.48936288705725106}",0.48936288705725106,"[[38 96]
 [35 99]]","[1. 1. 1. 0. 0. 1. 1. 1. 1. 1. 1. 1. 1. 1. 1. 1. 1. 1. 1. 1. 0. 1. 0. 1.
 0. 1. 1. 1. 0. 1. 1. 1. 0. 0. 1. 1. 1. 1. 0. 1. 1. 0. 1. 1. 0. 1. 1. 1.
 0. 1. 1. 1. 1. 1. 1. 0. 1. 1. 1. 0. 1. 1. 1. 0. 1. 0. 0. 1. 1. 1. 1. 1.
 1. 1. 0. 1. 0. 0. 1. 1. 0. 0. 1. 1. 1. 1. 1. 1. 1. 0. 1. 1. 0. 1. 0. 0.
 1. 0. 1. 1. 1. 1. 1. 1. 0. 1. 1. 1. 1. 1. 1. 0. 0. 1. 1. 1. 1. 0. 0. 1.
 1. 1. 1. 1. 1. 1. 1. 1. 0. 0. 1. 1. 1. 1. 1. 1. 1. 0. 1. 0. 1. 1. 0. 1.
 0. 1. 1. 0. 0. 1. 0. 0. 1. 1. 0. 1. 1. 0. 1. 1. 1. 1. 1. 1. 0. 1. 0. 1.
 1. 0. 1. 1. 1. 0. 1. 1. 1. 1. 1. 0. 0. 1. 1. 1. 1. 1. 0. 1. 1. 1. 1. 1.
 1. 1. 1. 1. 1. 1. 1. 0. 1. 0. 1. 1. 1. 1. 1. 1. 0. 1. 0. 1. 1. 1. 0. 1.
 0. 0. 1. 1. 0. 1. 1. 1. 0. 1. 1. 1. 1. 1. 0. 1. 1. 0. 0. 1. 0. 1. 0. 1.
 1. 1. 1. 1. 0. 1. 1. 1. 1. 1. 1. 1. 1. 0. 0. 1. 1. 0. 1. 1. 0. 1. 1. 1.
 0. 0. 1. 0.]","[0. 1. 0. 0. 0. 1. 1. 1. 0. 0. 0. 0. 0. 1. 0. 0. 1. 1. 0. 0. 0. 0. 0. 1.
 0. 0. 1. 0. 1. 0. 0. 1. 0. 1. 1. 0. 0. 0. 1. 0. 0. 0. 1. 1. 1. 0. 1. 0.
 1. 0. 1. 1. 0. 1. 1. 1. 1. 0. 1. 0. 0. 1. 1. 1. 0. 0. 0. 1. 1. 0. 1. 1.
 0. 0. 1. 0. 0. 1. 0. 1. 0. 1. 1. 1. 0. 1. 0. 1. 1. 1. 1. 1. 1. 1. 1. 0.
 0. 0. 1. 1. 1. 0. 0. 1. 1. 1. 0. 0. 0. 1. 1. 1. 0. 0. 0. 0. 1. 1. 1. 0.
 1. 0. 0. 1. 1. 0. 0. 0. 0. 1. 0. 0. 1. 1. 0. 1. 1. 1. 0. 1. 1. 0. 1. 0.
 1. 1. 0. 0. 0. 1. 1. 0. 1. 1. 0. 1. 0. 0. 0. 1. 1. 1. 0. 1. 0. 1. 1. 0.
 1. 0. 0. 1. 1. 0. 0. 1. 0. 1. 1. 0. 0. 1. 0. 0. 1. 1. 0. 1. 1. 0. 0. 0.
 0. 1. 1. 0. 0. 1. 0. 0. 1. 0. 1. 1. 1. 0. 0. 0. 1. 1. 0. 0. 0. 0. 1. 0.
 0. 1. 0. 1. 1. 1. 1. 0. 0. 0. 0. 1. 1. 1. 1. 0. 1. 1. 1. 1. 0. 1. 0. 0.
 1. 0. 0. 1. 1. 1. 1. 1. 0. 0. 1. 1. 1. 0. 0. 1. 0. 1. 0. 0. 1. 0. 1. 0.
 1. 0. 0. 0.]"
533,naive_bayes,{},0.49419674061900104,0.13408863665375076,0.05953865325630384,0.22699545016132694,0.5143300826264535,0.12836842513153657,0.4844867333303966,0.02238805970149249,0.5111940298507462,0.5111940298507462,"{0: 0.48936288705725106, 1: 0.48936288705725106}","{0: 0.48936288705725106, 1: 0.48936288705725106}",0.48936288705725106,"[[38 96]
 [35 99]]","[1. 1. 1. 0. 0. 1. 1. 1. 1. 1. 1. 1. 1. 1. 1. 1. 1. 1. 1. 1. 0. 1. 0. 1.
 0. 1. 1. 1. 0. 1. 1. 1. 0. 0. 1. 1. 1. 1. 0. 1. 1. 0. 1. 1. 0. 1. 1. 1.
 0. 1. 1. 1. 1. 1. 1. 0. 1. 1. 1. 0. 1. 1. 1. 0. 1. 0. 0. 1. 1. 1. 1. 1.
 1. 1. 0. 1. 0. 0. 1. 1. 0. 0. 1. 1. 1. 1. 1. 1. 1. 0. 1. 1. 0. 1. 0. 0.
 1. 0. 1. 1. 1. 1. 1. 1. 0. 1. 1. 1. 1. 1. 1. 0. 0. 1. 1. 1. 1. 0. 0. 1.
 1. 1. 1. 1. 1. 1. 1. 1. 0. 0. 1. 1. 1. 1. 1. 1. 1. 0. 1. 0. 1. 1. 0. 1.
 0. 1. 1. 0. 0. 1. 0. 0. 1. 1. 0. 1. 1. 0. 1. 1. 1. 1. 1. 1. 0. 1. 0. 1.
 1. 0. 1. 1. 1. 0. 1. 1. 1. 1. 1. 0. 0. 1. 1. 1. 1. 1. 0. 1. 1. 1. 1. 1.
 1. 1. 1. 1. 1. 1. 1. 0. 1. 0. 1. 1. 1. 1. 1. 1. 0. 1. 0. 1. 1. 1. 0. 1.
 0. 0. 1. 1. 0. 1. 1. 1. 0. 1. 1. 1. 1. 1. 0. 1. 1. 0. 0. 1. 0. 1. 0. 1.
 1. 1. 1. 1. 0. 1. 1. 1. 1. 1. 1. 1. 1. 0. 0. 1. 1. 0. 1. 1. 0. 1. 1. 1.
 0. 0. 1. 0.]","[0. 1. 0. 0. 0. 1. 1. 1. 0. 0. 0. 0. 0. 1. 0. 0. 1. 1. 0. 0. 0. 0. 0. 1.
 0. 0. 1. 0. 1. 0. 0. 1. 0. 1. 1. 0. 0. 0. 1. 0. 0. 0. 1. 1. 1. 0. 1. 0.
 1. 0. 1. 1. 0. 1. 1. 1. 1. 0. 1. 0. 0. 1. 1. 1. 0. 0. 0. 1. 1. 0. 1. 1.
 0. 0. 1. 0. 0. 1. 0. 1. 0. 1. 1. 1. 0. 1. 0. 1. 1. 1. 1. 1. 1. 1. 1. 0.
 0. 0. 1. 1. 1. 0. 0. 1. 1. 1. 0. 0. 0. 1. 1. 1. 0. 0. 0. 0. 1. 1. 1. 0.
 1. 0. 0. 1. 1. 0. 0. 0. 0. 1. 0. 0. 1. 1. 0. 1. 1. 1. 0. 1. 1. 0. 1. 0.
 1. 1. 0. 0. 0. 1. 1. 0. 1. 1. 0. 1. 0. 0. 0. 1. 1. 1. 0. 1. 0. 1. 1. 0.
 1. 0. 0. 1. 1. 0. 0. 1. 0. 1. 1. 0. 0. 1. 0. 0. 1. 1. 0. 1. 1. 0. 0. 0.
 0. 1. 1. 0. 0. 1. 0. 0. 1. 0. 1. 1. 1. 0. 0. 0. 1. 1. 0. 0. 0. 0. 1. 0.
 0. 1. 0. 1. 1. 1. 1. 0. 0. 0. 0. 1. 1. 1. 1. 0. 1. 1. 1. 1. 0. 1. 0. 0.
 1. 0. 0. 1. 1. 1. 1. 1. 0. 0. 1. 1. 1. 0. 0. 1. 0. 1. 0. 0. 1. 0. 1. 0.
 1. 0. 0. 0.]"
360,naive_bayes,{},0.49419674061900104,0.13408863665375076,0.05953865325630384,0.22699545016132694,0.5143300826264535,0.12836842513153657,0.4844867333303966,0.02238805970149249,0.5111940298507462,0.5111940298507462,"{0: 0.48936288705725106, 1: 0.48936288705725106}","{0: 0.48936288705725106, 1: 0.48936288705725106}",0.48936288705725106,"[[38 96]
 [35 99]]","[1. 1. 1. 0. 0. 1. 1. 1. 1. 1. 1. 1. 1. 1. 1. 1. 1. 1. 1. 1. 0. 1. 0. 1.
 0. 1. 1. 1. 0. 1. 1. 1. 0. 0. 1. 1. 1. 1. 0. 1. 1. 0. 1. 1. 0. 1. 1. 1.
 0. 1. 1. 1. 1. 1. 1. 0. 1. 1. 1. 0. 1. 1. 1. 0. 1. 0. 0. 1. 1. 1. 1. 1.
 1. 1. 0. 1. 0. 0. 1. 1. 0. 0. 1. 1. 1. 1. 1. 1. 1. 0. 1. 1. 0. 1. 0. 0.
 1. 0. 1. 1. 1. 1. 1. 1. 0. 1. 1. 1. 1. 1. 1. 0. 0. 1. 1. 1. 1. 0. 0. 1.
 1. 1. 1. 1. 1. 1. 1. 1. 0. 0. 1. 1. 1. 1. 1. 1. 1. 0. 1. 0. 1. 1. 0. 1.
 0. 1. 1. 0. 0. 1. 0. 0. 1. 1. 0. 1. 1. 0. 1. 1. 1. 1. 1. 1. 0. 1. 0. 1.
 1. 0. 1. 1. 1. 0. 1. 1. 1. 1. 1. 0. 0. 1. 1. 1. 1. 1. 0. 1. 1. 1. 1. 1.
 1. 1. 1. 1. 1. 1. 1. 0. 1. 0. 1. 1. 1. 1. 1. 1. 0. 1. 0. 1. 1. 1. 0. 1.
 0. 0. 1. 1. 0. 1. 1. 1. 0. 1. 1. 1. 1. 1. 0. 1. 1. 0. 0. 1. 0. 1. 0. 1.
 1. 1. 1. 1. 0. 1. 1. 1. 1. 1. 1. 1. 1. 0. 0. 1. 1. 0. 1. 1. 0. 1. 1. 1.
 0. 0. 1. 0.]","[0. 1. 0. 0. 0. 1. 1. 1. 0. 0. 0. 0. 0. 1. 0. 0. 1. 1. 0. 0. 0. 0. 0. 1.
 0. 0. 1. 0. 1. 0. 0. 1. 0. 1. 1. 0. 0. 0. 1. 0. 0. 0. 1. 1. 1. 0. 1. 0.
 1. 0. 1. 1. 0. 1. 1. 1. 1. 0. 1. 0. 0. 1. 1. 1. 0. 0. 0. 1. 1. 0. 1. 1.
 0. 0. 1. 0. 0. 1. 0. 1. 0. 1. 1. 1. 0. 1. 0. 1. 1. 1. 1. 1. 1. 1. 1. 0.
 0. 0. 1. 1. 1. 0. 0. 1. 1. 1. 0. 0. 0. 1. 1. 1. 0. 0. 0. 0. 1. 1. 1. 0.
 1. 0. 0. 1. 1. 0. 0. 0. 0. 1. 0. 0. 1. 1. 0. 1. 1. 1. 0. 1. 1. 0. 1. 0.
 1. 1. 0. 0. 0. 1. 1. 0. 1. 1. 0. 1. 0. 0. 0. 1. 1. 1. 0. 1. 0. 1. 1. 0.
 1. 0. 0. 1. 1. 0. 0. 1. 0. 1. 1. 0. 0. 1. 0. 0. 1. 1. 0. 1. 1. 0. 0. 0.
 0. 1. 1. 0. 0. 1. 0. 0. 1. 0. 1. 1. 1. 0. 0. 0. 1. 1. 0. 0. 0. 0. 1. 0.
 0. 1. 0. 1. 1. 1. 1. 0. 0. 0. 0. 1. 1. 1. 1. 0. 1. 1. 1. 1. 0. 1. 0. 0.
 1. 0. 0. 1. 1. 1. 1. 1. 0. 0. 1. 1. 1. 0. 0. 1. 0. 1. 0. 0. 1. 0. 1. 0.
 1. 0. 0. 0.]"
545,naive_bayes,{},0.49419674061900104,0.13408863665375076,0.05953865325630384,0.22699545016132694,0.5143300826264535,0.12836842513153657,0.4844867333303966,0.02238805970149249,0.5111940298507462,0.5111940298507462,"{0: 0.48936288705725106, 1: 0.48936288705725106}","{0: 0.48936288705725106, 1: 0.48936288705725106}",0.48936288705725106,"[[38 96]
 [35 99]]","[1. 1. 1. 0. 0. 1. 1. 1. 1. 1. 1. 1. 1. 1. 1. 1. 1. 1. 1. 1. 0. 1. 0. 1.
 0. 1. 1. 1. 0. 1. 1. 1. 0. 0. 1. 1. 1. 1. 0. 1. 1. 0. 1. 1. 0. 1. 1. 1.
 0. 1. 1. 1. 1. 1. 1. 0. 1. 1. 1. 0. 1. 1. 1. 0. 1. 0. 0. 1. 1. 1. 1. 1.
 1. 1. 0. 1. 0. 0. 1. 1. 0. 0. 1. 1. 1. 1. 1. 1. 1. 0. 1. 1. 0. 1. 0. 0.
 1. 0. 1. 1. 1. 1. 1. 1. 0. 1. 1. 1. 1. 1. 1. 0. 0. 1. 1. 1. 1. 0. 0. 1.
 1. 1. 1. 1. 1. 1. 1. 1. 0. 0. 1. 1. 1. 1. 1. 1. 1. 0. 1. 0. 1. 1. 0. 1.
 0. 1. 1. 0. 0. 1. 0. 0. 1. 1. 0. 1. 1. 0. 1. 1. 1. 1. 1. 1. 0. 1. 0. 1.
 1. 0. 1. 1. 1. 0. 1. 1. 1. 1. 1. 0. 0. 1. 1. 1. 1. 1. 0. 1. 1. 1. 1. 1.
 1. 1. 1. 1. 1. 1. 1. 0. 1. 0. 1. 1. 1. 1. 1. 1. 0. 1. 0. 1. 1. 1. 0. 1.
 0. 0. 1. 1. 0. 1. 1. 1. 0. 1. 1. 1. 1. 1. 0. 1. 1. 0. 0. 1. 0. 1. 0. 1.
 1. 1. 1. 1. 0. 1. 1. 1. 1. 1. 1. 1. 1. 0. 0. 1. 1. 0. 1. 1. 0. 1. 1. 1.
 0. 0. 1. 0.]","[0. 1. 0. 0. 0. 1. 1. 1. 0. 0. 0. 0. 0. 1. 0. 0. 1. 1. 0. 0. 0. 0. 0. 1.
 0. 0. 1. 0. 1. 0. 0. 1. 0. 1. 1. 0. 0. 0. 1. 0. 0. 0. 1. 1. 1. 0. 1. 0.
 1. 0. 1. 1. 0. 1. 1. 1. 1. 0. 1. 0. 0. 1. 1. 1. 0. 0. 0. 1. 1. 0. 1. 1.
 0. 0. 1. 0. 0. 1. 0. 1. 0. 1. 1. 1. 0. 1. 0. 1. 1. 1. 1. 1. 1. 1. 1. 0.
 0. 0. 1. 1. 1. 0. 0. 1. 1. 1. 0. 0. 0. 1. 1. 1. 0. 0. 0. 0. 1. 1. 1. 0.
 1. 0. 0. 1. 1. 0. 0. 0. 0. 1. 0. 0. 1. 1. 0. 1. 1. 1. 0. 1. 1. 0. 1. 0.
 1. 1. 0. 0. 0. 1. 1. 0. 1. 1. 0. 1. 0. 0. 0. 1. 1. 1. 0. 1. 0. 1. 1. 0.
 1. 0. 0. 1. 1. 0. 0. 1. 0. 1. 1. 0. 0. 1. 0. 0. 1. 1. 0. 1. 1. 0. 0. 0.
 0. 1. 1. 0. 0. 1. 0. 0. 1. 0. 1. 1. 1. 0. 0. 0. 1. 1. 0. 0. 0. 0. 1. 0.
 0. 1. 0. 1. 1. 1. 1. 0. 0. 0. 0. 1. 1. 1. 1. 0. 1. 1. 1. 1. 0. 1. 0. 0.
 1. 0. 0. 1. 1. 1. 1. 1. 0. 0. 1. 1. 1. 0. 0. 1. 0. 1. 0. 0. 1. 0. 1. 0.
 1. 0. 0. 0.]"
686,naive_bayes,{},0.49419674061900104,0.13408863665375076,0.05953865325630384,0.22699545016132694,0.5143300826264535,0.12836842513153657,0.4844867333303966,0.02238805970149249,0.5111940298507462,0.5111940298507462,"{0: 0.48936288705725106, 1: 0.48936288705725106}","{0: 0.48936288705725106, 1: 0.48936288705725106}",0.48936288705725106,"[[38 96]
 [35 99]]","[1. 1. 1. 0. 0. 1. 1. 1. 1. 1. 1. 1. 1. 1. 1. 1. 1. 1. 1. 1. 0. 1. 0. 1.
 0. 1. 1. 1. 0. 1. 1. 1. 0. 0. 1. 1. 1. 1. 0. 1. 1. 0. 1. 1. 0. 1. 1. 1.
 0. 1. 1. 1. 1. 1. 1. 0. 1. 1. 1. 0. 1. 1. 1. 0. 1. 0. 0. 1. 1. 1. 1. 1.
 1. 1. 0. 1. 0. 0. 1. 1. 0. 0. 1. 1. 1. 1. 1. 1. 1. 0. 1. 1. 0. 1. 0. 0.
 1. 0. 1. 1. 1. 1. 1. 1. 0. 1. 1. 1. 1. 1. 1. 0. 0. 1. 1. 1. 1. 0. 0. 1.
 1. 1. 1. 1. 1. 1. 1. 1. 0. 0. 1. 1. 1. 1. 1. 1. 1. 0. 1. 0. 1. 1. 0. 1.
 0. 1. 1. 0. 0. 1. 0. 0. 1. 1. 0. 1. 1. 0. 1. 1. 1. 1. 1. 1. 0. 1. 0. 1.
 1. 0. 1. 1. 1. 0. 1. 1. 1. 1. 1. 0. 0. 1. 1. 1. 1. 1. 0. 1. 1. 1. 1. 1.
 1. 1. 1. 1. 1. 1. 1. 0. 1. 0. 1. 1. 1. 1. 1. 1. 0. 1. 0. 1. 1. 1. 0. 1.
 0. 0. 1. 1. 0. 1. 1. 1. 0. 1. 1. 1. 1. 1. 0. 1. 1. 0. 0. 1. 0. 1. 0. 1.
 1. 1. 1. 1. 0. 1. 1. 1. 1. 1. 1. 1. 1. 0. 0. 1. 1. 0. 1. 1. 0. 1. 1. 1.
 0. 0. 1. 0.]","[0. 1. 0. 0. 0. 1. 1. 1. 0. 0. 0. 0. 0. 1. 0. 0. 1. 1. 0. 0. 0. 0. 0. 1.
 0. 0. 1. 0. 1. 0. 0. 1. 0. 1. 1. 0. 0. 0. 1. 0. 0. 0. 1. 1. 1. 0. 1. 0.
 1. 0. 1. 1. 0. 1. 1. 1. 1. 0. 1. 0. 0. 1. 1. 1. 0. 0. 0. 1. 1. 0. 1. 1.
 0. 0. 1. 0. 0. 1. 0. 1. 0. 1. 1. 1. 0. 1. 0. 1. 1. 1. 1. 1. 1. 1. 1. 0.
 0. 0. 1. 1. 1. 0. 0. 1. 1. 1. 0. 0. 0. 1. 1. 1. 0. 0. 0. 0. 1. 1. 1. 0.
 1. 0. 0. 1. 1. 0. 0. 0. 0. 1. 0. 0. 1. 1. 0. 1. 1. 1. 0. 1. 1. 0. 1. 0.
 1. 1. 0. 0. 0. 1. 1. 0. 1. 1. 0. 1. 0. 0. 0. 1. 1. 1. 0. 1. 0. 1. 1. 0.
 1. 0. 0. 1. 1. 0. 0. 1. 0. 1. 1. 0. 0. 1. 0. 0. 1. 1. 0. 1. 1. 0. 0. 0.
 0. 1. 1. 0. 0. 1. 0. 0. 1. 0. 1. 1. 1. 0. 0. 0. 1. 1. 0. 0. 0. 0. 1. 0.
 0. 1. 0. 1. 1. 1. 1. 0. 0. 0. 0. 1. 1. 1. 1. 0. 1. 1. 1. 1. 0. 1. 0. 0.
 1. 0. 0. 1. 1. 1. 1. 1. 0. 0. 1. 1. 1. 0. 0. 1. 0. 1. 0. 0. 1. 0. 1. 0.
 1. 0. 0. 0.]"
436,naive_bayes,{},0.49419674061900104,0.13408863665375076,0.05953865325630384,0.22699545016132694,0.5143300826264535,0.12836842513153657,0.4844867333303966,0.02238805970149249,0.5111940298507462,0.5111940298507462,"{0: 0.48936288705725106, 1: 0.48936288705725106}","{0: 0.48936288705725106, 1: 0.48936288705725106}",0.48936288705725106,"[[38 96]
 [35 99]]","[1. 1. 1. 0. 0. 1. 1. 1. 1. 1. 1. 1. 1. 1. 1. 1. 1. 1. 1. 1. 0. 1. 0. 1.
 0. 1. 1. 1. 0. 1. 1. 1. 0. 0. 1. 1. 1. 1. 0. 1. 1. 0. 1. 1. 0. 1. 1. 1.
 0. 1. 1. 1. 1. 1. 1. 0. 1. 1. 1. 0. 1. 1. 1. 0. 1. 0. 0. 1. 1. 1. 1. 1.
 1. 1. 0. 1. 0. 0. 1. 1. 0. 0. 1. 1. 1. 1. 1. 1. 1. 0. 1. 1. 0. 1. 0. 0.
 1. 0. 1. 1. 1. 1. 1. 1. 0. 1. 1. 1. 1. 1. 1. 0. 0. 1. 1. 1. 1. 0. 0. 1.
 1. 1. 1. 1. 1. 1. 1. 1. 0. 0. 1. 1. 1. 1. 1. 1. 1. 0. 1. 0. 1. 1. 0. 1.
 0. 1. 1. 0. 0. 1. 0. 0. 1. 1. 0. 1. 1. 0. 1. 1. 1. 1. 1. 1. 0. 1. 0. 1.
 1. 0. 1. 1. 1. 0. 1. 1. 1. 1. 1. 0. 0. 1. 1. 1. 1. 1. 0. 1. 1. 1. 1. 1.
 1. 1. 1. 1. 1. 1. 1. 0. 1. 0. 1. 1. 1. 1. 1. 1. 0. 1. 0. 1. 1. 1. 0. 1.
 0. 0. 1. 1. 0. 1. 1. 1. 0. 1. 1. 1. 1. 1. 0. 1. 1. 0. 0. 1. 0. 1. 0. 1.
 1. 1. 1. 1. 0. 1. 1. 1. 1. 1. 1. 1. 1. 0. 0. 1. 1. 0. 1. 1. 0. 1. 1. 1.
 0. 0. 1. 0.]","[0. 1. 0. 0. 0. 1. 1. 1. 0. 0. 0. 0. 0. 1. 0. 0. 1. 1. 0. 0. 0. 0. 0. 1.
 0. 0. 1. 0. 1. 0. 0. 1. 0. 1. 1. 0. 0. 0. 1. 0. 0. 0. 1. 1. 1. 0. 1. 0.
 1. 0. 1. 1. 0. 1. 1. 1. 1. 0. 1. 0. 0. 1. 1. 1. 0. 0. 0. 1. 1. 0. 1. 1.
 0. 0. 1. 0. 0. 1. 0. 1. 0. 1. 1. 1. 0. 1. 0. 1. 1. 1. 1. 1. 1. 1. 1. 0.
 0. 0. 1. 1. 1. 0. 0. 1. 1. 1. 0. 0. 0. 1. 1. 1. 0. 0. 0. 0. 1. 1. 1. 0.
 1. 0. 0. 1. 1. 0. 0. 0. 0. 1. 0. 0. 1. 1. 0. 1. 1. 1. 0. 1. 1. 0. 1. 0.
 1. 1. 0. 0. 0. 1. 1. 0. 1. 1. 0. 1. 0. 0. 0. 1. 1. 1. 0. 1. 0. 1. 1. 0.
 1. 0. 0. 1. 1. 0. 0. 1. 0. 1. 1. 0. 0. 1. 0. 0. 1. 1. 0. 1. 1. 0. 0. 0.
 0. 1. 1. 0. 0. 1. 0. 0. 1. 0. 1. 1. 1. 0. 0. 0. 1. 1. 0. 0. 0. 0. 1. 0.
 0. 1. 0. 1. 1. 1. 1. 0. 0. 0. 0. 1. 1. 1. 1. 0. 1. 1. 1. 1. 0. 1. 0. 0.
 1. 0. 0. 1. 1. 1. 1. 1. 0. 0. 1. 1. 1. 0. 0. 1. 0. 1. 0. 0. 1. 0. 1. 0.
 1. 0. 0. 0.]"
12,naive_bayes,{},0.49419674061900104,0.13408863665375076,0.05953865325630384,0.22699545016132694,0.5143300826264535,0.12836842513153657,0.4844867333303966,0.02238805970149249,0.5111940298507462,0.5111940298507462,"{0: 0.48936288705725106, 1: 0.48936288705725106}","{0: 0.48936288705725106, 1: 0.48936288705725106}",0.48936288705725106,"[[38 96]
 [35 99]]","[1. 1. 1. 0. 0. 1. 1. 1. 1. 1. 1. 1. 1. 1. 1. 1. 1. 1. 1. 1. 0. 1. 0. 1.
 0. 1. 1. 1. 0. 1. 1. 1. 0. 0. 1. 1. 1. 1. 0. 1. 1. 0. 1. 1. 0. 1. 1. 1.
 0. 1. 1. 1. 1. 1. 1. 0. 1. 1. 1. 0. 1. 1. 1. 0. 1. 0. 0. 1. 1. 1. 1. 1.
 1. 1. 0. 1. 0. 0. 1. 1. 0. 0. 1. 1. 1. 1. 1. 1. 1. 0. 1. 1. 0. 1. 0. 0.
 1. 0. 1. 1. 1. 1. 1. 1. 0. 1. 1. 1. 1. 1. 1. 0. 0. 1. 1. 1. 1. 0. 0. 1.
 1. 1. 1. 1. 1. 1. 1. 1. 0. 0. 1. 1. 1. 1. 1. 1. 1. 0. 1. 0. 1. 1. 0. 1.
 0. 1. 1. 0. 0. 1. 0. 0. 1. 1. 0. 1. 1. 0. 1. 1. 1. 1. 1. 1. 0. 1. 0. 1.
 1. 0. 1. 1. 1. 0. 1. 1. 1. 1. 1. 0. 0. 1. 1. 1. 1. 1. 0. 1. 1. 1. 1. 1.
 1. 1. 1. 1. 1. 1. 1. 0. 1. 0. 1. 1. 1. 1. 1. 1. 0. 1. 0. 1. 1. 1. 0. 1.
 0. 0. 1. 1. 0. 1. 1. 1. 0. 1. 1. 1. 1. 1. 0. 1. 1. 0. 0. 1. 0. 1. 0. 1.
 1. 1. 1. 1. 0. 1. 1. 1. 1. 1. 1. 1. 1. 0. 0. 1. 1. 0. 1. 1. 0. 1. 1. 1.
 0. 0. 1. 0.]","[0. 1. 0. 0. 0. 1. 1. 1. 0. 0. 0. 0. 0. 1. 0. 0. 1. 1. 0. 0. 0. 0. 0. 1.
 0. 0. 1. 0. 1. 0. 0. 1. 0. 1. 1. 0. 0. 0. 1. 0. 0. 0. 1. 1. 1. 0. 1. 0.
 1. 0. 1. 1. 0. 1. 1. 1. 1. 0. 1. 0. 0. 1. 1. 1. 0. 0. 0. 1. 1. 0. 1. 1.
 0. 0. 1. 0. 0. 1. 0. 1. 0. 1. 1. 1. 0. 1. 0. 1. 1. 1. 1. 1. 1. 1. 1. 0.
 0. 0. 1. 1. 1. 0. 0. 1. 1. 1. 0. 0. 0. 1. 1. 1. 0. 0. 0. 0. 1. 1. 1. 0.
 1. 0. 0. 1. 1. 0. 0. 0. 0. 1. 0. 0. 1. 1. 0. 1. 1. 1. 0. 1. 1. 0. 1. 0.
 1. 1. 0. 0. 0. 1. 1. 0. 1. 1. 0. 1. 0. 0. 0. 1. 1. 1. 0. 1. 0. 1. 1. 0.
 1. 0. 0. 1. 1. 0. 0. 1. 0. 1. 1. 0. 0. 1. 0. 0. 1. 1. 0. 1. 1. 0. 0. 0.
 0. 1. 1. 0. 0. 1. 0. 0. 1. 0. 1. 1. 1. 0. 0. 0. 1. 1. 0. 0. 0. 0. 1. 0.
 0. 1. 0. 1. 1. 1. 1. 0. 0. 0. 0. 1. 1. 1. 1. 0. 1. 1. 1. 1. 0. 1. 0. 0.
 1. 0. 0. 1. 1. 1. 1. 1. 0. 0. 1. 1. 1. 0. 0. 1. 0. 1. 0. 0. 1. 0. 1. 0.
 1. 0. 0. 0.]"
712,naive_bayes,{},0.49419674061900104,0.13408863665375076,0.05953865325630384,0.22699545016132694,0.5143300826264535,0.12836842513153657,0.4844867333303966,0.02238805970149249,0.5111940298507462,0.5111940298507462,"{0: 0.48936288705725106, 1: 0.48936288705725106}","{0: 0.48936288705725106, 1: 0.48936288705725106}",0.48936288705725106,"[[38 96]
 [35 99]]","[1. 1. 1. 0. 0. 1. 1. 1. 1. 1. 1. 1. 1. 1. 1. 1. 1. 1. 1. 1. 0. 1. 0. 1.
 0. 1. 1. 1. 0. 1. 1. 1. 0. 0. 1. 1. 1. 1. 0. 1. 1. 0. 1. 1. 0. 1. 1. 1.
 0. 1. 1. 1. 1. 1. 1. 0. 1. 1. 1. 0. 1. 1. 1. 0. 1. 0. 0. 1. 1. 1. 1. 1.
 1. 1. 0. 1. 0. 0. 1. 1. 0. 0. 1. 1. 1. 1. 1. 1. 1. 0. 1. 1. 0. 1. 0. 0.
 1. 0. 1. 1. 1. 1. 1. 1. 0. 1. 1. 1. 1. 1. 1. 0. 0. 1. 1. 1. 1. 0. 0. 1.
 1. 1. 1. 1. 1. 1. 1. 1. 0. 0. 1. 1. 1. 1. 1. 1. 1. 0. 1. 0. 1. 1. 0. 1.
 0. 1. 1. 0. 0. 1. 0. 0. 1. 1. 0. 1. 1. 0. 1. 1. 1. 1. 1. 1. 0. 1. 0. 1.
 1. 0. 1. 1. 1. 0. 1. 1. 1. 1. 1. 0. 0. 1. 1. 1. 1. 1. 0. 1. 1. 1. 1. 1.
 1. 1. 1. 1. 1. 1. 1. 0. 1. 0. 1. 1. 1. 1. 1. 1. 0. 1. 0. 1. 1. 1. 0. 1.
 0. 0. 1. 1. 0. 1. 1. 1. 0. 1. 1. 1. 1. 1. 0. 1. 1. 0. 0. 1. 0. 1. 0. 1.
 1. 1. 1. 1. 0. 1. 1. 1. 1. 1. 1. 1. 1. 0. 0. 1. 1. 0. 1. 1. 0. 1. 1. 1.
 0. 0. 1. 0.]","[0. 1. 0. 0. 0. 1. 1. 1. 0. 0. 0. 0. 0. 1. 0. 0. 1. 1. 0. 0. 0. 0. 0. 1.
 0. 0. 1. 0. 1. 0. 0. 1. 0. 1. 1. 0. 0. 0. 1. 0. 0. 0. 1. 1. 1. 0. 1. 0.
 1. 0. 1. 1. 0. 1. 1. 1. 1. 0. 1. 0. 0. 1. 1. 1. 0. 0. 0. 1. 1. 0. 1. 1.
 0. 0. 1. 0. 0. 1. 0. 1. 0. 1. 1. 1. 0. 1. 0. 1. 1. 1. 1. 1. 1. 1. 1. 0.
 0. 0. 1. 1. 1. 0. 0. 1. 1. 1. 0. 0. 0. 1. 1. 1. 0. 0. 0. 0. 1. 1. 1. 0.
 1. 0. 0. 1. 1. 0. 0. 0. 0. 1. 0. 0. 1. 1. 0. 1. 1. 1. 0. 1. 1. 0. 1. 0.
 1. 1. 0. 0. 0. 1. 1. 0. 1. 1. 0. 1. 0. 0. 0. 1. 1. 1. 0. 1. 0. 1. 1. 0.
 1. 0. 0. 1. 1. 0. 0. 1. 0. 1. 1. 0. 0. 1. 0. 0. 1. 1. 0. 1. 1. 0. 0. 0.
 0. 1. 1. 0. 0. 1. 0. 0. 1. 0. 1. 1. 1. 0. 0. 0. 1. 1. 0. 0. 0. 0. 1. 0.
 0. 1. 0. 1. 1. 1. 1. 0. 0. 0. 0. 1. 1. 1. 1. 0. 1. 1. 1. 1. 0. 1. 0. 0.
 1. 0. 0. 1. 1. 1. 1. 1. 0. 0. 1. 1. 1. 0. 0. 1. 0. 1. 0. 0. 1. 0. 1. 0.
 1. 0. 0. 0.]"
118,naive_bayes,{},0.49419674061900104,0.13408863665375076,0.05953865325630384,0.22699545016132694,0.5143300826264535,0.12836842513153657,0.4844867333303966,0.02238805970149249,0.5111940298507462,0.5111940298507462,"{0: 0.48936288705725106, 1: 0.48936288705725106}","{0: 0.48936288705725106, 1: 0.48936288705725106}",0.48936288705725106,"[[38 96]
 [35 99]]","[1. 1. 1. 0. 0. 1. 1. 1. 1. 1. 1. 1. 1. 1. 1. 1. 1. 1. 1. 1. 0. 1. 0. 1.
 0. 1. 1. 1. 0. 1. 1. 1. 0. 0. 1. 1. 1. 1. 0. 1. 1. 0. 1. 1. 0. 1. 1. 1.
 0. 1. 1. 1. 1. 1. 1. 0. 1. 1. 1. 0. 1. 1. 1. 0. 1. 0. 0. 1. 1. 1. 1. 1.
 1. 1. 0. 1. 0. 0. 1. 1. 0. 0. 1. 1. 1. 1. 1. 1. 1. 0. 1. 1. 0. 1. 0. 0.
 1. 0. 1. 1. 1. 1. 1. 1. 0. 1. 1. 1. 1. 1. 1. 0. 0. 1. 1. 1. 1. 0. 0. 1.
 1. 1. 1. 1. 1. 1. 1. 1. 0. 0. 1. 1. 1. 1. 1. 1. 1. 0. 1. 0. 1. 1. 0. 1.
 0. 1. 1. 0. 0. 1. 0. 0. 1. 1. 0. 1. 1. 0. 1. 1. 1. 1. 1. 1. 0. 1. 0. 1.
 1. 0. 1. 1. 1. 0. 1. 1. 1. 1. 1. 0. 0. 1. 1. 1. 1. 1. 0. 1. 1. 1. 1. 1.
 1. 1. 1. 1. 1. 1. 1. 0. 1. 0. 1. 1. 1. 1. 1. 1. 0. 1. 0. 1. 1. 1. 0. 1.
 0. 0. 1. 1. 0. 1. 1. 1. 0. 1. 1. 1. 1. 1. 0. 1. 1. 0. 0. 1. 0. 1. 0. 1.
 1. 1. 1. 1. 0. 1. 1. 1. 1. 1. 1. 1. 1. 0. 0. 1. 1. 0. 1. 1. 0. 1. 1. 1.
 0. 0. 1. 0.]","[0. 1. 0. 0. 0. 1. 1. 1. 0. 0. 0. 0. 0. 1. 0. 0. 1. 1. 0. 0. 0. 0. 0. 1.
 0. 0. 1. 0. 1. 0. 0. 1. 0. 1. 1. 0. 0. 0. 1. 0. 0. 0. 1. 1. 1. 0. 1. 0.
 1. 0. 1. 1. 0. 1. 1. 1. 1. 0. 1. 0. 0. 1. 1. 1. 0. 0. 0. 1. 1. 0. 1. 1.
 0. 0. 1. 0. 0. 1. 0. 1. 0. 1. 1. 1. 0. 1. 0. 1. 1. 1. 1. 1. 1. 1. 1. 0.
 0. 0. 1. 1. 1. 0. 0. 1. 1. 1. 0. 0. 0. 1. 1. 1. 0. 0. 0. 0. 1. 1. 1. 0.
 1. 0. 0. 1. 1. 0. 0. 0. 0. 1. 0. 0. 1. 1. 0. 1. 1. 1. 0. 1. 1. 0. 1. 0.
 1. 1. 0. 0. 0. 1. 1. 0. 1. 1. 0. 1. 0. 0. 0. 1. 1. 1. 0. 1. 0. 1. 1. 0.
 1. 0. 0. 1. 1. 0. 0. 1. 0. 1. 1. 0. 0. 1. 0. 0. 1. 1. 0. 1. 1. 0. 0. 0.
 0. 1. 1. 0. 0. 1. 0. 0. 1. 0. 1. 1. 1. 0. 0. 0. 1. 1. 0. 0. 0. 0. 1. 0.
 0. 1. 0. 1. 1. 1. 1. 0. 0. 0. 0. 1. 1. 1. 1. 0. 1. 1. 1. 1. 0. 1. 0. 0.
 1. 0. 0. 1. 1. 1. 1. 1. 0. 0. 1. 1. 1. 0. 0. 1. 0. 1. 0. 0. 1. 0. 1. 0.
 1. 0. 0. 0.]"
127,naive_bayes,{},0.49419674061900104,0.13408863665375076,0.05953865325630384,0.22699545016132694,0.5143300826264535,0.12836842513153657,0.4844867333303966,0.02238805970149249,0.5111940298507462,0.5111940298507462,"{0: 0.48936288705725106, 1: 0.48936288705725106}","{0: 0.48936288705725106, 1: 0.48936288705725106}",0.48936288705725106,"[[38 96]
 [35 99]]","[1. 1. 1. 0. 0. 1. 1. 1. 1. 1. 1. 1. 1. 1. 1. 1. 1. 1. 1. 1. 0. 1. 0. 1.
 0. 1. 1. 1. 0. 1. 1. 1. 0. 0. 1. 1. 1. 1. 0. 1. 1. 0. 1. 1. 0. 1. 1. 1.
 0. 1. 1. 1. 1. 1. 1. 0. 1. 1. 1. 0. 1. 1. 1. 0. 1. 0. 0. 1. 1. 1. 1. 1.
 1. 1. 0. 1. 0. 0. 1. 1. 0. 0. 1. 1. 1. 1. 1. 1. 1. 0. 1. 1. 0. 1. 0. 0.
 1. 0. 1. 1. 1. 1. 1. 1. 0. 1. 1. 1. 1. 1. 1. 0. 0. 1. 1. 1. 1. 0. 0. 1.
 1. 1. 1. 1. 1. 1. 1. 1. 0. 0. 1. 1. 1. 1. 1. 1. 1. 0. 1. 0. 1. 1. 0. 1.
 0. 1. 1. 0. 0. 1. 0. 0. 1. 1. 0. 1. 1. 0. 1. 1. 1. 1. 1. 1. 0. 1. 0. 1.
 1. 0. 1. 1. 1. 0. 1. 1. 1. 1. 1. 0. 0. 1. 1. 1. 1. 1. 0. 1. 1. 1. 1. 1.
 1. 1. 1. 1. 1. 1. 1. 0. 1. 0. 1. 1. 1. 1. 1. 1. 0. 1. 0. 1. 1. 1. 0. 1.
 0. 0. 1. 1. 0. 1. 1. 1. 0. 1. 1. 1. 1. 1. 0. 1. 1. 0. 0. 1. 0. 1. 0. 1.
 1. 1. 1. 1. 0. 1. 1. 1. 1. 1. 1. 1. 1. 0. 0. 1. 1. 0. 1. 1. 0. 1. 1. 1.
 0. 0. 1. 0.]","[0. 1. 0. 0. 0. 1. 1. 1. 0. 0. 0. 0. 0. 1. 0. 0. 1. 1. 0. 0. 0. 0. 0. 1.
 0. 0. 1. 0. 1. 0. 0. 1. 0. 1. 1. 0. 0. 0. 1. 0. 0. 0. 1. 1. 1. 0. 1. 0.
 1. 0. 1. 1. 0. 1. 1. 1. 1. 0. 1. 0. 0. 1. 1. 1. 0. 0. 0. 1. 1. 0. 1. 1.
 0. 0. 1. 0. 0. 1. 0. 1. 0. 1. 1. 1. 0. 1. 0. 1. 1. 1. 1. 1. 1. 1. 1. 0.
 0. 0. 1. 1. 1. 0. 0. 1. 1. 1. 0. 0. 0. 1. 1. 1. 0. 0. 0. 0. 1. 1. 1. 0.
 1. 0. 0. 1. 1. 0. 0. 0. 0. 1. 0. 0. 1. 1. 0. 1. 1. 1. 0. 1. 1. 0. 1. 0.
 1. 1. 0. 0. 0. 1. 1. 0. 1. 1. 0. 1. 0. 0. 0. 1. 1. 1. 0. 1. 0. 1. 1. 0.
 1. 0. 0. 1. 1. 0. 0. 1. 0. 1. 1. 0. 0. 1. 0. 0. 1. 1. 0. 1. 1. 0. 0. 0.
 0. 1. 1. 0. 0. 1. 0. 0. 1. 0. 1. 1. 1. 0. 0. 0. 1. 1. 0. 0. 0. 0. 1. 0.
 0. 1. 0. 1. 1. 1. 1. 0. 0. 0. 0. 1. 1. 1. 1. 0. 1. 1. 1. 1. 0. 1. 0. 0.
 1. 0. 0. 1. 1. 1. 1. 1. 0. 0. 1. 1. 1. 0. 0. 1. 0. 1. 0. 0. 1. 0. 1. 0.
 1. 0. 0. 0.]"
136,naive_bayes,{},0.49419674061900104,0.13408863665375076,0.05953865325630384,0.22699545016132694,0.5143300826264535,0.12836842513153657,0.4844867333303966,0.02238805970149249,0.5111940298507462,0.5111940298507462,"{0: 0.48936288705725106, 1: 0.48936288705725106}","{0: 0.48936288705725106, 1: 0.48936288705725106}",0.48936288705725106,"[[38 96]
 [35 99]]","[1. 1. 1. 0. 0. 1. 1. 1. 1. 1. 1. 1. 1. 1. 1. 1. 1. 1. 1. 1. 0. 1. 0. 1.
 0. 1. 1. 1. 0. 1. 1. 1. 0. 0. 1. 1. 1. 1. 0. 1. 1. 0. 1. 1. 0. 1. 1. 1.
 0. 1. 1. 1. 1. 1. 1. 0. 1. 1. 1. 0. 1. 1. 1. 0. 1. 0. 0. 1. 1. 1. 1. 1.
 1. 1. 0. 1. 0. 0. 1. 1. 0. 0. 1. 1. 1. 1. 1. 1. 1. 0. 1. 1. 0. 1. 0. 0.
 1. 0. 1. 1. 1. 1. 1. 1. 0. 1. 1. 1. 1. 1. 1. 0. 0. 1. 1. 1. 1. 0. 0. 1.
 1. 1. 1. 1. 1. 1. 1. 1. 0. 0. 1. 1. 1. 1. 1. 1. 1. 0. 1. 0. 1. 1. 0. 1.
 0. 1. 1. 0. 0. 1. 0. 0. 1. 1. 0. 1. 1. 0. 1. 1. 1. 1. 1. 1. 0. 1. 0. 1.
 1. 0. 1. 1. 1. 0. 1. 1. 1. 1. 1. 0. 0. 1. 1. 1. 1. 1. 0. 1. 1. 1. 1. 1.
 1. 1. 1. 1. 1. 1. 1. 0. 1. 0. 1. 1. 1. 1. 1. 1. 0. 1. 0. 1. 1. 1. 0. 1.
 0. 0. 1. 1. 0. 1. 1. 1. 0. 1. 1. 1. 1. 1. 0. 1. 1. 0. 0. 1. 0. 1. 0. 1.
 1. 1. 1. 1. 0. 1. 1. 1. 1. 1. 1. 1. 1. 0. 0. 1. 1. 0. 1. 1. 0. 1. 1. 1.
 0. 0. 1. 0.]","[0. 1. 0. 0. 0. 1. 1. 1. 0. 0. 0. 0. 0. 1. 0. 0. 1. 1. 0. 0. 0. 0. 0. 1.
 0. 0. 1. 0. 1. 0. 0. 1. 0. 1. 1. 0. 0. 0. 1. 0. 0. 0. 1. 1. 1. 0. 1. 0.
 1. 0. 1. 1. 0. 1. 1. 1. 1. 0. 1. 0. 0. 1. 1. 1. 0. 0. 0. 1. 1. 0. 1. 1.
 0. 0. 1. 0. 0. 1. 0. 1. 0. 1. 1. 1. 0. 1. 0. 1. 1. 1. 1. 1. 1. 1. 1. 0.
 0. 0. 1. 1. 1. 0. 0. 1. 1. 1. 0. 0. 0. 1. 1. 1. 0. 0. 0. 0. 1. 1. 1. 0.
 1. 0. 0. 1. 1. 0. 0. 0. 0. 1. 0. 0. 1. 1. 0. 1. 1. 1. 0. 1. 1. 0. 1. 0.
 1. 1. 0. 0. 0. 1. 1. 0. 1. 1. 0. 1. 0. 0. 0. 1. 1. 1. 0. 1. 0. 1. 1. 0.
 1. 0. 0. 1. 1. 0. 0. 1. 0. 1. 1. 0. 0. 1. 0. 0. 1. 1. 0. 1. 1. 0. 0. 0.
 0. 1. 1. 0. 0. 1. 0. 0. 1. 0. 1. 1. 1. 0. 0. 0. 1. 1. 0. 0. 0. 0. 1. 0.
 0. 1. 0. 1. 1. 1. 1. 0. 0. 0. 0. 1. 1. 1. 1. 0. 1. 1. 1. 1. 0. 1. 0. 0.
 1. 0. 0. 1. 1. 1. 1. 1. 0. 0. 1. 1. 1. 0. 0. 1. 0. 1. 0. 0. 1. 0. 1. 0.
 1. 0. 0. 0.]"
779,naive_bayes,{},0.49419674061900104,0.13408863665375076,0.05953865325630384,0.22699545016132694,0.5143300826264535,0.12836842513153657,0.4844867333303966,0.02238805970149249,0.5111940298507462,0.5111940298507462,"{0: 0.48936288705725106, 1: 0.48936288705725106}","{0: 0.48936288705725106, 1: 0.48936288705725106}",0.48936288705725106,"[[38 96]
 [35 99]]","[1. 1. 1. 0. 0. 1. 1. 1. 1. 1. 1. 1. 1. 1. 1. 1. 1. 1. 1. 1. 0. 1. 0. 1.
 0. 1. 1. 1. 0. 1. 1. 1. 0. 0. 1. 1. 1. 1. 0. 1. 1. 0. 1. 1. 0. 1. 1. 1.
 0. 1. 1. 1. 1. 1. 1. 0. 1. 1. 1. 0. 1. 1. 1. 0. 1. 0. 0. 1. 1. 1. 1. 1.
 1. 1. 0. 1. 0. 0. 1. 1. 0. 0. 1. 1. 1. 1. 1. 1. 1. 0. 1. 1. 0. 1. 0. 0.
 1. 0. 1. 1. 1. 1. 1. 1. 0. 1. 1. 1. 1. 1. 1. 0. 0. 1. 1. 1. 1. 0. 0. 1.
 1. 1. 1. 1. 1. 1. 1. 1. 0. 0. 1. 1. 1. 1. 1. 1. 1. 0. 1. 0. 1. 1. 0. 1.
 0. 1. 1. 0. 0. 1. 0. 0. 1. 1. 0. 1. 1. 0. 1. 1. 1. 1. 1. 1. 0. 1. 0. 1.
 1. 0. 1. 1. 1. 0. 1. 1. 1. 1. 1. 0. 0. 1. 1. 1. 1. 1. 0. 1. 1. 1. 1. 1.
 1. 1. 1. 1. 1. 1. 1. 0. 1. 0. 1. 1. 1. 1. 1. 1. 0. 1. 0. 1. 1. 1. 0. 1.
 0. 0. 1. 1. 0. 1. 1. 1. 0. 1. 1. 1. 1. 1. 0. 1. 1. 0. 0. 1. 0. 1. 0. 1.
 1. 1. 1. 1. 0. 1. 1. 1. 1. 1. 1. 1. 1. 0. 0. 1. 1. 0. 1. 1. 0. 1. 1. 1.
 0. 0. 1. 0.]","[0. 1. 0. 0. 0. 1. 1. 1. 0. 0. 0. 0. 0. 1. 0. 0. 1. 1. 0. 0. 0. 0. 0. 1.
 0. 0. 1. 0. 1. 0. 0. 1. 0. 1. 1. 0. 0. 0. 1. 0. 0. 0. 1. 1. 1. 0. 1. 0.
 1. 0. 1. 1. 0. 1. 1. 1. 1. 0. 1. 0. 0. 1. 1. 1. 0. 0. 0. 1. 1. 0. 1. 1.
 0. 0. 1. 0. 0. 1. 0. 1. 0. 1. 1. 1. 0. 1. 0. 1. 1. 1. 1. 1. 1. 1. 1. 0.
 0. 0. 1. 1. 1. 0. 0. 1. 1. 1. 0. 0. 0. 1. 1. 1. 0. 0. 0. 0. 1. 1. 1. 0.
 1. 0. 0. 1. 1. 0. 0. 0. 0. 1. 0. 0. 1. 1. 0. 1. 1. 1. 0. 1. 1. 0. 1. 0.
 1. 1. 0. 0. 0. 1. 1. 0. 1. 1. 0. 1. 0. 0. 0. 1. 1. 1. 0. 1. 0. 1. 1. 0.
 1. 0. 0. 1. 1. 0. 0. 1. 0. 1. 1. 0. 0. 1. 0. 0. 1. 1. 0. 1. 1. 0. 0. 0.
 0. 1. 1. 0. 0. 1. 0. 0. 1. 0. 1. 1. 1. 0. 0. 0. 1. 1. 0. 0. 0. 0. 1. 0.
 0. 1. 0. 1. 1. 1. 1. 0. 0. 0. 0. 1. 1. 1. 1. 0. 1. 1. 1. 1. 0. 1. 0. 0.
 1. 0. 0. 1. 1. 1. 1. 1. 0. 0. 1. 1. 1. 0. 0. 1. 0. 1. 0. 0. 1. 0. 1. 0.
 1. 0. 0. 0.]"
157,naive_bayes,{},0.49419674061900104,0.13408863665375076,0.05953865325630384,0.22699545016132694,0.5143300826264535,0.12836842513153657,0.4844867333303966,0.02238805970149249,0.5111940298507462,0.5111940298507462,"{0: 0.48936288705725106, 1: 0.48936288705725106}","{0: 0.48936288705725106, 1: 0.48936288705725106}",0.48936288705725106,"[[38 96]
 [35 99]]","[1. 1. 1. 0. 0. 1. 1. 1. 1. 1. 1. 1. 1. 1. 1. 1. 1. 1. 1. 1. 0. 1. 0. 1.
 0. 1. 1. 1. 0. 1. 1. 1. 0. 0. 1. 1. 1. 1. 0. 1. 1. 0. 1. 1. 0. 1. 1. 1.
 0. 1. 1. 1. 1. 1. 1. 0. 1. 1. 1. 0. 1. 1. 1. 0. 1. 0. 0. 1. 1. 1. 1. 1.
 1. 1. 0. 1. 0. 0. 1. 1. 0. 0. 1. 1. 1. 1. 1. 1. 1. 0. 1. 1. 0. 1. 0. 0.
 1. 0. 1. 1. 1. 1. 1. 1. 0. 1. 1. 1. 1. 1. 1. 0. 0. 1. 1. 1. 1. 0. 0. 1.
 1. 1. 1. 1. 1. 1. 1. 1. 0. 0. 1. 1. 1. 1. 1. 1. 1. 0. 1. 0. 1. 1. 0. 1.
 0. 1. 1. 0. 0. 1. 0. 0. 1. 1. 0. 1. 1. 0. 1. 1. 1. 1. 1. 1. 0. 1. 0. 1.
 1. 0. 1. 1. 1. 0. 1. 1. 1. 1. 1. 0. 0. 1. 1. 1. 1. 1. 0. 1. 1. 1. 1. 1.
 1. 1. 1. 1. 1. 1. 1. 0. 1. 0. 1. 1. 1. 1. 1. 1. 0. 1. 0. 1. 1. 1. 0. 1.
 0. 0. 1. 1. 0. 1. 1. 1. 0. 1. 1. 1. 1. 1. 0. 1. 1. 0. 0. 1. 0. 1. 0. 1.
 1. 1. 1. 1. 0. 1. 1. 1. 1. 1. 1. 1. 1. 0. 0. 1. 1. 0. 1. 1. 0. 1. 1. 1.
 0. 0. 1. 0.]","[0. 1. 0. 0. 0. 1. 1. 1. 0. 0. 0. 0. 0. 1. 0. 0. 1. 1. 0. 0. 0. 0. 0. 1.
 0. 0. 1. 0. 1. 0. 0. 1. 0. 1. 1. 0. 0. 0. 1. 0. 0. 0. 1. 1. 1. 0. 1. 0.
 1. 0. 1. 1. 0. 1. 1. 1. 1. 0. 1. 0. 0. 1. 1. 1. 0. 0. 0. 1. 1. 0. 1. 1.
 0. 0. 1. 0. 0. 1. 0. 1. 0. 1. 1. 1. 0. 1. 0. 1. 1. 1. 1. 1. 1. 1. 1. 0.
 0. 0. 1. 1. 1. 0. 0. 1. 1. 1. 0. 0. 0. 1. 1. 1. 0. 0. 0. 0. 1. 1. 1. 0.
 1. 0. 0. 1. 1. 0. 0. 0. 0. 1. 0. 0. 1. 1. 0. 1. 1. 1. 0. 1. 1. 0. 1. 0.
 1. 1. 0. 0. 0. 1. 1. 0. 1. 1. 0. 1. 0. 0. 0. 1. 1. 1. 0. 1. 0. 1. 1. 0.
 1. 0. 0. 1. 1. 0. 0. 1. 0. 1. 1. 0. 0. 1. 0. 0. 1. 1. 0. 1. 1. 0. 0. 0.
 0. 1. 1. 0. 0. 1. 0. 0. 1. 0. 1. 1. 1. 0. 0. 0. 1. 1. 0. 0. 0. 0. 1. 0.
 0. 1. 0. 1. 1. 1. 1. 0. 0. 0. 0. 1. 1. 1. 1. 0. 1. 1. 1. 1. 0. 1. 0. 0.
 1. 0. 0. 1. 1. 1. 1. 1. 0. 0. 1. 1. 1. 0. 0. 1. 0. 1. 0. 0. 1. 0. 1. 0.
 1. 0. 0. 0.]"
765,naive_bayes,{},0.49419674061900104,0.13408863665375076,0.05953865325630384,0.22699545016132694,0.5143300826264535,0.12836842513153657,0.4844867333303966,0.02238805970149249,0.5111940298507462,0.5111940298507462,"{0: 0.48936288705725106, 1: 0.48936288705725106}","{0: 0.48936288705725106, 1: 0.48936288705725106}",0.48936288705725106,"[[38 96]
 [35 99]]","[1. 1. 1. 0. 0. 1. 1. 1. 1. 1. 1. 1. 1. 1. 1. 1. 1. 1. 1. 1. 0. 1. 0. 1.
 0. 1. 1. 1. 0. 1. 1. 1. 0. 0. 1. 1. 1. 1. 0. 1. 1. 0. 1. 1. 0. 1. 1. 1.
 0. 1. 1. 1. 1. 1. 1. 0. 1. 1. 1. 0. 1. 1. 1. 0. 1. 0. 0. 1. 1. 1. 1. 1.
 1. 1. 0. 1. 0. 0. 1. 1. 0. 0. 1. 1. 1. 1. 1. 1. 1. 0. 1. 1. 0. 1. 0. 0.
 1. 0. 1. 1. 1. 1. 1. 1. 0. 1. 1. 1. 1. 1. 1. 0. 0. 1. 1. 1. 1. 0. 0. 1.
 1. 1. 1. 1. 1. 1. 1. 1. 0. 0. 1. 1. 1. 1. 1. 1. 1. 0. 1. 0. 1. 1. 0. 1.
 0. 1. 1. 0. 0. 1. 0. 0. 1. 1. 0. 1. 1. 0. 1. 1. 1. 1. 1. 1. 0. 1. 0. 1.
 1. 0. 1. 1. 1. 0. 1. 1. 1. 1. 1. 0. 0. 1. 1. 1. 1. 1. 0. 1. 1. 1. 1. 1.
 1. 1. 1. 1. 1. 1. 1. 0. 1. 0. 1. 1. 1. 1. 1. 1. 0. 1. 0. 1. 1. 1. 0. 1.
 0. 0. 1. 1. 0. 1. 1. 1. 0. 1. 1. 1. 1. 1. 0. 1. 1. 0. 0. 1. 0. 1. 0. 1.
 1. 1. 1. 1. 0. 1. 1. 1. 1. 1. 1. 1. 1. 0. 0. 1. 1. 0. 1. 1. 0. 1. 1. 1.
 0. 0. 1. 0.]","[0. 1. 0. 0. 0. 1. 1. 1. 0. 0. 0. 0. 0. 1. 0. 0. 1. 1. 0. 0. 0. 0. 0. 1.
 0. 0. 1. 0. 1. 0. 0. 1. 0. 1. 1. 0. 0. 0. 1. 0. 0. 0. 1. 1. 1. 0. 1. 0.
 1. 0. 1. 1. 0. 1. 1. 1. 1. 0. 1. 0. 0. 1. 1. 1. 0. 0. 0. 1. 1. 0. 1. 1.
 0. 0. 1. 0. 0. 1. 0. 1. 0. 1. 1. 1. 0. 1. 0. 1. 1. 1. 1. 1. 1. 1. 1. 0.
 0. 0. 1. 1. 1. 0. 0. 1. 1. 1. 0. 0. 0. 1. 1. 1. 0. 0. 0. 0. 1. 1. 1. 0.
 1. 0. 0. 1. 1. 0. 0. 0. 0. 1. 0. 0. 1. 1. 0. 1. 1. 1. 0. 1. 1. 0. 1. 0.
 1. 1. 0. 0. 0. 1. 1. 0. 1. 1. 0. 1. 0. 0. 0. 1. 1. 1. 0. 1. 0. 1. 1. 0.
 1. 0. 0. 1. 1. 0. 0. 1. 0. 1. 1. 0. 0. 1. 0. 0. 1. 1. 0. 1. 1. 0. 0. 0.
 0. 1. 1. 0. 0. 1. 0. 0. 1. 0. 1. 1. 1. 0. 0. 0. 1. 1. 0. 0. 0. 0. 1. 0.
 0. 1. 0. 1. 1. 1. 1. 0. 0. 0. 0. 1. 1. 1. 1. 0. 1. 1. 1. 1. 0. 1. 0. 0.
 1. 0. 0. 1. 1. 1. 1. 1. 0. 0. 1. 1. 1. 0. 0. 1. 0. 1. 0. 0. 1. 0. 1. 0.
 1. 0. 0. 0.]"
166,naive_bayes,{},0.49419674061900104,0.13408863665375076,0.05953865325630384,0.22699545016132694,0.5143300826264535,0.12836842513153657,0.4844867333303966,0.02238805970149249,0.5111940298507462,0.5111940298507462,"{0: 0.48936288705725106, 1: 0.48936288705725106}","{0: 0.48936288705725106, 1: 0.48936288705725106}",0.48936288705725106,"[[38 96]
 [35 99]]","[1. 1. 1. 0. 0. 1. 1. 1. 1. 1. 1. 1. 1. 1. 1. 1. 1. 1. 1. 1. 0. 1. 0. 1.
 0. 1. 1. 1. 0. 1. 1. 1. 0. 0. 1. 1. 1. 1. 0. 1. 1. 0. 1. 1. 0. 1. 1. 1.
 0. 1. 1. 1. 1. 1. 1. 0. 1. 1. 1. 0. 1. 1. 1. 0. 1. 0. 0. 1. 1. 1. 1. 1.
 1. 1. 0. 1. 0. 0. 1. 1. 0. 0. 1. 1. 1. 1. 1. 1. 1. 0. 1. 1. 0. 1. 0. 0.
 1. 0. 1. 1. 1. 1. 1. 1. 0. 1. 1. 1. 1. 1. 1. 0. 0. 1. 1. 1. 1. 0. 0. 1.
 1. 1. 1. 1. 1. 1. 1. 1. 0. 0. 1. 1. 1. 1. 1. 1. 1. 0. 1. 0. 1. 1. 0. 1.
 0. 1. 1. 0. 0. 1. 0. 0. 1. 1. 0. 1. 1. 0. 1. 1. 1. 1. 1. 1. 0. 1. 0. 1.
 1. 0. 1. 1. 1. 0. 1. 1. 1. 1. 1. 0. 0. 1. 1. 1. 1. 1. 0. 1. 1. 1. 1. 1.
 1. 1. 1. 1. 1. 1. 1. 0. 1. 0. 1. 1. 1. 1. 1. 1. 0. 1. 0. 1. 1. 1. 0. 1.
 0. 0. 1. 1. 0. 1. 1. 1. 0. 1. 1. 1. 1. 1. 0. 1. 1. 0. 0. 1. 0. 1. 0. 1.
 1. 1. 1. 1. 0. 1. 1. 1. 1. 1. 1. 1. 1. 0. 0. 1. 1. 0. 1. 1. 0. 1. 1. 1.
 0. 0. 1. 0.]","[0. 1. 0. 0. 0. 1. 1. 1. 0. 0. 0. 0. 0. 1. 0. 0. 1. 1. 0. 0. 0. 0. 0. 1.
 0. 0. 1. 0. 1. 0. 0. 1. 0. 1. 1. 0. 0. 0. 1. 0. 0. 0. 1. 1. 1. 0. 1. 0.
 1. 0. 1. 1. 0. 1. 1. 1. 1. 0. 1. 0. 0. 1. 1. 1. 0. 0. 0. 1. 1. 0. 1. 1.
 0. 0. 1. 0. 0. 1. 0. 1. 0. 1. 1. 1. 0. 1. 0. 1. 1. 1. 1. 1. 1. 1. 1. 0.
 0. 0. 1. 1. 1. 0. 0. 1. 1. 1. 0. 0. 0. 1. 1. 1. 0. 0. 0. 0. 1. 1. 1. 0.
 1. 0. 0. 1. 1. 0. 0. 0. 0. 1. 0. 0. 1. 1. 0. 1. 1. 1. 0. 1. 1. 0. 1. 0.
 1. 1. 0. 0. 0. 1. 1. 0. 1. 1. 0. 1. 0. 0. 0. 1. 1. 1. 0. 1. 0. 1. 1. 0.
 1. 0. 0. 1. 1. 0. 0. 1. 0. 1. 1. 0. 0. 1. 0. 0. 1. 1. 0. 1. 1. 0. 0. 0.
 0. 1. 1. 0. 0. 1. 0. 0. 1. 0. 1. 1. 1. 0. 0. 0. 1. 1. 0. 0. 0. 0. 1. 0.
 0. 1. 0. 1. 1. 1. 1. 0. 0. 0. 0. 1. 1. 1. 1. 0. 1. 1. 1. 1. 0. 1. 0. 0.
 1. 0. 0. 1. 1. 1. 1. 1. 0. 0. 1. 1. 1. 0. 0. 1. 0. 1. 0. 0. 1. 0. 1. 0.
 1. 0. 0. 0.]"
752,naive_bayes,{},0.49419674061900104,0.13408863665375076,0.05953865325630384,0.22699545016132694,0.5143300826264535,0.12836842513153657,0.4844867333303966,0.02238805970149249,0.5111940298507462,0.5111940298507462,"{0: 0.48936288705725106, 1: 0.48936288705725106}","{0: 0.48936288705725106, 1: 0.48936288705725106}",0.48936288705725106,"[[38 96]
 [35 99]]","[1. 1. 1. 0. 0. 1. 1. 1. 1. 1. 1. 1. 1. 1. 1. 1. 1. 1. 1. 1. 0. 1. 0. 1.
 0. 1. 1. 1. 0. 1. 1. 1. 0. 0. 1. 1. 1. 1. 0. 1. 1. 0. 1. 1. 0. 1. 1. 1.
 0. 1. 1. 1. 1. 1. 1. 0. 1. 1. 1. 0. 1. 1. 1. 0. 1. 0. 0. 1. 1. 1. 1. 1.
 1. 1. 0. 1. 0. 0. 1. 1. 0. 0. 1. 1. 1. 1. 1. 1. 1. 0. 1. 1. 0. 1. 0. 0.
 1. 0. 1. 1. 1. 1. 1. 1. 0. 1. 1. 1. 1. 1. 1. 0. 0. 1. 1. 1. 1. 0. 0. 1.
 1. 1. 1. 1. 1. 1. 1. 1. 0. 0. 1. 1. 1. 1. 1. 1. 1. 0. 1. 0. 1. 1. 0. 1.
 0. 1. 1. 0. 0. 1. 0. 0. 1. 1. 0. 1. 1. 0. 1. 1. 1. 1. 1. 1. 0. 1. 0. 1.
 1. 0. 1. 1. 1. 0. 1. 1. 1. 1. 1. 0. 0. 1. 1. 1. 1. 1. 0. 1. 1. 1. 1. 1.
 1. 1. 1. 1. 1. 1. 1. 0. 1. 0. 1. 1. 1. 1. 1. 1. 0. 1. 0. 1. 1. 1. 0. 1.
 0. 0. 1. 1. 0. 1. 1. 1. 0. 1. 1. 1. 1. 1. 0. 1. 1. 0. 0. 1. 0. 1. 0. 1.
 1. 1. 1. 1. 0. 1. 1. 1. 1. 1. 1. 1. 1. 0. 0. 1. 1. 0. 1. 1. 0. 1. 1. 1.
 0. 0. 1. 0.]","[0. 1. 0. 0. 0. 1. 1. 1. 0. 0. 0. 0. 0. 1. 0. 0. 1. 1. 0. 0. 0. 0. 0. 1.
 0. 0. 1. 0. 1. 0. 0. 1. 0. 1. 1. 0. 0. 0. 1. 0. 0. 0. 1. 1. 1. 0. 1. 0.
 1. 0. 1. 1. 0. 1. 1. 1. 1. 0. 1. 0. 0. 1. 1. 1. 0. 0. 0. 1. 1. 0. 1. 1.
 0. 0. 1. 0. 0. 1. 0. 1. 0. 1. 1. 1. 0. 1. 0. 1. 1. 1. 1. 1. 1. 1. 1. 0.
 0. 0. 1. 1. 1. 0. 0. 1. 1. 1. 0. 0. 0. 1. 1. 1. 0. 0. 0. 0. 1. 1. 1. 0.
 1. 0. 0. 1. 1. 0. 0. 0. 0. 1. 0. 0. 1. 1. 0. 1. 1. 1. 0. 1. 1. 0. 1. 0.
 1. 1. 0. 0. 0. 1. 1. 0. 1. 1. 0. 1. 0. 0. 0. 1. 1. 1. 0. 1. 0. 1. 1. 0.
 1. 0. 0. 1. 1. 0. 0. 1. 0. 1. 1. 0. 0. 1. 0. 0. 1. 1. 0. 1. 1. 0. 0. 0.
 0. 1. 1. 0. 0. 1. 0. 0. 1. 0. 1. 1. 1. 0. 0. 0. 1. 1. 0. 0. 0. 0. 1. 0.
 0. 1. 0. 1. 1. 1. 1. 0. 0. 0. 0. 1. 1. 1. 1. 0. 1. 1. 1. 1. 0. 1. 0. 0.
 1. 0. 0. 1. 1. 1. 1. 1. 0. 0. 1. 1. 1. 0. 0. 1. 0. 1. 0. 0. 1. 0. 1. 0.
 1. 0. 0. 0.]"
175,naive_bayes,{},0.49419674061900104,0.13408863665375076,0.05953865325630384,0.22699545016132694,0.5143300826264535,0.12836842513153657,0.4844867333303966,0.02238805970149249,0.5111940298507462,0.5111940298507462,"{0: 0.48936288705725106, 1: 0.48936288705725106}","{0: 0.48936288705725106, 1: 0.48936288705725106}",0.48936288705725106,"[[38 96]
 [35 99]]","[1. 1. 1. 0. 0. 1. 1. 1. 1. 1. 1. 1. 1. 1. 1. 1. 1. 1. 1. 1. 0. 1. 0. 1.
 0. 1. 1. 1. 0. 1. 1. 1. 0. 0. 1. 1. 1. 1. 0. 1. 1. 0. 1. 1. 0. 1. 1. 1.
 0. 1. 1. 1. 1. 1. 1. 0. 1. 1. 1. 0. 1. 1. 1. 0. 1. 0. 0. 1. 1. 1. 1. 1.
 1. 1. 0. 1. 0. 0. 1. 1. 0. 0. 1. 1. 1. 1. 1. 1. 1. 0. 1. 1. 0. 1. 0. 0.
 1. 0. 1. 1. 1. 1. 1. 1. 0. 1. 1. 1. 1. 1. 1. 0. 0. 1. 1. 1. 1. 0. 0. 1.
 1. 1. 1. 1. 1. 1. 1. 1. 0. 0. 1. 1. 1. 1. 1. 1. 1. 0. 1. 0. 1. 1. 0. 1.
 0. 1. 1. 0. 0. 1. 0. 0. 1. 1. 0. 1. 1. 0. 1. 1. 1. 1. 1. 1. 0. 1. 0. 1.
 1. 0. 1. 1. 1. 0. 1. 1. 1. 1. 1. 0. 0. 1. 1. 1. 1. 1. 0. 1. 1. 1. 1. 1.
 1. 1. 1. 1. 1. 1. 1. 0. 1. 0. 1. 1. 1. 1. 1. 1. 0. 1. 0. 1. 1. 1. 0. 1.
 0. 0. 1. 1. 0. 1. 1. 1. 0. 1. 1. 1. 1. 1. 0. 1. 1. 0. 0. 1. 0. 1. 0. 1.
 1. 1. 1. 1. 0. 1. 1. 1. 1. 1. 1. 1. 1. 0. 0. 1. 1. 0. 1. 1. 0. 1. 1. 1.
 0. 0. 1. 0.]","[0. 1. 0. 0. 0. 1. 1. 1. 0. 0. 0. 0. 0. 1. 0. 0. 1. 1. 0. 0. 0. 0. 0. 1.
 0. 0. 1. 0. 1. 0. 0. 1. 0. 1. 1. 0. 0. 0. 1. 0. 0. 0. 1. 1. 1. 0. 1. 0.
 1. 0. 1. 1. 0. 1. 1. 1. 1. 0. 1. 0. 0. 1. 1. 1. 0. 0. 0. 1. 1. 0. 1. 1.
 0. 0. 1. 0. 0. 1. 0. 1. 0. 1. 1. 1. 0. 1. 0. 1. 1. 1. 1. 1. 1. 1. 1. 0.
 0. 0. 1. 1. 1. 0. 0. 1. 1. 1. 0. 0. 0. 1. 1. 1. 0. 0. 0. 0. 1. 1. 1. 0.
 1. 0. 0. 1. 1. 0. 0. 0. 0. 1. 0. 0. 1. 1. 0. 1. 1. 1. 0. 1. 1. 0. 1. 0.
 1. 1. 0. 0. 0. 1. 1. 0. 1. 1. 0. 1. 0. 0. 0. 1. 1. 1. 0. 1. 0. 1. 1. 0.
 1. 0. 0. 1. 1. 0. 0. 1. 0. 1. 1. 0. 0. 1. 0. 0. 1. 1. 0. 1. 1. 0. 0. 0.
 0. 1. 1. 0. 0. 1. 0. 0. 1. 0. 1. 1. 1. 0. 0. 0. 1. 1. 0. 0. 0. 0. 1. 0.
 0. 1. 0. 1. 1. 1. 1. 0. 0. 0. 0. 1. 1. 1. 1. 0. 1. 1. 1. 1. 0. 1. 0. 0.
 1. 0. 0. 1. 1. 1. 1. 1. 0. 0. 1. 1. 1. 0. 0. 1. 0. 1. 0. 0. 1. 0. 1. 0.
 1. 0. 0. 0.]"
739,naive_bayes,{},0.49419674061900104,0.13408863665375076,0.05953865325630384,0.22699545016132694,0.5143300826264535,0.12836842513153657,0.4844867333303966,0.02238805970149249,0.5111940298507462,0.5111940298507462,"{0: 0.48936288705725106, 1: 0.48936288705725106}","{0: 0.48936288705725106, 1: 0.48936288705725106}",0.48936288705725106,"[[38 96]
 [35 99]]","[1. 1. 1. 0. 0. 1. 1. 1. 1. 1. 1. 1. 1. 1. 1. 1. 1. 1. 1. 1. 0. 1. 0. 1.
 0. 1. 1. 1. 0. 1. 1. 1. 0. 0. 1. 1. 1. 1. 0. 1. 1. 0. 1. 1. 0. 1. 1. 1.
 0. 1. 1. 1. 1. 1. 1. 0. 1. 1. 1. 0. 1. 1. 1. 0. 1. 0. 0. 1. 1. 1. 1. 1.
 1. 1. 0. 1. 0. 0. 1. 1. 0. 0. 1. 1. 1. 1. 1. 1. 1. 0. 1. 1. 0. 1. 0. 0.
 1. 0. 1. 1. 1. 1. 1. 1. 0. 1. 1. 1. 1. 1. 1. 0. 0. 1. 1. 1. 1. 0. 0. 1.
 1. 1. 1. 1. 1. 1. 1. 1. 0. 0. 1. 1. 1. 1. 1. 1. 1. 0. 1. 0. 1. 1. 0. 1.
 0. 1. 1. 0. 0. 1. 0. 0. 1. 1. 0. 1. 1. 0. 1. 1. 1. 1. 1. 1. 0. 1. 0. 1.
 1. 0. 1. 1. 1. 0. 1. 1. 1. 1. 1. 0. 0. 1. 1. 1. 1. 1. 0. 1. 1. 1. 1. 1.
 1. 1. 1. 1. 1. 1. 1. 0. 1. 0. 1. 1. 1. 1. 1. 1. 0. 1. 0. 1. 1. 1. 0. 1.
 0. 0. 1. 1. 0. 1. 1. 1. 0. 1. 1. 1. 1. 1. 0. 1. 1. 0. 0. 1. 0. 1. 0. 1.
 1. 1. 1. 1. 0. 1. 1. 1. 1. 1. 1. 1. 1. 0. 0. 1. 1. 0. 1. 1. 0. 1. 1. 1.
 0. 0. 1. 0.]","[0. 1. 0. 0. 0. 1. 1. 1. 0. 0. 0. 0. 0. 1. 0. 0. 1. 1. 0. 0. 0. 0. 0. 1.
 0. 0. 1. 0. 1. 0. 0. 1. 0. 1. 1. 0. 0. 0. 1. 0. 0. 0. 1. 1. 1. 0. 1. 0.
 1. 0. 1. 1. 0. 1. 1. 1. 1. 0. 1. 0. 0. 1. 1. 1. 0. 0. 0. 1. 1. 0. 1. 1.
 0. 0. 1. 0. 0. 1. 0. 1. 0. 1. 1. 1. 0. 1. 0. 1. 1. 1. 1. 1. 1. 1. 1. 0.
 0. 0. 1. 1. 1. 0. 0. 1. 1. 1. 0. 0. 0. 1. 1. 1. 0. 0. 0. 0. 1. 1. 1. 0.
 1. 0. 0. 1. 1. 0. 0. 0. 0. 1. 0. 0. 1. 1. 0. 1. 1. 1. 0. 1. 1. 0. 1. 0.
 1. 1. 0. 0. 0. 1. 1. 0. 1. 1. 0. 1. 0. 0. 0. 1. 1. 1. 0. 1. 0. 1. 1. 0.
 1. 0. 0. 1. 1. 0. 0. 1. 0. 1. 1. 0. 0. 1. 0. 0. 1. 1. 0. 1. 1. 0. 0. 0.
 0. 1. 1. 0. 0. 1. 0. 0. 1. 0. 1. 1. 1. 0. 0. 0. 1. 1. 0. 0. 0. 0. 1. 0.
 0. 1. 0. 1. 1. 1. 1. 0. 0. 0. 0. 1. 1. 1. 1. 0. 1. 1. 1. 1. 0. 1. 0. 0.
 1. 0. 0. 1. 1. 1. 1. 1. 0. 0. 1. 1. 1. 0. 0. 1. 0. 1. 0. 0. 1. 0. 1. 0.
 1. 0. 0. 0.]"
979,naive_bayes,{},0.49419674061900104,0.13408863665375076,0.05953865325630384,0.22699545016132694,0.5143300826264535,0.12836842513153657,0.4844867333303966,0.02238805970149249,0.5111940298507462,0.5111940298507462,"{0: 0.48936288705725106, 1: 0.48936288705725106}","{0: 0.48936288705725106, 1: 0.48936288705725106}",0.48936288705725106,"[[38 96]
 [35 99]]","[1. 1. 1. 0. 0. 1. 1. 1. 1. 1. 1. 1. 1. 1. 1. 1. 1. 1. 1. 1. 0. 1. 0. 1.
 0. 1. 1. 1. 0. 1. 1. 1. 0. 0. 1. 1. 1. 1. 0. 1. 1. 0. 1. 1. 0. 1. 1. 1.
 0. 1. 1. 1. 1. 1. 1. 0. 1. 1. 1. 0. 1. 1. 1. 0. 1. 0. 0. 1. 1. 1. 1. 1.
 1. 1. 0. 1. 0. 0. 1. 1. 0. 0. 1. 1. 1. 1. 1. 1. 1. 0. 1. 1. 0. 1. 0. 0.
 1. 0. 1. 1. 1. 1. 1. 1. 0. 1. 1. 1. 1. 1. 1. 0. 0. 1. 1. 1. 1. 0. 0. 1.
 1. 1. 1. 1. 1. 1. 1. 1. 0. 0. 1. 1. 1. 1. 1. 1. 1. 0. 1. 0. 1. 1. 0. 1.
 0. 1. 1. 0. 0. 1. 0. 0. 1. 1. 0. 1. 1. 0. 1. 1. 1. 1. 1. 1. 0. 1. 0. 1.
 1. 0. 1. 1. 1. 0. 1. 1. 1. 1. 1. 0. 0. 1. 1. 1. 1. 1. 0. 1. 1. 1. 1. 1.
 1. 1. 1. 1. 1. 1. 1. 0. 1. 0. 1. 1. 1. 1. 1. 1. 0. 1. 0. 1. 1. 1. 0. 1.
 0. 0. 1. 1. 0. 1. 1. 1. 0. 1. 1. 1. 1. 1. 0. 1. 1. 0. 0. 1. 0. 1. 0. 1.
 1. 1. 1. 1. 0. 1. 1. 1. 1. 1. 1. 1. 1. 0. 0. 1. 1. 0. 1. 1. 0. 1. 1. 1.
 0. 0. 1. 0.]","[0. 1. 0. 0. 0. 1. 1. 1. 0. 0. 0. 0. 0. 1. 0. 0. 1. 1. 0. 0. 0. 0. 0. 1.
 0. 0. 1. 0. 1. 0. 0. 1. 0. 1. 1. 0. 0. 0. 1. 0. 0. 0. 1. 1. 1. 0. 1. 0.
 1. 0. 1. 1. 0. 1. 1. 1. 1. 0. 1. 0. 0. 1. 1. 1. 0. 0. 0. 1. 1. 0. 1. 1.
 0. 0. 1. 0. 0. 1. 0. 1. 0. 1. 1. 1. 0. 1. 0. 1. 1. 1. 1. 1. 1. 1. 1. 0.
 0. 0. 1. 1. 1. 0. 0. 1. 1. 1. 0. 0. 0. 1. 1. 1. 0. 0. 0. 0. 1. 1. 1. 0.
 1. 0. 0. 1. 1. 0. 0. 0. 0. 1. 0. 0. 1. 1. 0. 1. 1. 1. 0. 1. 1. 0. 1. 0.
 1. 1. 0. 0. 0. 1. 1. 0. 1. 1. 0. 1. 0. 0. 0. 1. 1. 1. 0. 1. 0. 1. 1. 0.
 1. 0. 0. 1. 1. 0. 0. 1. 0. 1. 1. 0. 0. 1. 0. 0. 1. 1. 0. 1. 1. 0. 0. 0.
 0. 1. 1. 0. 0. 1. 0. 0. 1. 0. 1. 1. 1. 0. 0. 0. 1. 1. 0. 0. 0. 0. 1. 0.
 0. 1. 0. 1. 1. 1. 1. 0. 0. 0. 0. 1. 1. 1. 1. 0. 1. 1. 1. 1. 0. 1. 0. 0.
 1. 0. 0. 1. 1. 1. 1. 1. 0. 0. 1. 1. 1. 0. 0. 1. 0. 1. 0. 0. 1. 0. 1. 0.
 1. 0. 0. 0.]"
383,naive_bayes,{},0.49419674061900104,0.13408863665375076,0.05953865325630384,0.22699545016132694,0.5143300826264535,0.12836842513153657,0.4844867333303966,0.02238805970149249,0.5111940298507462,0.5111940298507462,"{0: 0.48936288705725106, 1: 0.48936288705725106}","{0: 0.48936288705725106, 1: 0.48936288705725106}",0.48936288705725106,"[[38 96]
 [35 99]]","[1. 1. 1. 0. 0. 1. 1. 1. 1. 1. 1. 1. 1. 1. 1. 1. 1. 1. 1. 1. 0. 1. 0. 1.
 0. 1. 1. 1. 0. 1. 1. 1. 0. 0. 1. 1. 1. 1. 0. 1. 1. 0. 1. 1. 0. 1. 1. 1.
 0. 1. 1. 1. 1. 1. 1. 0. 1. 1. 1. 0. 1. 1. 1. 0. 1. 0. 0. 1. 1. 1. 1. 1.
 1. 1. 0. 1. 0. 0. 1. 1. 0. 0. 1. 1. 1. 1. 1. 1. 1. 0. 1. 1. 0. 1. 0. 0.
 1. 0. 1. 1. 1. 1. 1. 1. 0. 1. 1. 1. 1. 1. 1. 0. 0. 1. 1. 1. 1. 0. 0. 1.
 1. 1. 1. 1. 1. 1. 1. 1. 0. 0. 1. 1. 1. 1. 1. 1. 1. 0. 1. 0. 1. 1. 0. 1.
 0. 1. 1. 0. 0. 1. 0. 0. 1. 1. 0. 1. 1. 0. 1. 1. 1. 1. 1. 1. 0. 1. 0. 1.
 1. 0. 1. 1. 1. 0. 1. 1. 1. 1. 1. 0. 0. 1. 1. 1. 1. 1. 0. 1. 1. 1. 1. 1.
 1. 1. 1. 1. 1. 1. 1. 0. 1. 0. 1. 1. 1. 1. 1. 1. 0. 1. 0. 1. 1. 1. 0. 1.
 0. 0. 1. 1. 0. 1. 1. 1. 0. 1. 1. 1. 1. 1. 0. 1. 1. 0. 0. 1. 0. 1. 0. 1.
 1. 1. 1. 1. 0. 1. 1. 1. 1. 1. 1. 1. 1. 0. 0. 1. 1. 0. 1. 1. 0. 1. 1. 1.
 0. 0. 1. 0.]","[0. 1. 0. 0. 0. 1. 1. 1. 0. 0. 0. 0. 0. 1. 0. 0. 1. 1. 0. 0. 0. 0. 0. 1.
 0. 0. 1. 0. 1. 0. 0. 1. 0. 1. 1. 0. 0. 0. 1. 0. 0. 0. 1. 1. 1. 0. 1. 0.
 1. 0. 1. 1. 0. 1. 1. 1. 1. 0. 1. 0. 0. 1. 1. 1. 0. 0. 0. 1. 1. 0. 1. 1.
 0. 0. 1. 0. 0. 1. 0. 1. 0. 1. 1. 1. 0. 1. 0. 1. 1. 1. 1. 1. 1. 1. 1. 0.
 0. 0. 1. 1. 1. 0. 0. 1. 1. 1. 0. 0. 0. 1. 1. 1. 0. 0. 0. 0. 1. 1. 1. 0.
 1. 0. 0. 1. 1. 0. 0. 0. 0. 1. 0. 0. 1. 1. 0. 1. 1. 1. 0. 1. 1. 0. 1. 0.
 1. 1. 0. 0. 0. 1. 1. 0. 1. 1. 0. 1. 0. 0. 0. 1. 1. 1. 0. 1. 0. 1. 1. 0.
 1. 0. 0. 1. 1. 0. 0. 1. 0. 1. 1. 0. 0. 1. 0. 0. 1. 1. 0. 1. 1. 0. 0. 0.
 0. 1. 1. 0. 0. 1. 0. 0. 1. 0. 1. 1. 1. 0. 0. 0. 1. 1. 0. 0. 0. 0. 1. 0.
 0. 1. 0. 1. 1. 1. 1. 0. 0. 0. 0. 1. 1. 1. 1. 0. 1. 1. 1. 1. 0. 1. 0. 0.
 1. 0. 0. 1. 1. 1. 1. 1. 0. 0. 1. 1. 1. 0. 0. 1. 0. 1. 0. 0. 1. 0. 1. 0.
 1. 0. 0. 0.]"
725,naive_bayes,{},0.49419674061900104,0.13408863665375076,0.05953865325630384,0.22699545016132694,0.5143300826264535,0.12836842513153657,0.4844867333303966,0.02238805970149249,0.5111940298507462,0.5111940298507462,"{0: 0.48936288705725106, 1: 0.48936288705725106}","{0: 0.48936288705725106, 1: 0.48936288705725106}",0.48936288705725106,"[[38 96]
 [35 99]]","[1. 1. 1. 0. 0. 1. 1. 1. 1. 1. 1. 1. 1. 1. 1. 1. 1. 1. 1. 1. 0. 1. 0. 1.
 0. 1. 1. 1. 0. 1. 1. 1. 0. 0. 1. 1. 1. 1. 0. 1. 1. 0. 1. 1. 0. 1. 1. 1.
 0. 1. 1. 1. 1. 1. 1. 0. 1. 1. 1. 0. 1. 1. 1. 0. 1. 0. 0. 1. 1. 1. 1. 1.
 1. 1. 0. 1. 0. 0. 1. 1. 0. 0. 1. 1. 1. 1. 1. 1. 1. 0. 1. 1. 0. 1. 0. 0.
 1. 0. 1. 1. 1. 1. 1. 1. 0. 1. 1. 1. 1. 1. 1. 0. 0. 1. 1. 1. 1. 0. 0. 1.
 1. 1. 1. 1. 1. 1. 1. 1. 0. 0. 1. 1. 1. 1. 1. 1. 1. 0. 1. 0. 1. 1. 0. 1.
 0. 1. 1. 0. 0. 1. 0. 0. 1. 1. 0. 1. 1. 0. 1. 1. 1. 1. 1. 1. 0. 1. 0. 1.
 1. 0. 1. 1. 1. 0. 1. 1. 1. 1. 1. 0. 0. 1. 1. 1. 1. 1. 0. 1. 1. 1. 1. 1.
 1. 1. 1. 1. 1. 1. 1. 0. 1. 0. 1. 1. 1. 1. 1. 1. 0. 1. 0. 1. 1. 1. 0. 1.
 0. 0. 1. 1. 0. 1. 1. 1. 0. 1. 1. 1. 1. 1. 0. 1. 1. 0. 0. 1. 0. 1. 0. 1.
 1. 1. 1. 1. 0. 1. 1. 1. 1. 1. 1. 1. 1. 0. 0. 1. 1. 0. 1. 1. 0. 1. 1. 1.
 0. 0. 1. 0.]","[0. 1. 0. 0. 0. 1. 1. 1. 0. 0. 0. 0. 0. 1. 0. 0. 1. 1. 0. 0. 0. 0. 0. 1.
 0. 0. 1. 0. 1. 0. 0. 1. 0. 1. 1. 0. 0. 0. 1. 0. 0. 0. 1. 1. 1. 0. 1. 0.
 1. 0. 1. 1. 0. 1. 1. 1. 1. 0. 1. 0. 0. 1. 1. 1. 0. 0. 0. 1. 1. 0. 1. 1.
 0. 0. 1. 0. 0. 1. 0. 1. 0. 1. 1. 1. 0. 1. 0. 1. 1. 1. 1. 1. 1. 1. 1. 0.
 0. 0. 1. 1. 1. 0. 0. 1. 1. 1. 0. 0. 0. 1. 1. 1. 0. 0. 0. 0. 1. 1. 1. 0.
 1. 0. 0. 1. 1. 0. 0. 0. 0. 1. 0. 0. 1. 1. 0. 1. 1. 1. 0. 1. 1. 0. 1. 0.
 1. 1. 0. 0. 0. 1. 1. 0. 1. 1. 0. 1. 0. 0. 0. 1. 1. 1. 0. 1. 0. 1. 1. 0.
 1. 0. 0. 1. 1. 0. 0. 1. 0. 1. 1. 0. 0. 1. 0. 0. 1. 1. 0. 1. 1. 0. 0. 0.
 0. 1. 1. 0. 0. 1. 0. 0. 1. 0. 1. 1. 1. 0. 0. 0. 1. 1. 0. 0. 0. 0. 1. 0.
 0. 1. 0. 1. 1. 1. 1. 0. 0. 0. 0. 1. 1. 1. 1. 0. 1. 1. 1. 1. 0. 1. 0. 0.
 1. 0. 0. 1. 1. 1. 1. 1. 0. 0. 1. 1. 1. 0. 0. 1. 0. 1. 0. 0. 1. 0. 1. 0.
 1. 0. 0. 0.]"
186,naive_bayes,{},0.49419674061900104,0.13408863665375076,0.05953865325630384,0.22699545016132694,0.5143300826264535,0.12836842513153657,0.4844867333303966,0.02238805970149249,0.5111940298507462,0.5111940298507462,"{0: 0.48936288705725106, 1: 0.48936288705725106}","{0: 0.48936288705725106, 1: 0.48936288705725106}",0.48936288705725106,"[[38 96]
 [35 99]]","[1. 1. 1. 0. 0. 1. 1. 1. 1. 1. 1. 1. 1. 1. 1. 1. 1. 1. 1. 1. 0. 1. 0. 1.
 0. 1. 1. 1. 0. 1. 1. 1. 0. 0. 1. 1. 1. 1. 0. 1. 1. 0. 1. 1. 0. 1. 1. 1.
 0. 1. 1. 1. 1. 1. 1. 0. 1. 1. 1. 0. 1. 1. 1. 0. 1. 0. 0. 1. 1. 1. 1. 1.
 1. 1. 0. 1. 0. 0. 1. 1. 0. 0. 1. 1. 1. 1. 1. 1. 1. 0. 1. 1. 0. 1. 0. 0.
 1. 0. 1. 1. 1. 1. 1. 1. 0. 1. 1. 1. 1. 1. 1. 0. 0. 1. 1. 1. 1. 0. 0. 1.
 1. 1. 1. 1. 1. 1. 1. 1. 0. 0. 1. 1. 1. 1. 1. 1. 1. 0. 1. 0. 1. 1. 0. 1.
 0. 1. 1. 0. 0. 1. 0. 0. 1. 1. 0. 1. 1. 0. 1. 1. 1. 1. 1. 1. 0. 1. 0. 1.
 1. 0. 1. 1. 1. 0. 1. 1. 1. 1. 1. 0. 0. 1. 1. 1. 1. 1. 0. 1. 1. 1. 1. 1.
 1. 1. 1. 1. 1. 1. 1. 0. 1. 0. 1. 1. 1. 1. 1. 1. 0. 1. 0. 1. 1. 1. 0. 1.
 0. 0. 1. 1. 0. 1. 1. 1. 0. 1. 1. 1. 1. 1. 0. 1. 1. 0. 0. 1. 0. 1. 0. 1.
 1. 1. 1. 1. 0. 1. 1. 1. 1. 1. 1. 1. 1. 0. 0. 1. 1. 0. 1. 1. 0. 1. 1. 1.
 0. 0. 1. 0.]","[0. 1. 0. 0. 0. 1. 1. 1. 0. 0. 0. 0. 0. 1. 0. 0. 1. 1. 0. 0. 0. 0. 0. 1.
 0. 0. 1. 0. 1. 0. 0. 1. 0. 1. 1. 0. 0. 0. 1. 0. 0. 0. 1. 1. 1. 0. 1. 0.
 1. 0. 1. 1. 0. 1. 1. 1. 1. 0. 1. 0. 0. 1. 1. 1. 0. 0. 0. 1. 1. 0. 1. 1.
 0. 0. 1. 0. 0. 1. 0. 1. 0. 1. 1. 1. 0. 1. 0. 1. 1. 1. 1. 1. 1. 1. 1. 0.
 0. 0. 1. 1. 1. 0. 0. 1. 1. 1. 0. 0. 0. 1. 1. 1. 0. 0. 0. 0. 1. 1. 1. 0.
 1. 0. 0. 1. 1. 0. 0. 0. 0. 1. 0. 0. 1. 1. 0. 1. 1. 1. 0. 1. 1. 0. 1. 0.
 1. 1. 0. 0. 0. 1. 1. 0. 1. 1. 0. 1. 0. 0. 0. 1. 1. 1. 0. 1. 0. 1. 1. 0.
 1. 0. 0. 1. 1. 0. 0. 1. 0. 1. 1. 0. 0. 1. 0. 0. 1. 1. 0. 1. 1. 0. 0. 0.
 0. 1. 1. 0. 0. 1. 0. 0. 1. 0. 1. 1. 1. 0. 0. 0. 1. 1. 0. 0. 0. 0. 1. 0.
 0. 1. 0. 1. 1. 1. 1. 0. 0. 0. 0. 1. 1. 1. 1. 0. 1. 1. 1. 1. 0. 1. 0. 0.
 1. 0. 0. 1. 1. 1. 1. 1. 0. 0. 1. 1. 1. 0. 0. 1. 0. 1. 0. 0. 1. 0. 1. 0.
 1. 0. 0. 0.]"
16,naive_bayes,{},0.49419674061900104,0.13408863665375076,0.05953865325630384,0.22699545016132694,0.5143300826264535,0.12836842513153657,0.4844867333303966,0.02238805970149249,0.5111940298507462,0.5111940298507462,"{0: 0.48936288705725106, 1: 0.48936288705725106}","{0: 0.48936288705725106, 1: 0.48936288705725106}",0.48936288705725106,"[[38 96]
 [35 99]]","[1. 1. 1. 0. 0. 1. 1. 1. 1. 1. 1. 1. 1. 1. 1. 1. 1. 1. 1. 1. 0. 1. 0. 1.
 0. 1. 1. 1. 0. 1. 1. 1. 0. 0. 1. 1. 1. 1. 0. 1. 1. 0. 1. 1. 0. 1. 1. 1.
 0. 1. 1. 1. 1. 1. 1. 0. 1. 1. 1. 0. 1. 1. 1. 0. 1. 0. 0. 1. 1. 1. 1. 1.
 1. 1. 0. 1. 0. 0. 1. 1. 0. 0. 1. 1. 1. 1. 1. 1. 1. 0. 1. 1. 0. 1. 0. 0.
 1. 0. 1. 1. 1. 1. 1. 1. 0. 1. 1. 1. 1. 1. 1. 0. 0. 1. 1. 1. 1. 0. 0. 1.
 1. 1. 1. 1. 1. 1. 1. 1. 0. 0. 1. 1. 1. 1. 1. 1. 1. 0. 1. 0. 1. 1. 0. 1.
 0. 1. 1. 0. 0. 1. 0. 0. 1. 1. 0. 1. 1. 0. 1. 1. 1. 1. 1. 1. 0. 1. 0. 1.
 1. 0. 1. 1. 1. 0. 1. 1. 1. 1. 1. 0. 0. 1. 1. 1. 1. 1. 0. 1. 1. 1. 1. 1.
 1. 1. 1. 1. 1. 1. 1. 0. 1. 0. 1. 1. 1. 1. 1. 1. 0. 1. 0. 1. 1. 1. 0. 1.
 0. 0. 1. 1. 0. 1. 1. 1. 0. 1. 1. 1. 1. 1. 0. 1. 1. 0. 0. 1. 0. 1. 0. 1.
 1. 1. 1. 1. 0. 1. 1. 1. 1. 1. 1. 1. 1. 0. 0. 1. 1. 0. 1. 1. 0. 1. 1. 1.
 0. 0. 1. 0.]","[0. 1. 0. 0. 0. 1. 1. 1. 0. 0. 0. 0. 0. 1. 0. 0. 1. 1. 0. 0. 0. 0. 0. 1.
 0. 0. 1. 0. 1. 0. 0. 1. 0. 1. 1. 0. 0. 0. 1. 0. 0. 0. 1. 1. 1. 0. 1. 0.
 1. 0. 1. 1. 0. 1. 1. 1. 1. 0. 1. 0. 0. 1. 1. 1. 0. 0. 0. 1. 1. 0. 1. 1.
 0. 0. 1. 0. 0. 1. 0. 1. 0. 1. 1. 1. 0. 1. 0. 1. 1. 1. 1. 1. 1. 1. 1. 0.
 0. 0. 1. 1. 1. 0. 0. 1. 1. 1. 0. 0. 0. 1. 1. 1. 0. 0. 0. 0. 1. 1. 1. 0.
 1. 0. 0. 1. 1. 0. 0. 0. 0. 1. 0. 0. 1. 1. 0. 1. 1. 1. 0. 1. 1. 0. 1. 0.
 1. 1. 0. 0. 0. 1. 1. 0. 1. 1. 0. 1. 0. 0. 0. 1. 1. 1. 0. 1. 0. 1. 1. 0.
 1. 0. 0. 1. 1. 0. 0. 1. 0. 1. 1. 0. 0. 1. 0. 0. 1. 1. 0. 1. 1. 0. 0. 0.
 0. 1. 1. 0. 0. 1. 0. 0. 1. 0. 1. 1. 1. 0. 0. 0. 1. 1. 0. 0. 0. 0. 1. 0.
 0. 1. 0. 1. 1. 1. 1. 0. 0. 0. 0. 1. 1. 1. 1. 0. 1. 1. 1. 1. 0. 1. 0. 0.
 1. 0. 0. 1. 1. 1. 1. 1. 0. 0. 1. 1. 1. 0. 0. 1. 0. 1. 0. 0. 1. 0. 1. 0.
 1. 0. 0. 0.]"
196,naive_bayes,{},0.49419674061900104,0.13408863665375076,0.05953865325630384,0.22699545016132694,0.5143300826264535,0.12836842513153657,0.4844867333303966,0.02238805970149249,0.5111940298507462,0.5111940298507462,"{0: 0.48936288705725106, 1: 0.48936288705725106}","{0: 0.48936288705725106, 1: 0.48936288705725106}",0.48936288705725106,"[[38 96]
 [35 99]]","[1. 1. 1. 0. 0. 1. 1. 1. 1. 1. 1. 1. 1. 1. 1. 1. 1. 1. 1. 1. 0. 1. 0. 1.
 0. 1. 1. 1. 0. 1. 1. 1. 0. 0. 1. 1. 1. 1. 0. 1. 1. 0. 1. 1. 0. 1. 1. 1.
 0. 1. 1. 1. 1. 1. 1. 0. 1. 1. 1. 0. 1. 1. 1. 0. 1. 0. 0. 1. 1. 1. 1. 1.
 1. 1. 0. 1. 0. 0. 1. 1. 0. 0. 1. 1. 1. 1. 1. 1. 1. 0. 1. 1. 0. 1. 0. 0.
 1. 0. 1. 1. 1. 1. 1. 1. 0. 1. 1. 1. 1. 1. 1. 0. 0. 1. 1. 1. 1. 0. 0. 1.
 1. 1. 1. 1. 1. 1. 1. 1. 0. 0. 1. 1. 1. 1. 1. 1. 1. 0. 1. 0. 1. 1. 0. 1.
 0. 1. 1. 0. 0. 1. 0. 0. 1. 1. 0. 1. 1. 0. 1. 1. 1. 1. 1. 1. 0. 1. 0. 1.
 1. 0. 1. 1. 1. 0. 1. 1. 1. 1. 1. 0. 0. 1. 1. 1. 1. 1. 0. 1. 1. 1. 1. 1.
 1. 1. 1. 1. 1. 1. 1. 0. 1. 0. 1. 1. 1. 1. 1. 1. 0. 1. 0. 1. 1. 1. 0. 1.
 0. 0. 1. 1. 0. 1. 1. 1. 0. 1. 1. 1. 1. 1. 0. 1. 1. 0. 0. 1. 0. 1. 0. 1.
 1. 1. 1. 1. 0. 1. 1. 1. 1. 1. 1. 1. 1. 0. 0. 1. 1. 0. 1. 1. 0. 1. 1. 1.
 0. 0. 1. 0.]","[0. 1. 0. 0. 0. 1. 1. 1. 0. 0. 0. 0. 0. 1. 0. 0. 1. 1. 0. 0. 0. 0. 0. 1.
 0. 0. 1. 0. 1. 0. 0. 1. 0. 1. 1. 0. 0. 0. 1. 0. 0. 0. 1. 1. 1. 0. 1. 0.
 1. 0. 1. 1. 0. 1. 1. 1. 1. 0. 1. 0. 0. 1. 1. 1. 0. 0. 0. 1. 1. 0. 1. 1.
 0. 0. 1. 0. 0. 1. 0. 1. 0. 1. 1. 1. 0. 1. 0. 1. 1. 1. 1. 1. 1. 1. 1. 0.
 0. 0. 1. 1. 1. 0. 0. 1. 1. 1. 0. 0. 0. 1. 1. 1. 0. 0. 0. 0. 1. 1. 1. 0.
 1. 0. 0. 1. 1. 0. 0. 0. 0. 1. 0. 0. 1. 1. 0. 1. 1. 1. 0. 1. 1. 0. 1. 0.
 1. 1. 0. 0. 0. 1. 1. 0. 1. 1. 0. 1. 0. 0. 0. 1. 1. 1. 0. 1. 0. 1. 1. 0.
 1. 0. 0. 1. 1. 0. 0. 1. 0. 1. 1. 0. 0. 1. 0. 0. 1. 1. 0. 1. 1. 0. 0. 0.
 0. 1. 1. 0. 0. 1. 0. 0. 1. 0. 1. 1. 1. 0. 0. 0. 1. 1. 0. 0. 0. 0. 1. 0.
 0. 1. 0. 1. 1. 1. 1. 0. 0. 0. 0. 1. 1. 1. 1. 0. 1. 1. 1. 1. 0. 1. 0. 0.
 1. 0. 0. 1. 1. 1. 1. 1. 0. 0. 1. 1. 1. 0. 0. 1. 0. 1. 0. 0. 1. 0. 1. 0.
 1. 0. 0. 0.]"
699,naive_bayes,{},0.49419674061900104,0.13408863665375076,0.05953865325630384,0.22699545016132694,0.5143300826264535,0.12836842513153657,0.4844867333303966,0.02238805970149249,0.5111940298507462,0.5111940298507462,"{0: 0.48936288705725106, 1: 0.48936288705725106}","{0: 0.48936288705725106, 1: 0.48936288705725106}",0.48936288705725106,"[[38 96]
 [35 99]]","[1. 1. 1. 0. 0. 1. 1. 1. 1. 1. 1. 1. 1. 1. 1. 1. 1. 1. 1. 1. 0. 1. 0. 1.
 0. 1. 1. 1. 0. 1. 1. 1. 0. 0. 1. 1. 1. 1. 0. 1. 1. 0. 1. 1. 0. 1. 1. 1.
 0. 1. 1. 1. 1. 1. 1. 0. 1. 1. 1. 0. 1. 1. 1. 0. 1. 0. 0. 1. 1. 1. 1. 1.
 1. 1. 0. 1. 0. 0. 1. 1. 0. 0. 1. 1. 1. 1. 1. 1. 1. 0. 1. 1. 0. 1. 0. 0.
 1. 0. 1. 1. 1. 1. 1. 1. 0. 1. 1. 1. 1. 1. 1. 0. 0. 1. 1. 1. 1. 0. 0. 1.
 1. 1. 1. 1. 1. 1. 1. 1. 0. 0. 1. 1. 1. 1. 1. 1. 1. 0. 1. 0. 1. 1. 0. 1.
 0. 1. 1. 0. 0. 1. 0. 0. 1. 1. 0. 1. 1. 0. 1. 1. 1. 1. 1. 1. 0. 1. 0. 1.
 1. 0. 1. 1. 1. 0. 1. 1. 1. 1. 1. 0. 0. 1. 1. 1. 1. 1. 0. 1. 1. 1. 1. 1.
 1. 1. 1. 1. 1. 1. 1. 0. 1. 0. 1. 1. 1. 1. 1. 1. 0. 1. 0. 1. 1. 1. 0. 1.
 0. 0. 1. 1. 0. 1. 1. 1. 0. 1. 1. 1. 1. 1. 0. 1. 1. 0. 0. 1. 0. 1. 0. 1.
 1. 1. 1. 1. 0. 1. 1. 1. 1. 1. 1. 1. 1. 0. 0. 1. 1. 0. 1. 1. 0. 1. 1. 1.
 0. 0. 1. 0.]","[0. 1. 0. 0. 0. 1. 1. 1. 0. 0. 0. 0. 0. 1. 0. 0. 1. 1. 0. 0. 0. 0. 0. 1.
 0. 0. 1. 0. 1. 0. 0. 1. 0. 1. 1. 0. 0. 0. 1. 0. 0. 0. 1. 1. 1. 0. 1. 0.
 1. 0. 1. 1. 0. 1. 1. 1. 1. 0. 1. 0. 0. 1. 1. 1. 0. 0. 0. 1. 1. 0. 1. 1.
 0. 0. 1. 0. 0. 1. 0. 1. 0. 1. 1. 1. 0. 1. 0. 1. 1. 1. 1. 1. 1. 1. 1. 0.
 0. 0. 1. 1. 1. 0. 0. 1. 1. 1. 0. 0. 0. 1. 1. 1. 0. 0. 0. 0. 1. 1. 1. 0.
 1. 0. 0. 1. 1. 0. 0. 0. 0. 1. 0. 0. 1. 1. 0. 1. 1. 1. 0. 1. 1. 0. 1. 0.
 1. 1. 0. 0. 0. 1. 1. 0. 1. 1. 0. 1. 0. 0. 0. 1. 1. 1. 0. 1. 0. 1. 1. 0.
 1. 0. 0. 1. 1. 0. 0. 1. 0. 1. 1. 0. 0. 1. 0. 0. 1. 1. 0. 1. 1. 0. 0. 0.
 0. 1. 1. 0. 0. 1. 0. 0. 1. 0. 1. 1. 1. 0. 0. 0. 1. 1. 0. 0. 0. 0. 1. 0.
 0. 1. 0. 1. 1. 1. 1. 0. 0. 0. 0. 1. 1. 1. 1. 0. 1. 1. 1. 1. 0. 1. 0. 0.
 1. 0. 0. 1. 1. 1. 1. 1. 0. 0. 1. 1. 1. 0. 0. 1. 0. 1. 0. 0. 1. 0. 1. 0.
 1. 0. 0. 0.]"
394,naive_bayes,{},0.49419674061900104,0.13408863665375076,0.05953865325630384,0.22699545016132694,0.5143300826264535,0.12836842513153657,0.4844867333303966,0.02238805970149249,0.5111940298507462,0.5111940298507462,"{0: 0.48936288705725106, 1: 0.48936288705725106}","{0: 0.48936288705725106, 1: 0.48936288705725106}",0.48936288705725106,"[[38 96]
 [35 99]]","[1. 1. 1. 0. 0. 1. 1. 1. 1. 1. 1. 1. 1. 1. 1. 1. 1. 1. 1. 1. 0. 1. 0. 1.
 0. 1. 1. 1. 0. 1. 1. 1. 0. 0. 1. 1. 1. 1. 0. 1. 1. 0. 1. 1. 0. 1. 1. 1.
 0. 1. 1. 1. 1. 1. 1. 0. 1. 1. 1. 0. 1. 1. 1. 0. 1. 0. 0. 1. 1. 1. 1. 1.
 1. 1. 0. 1. 0. 0. 1. 1. 0. 0. 1. 1. 1. 1. 1. 1. 1. 0. 1. 1. 0. 1. 0. 0.
 1. 0. 1. 1. 1. 1. 1. 1. 0. 1. 1. 1. 1. 1. 1. 0. 0. 1. 1. 1. 1. 0. 0. 1.
 1. 1. 1. 1. 1. 1. 1. 1. 0. 0. 1. 1. 1. 1. 1. 1. 1. 0. 1. 0. 1. 1. 0. 1.
 0. 1. 1. 0. 0. 1. 0. 0. 1. 1. 0. 1. 1. 0. 1. 1. 1. 1. 1. 1. 0. 1. 0. 1.
 1. 0. 1. 1. 1. 0. 1. 1. 1. 1. 1. 0. 0. 1. 1. 1. 1. 1. 0. 1. 1. 1. 1. 1.
 1. 1. 1. 1. 1. 1. 1. 0. 1. 0. 1. 1. 1. 1. 1. 1. 0. 1. 0. 1. 1. 1. 0. 1.
 0. 0. 1. 1. 0. 1. 1. 1. 0. 1. 1. 1. 1. 1. 0. 1. 1. 0. 0. 1. 0. 1. 0. 1.
 1. 1. 1. 1. 0. 1. 1. 1. 1. 1. 1. 1. 1. 0. 0. 1. 1. 0. 1. 1. 0. 1. 1. 1.
 0. 0. 1. 0.]","[0. 1. 0. 0. 0. 1. 1. 1. 0. 0. 0. 0. 0. 1. 0. 0. 1. 1. 0. 0. 0. 0. 0. 1.
 0. 0. 1. 0. 1. 0. 0. 1. 0. 1. 1. 0. 0. 0. 1. 0. 0. 0. 1. 1. 1. 0. 1. 0.
 1. 0. 1. 1. 0. 1. 1. 1. 1. 0. 1. 0. 0. 1. 1. 1. 0. 0. 0. 1. 1. 0. 1. 1.
 0. 0. 1. 0. 0. 1. 0. 1. 0. 1. 1. 1. 0. 1. 0. 1. 1. 1. 1. 1. 1. 1. 1. 0.
 0. 0. 1. 1. 1. 0. 0. 1. 1. 1. 0. 0. 0. 1. 1. 1. 0. 0. 0. 0. 1. 1. 1. 0.
 1. 0. 0. 1. 1. 0. 0. 0. 0. 1. 0. 0. 1. 1. 0. 1. 1. 1. 0. 1. 1. 0. 1. 0.
 1. 1. 0. 0. 0. 1. 1. 0. 1. 1. 0. 1. 0. 0. 0. 1. 1. 1. 0. 1. 0. 1. 1. 0.
 1. 0. 0. 1. 1. 0. 0. 1. 0. 1. 1. 0. 0. 1. 0. 0. 1. 1. 0. 1. 1. 0. 0. 0.
 0. 1. 1. 0. 0. 1. 0. 0. 1. 0. 1. 1. 1. 0. 0. 0. 1. 1. 0. 0. 0. 0. 1. 0.
 0. 1. 0. 1. 1. 1. 1. 0. 0. 0. 0. 1. 1. 1. 1. 0. 1. 1. 1. 1. 0. 1. 0. 0.
 1. 0. 0. 1. 1. 1. 1. 1. 0. 0. 1. 1. 1. 0. 0. 1. 0. 1. 0. 0. 1. 0. 1. 0.
 1. 0. 0. 0.]"
453,AdaBoost,"{'algorithm': 'SAMME.R', 'learning_rate': 3.446938775510204, 'n_estimators': 30}",0.5287022039627126,0.16851789737715522,0.05903088182070246,0.22567199682302738,0.6078945695881179,0.15125624724947795,0.5759493670886077,0.17910447761194026,0.5895522388059702,0.5895522388059702,"{0: 0.5889953218979729, 1: 0.5889953218979728}","{0: 0.5889953218979729, 1: 0.5889953218979728}",0.5889953218979728,"[[103  31]
 [ 79  55]]","[1. 0. 0. 0. 0. 0. 1. 0. 1. 0. 0. 0. 0. 1. 1. 0. 1. 1. 0. 0. 0. 1. 1. 0.
 0. 1. 1. 0. 0. 0. 1. 0. 0. 0. 1. 0. 1. 0. 1. 0. 1. 0. 1. 1. 0. 1. 1. 0.
 1. 0. 1. 0. 0. 0. 1. 1. 0. 1. 0. 1. 1. 0. 0. 1. 0. 0. 0. 1. 1. 0. 0. 0.
 0. 0. 1. 0. 1. 0. 0. 0. 1. 0. 0. 0. 1. 1. 0. 0. 0. 0. 1. 0. 1. 1. 1. 0.
 0. 0. 0. 1. 0. 1. 0. 1. 1. 0. 0. 0. 0. 1. 0. 0. 0. 1. 0. 0. 1. 1. 1. 0.
 0. 1. 0. 0. 0. 0. 1. 0. 0. 1. 0. 0. 0. 0. 0. 0. 0. 1. 0. 0. 1. 0. 0. 0.
 1. 0. 0. 0. 0. 1. 1. 0. 0. 0. 0. 0. 0. 0. 0. 0. 1. 1. 0. 0. 0. 1. 1. 0.
 1. 0. 0. 1. 0. 1. 0. 0. 0. 0. 0. 0. 0. 0. 0. 0. 0. 0. 1. 0. 0. 0. 0. 0.
 0. 0. 0. 0. 1. 0. 0. 0. 1. 1. 1. 1. 0. 0. 0. 0. 0. 0. 0. 1. 0. 1. 0. 0.
 0. 0. 0. 1. 0. 1. 0. 0. 0. 0. 0. 0. 0. 0. 1. 0. 0. 0. 1. 1. 0. 0. 0. 0.
 1. 0. 0. 0. 1. 1. 0. 1. 0. 0. 0. 0. 0. 1. 1. 0. 1. 0. 0. 0. 0. 0. 0. 0.
 1. 1. 1. 0.]","[0. 1. 0. 0. 0. 1. 1. 1. 0. 0. 0. 0. 0. 1. 0. 0. 1. 1. 0. 0. 0. 0. 0. 1.
 0. 0. 1. 0. 1. 0. 0. 1. 0. 1. 1. 0. 0. 0. 1. 0. 0. 0. 1. 1. 1. 0. 1. 0.
 1. 0. 1. 1. 0. 1. 1. 1. 1. 0. 1. 0. 0. 1. 1. 1. 0. 0. 0. 1. 1. 0. 1. 1.
 0. 0. 1. 0. 0. 1. 0. 1. 0. 1. 1. 1. 0. 1. 0. 1. 1. 1. 1. 1. 1. 1. 1. 0.
 0. 0. 1. 1. 1. 0. 0. 1. 1. 1. 0. 0. 0. 1. 1. 1. 0. 0. 0. 0. 1. 1. 1. 0.
 1. 0. 0. 1. 1. 0. 0. 0. 0. 1. 0. 0. 1. 1. 0. 1. 1. 1. 0. 1. 1. 0. 1. 0.
 1. 1. 0. 0. 0. 1. 1. 0. 1. 1. 0. 1. 0. 0. 0. 1. 1. 1. 0. 1. 0. 1. 1. 0.
 1. 0. 0. 1. 1. 0. 0. 1. 0. 1. 1. 0. 0. 1. 0. 0. 1. 1. 0. 1. 1. 0. 0. 0.
 0. 1. 1. 0. 0. 1. 0. 0. 1. 0. 1. 1. 1. 0. 0. 0. 1. 1. 0. 0. 0. 0. 1. 0.
 0. 1. 0. 1. 1. 1. 1. 0. 0. 0. 0. 1. 1. 1. 1. 0. 1. 1. 1. 1. 0. 1. 0. 0.
 1. 0. 0. 1. 1. 1. 1. 1. 0. 0. 1. 1. 1. 0. 0. 1. 0. 1. 0. 0. 1. 0. 1. 0.
 1. 0. 0. 0.]"
79,knn,{'n_neighbors': 100},0.48636703025917666,0.1445189599005288,0.055351447220208176,0.19099873711580803,0.4949205028842125,0.13768701158968943,0.5061149271234713,0.014925373134328401,0.5074626865671642,0.5074626865671641,"{0: 0.49615727333481846, 1: 0.4961572733348184}","{0: 0.49615727333481846, 1: 0.4961572733348184}",0.4961572733348184,"[[75 59]
 [73 61]]","[1. 1. 0. 0. 0. 0. 0. 0. 1. 1. 1. 0. 0. 0. 1. 1. 1. 1. 1. 0. 1. 0. 1. 0.
 0. 1. 0. 1. 0. 1. 1. 1. 0. 0. 0. 1. 1. 0. 0. 0. 0. 0. 1. 1. 1. 0. 1. 1.
 0. 0. 0. 0. 1. 1. 1. 0. 0. 1. 0. 0. 1. 0. 1. 1. 0. 0. 0. 0. 0. 0. 1. 0.
 0. 1. 0. 0. 1. 1. 0. 0. 1. 0. 1. 0. 1. 1. 1. 1. 0. 1. 1. 0. 0. 1. 0. 1.
 1. 0. 0. 1. 1. 0. 1. 1. 0. 1. 0. 1. 0. 1. 1. 0. 1. 0. 0. 0. 0. 1. 0. 1.
 1. 1. 0. 0. 0. 1. 0. 1. 0. 0. 0. 0. 0. 0. 1. 1. 1. 0. 0. 1. 0. 1. 0. 0.
 0. 1. 0. 0. 1. 1. 0. 0. 1. 0. 0. 1. 0. 0. 0. 0. 0. 1. 0. 0. 1. 0. 0. 0.
 1. 0. 1. 0. 0. 0. 0. 1. 1. 1. 1. 0. 1. 1. 1. 1. 1. 0. 1. 0. 1. 1. 1. 0.
 1. 1. 1. 0. 0. 1. 0. 0. 1. 0. 0. 1. 0. 1. 0. 1. 1. 1. 0. 0. 0. 0. 1. 1.
 0. 0. 1. 1. 1. 1. 0. 0. 0. 1. 1. 1. 0. 0. 0. 1. 0. 0. 0. 0. 0. 1. 0. 1.
 0. 0. 0. 0. 0. 1. 1. 0. 0. 1. 0. 0. 1. 1. 0. 1. 0. 0. 0. 0. 0. 1. 1. 0.
 0. 0. 1. 1.]","[0. 1. 0. 0. 0. 1. 1. 1. 0. 0. 0. 0. 0. 1. 0. 0. 1. 1. 0. 0. 0. 0. 0. 1.
 0. 0. 1. 0. 1. 0. 0. 1. 0. 1. 1. 0. 0. 0. 1. 0. 0. 0. 1. 1. 1. 0. 1. 0.
 1. 0. 1. 1. 0. 1. 1. 1. 1. 0. 1. 0. 0. 1. 1. 1. 0. 0. 0. 1. 1. 0. 1. 1.
 0. 0. 1. 0. 0. 1. 0. 1. 0. 1. 1. 1. 0. 1. 0. 1. 1. 1. 1. 1. 1. 1. 1. 0.
 0. 0. 1. 1. 1. 0. 0. 1. 1. 1. 0. 0. 0. 1. 1. 1. 0. 0. 0. 0. 1. 1. 1. 0.
 1. 0. 0. 1. 1. 0. 0. 0. 0. 1. 0. 0. 1. 1. 0. 1. 1. 1. 0. 1. 1. 0. 1. 0.
 1. 1. 0. 0. 0. 1. 1. 0. 1. 1. 0. 1. 0. 0. 0. 1. 1. 1. 0. 1. 0. 1. 1. 0.
 1. 0. 0. 1. 1. 0. 0. 1. 0. 1. 1. 0. 0. 1. 0. 0. 1. 1. 0. 1. 1. 0. 0. 0.
 0. 1. 1. 0. 0. 1. 0. 0. 1. 0. 1. 1. 1. 0. 0. 0. 1. 1. 0. 0. 0. 0. 1. 0.
 0. 1. 0. 1. 1. 1. 1. 0. 0. 0. 0. 1. 1. 1. 1. 0. 1. 1. 1. 1. 0. 1. 0. 0.
 1. 0. 0. 1. 1. 1. 1. 1. 0. 0. 1. 1. 1. 0. 0. 1. 0. 1. 0. 0. 1. 0. 1. 0.
 1. 0. 0. 0.]"
554,knn,{'n_neighbors': 100},0.48636703025917666,0.1445189599005288,0.055351447220208176,0.19099873711580803,0.4949205028842125,0.13768701158968943,0.5061149271234713,0.014925373134328401,0.5074626865671642,0.5074626865671641,"{0: 0.49615727333481846, 1: 0.4961572733348184}","{0: 0.49615727333481846, 1: 0.4961572733348184}",0.4961572733348184,"[[75 59]
 [73 61]]","[1. 1. 0. 0. 0. 0. 0. 0. 1. 1. 1. 0. 0. 0. 1. 1. 1. 1. 1. 0. 1. 0. 1. 0.
 0. 1. 0. 1. 0. 1. 1. 1. 0. 0. 0. 1. 1. 0. 0. 0. 0. 0. 1. 1. 1. 0. 1. 1.
 0. 0. 0. 0. 1. 1. 1. 0. 0. 1. 0. 0. 1. 0. 1. 1. 0. 0. 0. 0. 0. 0. 1. 0.
 0. 1. 0. 0. 1. 1. 0. 0. 1. 0. 1. 0. 1. 1. 1. 1. 0. 1. 1. 0. 0. 1. 0. 1.
 1. 0. 0. 1. 1. 0. 1. 1. 0. 1. 0. 1. 0. 1. 1. 0. 1. 0. 0. 0. 0. 1. 0. 1.
 1. 1. 0. 0. 0. 1. 0. 1. 0. 0. 0. 0. 0. 0. 1. 1. 1. 0. 0. 1. 0. 1. 0. 0.
 0. 1. 0. 0. 1. 1. 0. 0. 1. 0. 0. 1. 0. 0. 0. 0. 0. 1. 0. 0. 1. 0. 0. 0.
 1. 0. 1. 0. 0. 0. 0. 1. 1. 1. 1. 0. 1. 1. 1. 1. 1. 0. 1. 0. 1. 1. 1. 0.
 1. 1. 1. 0. 0. 1. 0. 0. 1. 0. 0. 1. 0. 1. 0. 1. 1. 1. 0. 0. 0. 0. 1. 1.
 0. 0. 1. 1. 1. 1. 0. 0. 0. 1. 1. 1. 0. 0. 0. 1. 0. 0. 0. 0. 0. 1. 0. 1.
 0. 0. 0. 0. 0. 1. 1. 0. 0. 1. 0. 0. 1. 1. 0. 1. 0. 0. 0. 0. 0. 1. 1. 0.
 0. 0. 1. 1.]","[0. 1. 0. 0. 0. 1. 1. 1. 0. 0. 0. 0. 0. 1. 0. 0. 1. 1. 0. 0. 0. 0. 0. 1.
 0. 0. 1. 0. 1. 0. 0. 1. 0. 1. 1. 0. 0. 0. 1. 0. 0. 0. 1. 1. 1. 0. 1. 0.
 1. 0. 1. 1. 0. 1. 1. 1. 1. 0. 1. 0. 0. 1. 1. 1. 0. 0. 0. 1. 1. 0. 1. 1.
 0. 0. 1. 0. 0. 1. 0. 1. 0. 1. 1. 1. 0. 1. 0. 1. 1. 1. 1. 1. 1. 1. 1. 0.
 0. 0. 1. 1. 1. 0. 0. 1. 1. 1. 0. 0. 0. 1. 1. 1. 0. 0. 0. 0. 1. 1. 1. 0.
 1. 0. 0. 1. 1. 0. 0. 0. 0. 1. 0. 0. 1. 1. 0. 1. 1. 1. 0. 1. 1. 0. 1. 0.
 1. 1. 0. 0. 0. 1. 1. 0. 1. 1. 0. 1. 0. 0. 0. 1. 1. 1. 0. 1. 0. 1. 1. 0.
 1. 0. 0. 1. 1. 0. 0. 1. 0. 1. 1. 0. 0. 1. 0. 0. 1. 1. 0. 1. 1. 0. 0. 0.
 0. 1. 1. 0. 0. 1. 0. 0. 1. 0. 1. 1. 1. 0. 0. 0. 1. 1. 0. 0. 0. 0. 1. 0.
 0. 1. 0. 1. 1. 1. 1. 0. 0. 0. 0. 1. 1. 1. 1. 0. 1. 1. 1. 1. 0. 1. 0. 0.
 1. 0. 0. 1. 1. 1. 1. 1. 0. 0. 1. 1. 1. 0. 0. 1. 0. 1. 0. 0. 1. 0. 1. 0.
 1. 0. 0. 0.]"
969,AdaBoost,"{'algorithm': 'SAMME', 'learning_rate': 3.7734693877551018, 'n_estimators': 74}",0.4694348761146853,0.1681408309594621,0.0552160607680409,0.23946006182007148,0.537339484365694,0.15520326621457953,0.45858585858585854,0.04477611940298509,0.5223880597014925,0.5223880597014925,"{0: 0.4829026509244821, 1: 0.4829026509244821}","{0: 0.4829026509244821, 1: 0.4829026509244821}",0.4829026509244821,"[[116  18]
 [110  24]]","[0. 0. 0. 0. 0. 1. 0. 0. 1. 0. 0. 0. 0. 0. 0. 0. 0. 0. 0. 0. 1. 1. 1. 0.
 0. 0. 1. 1. 1. 0. 0. 0. 0. 0. 0. 0. 0. 0. 0. 0. 0. 0. 0. 1. 0. 0. 1. 0.
 1. 0. 0. 0. 0. 0. 0. 0. 0. 0. 0. 1. 0. 0. 0. 0. 0. 1. 0. 0. 0. 0. 0. 0.
 0. 0. 0. 0. 0. 0. 1. 0. 1. 0. 0. 0. 0. 0. 0. 0. 0. 0. 0. 0. 0. 0. 1. 1.
 0. 0. 0. 0. 0. 0. 0. 1. 1. 0. 0. 0. 0. 0. 0. 0. 0. 0. 0. 0. 0. 0. 1. 0.
 0. 0. 0. 0. 0. 0. 1. 0. 0. 0. 0. 0. 0. 0. 1. 0. 0. 0. 0. 0. 0. 0. 0. 0.
 0. 0. 0. 0. 1. 1. 0. 0. 0. 0. 0. 0. 0. 0. 0. 0. 0. 1. 0. 0. 1. 0. 0. 0.
 1. 1. 1. 1. 1. 0. 0. 0. 0. 1. 0. 0. 0. 0. 0. 0. 0. 0. 0. 0. 0. 0. 0. 0.
 0. 0. 0. 0. 0. 0. 0. 0. 0. 0. 0. 0. 0. 0. 0. 0. 0. 0. 1. 1. 0. 0. 1. 0.
 0. 0. 0. 1. 0. 1. 0. 0. 0. 0. 0. 0. 0. 0. 1. 0. 0. 0. 0. 1. 0. 0. 0. 0.
 1. 0. 0. 0. 0. 0. 0. 0. 0. 0. 0. 0. 1. 0. 0. 0. 0. 0. 0. 0. 0. 0. 0. 0.
 1. 0. 0. 0.]","[0. 1. 0. 0. 0. 1. 1. 1. 0. 0. 0. 0. 0. 1. 0. 0. 1. 1. 0. 0. 0. 0. 0. 1.
 0. 0. 1. 0. 1. 0. 0. 1. 0. 1. 1. 0. 0. 0. 1. 0. 0. 0. 1. 1. 1. 0. 1. 0.
 1. 0. 1. 1. 0. 1. 1. 1. 1. 0. 1. 0. 0. 1. 1. 1. 0. 0. 0. 1. 1. 0. 1. 1.
 0. 0. 1. 0. 0. 1. 0. 1. 0. 1. 1. 1. 0. 1. 0. 1. 1. 1. 1. 1. 1. 1. 1. 0.
 0. 0. 1. 1. 1. 0. 0. 1. 1. 1. 0. 0. 0. 1. 1. 1. 0. 0. 0. 0. 1. 1. 1. 0.
 1. 0. 0. 1. 1. 0. 0. 0. 0. 1. 0. 0. 1. 1. 0. 1. 1. 1. 0. 1. 1. 0. 1. 0.
 1. 1. 0. 0. 0. 1. 1. 0. 1. 1. 0. 1. 0. 0. 0. 1. 1. 1. 0. 1. 0. 1. 1. 0.
 1. 0. 0. 1. 1. 0. 0. 1. 0. 1. 1. 0. 0. 1. 0. 0. 1. 1. 0. 1. 1. 0. 0. 0.
 0. 1. 1. 0. 0. 1. 0. 0. 1. 0. 1. 1. 1. 0. 0. 0. 1. 1. 0. 0. 0. 0. 1. 0.
 0. 1. 0. 1. 1. 1. 1. 0. 0. 0. 0. 1. 1. 1. 1. 0. 1. 1. 1. 1. 0. 1. 0. 0.
 1. 0. 0. 1. 1. 1. 1. 1. 0. 0. 1. 1. 1. 0. 0. 1. 0. 1. 0. 0. 1. 0. 1. 0.
 1. 0. 0. 0.]"
291,knn,{'n_neighbors': 110},0.5008431093418713,0.16555443499851336,0.05168692229389633,0.22819004648947358,0.5146864448275738,0.14039758976936667,0.5217221571579944,0.04477611940298509,0.5223880597014925,0.5223880597014925,"{0: 0.4665014479839608, 1: 0.4665014479839608}","{0: 0.4665014479839608, 1: 0.4665014479839608}",0.4665014479839608,"[[75 59]
 [69 65]]","[1. 1. 0. 0. 0. 0. 0. 0. 1. 1. 1. 1. 0. 0. 1. 1. 1. 1. 1. 0. 1. 0. 1. 0.
 0. 0. 0. 1. 0. 1. 1. 1. 0. 0. 0. 1. 0. 0. 0. 0. 0. 0. 1. 1. 1. 0. 1. 1.
 0. 0. 0. 0. 1. 1. 1. 0. 0. 1. 0. 0. 1. 0. 1. 1. 0. 0. 0. 1. 0. 0. 1. 0.
 0. 1. 0. 0. 0. 1. 0. 0. 1. 0. 0. 0. 1. 1. 1. 1. 0. 1. 1. 0. 0. 1. 0. 1.
 1. 0. 0. 1. 1. 0. 1. 0. 1. 1. 0. 1. 0. 1. 1. 0. 1. 0. 0. 0. 0. 1. 1. 1.
 1. 1. 0. 0. 0. 1. 0. 1. 0. 1. 0. 0. 0. 1. 1. 1. 1. 0. 0. 1. 0. 1. 0. 0.
 0. 1. 0. 0. 1. 1. 0. 0. 1. 0. 0. 0. 1. 0. 0. 0. 0. 0. 0. 0. 1. 0. 0. 1.
 1. 0. 1. 0. 0. 0. 0. 1. 1. 1. 1. 0. 1. 1. 1. 1. 1. 0. 1. 0. 1. 1. 1. 0.
 1. 1. 1. 0. 0. 1. 0. 0. 1. 0. 0. 1. 0. 1. 0. 1. 1. 1. 0. 1. 0. 0. 1. 1.
 0. 0. 0. 1. 1. 1. 0. 0. 0. 1. 1. 1. 0. 0. 1. 1. 0. 0. 0. 1. 0. 1. 0. 1.
 0. 0. 0. 0. 0. 1. 1. 1. 0. 1. 0. 1. 1. 1. 0. 0. 0. 0. 0. 0. 0. 1. 1. 0.
 0. 0. 1. 1.]","[0. 1. 0. 0. 0. 1. 1. 1. 0. 0. 0. 0. 0. 1. 0. 0. 1. 1. 0. 0. 0. 0. 0. 1.
 0. 0. 1. 0. 1. 0. 0. 1. 0. 1. 1. 0. 0. 0. 1. 0. 0. 0. 1. 1. 1. 0. 1. 0.
 1. 0. 1. 1. 0. 1. 1. 1. 1. 0. 1. 0. 0. 1. 1. 1. 0. 0. 0. 1. 1. 0. 1. 1.
 0. 0. 1. 0. 0. 1. 0. 1. 0. 1. 1. 1. 0. 1. 0. 1. 1. 1. 1. 1. 1. 1. 1. 0.
 0. 0. 1. 1. 1. 0. 0. 1. 1. 1. 0. 0. 0. 1. 1. 1. 0. 0. 0. 0. 1. 1. 1. 0.
 1. 0. 0. 1. 1. 0. 0. 0. 0. 1. 0. 0. 1. 1. 0. 1. 1. 1. 0. 1. 1. 0. 1. 0.
 1. 1. 0. 0. 0. 1. 1. 0. 1. 1. 0. 1. 0. 0. 0. 1. 1. 1. 0. 1. 0. 1. 1. 0.
 1. 0. 0. 1. 1. 0. 0. 1. 0. 1. 1. 0. 0. 1. 0. 0. 1. 1. 0. 1. 1. 0. 0. 0.
 0. 1. 1. 0. 0. 1. 0. 0. 1. 0. 1. 1. 1. 0. 0. 0. 1. 1. 0. 0. 0. 0. 1. 0.
 0. 1. 0. 1. 1. 1. 1. 0. 0. 0. 0. 1. 1. 1. 1. 0. 1. 1. 1. 1. 0. 1. 0. 0.
 1. 0. 0. 1. 1. 1. 1. 1. 0. 0. 1. 1. 1. 0. 0. 1. 0. 1. 0. 0. 1. 0. 1. 0.
 1. 0. 0. 0.]"
820,knn,{'n_neighbors': 110},0.5008431093418713,0.16555443499851336,0.05168692229389633,0.22819004648947358,0.5146864448275738,0.14039758976936667,0.5217221571579944,0.04477611940298509,0.5223880597014925,0.5223880597014925,"{0: 0.4665014479839608, 1: 0.4665014479839608}","{0: 0.4665014479839608, 1: 0.4665014479839608}",0.4665014479839608,"[[75 59]
 [69 65]]","[1. 1. 0. 0. 0. 0. 0. 0. 1. 1. 1. 1. 0. 0. 1. 1. 1. 1. 1. 0. 1. 0. 1. 0.
 0. 0. 0. 1. 0. 1. 1. 1. 0. 0. 0. 1. 0. 0. 0. 0. 0. 0. 1. 1. 1. 0. 1. 1.
 0. 0. 0. 0. 1. 1. 1. 0. 0. 1. 0. 0. 1. 0. 1. 1. 0. 0. 0. 1. 0. 0. 1. 0.
 0. 1. 0. 0. 0. 1. 0. 0. 1. 0. 0. 0. 1. 1. 1. 1. 0. 1. 1. 0. 0. 1. 0. 1.
 1. 0. 0. 1. 1. 0. 1. 0. 1. 1. 0. 1. 0. 1. 1. 0. 1. 0. 0. 0. 0. 1. 1. 1.
 1. 1. 0. 0. 0. 1. 0. 1. 0. 1. 0. 0. 0. 1. 1. 1. 1. 0. 0. 1. 0. 1. 0. 0.
 0. 1. 0. 0. 1. 1. 0. 0. 1. 0. 0. 0. 1. 0. 0. 0. 0. 0. 0. 0. 1. 0. 0. 1.
 1. 0. 1. 0. 0. 0. 0. 1. 1. 1. 1. 0. 1. 1. 1. 1. 1. 0. 1. 0. 1. 1. 1. 0.
 1. 1. 1. 0. 0. 1. 0. 0. 1. 0. 0. 1. 0. 1. 0. 1. 1. 1. 0. 1. 0. 0. 1. 1.
 0. 0. 0. 1. 1. 1. 0. 0. 0. 1. 1. 1. 0. 0. 1. 1. 0. 0. 0. 1. 0. 1. 0. 1.
 0. 0. 0. 0. 0. 1. 1. 1. 0. 1. 0. 1. 1. 1. 0. 0. 0. 0. 0. 0. 0. 1. 1. 0.
 0. 0. 1. 1.]","[0. 1. 0. 0. 0. 1. 1. 1. 0. 0. 0. 0. 0. 1. 0. 0. 1. 1. 0. 0. 0. 0. 0. 1.
 0. 0. 1. 0. 1. 0. 0. 1. 0. 1. 1. 0. 0. 0. 1. 0. 0. 0. 1. 1. 1. 0. 1. 0.
 1. 0. 1. 1. 0. 1. 1. 1. 1. 0. 1. 0. 0. 1. 1. 1. 0. 0. 0. 1. 1. 0. 1. 1.
 0. 0. 1. 0. 0. 1. 0. 1. 0. 1. 1. 1. 0. 1. 0. 1. 1. 1. 1. 1. 1. 1. 1. 0.
 0. 0. 1. 1. 1. 0. 0. 1. 1. 1. 0. 0. 0. 1. 1. 1. 0. 0. 0. 0. 1. 1. 1. 0.
 1. 0. 0. 1. 1. 0. 0. 0. 0. 1. 0. 0. 1. 1. 0. 1. 1. 1. 0. 1. 1. 0. 1. 0.
 1. 1. 0. 0. 0. 1. 1. 0. 1. 1. 0. 1. 0. 0. 0. 1. 1. 1. 0. 1. 0. 1. 1. 0.
 1. 0. 0. 1. 1. 0. 0. 1. 0. 1. 1. 0. 0. 1. 0. 0. 1. 1. 0. 1. 1. 0. 0. 0.
 0. 1. 1. 0. 0. 1. 0. 0. 1. 0. 1. 1. 1. 0. 0. 0. 1. 1. 0. 0. 0. 0. 1. 0.
 0. 1. 0. 1. 1. 1. 1. 0. 0. 0. 0. 1. 1. 1. 1. 0. 1. 1. 1. 1. 0. 1. 0. 0.
 1. 0. 0. 1. 1. 1. 1. 1. 0. 0. 1. 1. 1. 0. 0. 1. 0. 1. 0. 0. 1. 0. 1. 0.
 1. 0. 0. 0.]"
121,AdaBoost,"{'algorithm': 'SAMME.R', 'learning_rate': 2.630612244897959, 'n_estimators': 96}",0.5025278258451977,0.18658087349032676,0.05068600959168109,0.2884432284479152,0.5239530481465965,0.18033048575526353,0.5079096045197741,0.02985074626865669,0.5149253731343284,0.5149253731343284,"{0: 0.5488973045221653, 1: 0.5488973045221653}","{0: 0.5488973045221653, 1: 0.5488973045221653}",0.5488973045221653,"[[85 49]
 [81 53]]","[1. 1. 0. 0. 0. 1. 1. 1. 0. 1. 0. 1. 0. 0. 0. 0. 0. 0. 0. 0. 1. 1. 1. 0.
 0. 0. 1. 1. 1. 1. 1. 0. 0. 0. 1. 1. 1. 0. 1. 1. 0. 0. 1. 0. 0. 0. 1. 0.
 0. 0. 1. 0. 0. 0. 0. 0. 0. 1. 1. 1. 1. 0. 0. 0. 1. 0. 0. 1. 1. 0. 0. 0.
 0. 1. 0. 0. 1. 0. 0. 0. 0. 1. 0. 0. 0. 0. 0. 0. 0. 0. 1. 0. 0. 0. 1. 1.
 0. 0. 0. 0. 1. 1. 1. 0. 1. 1. 0. 0. 0. 1. 0. 0. 0. 0. 0. 0. 1. 1. 0. 1.
 0. 0. 0. 1. 1. 0. 1. 1. 0. 0. 0. 0. 0. 0. 1. 0. 0. 0. 0. 1. 0. 0. 0. 0.
 1. 1. 1. 0. 1. 1. 1. 0. 1. 0. 0. 0. 0. 0. 0. 1. 0. 0. 0. 0. 1. 0. 0. 0.
 1. 1. 1. 0. 1. 0. 0. 0. 0. 1. 0. 0. 1. 0. 0. 1. 0. 0. 1. 0. 0. 1. 1. 0.
 0. 1. 0. 1. 1. 1. 0. 0. 0. 1. 1. 1. 0. 1. 1. 1. 0. 0. 0. 1. 0. 1. 1. 0.
 0. 0. 0. 1. 0. 1. 1. 0. 0. 0. 0. 1. 0. 0. 0. 1. 0. 0. 1. 1. 0. 0. 0. 0.
 1. 1. 0. 1. 1. 1. 0. 0. 0. 0. 1. 0. 1. 1. 0. 0. 0. 0. 0. 0. 0. 1. 0. 0.
 1. 1. 1. 0.]","[0. 1. 0. 0. 0. 1. 1. 1. 0. 0. 0. 0. 0. 1. 0. 0. 1. 1. 0. 0. 0. 0. 0. 1.
 0. 0. 1. 0. 1. 0. 0. 1. 0. 1. 1. 0. 0. 0. 1. 0. 0. 0. 1. 1. 1. 0. 1. 0.
 1. 0. 1. 1. 0. 1. 1. 1. 1. 0. 1. 0. 0. 1. 1. 1. 0. 0. 0. 1. 1. 0. 1. 1.
 0. 0. 1. 0. 0. 1. 0. 1. 0. 1. 1. 1. 0. 1. 0. 1. 1. 1. 1. 1. 1. 1. 1. 0.
 0. 0. 1. 1. 1. 0. 0. 1. 1. 1. 0. 0. 0. 1. 1. 1. 0. 0. 0. 0. 1. 1. 1. 0.
 1. 0. 0. 1. 1. 0. 0. 0. 0. 1. 0. 0. 1. 1. 0. 1. 1. 1. 0. 1. 1. 0. 1. 0.
 1. 1. 0. 0. 0. 1. 1. 0. 1. 1. 0. 1. 0. 0. 0. 1. 1. 1. 0. 1. 0. 1. 1. 0.
 1. 0. 0. 1. 1. 0. 0. 1. 0. 1. 1. 0. 0. 1. 0. 0. 1. 1. 0. 1. 1. 0. 0. 0.
 0. 1. 1. 0. 0. 1. 0. 0. 1. 0. 1. 1. 1. 0. 0. 0. 1. 1. 0. 0. 0. 0. 1. 0.
 0. 1. 0. 1. 1. 1. 1. 0. 0. 0. 0. 1. 1. 1. 1. 0. 1. 1. 1. 1. 0. 1. 0. 0.
 1. 0. 0. 1. 1. 1. 1. 1. 0. 0. 1. 1. 1. 0. 0. 1. 0. 1. 0. 0. 1. 0. 1. 0.
 1. 0. 0. 0.]"
960,knn,{'n_neighbors': 135},0.48381669264009447,0.21089785857919466,0.04926975570863096,0.3202793654308349,0.4986480850392141,0.18795548446447338,0.5148172905525846,0.02985074626865669,0.5149253731343284,0.5149253731343284,"{0: 0.47151370015593674, 1: 0.47151370015593674}","{0: 0.47151370015593674, 1: 0.47151370015593674}",0.47151370015593674,"[[67 67]
 [63 71]]","[1. 1. 0. 0. 0. 0. 0. 1. 1. 1. 1. 1. 1. 0. 1. 1. 1. 1. 1. 0. 1. 0. 1. 1.
 0. 0. 0. 1. 0. 1. 1. 1. 0. 0. 0. 1. 0. 0. 0. 0. 0. 0. 1. 1. 1. 0. 1. 1.
 1. 0. 0. 0. 1. 1. 1. 0. 0. 1. 0. 0. 1. 0. 1. 1. 0. 0. 0. 1. 0. 0. 1. 0.
 0. 1. 0. 0. 1. 1. 0. 0. 1. 0. 1. 1. 1. 0. 1. 1. 0. 1. 1. 1. 0. 1. 0. 1.
 1. 0. 0. 1. 1. 1. 1. 0. 1. 1. 0. 1. 0. 1. 1. 0. 1. 1. 1. 0. 0. 1. 1. 1.
 1. 0. 1. 1. 0. 1. 0. 1. 0. 1. 0. 1. 0. 1. 1. 1. 1. 0. 0. 1. 0. 1. 0. 0.
 0. 1. 0. 0. 1. 1. 0. 1. 1. 0. 0. 1. 0. 0. 0. 0. 0. 0. 1. 0. 1. 0. 0. 1.
 1. 0. 1. 0. 1. 0. 0. 1. 0. 1. 1. 1. 1. 1. 1. 1. 1. 0. 1. 1. 1. 1. 1. 0.
 1. 1. 1. 0. 0. 1. 0. 0. 1. 0. 0. 1. 0. 1. 0. 1. 1. 0. 0. 1. 1. 0. 1. 1.
 0. 0. 1. 0. 1. 1. 0. 0. 0. 1. 0. 1. 0. 0. 1. 1. 0. 0. 0. 1. 0. 1. 0. 1.
 0. 0. 0. 1. 0. 1. 1. 0. 0. 1. 0. 0. 1. 1. 0. 0. 0. 0. 0. 0. 0. 1. 1. 0.
 0. 0. 1. 1.]","[0. 1. 0. 0. 0. 1. 1. 1. 0. 0. 0. 0. 0. 1. 0. 0. 1. 1. 0. 0. 0. 0. 0. 1.
 0. 0. 1. 0. 1. 0. 0. 1. 0. 1. 1. 0. 0. 0. 1. 0. 0. 0. 1. 1. 1. 0. 1. 0.
 1. 0. 1. 1. 0. 1. 1. 1. 1. 0. 1. 0. 0. 1. 1. 1. 0. 0. 0. 1. 1. 0. 1. 1.
 0. 0. 1. 0. 0. 1. 0. 1. 0. 1. 1. 1. 0. 1. 0. 1. 1. 1. 1. 1. 1. 1. 1. 0.
 0. 0. 1. 1. 1. 0. 0. 1. 1. 1. 0. 0. 0. 1. 1. 1. 0. 0. 0. 0. 1. 1. 1. 0.
 1. 0. 0. 1. 1. 0. 0. 0. 0. 1. 0. 0. 1. 1. 0. 1. 1. 1. 0. 1. 1. 0. 1. 0.
 1. 1. 0. 0. 0. 1. 1. 0. 1. 1. 0. 1. 0. 0. 0. 1. 1. 1. 0. 1. 0. 1. 1. 0.
 1. 0. 0. 1. 1. 0. 0. 1. 0. 1. 1. 0. 0. 1. 0. 0. 1. 1. 0. 1. 1. 0. 0. 0.
 0. 1. 1. 0. 0. 1. 0. 0. 1. 0. 1. 1. 1. 0. 0. 0. 1. 1. 0. 0. 0. 0. 1. 0.
 0. 1. 0. 1. 1. 1. 1. 0. 0. 0. 0. 1. 1. 1. 1. 0. 1. 1. 1. 1. 0. 1. 0. 0.
 1. 0. 0. 1. 1. 1. 1. 1. 0. 0. 1. 1. 1. 0. 0. 1. 0. 1. 0. 0. 1. 0. 1. 0.
 1. 0. 0. 0.]"
324,knn,{'n_neighbors': 135},0.48381669264009447,0.21089785857919466,0.04926975570863096,0.3202793654308349,0.4986480850392141,0.18795548446447338,0.5148172905525846,0.02985074626865669,0.5149253731343284,0.5149253731343284,"{0: 0.47151370015593674, 1: 0.47151370015593674}","{0: 0.47151370015593674, 1: 0.47151370015593674}",0.47151370015593674,"[[67 67]
 [63 71]]","[1. 1. 0. 0. 0. 0. 0. 1. 1. 1. 1. 1. 1. 0. 1. 1. 1. 1. 1. 0. 1. 0. 1. 1.
 0. 0. 0. 1. 0. 1. 1. 1. 0. 0. 0. 1. 0. 0. 0. 0. 0. 0. 1. 1. 1. 0. 1. 1.
 1. 0. 0. 0. 1. 1. 1. 0. 0. 1. 0. 0. 1. 0. 1. 1. 0. 0. 0. 1. 0. 0. 1. 0.
 0. 1. 0. 0. 1. 1. 0. 0. 1. 0. 1. 1. 1. 0. 1. 1. 0. 1. 1. 1. 0. 1. 0. 1.
 1. 0. 0. 1. 1. 1. 1. 0. 1. 1. 0. 1. 0. 1. 1. 0. 1. 1. 1. 0. 0. 1. 1. 1.
 1. 0. 1. 1. 0. 1. 0. 1. 0. 1. 0. 1. 0. 1. 1. 1. 1. 0. 0. 1. 0. 1. 0. 0.
 0. 1. 0. 0. 1. 1. 0. 1. 1. 0. 0. 1. 0. 0. 0. 0. 0. 0. 1. 0. 1. 0. 0. 1.
 1. 0. 1. 0. 1. 0. 0. 1. 0. 1. 1. 1. 1. 1. 1. 1. 1. 0. 1. 1. 1. 1. 1. 0.
 1. 1. 1. 0. 0. 1. 0. 0. 1. 0. 0. 1. 0. 1. 0. 1. 1. 0. 0. 1. 1. 0. 1. 1.
 0. 0. 1. 0. 1. 1. 0. 0. 0. 1. 0. 1. 0. 0. 1. 1. 0. 0. 0. 1. 0. 1. 0. 1.
 0. 0. 0. 1. 0. 1. 1. 0. 0. 1. 0. 0. 1. 1. 0. 0. 0. 0. 0. 0. 0. 1. 1. 0.
 0. 0. 1. 1.]","[0. 1. 0. 0. 0. 1. 1. 1. 0. 0. 0. 0. 0. 1. 0. 0. 1. 1. 0. 0. 0. 0. 0. 1.
 0. 0. 1. 0. 1. 0. 0. 1. 0. 1. 1. 0. 0. 0. 1. 0. 0. 0. 1. 1. 1. 0. 1. 0.
 1. 0. 1. 1. 0. 1. 1. 1. 1. 0. 1. 0. 0. 1. 1. 1. 0. 0. 0. 1. 1. 0. 1. 1.
 0. 0. 1. 0. 0. 1. 0. 1. 0. 1. 1. 1. 0. 1. 0. 1. 1. 1. 1. 1. 1. 1. 1. 0.
 0. 0. 1. 1. 1. 0. 0. 1. 1. 1. 0. 0. 0. 1. 1. 1. 0. 0. 0. 0. 1. 1. 1. 0.
 1. 0. 0. 1. 1. 0. 0. 0. 0. 1. 0. 0. 1. 1. 0. 1. 1. 1. 0. 1. 1. 0. 1. 0.
 1. 1. 0. 0. 0. 1. 1. 0. 1. 1. 0. 1. 0. 0. 0. 1. 1. 1. 0. 1. 0. 1. 1. 0.
 1. 0. 0. 1. 1. 0. 0. 1. 0. 1. 1. 0. 0. 1. 0. 0. 1. 1. 0. 1. 1. 0. 0. 0.
 0. 1. 1. 0. 0. 1. 0. 0. 1. 0. 1. 1. 1. 0. 0. 0. 1. 1. 0. 0. 0. 0. 1. 0.
 0. 1. 0. 1. 1. 1. 1. 0. 0. 0. 0. 1. 1. 1. 1. 0. 1. 1. 1. 1. 0. 1. 0. 0.
 1. 0. 0. 1. 1. 1. 1. 1. 0. 0. 1. 1. 1. 0. 0. 1. 0. 1. 0. 0. 1. 0. 1. 0.
 1. 0. 0. 0.]"
933,knn,{'n_neighbors': 50},0.5047752277590987,0.16847638379048607,0.04833896036033334,0.31725133996095095,0.5006930830519539,0.16579010296771993,0.4879433217578065,-0.02238805970149249,0.48880597014925375,0.48880597014925375,"{0: 0.5089106705279572, 1: 0.5089106705279572}","{0: 0.5089106705279572, 1: 0.5089106705279572}",0.5089106705279572,"[[60 74]
 [63 71]]","[1. 1. 0. 0. 1. 1. 0. 0. 1. 1. 1. 0. 1. 0. 1. 1. 1. 1. 1. 0. 0. 1. 0. 0.
 1. 0. 0. 1. 1. 1. 1. 1. 0. 1. 1. 1. 0. 0. 0. 1. 0. 1. 1. 1. 0. 0. 1. 1.
 0. 0. 0. 0. 1. 1. 1. 0. 0. 1. 0. 1. 1. 0. 1. 1. 0. 1. 0. 1. 0. 0. 1. 0.
 0. 1. 0. 0. 0. 0. 0. 0. 0. 1. 1. 0. 1. 1. 1. 1. 0. 1. 1. 0. 1. 1. 1. 1.
 1. 1. 0. 1. 1. 1. 1. 1. 0. 1. 0. 1. 0. 0. 0. 0. 1. 0. 1. 0. 0. 1. 0. 1.
 1. 1. 0. 1. 0. 1. 0. 1. 0. 1. 0. 1. 0. 1. 1. 1. 1. 0. 1. 1. 0. 1. 1. 0.
 0. 1. 0. 0. 1. 1. 0. 0. 1. 0. 0. 1. 0. 1. 0. 0. 0. 1. 0. 0. 1. 0. 0. 1.
 1. 1. 0. 0. 1. 1. 0. 1. 1. 1. 1. 1. 1. 0. 1. 1. 1. 0. 1. 0. 1. 1. 1. 0.
 1. 1. 1. 0. 0. 1. 0. 0. 0. 1. 0. 1. 0. 1. 0. 1. 1. 1. 0. 1. 0. 0. 0. 1.
 1. 0. 0. 1. 1. 1. 0. 0. 0. 1. 1. 1. 0. 1. 0. 1. 0. 0. 0. 1. 0. 1. 0. 1.
 0. 1. 0. 0. 1. 1. 1. 1. 0. 1. 1. 0. 0. 1. 0. 0. 0. 0. 0. 0. 0. 1. 1. 0.
 1. 1. 1. 1.]","[0. 1. 0. 0. 0. 1. 1. 1. 0. 0. 0. 0. 0. 1. 0. 0. 1. 1. 0. 0. 0. 0. 0. 1.
 0. 0. 1. 0. 1. 0. 0. 1. 0. 1. 1. 0. 0. 0. 1. 0. 0. 0. 1. 1. 1. 0. 1. 0.
 1. 0. 1. 1. 0. 1. 1. 1. 1. 0. 1. 0. 0. 1. 1. 1. 0. 0. 0. 1. 1. 0. 1. 1.
 0. 0. 1. 0. 0. 1. 0. 1. 0. 1. 1. 1. 0. 1. 0. 1. 1. 1. 1. 1. 1. 1. 1. 0.
 0. 0. 1. 1. 1. 0. 0. 1. 1. 1. 0. 0. 0. 1. 1. 1. 0. 0. 0. 0. 1. 1. 1. 0.
 1. 0. 0. 1. 1. 0. 0. 0. 0. 1. 0. 0. 1. 1. 0. 1. 1. 1. 0. 1. 1. 0. 1. 0.
 1. 1. 0. 0. 0. 1. 1. 0. 1. 1. 0. 1. 0. 0. 0. 1. 1. 1. 0. 1. 0. 1. 1. 0.
 1. 0. 0. 1. 1. 0. 0. 1. 0. 1. 1. 0. 0. 1. 0. 0. 1. 1. 0. 1. 1. 0. 0. 0.
 0. 1. 1. 0. 0. 1. 0. 0. 1. 0. 1. 1. 1. 0. 0. 0. 1. 1. 0. 0. 0. 0. 1. 0.
 0. 1. 0. 1. 1. 1. 1. 0. 0. 0. 0. 1. 1. 1. 1. 0. 1. 1. 1. 1. 0. 1. 0. 0.
 1. 0. 0. 1. 1. 1. 1. 1. 0. 0. 1. 1. 1. 0. 0. 1. 0. 1. 0. 0. 1. 0. 1. 0.
 1. 0. 0. 0.]"
24,knn,{'n_neighbors': 50},0.5047752277590987,0.16847638379048607,0.04833896036033334,0.31725133996095095,0.5006930830519539,0.16579010296771993,0.4879433217578065,-0.02238805970149249,0.48880597014925375,0.48880597014925375,"{0: 0.5089106705279572, 1: 0.5089106705279572}","{0: 0.5089106705279572, 1: 0.5089106705279572}",0.5089106705279572,"[[60 74]
 [63 71]]","[1. 1. 0. 0. 1. 1. 0. 0. 1. 1. 1. 0. 1. 0. 1. 1. 1. 1. 1. 0. 0. 1. 0. 0.
 1. 0. 0. 1. 1. 1. 1. 1. 0. 1. 1. 1. 0. 0. 0. 1. 0. 1. 1. 1. 0. 0. 1. 1.
 0. 0. 0. 0. 1. 1. 1. 0. 0. 1. 0. 1. 1. 0. 1. 1. 0. 1. 0. 1. 0. 0. 1. 0.
 0. 1. 0. 0. 0. 0. 0. 0. 0. 1. 1. 0. 1. 1. 1. 1. 0. 1. 1. 0. 1. 1. 1. 1.
 1. 1. 0. 1. 1. 1. 1. 1. 0. 1. 0. 1. 0. 0. 0. 0. 1. 0. 1. 0. 0. 1. 0. 1.
 1. 1. 0. 1. 0. 1. 0. 1. 0. 1. 0. 1. 0. 1. 1. 1. 1. 0. 1. 1. 0. 1. 1. 0.
 0. 1. 0. 0. 1. 1. 0. 0. 1. 0. 0. 1. 0. 1. 0. 0. 0. 1. 0. 0. 1. 0. 0. 1.
 1. 1. 0. 0. 1. 1. 0. 1. 1. 1. 1. 1. 1. 0. 1. 1. 1. 0. 1. 0. 1. 1. 1. 0.
 1. 1. 1. 0. 0. 1. 0. 0. 0. 1. 0. 1. 0. 1. 0. 1. 1. 1. 0. 1. 0. 0. 0. 1.
 1. 0. 0. 1. 1. 1. 0. 0. 0. 1. 1. 1. 0. 1. 0. 1. 0. 0. 0. 1. 0. 1. 0. 1.
 0. 1. 0. 0. 1. 1. 1. 1. 0. 1. 1. 0. 0. 1. 0. 0. 0. 0. 0. 0. 0. 1. 1. 0.
 1. 1. 1. 1.]","[0. 1. 0. 0. 0. 1. 1. 1. 0. 0. 0. 0. 0. 1. 0. 0. 1. 1. 0. 0. 0. 0. 0. 1.
 0. 0. 1. 0. 1. 0. 0. 1. 0. 1. 1. 0. 0. 0. 1. 0. 0. 0. 1. 1. 1. 0. 1. 0.
 1. 0. 1. 1. 0. 1. 1. 1. 1. 0. 1. 0. 0. 1. 1. 1. 0. 0. 0. 1. 1. 0. 1. 1.
 0. 0. 1. 0. 0. 1. 0. 1. 0. 1. 1. 1. 0. 1. 0. 1. 1. 1. 1. 1. 1. 1. 1. 0.
 0. 0. 1. 1. 1. 0. 0. 1. 1. 1. 0. 0. 0. 1. 1. 1. 0. 0. 0. 0. 1. 1. 1. 0.
 1. 0. 0. 1. 1. 0. 0. 0. 0. 1. 0. 0. 1. 1. 0. 1. 1. 1. 0. 1. 1. 0. 1. 0.
 1. 1. 0. 0. 0. 1. 1. 0. 1. 1. 0. 1. 0. 0. 0. 1. 1. 1. 0. 1. 0. 1. 1. 0.
 1. 0. 0. 1. 1. 0. 0. 1. 0. 1. 1. 0. 0. 1. 0. 0. 1. 1. 0. 1. 1. 0. 0. 0.
 0. 1. 1. 0. 0. 1. 0. 0. 1. 0. 1. 1. 1. 0. 0. 0. 1. 1. 0. 0. 0. 0. 1. 0.
 0. 1. 0. 1. 1. 1. 1. 0. 0. 0. 0. 1. 1. 1. 1. 0. 1. 1. 1. 1. 0. 1. 0. 0.
 1. 0. 0. 1. 1. 1. 1. 1. 0. 0. 1. 1. 1. 0. 0. 1. 0. 1. 0. 0. 1. 0. 1. 0.
 1. 0. 0. 0.]"
444,knn,{'n_neighbors': 50},0.5047752277590987,0.16847638379048607,0.04833896036033334,0.31725133996095095,0.5006930830519539,0.16579010296771993,0.4879433217578065,-0.02238805970149249,0.48880597014925375,0.48880597014925375,"{0: 0.5089106705279572, 1: 0.5089106705279572}","{0: 0.5089106705279572, 1: 0.5089106705279572}",0.5089106705279572,"[[60 74]
 [63 71]]","[1. 1. 0. 0. 1. 1. 0. 0. 1. 1. 1. 0. 1. 0. 1. 1. 1. 1. 1. 0. 0. 1. 0. 0.
 1. 0. 0. 1. 1. 1. 1. 1. 0. 1. 1. 1. 0. 0. 0. 1. 0. 1. 1. 1. 0. 0. 1. 1.
 0. 0. 0. 0. 1. 1. 1. 0. 0. 1. 0. 1. 1. 0. 1. 1. 0. 1. 0. 1. 0. 0. 1. 0.
 0. 1. 0. 0. 0. 0. 0. 0. 0. 1. 1. 0. 1. 1. 1. 1. 0. 1. 1. 0. 1. 1. 1. 1.
 1. 1. 0. 1. 1. 1. 1. 1. 0. 1. 0. 1. 0. 0. 0. 0. 1. 0. 1. 0. 0. 1. 0. 1.
 1. 1. 0. 1. 0. 1. 0. 1. 0. 1. 0. 1. 0. 1. 1. 1. 1. 0. 1. 1. 0. 1. 1. 0.
 0. 1. 0. 0. 1. 1. 0. 0. 1. 0. 0. 1. 0. 1. 0. 0. 0. 1. 0. 0. 1. 0. 0. 1.
 1. 1. 0. 0. 1. 1. 0. 1. 1. 1. 1. 1. 1. 0. 1. 1. 1. 0. 1. 0. 1. 1. 1. 0.
 1. 1. 1. 0. 0. 1. 0. 0. 0. 1. 0. 1. 0. 1. 0. 1. 1. 1. 0. 1. 0. 0. 0. 1.
 1. 0. 0. 1. 1. 1. 0. 0. 0. 1. 1. 1. 0. 1. 0. 1. 0. 0. 0. 1. 0. 1. 0. 1.
 0. 1. 0. 0. 1. 1. 1. 1. 0. 1. 1. 0. 0. 1. 0. 0. 0. 0. 0. 0. 0. 1. 1. 0.
 1. 1. 1. 1.]","[0. 1. 0. 0. 0. 1. 1. 1. 0. 0. 0. 0. 0. 1. 0. 0. 1. 1. 0. 0. 0. 0. 0. 1.
 0. 0. 1. 0. 1. 0. 0. 1. 0. 1. 1. 0. 0. 0. 1. 0. 0. 0. 1. 1. 1. 0. 1. 0.
 1. 0. 1. 1. 0. 1. 1. 1. 1. 0. 1. 0. 0. 1. 1. 1. 0. 0. 0. 1. 1. 0. 1. 1.
 0. 0. 1. 0. 0. 1. 0. 1. 0. 1. 1. 1. 0. 1. 0. 1. 1. 1. 1. 1. 1. 1. 1. 0.
 0. 0. 1. 1. 1. 0. 0. 1. 1. 1. 0. 0. 0. 1. 1. 1. 0. 0. 0. 0. 1. 1. 1. 0.
 1. 0. 0. 1. 1. 0. 0. 0. 0. 1. 0. 0. 1. 1. 0. 1. 1. 1. 0. 1. 1. 0. 1. 0.
 1. 1. 0. 0. 0. 1. 1. 0. 1. 1. 0. 1. 0. 0. 0. 1. 1. 1. 0. 1. 0. 1. 1. 0.
 1. 0. 0. 1. 1. 0. 0. 1. 0. 1. 1. 0. 0. 1. 0. 0. 1. 1. 0. 1. 1. 0. 0. 0.
 0. 1. 1. 0. 0. 1. 0. 0. 1. 0. 1. 1. 1. 0. 0. 0. 1. 1. 0. 0. 0. 0. 1. 0.
 0. 1. 0. 1. 1. 1. 1. 0. 0. 0. 0. 1. 1. 1. 1. 0. 1. 1. 1. 1. 0. 1. 0. 0.
 1. 0. 0. 1. 1. 1. 1. 1. 0. 0. 1. 1. 1. 0. 0. 1. 0. 1. 0. 0. 1. 0. 1. 0.
 1. 0. 0. 0.]"
30,AdaBoost,"{'algorithm': 'SAMME.R', 'learning_rate': 3.2836734693877547, 'n_estimators': 52}",0.46265940128226807,0.18644336410503537,0.04735128111821982,0.25345487164494634,0.5005223122158606,0.16848905041834816,0.4776271186440678,-0.029850746268656803,0.48507462686567165,0.4850746268656716,"{0: 0.5527957228781466, 1: 0.5527957228781466}","{0: 0.5527957228781466, 1: 0.5527957228781466}",0.5527957228781466,"[[81 53]
 [85 49]]","[1. 0. 0. 0. 0. 1. 1. 1. 0. 1. 0. 1. 0. 0. 1. 0. 0. 1. 0. 0. 1. 1. 1. 0.
 0. 1. 1. 1. 1. 1. 1. 0. 0. 0. 0. 1. 1. 0. 1. 0. 0. 0. 1. 0. 0. 0. 1. 0.
 0. 0. 0. 0. 0. 0. 1. 0. 0. 1. 1. 1. 0. 1. 0. 0. 1. 0. 0. 1. 1. 0. 0. 0.
 0. 0. 0. 0. 1. 0. 1. 0. 1. 1. 0. 0. 1. 0. 0. 0. 0. 0. 1. 0. 0. 1. 1. 1.
 0. 0. 0. 0. 0. 1. 1. 0. 1. 0. 0. 0. 0. 1. 0. 0. 0. 1. 1. 0. 0. 1. 0. 1.
 0. 0. 0. 1. 1. 0. 1. 1. 0. 0. 0. 0. 0. 0. 1. 0. 0. 0. 0. 1. 0. 0. 0. 1.
 1. 1. 1. 0. 1. 1. 0. 0. 1. 0. 0. 1. 0. 0. 1. 1. 0. 0. 0. 0. 1. 0. 0. 0.
 1. 1. 1. 0. 1. 0. 0. 0. 0. 1. 0. 0. 0. 0. 0. 1. 0. 0. 1. 0. 0. 1. 1. 0.
 0. 1. 0. 1. 1. 1. 0. 0. 0. 1. 1. 1. 0. 1. 1. 1. 0. 0. 0. 1. 0. 1. 1. 0.
 0. 0. 0. 1. 0. 1. 1. 0. 0. 0. 0. 0. 0. 0. 0. 1. 0. 0. 1. 1. 0. 0. 0. 0.
 1. 1. 0. 1. 0. 1. 0. 0. 0. 0. 1. 0. 1. 1. 0. 0. 1. 0. 0. 0. 0. 0. 0. 0.
 1. 0. 1. 0.]","[0. 1. 0. 0. 0. 1. 1. 1. 0. 0. 0. 0. 0. 1. 0. 0. 1. 1. 0. 0. 0. 0. 0. 1.
 0. 0. 1. 0. 1. 0. 0. 1. 0. 1. 1. 0. 0. 0. 1. 0. 0. 0. 1. 1. 1. 0. 1. 0.
 1. 0. 1. 1. 0. 1. 1. 1. 1. 0. 1. 0. 0. 1. 1. 1. 0. 0. 0. 1. 1. 0. 1. 1.
 0. 0. 1. 0. 0. 1. 0. 1. 0. 1. 1. 1. 0. 1. 0. 1. 1. 1. 1. 1. 1. 1. 1. 0.
 0. 0. 1. 1. 1. 0. 0. 1. 1. 1. 0. 0. 0. 1. 1. 1. 0. 0. 0. 0. 1. 1. 1. 0.
 1. 0. 0. 1. 1. 0. 0. 0. 0. 1. 0. 0. 1. 1. 0. 1. 1. 1. 0. 1. 1. 0. 1. 0.
 1. 1. 0. 0. 0. 1. 1. 0. 1. 1. 0. 1. 0. 0. 0. 1. 1. 1. 0. 1. 0. 1. 1. 0.
 1. 0. 0. 1. 1. 0. 0. 1. 0. 1. 1. 0. 0. 1. 0. 0. 1. 1. 0. 1. 1. 0. 0. 0.
 0. 1. 1. 0. 0. 1. 0. 0. 1. 0. 1. 1. 1. 0. 0. 0. 1. 1. 0. 0. 0. 0. 1. 0.
 0. 1. 0. 1. 1. 1. 1. 0. 0. 0. 0. 1. 1. 1. 1. 0. 1. 1. 1. 1. 0. 1. 0. 0.
 1. 0. 0. 1. 1. 1. 1. 1. 0. 0. 1. 1. 1. 0. 0. 1. 0. 1. 0. 0. 1. 0. 1. 0.
 1. 0. 0. 0.]"
638,AdaBoost,"{'algorithm': 'SAMME.R', 'learning_rate': 3.2836734693877547, 'n_estimators': 74}",0.4794744380973049,0.188332471975766,0.047052776872347164,0.2642640836032163,0.5125593492528976,0.16802111673022305,0.49184679560106176,-0.00746268656716409,0.4962686567164179,0.49626865671641796,"{0: 0.5383715749610158, 1: 0.5383715749610157}","{0: 0.5383715749610158, 1: 0.5383715749610157}",0.5383715749610157,"[[79 55]
 [80 54]]","[1. 0. 0. 0. 0. 1. 1. 1. 0. 1. 0. 1. 0. 0. 1. 0. 0. 1. 0. 0. 1. 1. 1. 0.
 0. 1. 1. 1. 1. 1. 1. 0. 0. 0. 1. 1. 1. 0. 1. 0. 0. 0. 1. 0. 0. 0. 1. 0.
 0. 0. 1. 0. 0. 0. 1. 0. 0. 1. 1. 1. 1. 1. 0. 0. 1. 0. 0. 1. 1. 0. 0. 0.
 0. 1. 0. 0. 1. 0. 1. 0. 1. 1. 0. 0. 1. 0. 0. 0. 0. 0. 1. 0. 0. 1. 1. 1.
 0. 0. 0. 0. 0. 1. 1. 0. 1. 0. 0. 0. 0. 1. 0. 0. 0. 1. 1. 0. 1. 1. 0. 1.
 0. 0. 0. 1. 1. 0. 1. 1. 0. 0. 0. 0. 0. 0. 1. 0. 0. 0. 0. 1. 0. 0. 0. 1.
 1. 1. 1. 0. 1. 1. 1. 0. 1. 0. 0. 1. 0. 0. 1. 1. 0. 0. 0. 0. 1. 0. 0. 0.
 1. 1. 1. 0. 1. 0. 0. 0. 0. 1. 0. 0. 0. 0. 0. 1. 0. 0. 1. 0. 0. 1. 1. 0.
 0. 1. 0. 1. 1. 1. 0. 0. 0. 1. 1. 1. 0. 1. 1. 1. 0. 0. 0. 1. 0. 1. 1. 0.
 0. 0. 0. 1. 0. 1. 1. 0. 0. 0. 0. 0. 0. 0. 0. 1. 0. 0. 1. 1. 0. 0. 0. 0.
 1. 1. 0. 1. 1. 1. 0. 0. 0. 0. 1. 0. 1. 1. 0. 0. 1. 0. 0. 0. 0. 0. 0. 0.
 1. 0. 1. 0.]","[0. 1. 0. 0. 0. 1. 1. 1. 0. 0. 0. 0. 0. 1. 0. 0. 1. 1. 0. 0. 0. 0. 0. 1.
 0. 0. 1. 0. 1. 0. 0. 1. 0. 1. 1. 0. 0. 0. 1. 0. 0. 0. 1. 1. 1. 0. 1. 0.
 1. 0. 1. 1. 0. 1. 1. 1. 1. 0. 1. 0. 0. 1. 1. 1. 0. 0. 0. 1. 1. 0. 1. 1.
 0. 0. 1. 0. 0. 1. 0. 1. 0. 1. 1. 1. 0. 1. 0. 1. 1. 1. 1. 1. 1. 1. 1. 0.
 0. 0. 1. 1. 1. 0. 0. 1. 1. 1. 0. 0. 0. 1. 1. 1. 0. 0. 0. 0. 1. 1. 1. 0.
 1. 0. 0. 1. 1. 0. 0. 0. 0. 1. 0. 0. 1. 1. 0. 1. 1. 1. 0. 1. 1. 0. 1. 0.
 1. 1. 0. 0. 0. 1. 1. 0. 1. 1. 0. 1. 0. 0. 0. 1. 1. 1. 0. 1. 0. 1. 1. 0.
 1. 0. 0. 1. 1. 0. 0. 1. 0. 1. 1. 0. 0. 1. 0. 0. 1. 1. 0. 1. 1. 0. 0. 0.
 0. 1. 1. 0. 0. 1. 0. 0. 1. 0. 1. 1. 1. 0. 0. 0. 1. 1. 0. 0. 0. 0. 1. 0.
 0. 1. 0. 1. 1. 1. 1. 0. 0. 0. 0. 1. 1. 1. 1. 0. 1. 1. 1. 1. 0. 1. 0. 0.
 1. 0. 0. 1. 1. 1. 1. 1. 0. 0. 1. 1. 1. 0. 0. 1. 0. 1. 0. 0. 1. 0. 1. 0.
 1. 0. 0. 0.]"
653,randomforest,"{'criterion': 'gini', 'max_features': 'sqrt', 'n_estimators': 25}",0.530391431554659,0.1666738290507883,0.045521561840546086,0.32878232488834375,0.5212298435584726,0.17433781588433442,0.49955406911928646,0.0,0.5,0.5,"{0: 0.5563878369347293, 1: 0.5563878369347293}","{0: 0.5563878369347293, 1: 0.5563878369347293}",0.5563878369347293,"[[63 71]
 [63 71]]","[1. 0. 0. 0. 0. 1. 0. 1. 1. 0. 1. 0. 1. 0. 0. 0. 1. 0. 0. 1. 0. 1. 0. 0.
 0. 1. 1. 1. 1. 1. 1. 0. 0. 0. 0. 0. 1. 0. 1. 0. 1. 0. 1. 0. 0. 1. 1. 1.
 0. 0. 1. 0. 1. 1. 1. 0. 1. 1. 0. 1. 1. 0. 1. 0. 0. 0. 1. 0. 0. 1. 0. 0.
 1. 1. 0. 1. 1. 0. 0. 0. 1. 1. 1. 1. 0. 1. 0. 1. 1. 1. 1. 1. 0. 1. 1. 0.
 0. 0. 0. 1. 0. 1. 1. 0. 1. 0. 0. 0. 0. 1. 0. 0. 1. 1. 1. 1. 1. 0. 0. 1.
 0. 1. 1. 1. 1. 1. 1. 1. 0. 0. 0. 1. 0. 0. 1. 1. 0. 1. 0. 0. 1. 0. 1. 0.
 0. 0. 0. 0. 0. 1. 1. 0. 0. 0. 0. 1. 1. 0. 1. 0. 1. 1. 0. 0. 1. 1. 0. 1.
 1. 1. 1. 1. 1. 1. 0. 1. 1. 0. 1. 1. 0. 0. 1. 1. 0. 0. 1. 0. 0. 0. 1. 1.
 0. 1. 1. 1. 1. 1. 0. 1. 0. 0. 1. 1. 0. 1. 0. 1. 1. 1. 0. 1. 1. 0. 0. 0.
 1. 0. 1. 1. 0. 1. 0. 1. 0. 1. 1. 0. 1. 0. 1. 1. 1. 1. 1. 1. 0. 1. 0. 0.
 1. 1. 0. 0. 1. 1. 0. 1. 0. 1. 1. 0. 1. 0. 0. 1. 0. 1. 0. 1. 0. 0. 1. 1.
 1. 0. 1. 0.]","[0. 1. 0. 0. 0. 1. 1. 1. 0. 0. 0. 0. 0. 1. 0. 0. 1. 1. 0. 0. 0. 0. 0. 1.
 0. 0. 1. 0. 1. 0. 0. 1. 0. 1. 1. 0. 0. 0. 1. 0. 0. 0. 1. 1. 1. 0. 1. 0.
 1. 0. 1. 1. 0. 1. 1. 1. 1. 0. 1. 0. 0. 1. 1. 1. 0. 0. 0. 1. 1. 0. 1. 1.
 0. 0. 1. 0. 0. 1. 0. 1. 0. 1. 1. 1. 0. 1. 0. 1. 1. 1. 1. 1. 1. 1. 1. 0.
 0. 0. 1. 1. 1. 0. 0. 1. 1. 1. 0. 0. 0. 1. 1. 1. 0. 0. 0. 0. 1. 1. 1. 0.
 1. 0. 0. 1. 1. 0. 0. 0. 0. 1. 0. 0. 1. 1. 0. 1. 1. 1. 0. 1. 1. 0. 1. 0.
 1. 1. 0. 0. 0. 1. 1. 0. 1. 1. 0. 1. 0. 0. 0. 1. 1. 1. 0. 1. 0. 1. 1. 0.
 1. 0. 0. 1. 1. 0. 0. 1. 0. 1. 1. 0. 0. 1. 0. 0. 1. 1. 0. 1. 1. 0. 0. 0.
 0. 1. 1. 0. 0. 1. 0. 0. 1. 0. 1. 1. 1. 0. 0. 0. 1. 1. 0. 0. 0. 0. 1. 0.
 0. 1. 0. 1. 1. 1. 1. 0. 0. 0. 0. 1. 1. 1. 1. 0. 1. 1. 1. 1. 0. 1. 0. 0.
 1. 0. 0. 1. 1. 1. 1. 1. 0. 0. 1. 1. 1. 0. 0. 1. 0. 1. 0. 0. 1. 0. 1. 0.
 1. 0. 0. 0.]"
354,AdaBoost,"{'algorithm': 'SAMME', 'learning_rate': 3.936734693877551, 'n_estimators': 74}",0.46231946238162447,0.16891236915724955,0.0444589801580191,0.24248716687105493,0.5323982450494548,0.15402121320861403,0.44687877055947167,0.02985074626865669,0.5149253731343284,0.5149253731343283,"{0: 0.46491423479616845, 1: 0.46491423479616845}","{0: 0.46491423479616845, 1: 0.46491423479616845}",0.46491423479616845,"[[116  18]
 [112  22]]","[0. 0. 0. 0. 0. 1. 0. 0. 1. 0. 0. 0. 0. 0. 0. 0. 0. 0. 0. 0. 1. 1. 1. 0.
 0. 0. 1. 1. 1. 0. 0. 0. 0. 0. 0. 0. 0. 0. 0. 0. 0. 0. 0. 1. 0. 0. 1. 0.
 1. 0. 0. 0. 0. 0. 0. 0. 0. 0. 0. 1. 0. 0. 0. 0. 0. 1. 0. 0. 0. 0. 0. 0.
 0. 0. 0. 0. 0. 0. 1. 0. 1. 0. 0. 0. 0. 0. 0. 0. 0. 0. 0. 0. 0. 0. 1. 1.
 0. 0. 0. 0. 0. 0. 0. 1. 1. 0. 0. 0. 0. 0. 0. 0. 0. 0. 0. 0. 0. 0. 1. 0.
 0. 0. 0. 0. 0. 0. 1. 0. 0. 0. 0. 0. 0. 0. 1. 0. 0. 0. 0. 0. 0. 0. 0. 0.
 0. 0. 0. 1. 1. 0. 0. 0. 0. 0. 0. 0. 0. 0. 0. 0. 0. 1. 0. 0. 1. 0. 0. 0.
 1. 1. 1. 1. 1. 0. 0. 0. 0. 1. 0. 0. 0. 0. 0. 0. 0. 0. 0. 0. 0. 0. 0. 0.
 0. 0. 0. 0. 0. 0. 0. 0. 0. 0. 0. 0. 0. 0. 0. 0. 0. 0. 1. 0. 0. 0. 1. 0.
 0. 0. 0. 1. 0. 0. 0. 0. 0. 0. 0. 0. 0. 0. 1. 0. 0. 0. 0. 1. 0. 0. 0. 0.
 1. 0. 0. 0. 0. 0. 0. 0. 0. 0. 0. 0. 1. 0. 0. 0. 0. 0. 0. 0. 0. 0. 0. 0.
 1. 0. 0. 0.]","[0. 1. 0. 0. 0. 1. 1. 1. 0. 0. 0. 0. 0. 1. 0. 0. 1. 1. 0. 0. 0. 0. 0. 1.
 0. 0. 1. 0. 1. 0. 0. 1. 0. 1. 1. 0. 0. 0. 1. 0. 0. 0. 1. 1. 1. 0. 1. 0.
 1. 0. 1. 1. 0. 1. 1. 1. 1. 0. 1. 0. 0. 1. 1. 1. 0. 0. 0. 1. 1. 0. 1. 1.
 0. 0. 1. 0. 0. 1. 0. 1. 0. 1. 1. 1. 0. 1. 0. 1. 1. 1. 1. 1. 1. 1. 1. 0.
 0. 0. 1. 1. 1. 0. 0. 1. 1. 1. 0. 0. 0. 1. 1. 1. 0. 0. 0. 0. 1. 1. 1. 0.
 1. 0. 0. 1. 1. 0. 0. 0. 0. 1. 0. 0. 1. 1. 0. 1. 1. 1. 0. 1. 1. 0. 1. 0.
 1. 1. 0. 0. 0. 1. 1. 0. 1. 1. 0. 1. 0. 0. 0. 1. 1. 1. 0. 1. 0. 1. 1. 0.
 1. 0. 0. 1. 1. 0. 0. 1. 0. 1. 1. 0. 0. 1. 0. 0. 1. 1. 0. 1. 1. 0. 0. 0.
 0. 1. 1. 0. 0. 1. 0. 0. 1. 0. 1. 1. 1. 0. 0. 0. 1. 1. 0. 0. 0. 0. 1. 0.
 0. 1. 0. 1. 1. 1. 1. 0. 0. 0. 0. 1. 1. 1. 1. 0. 1. 1. 1. 1. 0. 1. 0. 0.
 1. 0. 0. 1. 1. 1. 1. 1. 0. 0. 1. 1. 1. 0. 0. 1. 0. 1. 0. 0. 1. 0. 1. 0.
 1. 0. 0. 0.]"
336,knn,{'n_neighbors': 120},0.4884345580261515,0.17425166614530346,0.03933766035394332,0.24641284888562176,0.5043928629614113,0.15117469598734484,0.5135980342882672,0.02985074626865669,0.5149253731343284,0.5149253731343284,"{0: 0.45497326798841614, 1: 0.4549732679884161}","{0: 0.45497326798841614, 1: 0.4549732679884161}",0.4549732679884161,"[[76 58]
 [72 62]]","[1. 1. 0. 0. 0. 0. 0. 0. 1. 1. 1. 0. 1. 0. 1. 1. 1. 1. 1. 0. 1. 0. 1. 0.
 0. 0. 0. 1. 0. 1. 1. 1. 0. 0. 0. 1. 0. 0. 0. 0. 0. 0. 1. 1. 0. 0. 1. 1.
 1. 0. 0. 0. 1. 1. 1. 0. 0. 1. 0. 0. 1. 0. 1. 1. 0. 0. 0. 1. 0. 0. 1. 0.
 0. 1. 0. 0. 0. 1. 0. 0. 1. 0. 0. 0. 1. 0. 1. 1. 0. 1. 1. 0. 0. 1. 0. 1.
 1. 0. 0. 1. 1. 0. 1. 0. 1. 1. 0. 1. 0. 1. 0. 0. 1. 0. 0. 0. 0. 1. 1. 1.
 1. 1. 1. 1. 0. 1. 0. 1. 0. 1. 0. 0. 0. 1. 1. 1. 1. 0. 0. 1. 0. 1. 0. 0.
 0. 1. 0. 0. 1. 1. 0. 0. 1. 0. 0. 0. 0. 0. 0. 0. 0. 0. 0. 0. 1. 0. 0. 1.
 1. 0. 1. 0. 0. 0. 0. 1. 1. 1. 1. 0. 1. 1. 1. 1. 1. 0. 1. 1. 1. 1. 1. 0.
 1. 1. 1. 0. 0. 1. 0. 0. 1. 0. 0. 1. 0. 1. 0. 1. 1. 0. 0. 0. 0. 0. 1. 1.
 0. 0. 0. 0. 1. 1. 0. 0. 0. 1. 1. 1. 0. 0. 1. 1. 0. 0. 0. 1. 0. 1. 0. 1.
 0. 0. 0. 0. 0. 1. 1. 1. 0. 1. 0. 0. 1. 1. 0. 0. 0. 0. 0. 0. 0. 1. 1. 0.
 0. 0. 1. 1.]","[0. 1. 0. 0. 0. 1. 1. 1. 0. 0. 0. 0. 0. 1. 0. 0. 1. 1. 0. 0. 0. 0. 0. 1.
 0. 0. 1. 0. 1. 0. 0. 1. 0. 1. 1. 0. 0. 0. 1. 0. 0. 0. 1. 1. 1. 0. 1. 0.
 1. 0. 1. 1. 0. 1. 1. 1. 1. 0. 1. 0. 0. 1. 1. 1. 0. 0. 0. 1. 1. 0. 1. 1.
 0. 0. 1. 0. 0. 1. 0. 1. 0. 1. 1. 1. 0. 1. 0. 1. 1. 1. 1. 1. 1. 1. 1. 0.
 0. 0. 1. 1. 1. 0. 0. 1. 1. 1. 0. 0. 0. 1. 1. 1. 0. 0. 0. 0. 1. 1. 1. 0.
 1. 0. 0. 1. 1. 0. 0. 0. 0. 1. 0. 0. 1. 1. 0. 1. 1. 1. 0. 1. 1. 0. 1. 0.
 1. 1. 0. 0. 0. 1. 1. 0. 1. 1. 0. 1. 0. 0. 0. 1. 1. 1. 0. 1. 0. 1. 1. 0.
 1. 0. 0. 1. 1. 0. 0. 1. 0. 1. 1. 0. 0. 1. 0. 0. 1. 1. 0. 1. 1. 0. 0. 0.
 0. 1. 1. 0. 0. 1. 0. 0. 1. 0. 1. 1. 1. 0. 0. 0. 1. 1. 0. 0. 0. 0. 1. 0.
 0. 1. 0. 1. 1. 1. 1. 0. 0. 0. 0. 1. 1. 1. 1. 0. 1. 1. 1. 1. 0. 1. 0. 0.
 1. 0. 0. 1. 1. 1. 1. 1. 0. 0. 1. 1. 1. 0. 0. 1. 0. 1. 0. 0. 1. 0. 1. 0.
 1. 0. 0. 0.]"
862,knn,{'n_neighbors': 120},0.4884345580261515,0.17425166614530346,0.03933766035394332,0.24641284888562176,0.5043928629614113,0.15117469598734484,0.5135980342882672,0.02985074626865669,0.5149253731343284,0.5149253731343284,"{0: 0.45497326798841614, 1: 0.4549732679884161}","{0: 0.45497326798841614, 1: 0.4549732679884161}",0.4549732679884161,"[[76 58]
 [72 62]]","[1. 1. 0. 0. 0. 0. 0. 0. 1. 1. 1. 0. 1. 0. 1. 1. 1. 1. 1. 0. 1. 0. 1. 0.
 0. 0. 0. 1. 0. 1. 1. 1. 0. 0. 0. 1. 0. 0. 0. 0. 0. 0. 1. 1. 0. 0. 1. 1.
 1. 0. 0. 0. 1. 1. 1. 0. 0. 1. 0. 0. 1. 0. 1. 1. 0. 0. 0. 1. 0. 0. 1. 0.
 0. 1. 0. 0. 0. 1. 0. 0. 1. 0. 0. 0. 1. 0. 1. 1. 0. 1. 1. 0. 0. 1. 0. 1.
 1. 0. 0. 1. 1. 0. 1. 0. 1. 1. 0. 1. 0. 1. 0. 0. 1. 0. 0. 0. 0. 1. 1. 1.
 1. 1. 1. 1. 0. 1. 0. 1. 0. 1. 0. 0. 0. 1. 1. 1. 1. 0. 0. 1. 0. 1. 0. 0.
 0. 1. 0. 0. 1. 1. 0. 0. 1. 0. 0. 0. 0. 0. 0. 0. 0. 0. 0. 0. 1. 0. 0. 1.
 1. 0. 1. 0. 0. 0. 0. 1. 1. 1. 1. 0. 1. 1. 1. 1. 1. 0. 1. 1. 1. 1. 1. 0.
 1. 1. 1. 0. 0. 1. 0. 0. 1. 0. 0. 1. 0. 1. 0. 1. 1. 0. 0. 0. 0. 0. 1. 1.
 0. 0. 0. 0. 1. 1. 0. 0. 0. 1. 1. 1. 0. 0. 1. 1. 0. 0. 0. 1. 0. 1. 0. 1.
 0. 0. 0. 0. 0. 1. 1. 1. 0. 1. 0. 0. 1. 1. 0. 0. 0. 0. 0. 0. 0. 1. 1. 0.
 0. 0. 1. 1.]","[0. 1. 0. 0. 0. 1. 1. 1. 0. 0. 0. 0. 0. 1. 0. 0. 1. 1. 0. 0. 0. 0. 0. 1.
 0. 0. 1. 0. 1. 0. 0. 1. 0. 1. 1. 0. 0. 0. 1. 0. 0. 0. 1. 1. 1. 0. 1. 0.
 1. 0. 1. 1. 0. 1. 1. 1. 1. 0. 1. 0. 0. 1. 1. 1. 0. 0. 0. 1. 1. 0. 1. 1.
 0. 0. 1. 0. 0. 1. 0. 1. 0. 1. 1. 1. 0. 1. 0. 1. 1. 1. 1. 1. 1. 1. 1. 0.
 0. 0. 1. 1. 1. 0. 0. 1. 1. 1. 0. 0. 0. 1. 1. 1. 0. 0. 0. 0. 1. 1. 1. 0.
 1. 0. 0. 1. 1. 0. 0. 0. 0. 1. 0. 0. 1. 1. 0. 1. 1. 1. 0. 1. 1. 0. 1. 0.
 1. 1. 0. 0. 0. 1. 1. 0. 1. 1. 0. 1. 0. 0. 0. 1. 1. 1. 0. 1. 0. 1. 1. 0.
 1. 0. 0. 1. 1. 0. 0. 1. 0. 1. 1. 0. 0. 1. 0. 0. 1. 1. 0. 1. 1. 0. 0. 0.
 0. 1. 1. 0. 0. 1. 0. 0. 1. 0. 1. 1. 1. 0. 0. 0. 1. 1. 0. 0. 0. 0. 1. 0.
 0. 1. 0. 1. 1. 1. 1. 0. 0. 0. 0. 1. 1. 1. 1. 0. 1. 1. 1. 1. 0. 1. 0. 0.
 1. 0. 0. 1. 1. 1. 1. 1. 0. 0. 1. 1. 1. 0. 0. 1. 0. 1. 0. 0. 1. 0. 1. 0.
 1. 0. 0. 0.]"
543,knn,{'n_neighbors': 55},0.5075462394410262,0.1834136586756348,0.036180034354097244,0.33270053032594843,0.5088544258907163,0.16827593706641508,0.4946856799675973,-0.00746268656716409,0.4962686567164179,0.49626865671641796,"{0: 0.5103865003341501, 1: 0.51038650033415}","{0: 0.5103865003341501, 1: 0.51038650033415}",0.51038650033415,"[[59 75]
 [60 74]]","[1. 1. 0. 0. 1. 1. 0. 0. 1. 1. 1. 0. 0. 0. 1. 1. 1. 1. 1. 0. 1. 1. 0. 0.
 1. 0. 0. 1. 1. 1. 1. 1. 0. 1. 1. 1. 0. 0. 0. 1. 0. 1. 1. 1. 0. 0. 1. 1.
 0. 0. 0. 0. 1. 1. 1. 0. 0. 1. 0. 1. 1. 0. 1. 1. 0. 1. 0. 1. 0. 0. 1. 0.
 0. 1. 0. 0. 0. 0. 0. 0. 1. 1. 1. 0. 1. 1. 1. 1. 0. 1. 1. 0. 1. 1. 1. 1.
 1. 1. 0. 1. 1. 1. 1. 1. 1. 1. 0. 1. 0. 0. 0. 0. 1. 0. 1. 0. 0. 1. 0. 1.
 1. 1. 0. 1. 0. 1. 0. 1. 0. 1. 0. 1. 0. 1. 1. 1. 1. 0. 1. 1. 0. 1. 1. 0.
 0. 1. 0. 0. 1. 1. 0. 0. 1. 0. 0. 1. 0. 1. 0. 0. 0. 1. 0. 0. 1. 0. 0. 1.
 1. 1. 0. 0. 1. 0. 0. 1. 1. 1. 1. 1. 1. 1. 1. 1. 1. 0. 1. 0. 1. 1. 1. 0.
 1. 1. 1. 1. 0. 1. 0. 0. 0. 1. 0. 1. 0. 1. 1. 1. 1. 1. 0. 0. 0. 0. 0. 1.
 1. 0. 0. 1. 1. 1. 0. 0. 0. 1. 1. 1. 0. 0. 0. 1. 0. 0. 1. 1. 0. 1. 0. 1.
 0. 1. 0. 0. 1. 1. 1. 1. 0. 1. 1. 0. 0. 1. 0. 1. 0. 0. 0. 0. 0. 1. 1. 0.
 1. 1. 1. 1.]","[0. 1. 0. 0. 0. 1. 1. 1. 0. 0. 0. 0. 0. 1. 0. 0. 1. 1. 0. 0. 0. 0. 0. 1.
 0. 0. 1. 0. 1. 0. 0. 1. 0. 1. 1. 0. 0. 0. 1. 0. 0. 0. 1. 1. 1. 0. 1. 0.
 1. 0. 1. 1. 0. 1. 1. 1. 1. 0. 1. 0. 0. 1. 1. 1. 0. 0. 0. 1. 1. 0. 1. 1.
 0. 0. 1. 0. 0. 1. 0. 1. 0. 1. 1. 1. 0. 1. 0. 1. 1. 1. 1. 1. 1. 1. 1. 0.
 0. 0. 1. 1. 1. 0. 0. 1. 1. 1. 0. 0. 0. 1. 1. 1. 0. 0. 0. 0. 1. 1. 1. 0.
 1. 0. 0. 1. 1. 0. 0. 0. 0. 1. 0. 0. 1. 1. 0. 1. 1. 1. 0. 1. 1. 0. 1. 0.
 1. 1. 0. 0. 0. 1. 1. 0. 1. 1. 0. 1. 0. 0. 0. 1. 1. 1. 0. 1. 0. 1. 1. 0.
 1. 0. 0. 1. 1. 0. 0. 1. 0. 1. 1. 0. 0. 1. 0. 0. 1. 1. 0. 1. 1. 0. 0. 0.
 0. 1. 1. 0. 0. 1. 0. 0. 1. 0. 1. 1. 1. 0. 0. 0. 1. 1. 0. 0. 0. 0. 1. 0.
 0. 1. 0. 1. 1. 1. 1. 0. 0. 0. 0. 1. 1. 1. 1. 0. 1. 1. 1. 1. 0. 1. 0. 0.
 1. 0. 0. 1. 1. 1. 1. 1. 0. 0. 1. 1. 1. 0. 0. 1. 0. 1. 0. 0. 1. 0. 1. 0.
 1. 0. 0. 0.]"
115,knn,{'n_neighbors': 55},0.5075462394410262,0.1834136586756348,0.036180034354097244,0.33270053032594843,0.5088544258907163,0.16827593706641508,0.4946856799675973,-0.00746268656716409,0.4962686567164179,0.49626865671641796,"{0: 0.5103865003341501, 1: 0.51038650033415}","{0: 0.5103865003341501, 1: 0.51038650033415}",0.51038650033415,"[[59 75]
 [60 74]]","[1. 1. 0. 0. 1. 1. 0. 0. 1. 1. 1. 0. 0. 0. 1. 1. 1. 1. 1. 0. 1. 1. 0. 0.
 1. 0. 0. 1. 1. 1. 1. 1. 0. 1. 1. 1. 0. 0. 0. 1. 0. 1. 1. 1. 0. 0. 1. 1.
 0. 0. 0. 0. 1. 1. 1. 0. 0. 1. 0. 1. 1. 0. 1. 1. 0. 1. 0. 1. 0. 0. 1. 0.
 0. 1. 0. 0. 0. 0. 0. 0. 1. 1. 1. 0. 1. 1. 1. 1. 0. 1. 1. 0. 1. 1. 1. 1.
 1. 1. 0. 1. 1. 1. 1. 1. 1. 1. 0. 1. 0. 0. 0. 0. 1. 0. 1. 0. 0. 1. 0. 1.
 1. 1. 0. 1. 0. 1. 0. 1. 0. 1. 0. 1. 0. 1. 1. 1. 1. 0. 1. 1. 0. 1. 1. 0.
 0. 1. 0. 0. 1. 1. 0. 0. 1. 0. 0. 1. 0. 1. 0. 0. 0. 1. 0. 0. 1. 0. 0. 1.
 1. 1. 0. 0. 1. 0. 0. 1. 1. 1. 1. 1. 1. 1. 1. 1. 1. 0. 1. 0. 1. 1. 1. 0.
 1. 1. 1. 1. 0. 1. 0. 0. 0. 1. 0. 1. 0. 1. 1. 1. 1. 1. 0. 0. 0. 0. 0. 1.
 1. 0. 0. 1. 1. 1. 0. 0. 0. 1. 1. 1. 0. 0. 0. 1. 0. 0. 1. 1. 0. 1. 0. 1.
 0. 1. 0. 0. 1. 1. 1. 1. 0. 1. 1. 0. 0. 1. 0. 1. 0. 0. 0. 0. 0. 1. 1. 0.
 1. 1. 1. 1.]","[0. 1. 0. 0. 0. 1. 1. 1. 0. 0. 0. 0. 0. 1. 0. 0. 1. 1. 0. 0. 0. 0. 0. 1.
 0. 0. 1. 0. 1. 0. 0. 1. 0. 1. 1. 0. 0. 0. 1. 0. 0. 0. 1. 1. 1. 0. 1. 0.
 1. 0. 1. 1. 0. 1. 1. 1. 1. 0. 1. 0. 0. 1. 1. 1. 0. 0. 0. 1. 1. 0. 1. 1.
 0. 0. 1. 0. 0. 1. 0. 1. 0. 1. 1. 1. 0. 1. 0. 1. 1. 1. 1. 1. 1. 1. 1. 0.
 0. 0. 1. 1. 1. 0. 0. 1. 1. 1. 0. 0. 0. 1. 1. 1. 0. 0. 0. 0. 1. 1. 1. 0.
 1. 0. 0. 1. 1. 0. 0. 0. 0. 1. 0. 0. 1. 1. 0. 1. 1. 1. 0. 1. 1. 0. 1. 0.
 1. 1. 0. 0. 0. 1. 1. 0. 1. 1. 0. 1. 0. 0. 0. 1. 1. 1. 0. 1. 0. 1. 1. 0.
 1. 0. 0. 1. 1. 0. 0. 1. 0. 1. 1. 0. 0. 1. 0. 0. 1. 1. 0. 1. 1. 0. 0. 0.
 0. 1. 1. 0. 0. 1. 0. 0. 1. 0. 1. 1. 1. 0. 0. 0. 1. 1. 0. 0. 0. 0. 1. 0.
 0. 1. 0. 1. 1. 1. 1. 0. 0. 0. 0. 1. 1. 1. 1. 0. 1. 1. 1. 1. 0. 1. 0. 0.
 1. 0. 0. 1. 1. 1. 1. 1. 0. 0. 1. 1. 1. 0. 0. 1. 0. 1. 0. 0. 1. 0. 1. 0.
 1. 0. 0. 0.]"
332,AdaBoost,"{'algorithm': 'SAMME.R', 'learning_rate': 1.6510204081632653, 'n_estimators': 52}",0.5102393565554233,0.1596164960908157,0.03079079594868667,0.2835704648917901,0.509626741985613,0.15122814329866063,0.4950805945153862,-0.00746268656716409,0.4962686567164179,0.49626865671641796,"{0: 0.5162619737135219, 1: 0.5162619737135219}","{0: 0.5162619737135219, 1: 0.5162619737135219}",0.5162619737135219,"[[60 74]
 [61 73]]","[0. 1. 0. 0. 1. 1. 0. 1. 1. 1. 0. 0. 1. 0. 0. 0. 1. 0. 0. 1. 0. 1. 0. 0.
 0. 1. 1. 0. 1. 1. 1. 0. 0. 0. 0. 1. 0. 0. 1. 0. 0. 1. 1. 1. 0. 0. 1. 1.
 0. 0. 0. 1. 1. 1. 1. 1. 1. 0. 0. 1. 0. 1. 1. 0. 0. 0. 1. 0. 1. 1. 1. 1.
 1. 0. 0. 1. 1. 0. 1. 1. 0. 1. 1. 0. 0. 1. 0. 1. 0. 1. 1. 1. 0. 1. 0. 1.
 0. 0. 1. 1. 0. 1. 1. 0. 0. 0. 0. 0. 1. 1. 1. 1. 1. 1. 1. 1. 1. 0. 0. 0.
 1. 1. 1. 1. 1. 1. 0. 1. 1. 0. 0. 1. 1. 0. 1. 0. 0. 0. 1. 1. 1. 0. 0. 1.
 0. 1. 1. 1. 0. 0. 1. 0. 1. 0. 0. 1. 1. 0. 1. 1. 1. 0. 0. 0. 1. 0. 0. 1.
 0. 1. 1. 0. 1. 0. 0. 1. 1. 1. 1. 1. 1. 0. 1. 1. 0. 0. 1. 1. 1. 0. 0. 1.
 1. 0. 0. 1. 1. 1. 0. 0. 0. 1. 1. 1. 1. 1. 1. 0. 1. 1. 0. 1. 1. 0. 0. 0.
 1. 0. 1. 0. 0. 0. 0. 0. 1. 1. 1. 1. 0. 1. 0. 1. 0. 1. 0. 1. 1. 1. 0. 0.
 1. 1. 1. 0. 1. 1. 1. 1. 0. 1. 0. 1. 1. 0. 0. 1. 0. 0. 0. 1. 0. 1. 1. 0.
 0. 1. 1. 0.]","[0. 1. 0. 0. 0. 1. 1. 1. 0. 0. 0. 0. 0. 1. 0. 0. 1. 1. 0. 0. 0. 0. 0. 1.
 0. 0. 1. 0. 1. 0. 0. 1. 0. 1. 1. 0. 0. 0. 1. 0. 0. 0. 1. 1. 1. 0. 1. 0.
 1. 0. 1. 1. 0. 1. 1. 1. 1. 0. 1. 0. 0. 1. 1. 1. 0. 0. 0. 1. 1. 0. 1. 1.
 0. 0. 1. 0. 0. 1. 0. 1. 0. 1. 1. 1. 0. 1. 0. 1. 1. 1. 1. 1. 1. 1. 1. 0.
 0. 0. 1. 1. 1. 0. 0. 1. 1. 1. 0. 0. 0. 1. 1. 1. 0. 0. 0. 0. 1. 1. 1. 0.
 1. 0. 0. 1. 1. 0. 0. 0. 0. 1. 0. 0. 1. 1. 0. 1. 1. 1. 0. 1. 1. 0. 1. 0.
 1. 1. 0. 0. 0. 1. 1. 0. 1. 1. 0. 1. 0. 0. 0. 1. 1. 1. 0. 1. 0. 1. 1. 0.
 1. 0. 0. 1. 1. 0. 0. 1. 0. 1. 1. 0. 0. 1. 0. 0. 1. 1. 0. 1. 1. 0. 0. 0.
 0. 1. 1. 0. 0. 1. 0. 0. 1. 0. 1. 1. 1. 0. 0. 0. 1. 1. 0. 0. 0. 0. 1. 0.
 0. 1. 0. 1. 1. 1. 1. 0. 0. 0. 0. 1. 1. 1. 1. 0. 1. 1. 1. 1. 0. 1. 0. 0.
 1. 0. 0. 1. 1. 1. 1. 1. 0. 0. 1. 1. 1. 0. 0. 1. 0. 1. 0. 0. 1. 0. 1. 0.
 1. 0. 0. 0.]"
45,AdaBoost,"{'algorithm': 'SAMME', 'learning_rate': 4.018367346938775, 'n_estimators': 74}",0.43808253337495867,0.17534168287933172,0.029260958200035107,0.22366524195293008,0.5228496339383436,0.1563617729100361,0.4264804378011925,0.02238805970149249,0.5111940298507462,0.5111940298507462,"{0: 0.43974159055468925, 1: 0.4397415905546893}","{0: 0.43974159055468925, 1: 0.4397415905546893}",0.4397415905546893,"[[120  14]
 [117  17]]","[0. 0. 0. 0. 0. 1. 0. 0. 1. 0. 0. 0. 0. 0. 0. 0. 0. 0. 0. 0. 1. 1. 1. 0.
 0. 0. 1. 0. 0. 0. 0. 0. 0. 0. 0. 0. 0. 0. 0. 0. 0. 0. 0. 1. 0. 0. 1. 0.
 0. 0. 0. 0. 0. 0. 0. 0. 0. 0. 0. 1. 0. 0. 0. 0. 0. 1. 0. 0. 0. 0. 0. 0.
 0. 0. 0. 0. 0. 1. 1. 0. 1. 0. 0. 0. 0. 0. 0. 0. 0. 0. 0. 0. 0. 0. 1. 1.
 0. 1. 0. 0. 0. 0. 0. 0. 1. 0. 0. 0. 0. 0. 0. 0. 0. 0. 0. 0. 0. 0. 0. 0.
 0. 0. 0. 0. 0. 0. 1. 0. 0. 0. 0. 0. 0. 0. 0. 0. 0. 0. 0. 0. 0. 0. 0. 0.
 0. 0. 0. 1. 0. 0. 0. 0. 0. 0. 0. 0. 0. 0. 0. 0. 0. 1. 0. 0. 0. 0. 0. 0.
 0. 0. 1. 1. 1. 0. 0. 0. 0. 0. 0. 0. 0. 0. 0. 0. 0. 0. 0. 0. 0. 0. 0. 0.
 0. 0. 0. 0. 0. 0. 0. 0. 0. 0. 0. 0. 0. 0. 0. 0. 0. 0. 1. 0. 0. 0. 1. 0.
 0. 0. 0. 1. 0. 0. 0. 0. 0. 0. 0. 0. 0. 0. 1. 0. 0. 0. 0. 1. 0. 0. 0. 0.
 1. 0. 0. 0. 0. 0. 0. 0. 0. 0. 0. 0. 1. 0. 0. 0. 0. 0. 0. 0. 0. 0. 0. 0.
 1. 0. 0. 0.]","[0. 1. 0. 0. 0. 1. 1. 1. 0. 0. 0. 0. 0. 1. 0. 0. 1. 1. 0. 0. 0. 0. 0. 1.
 0. 0. 1. 0. 1. 0. 0. 1. 0. 1. 1. 0. 0. 0. 1. 0. 0. 0. 1. 1. 1. 0. 1. 0.
 1. 0. 1. 1. 0. 1. 1. 1. 1. 0. 1. 0. 0. 1. 1. 1. 0. 0. 0. 1. 1. 0. 1. 1.
 0. 0. 1. 0. 0. 1. 0. 1. 0. 1. 1. 1. 0. 1. 0. 1. 1. 1. 1. 1. 1. 1. 1. 0.
 0. 0. 1. 1. 1. 0. 0. 1. 1. 1. 0. 0. 0. 1. 1. 1. 0. 0. 0. 0. 1. 1. 1. 0.
 1. 0. 0. 1. 1. 0. 0. 0. 0. 1. 0. 0. 1. 1. 0. 1. 1. 1. 0. 1. 1. 0. 1. 0.
 1. 1. 0. 0. 0. 1. 1. 0. 1. 1. 0. 1. 0. 0. 0. 1. 1. 1. 0. 1. 0. 1. 1. 0.
 1. 0. 0. 1. 1. 0. 0. 1. 0. 1. 1. 0. 0. 1. 0. 0. 1. 1. 0. 1. 1. 0. 0. 0.
 0. 1. 1. 0. 0. 1. 0. 0. 1. 0. 1. 1. 1. 0. 0. 0. 1. 1. 0. 0. 0. 0. 1. 0.
 0. 1. 0. 1. 1. 1. 1. 0. 0. 0. 0. 1. 1. 1. 1. 0. 1. 1. 1. 1. 0. 1. 0. 0.
 1. 0. 0. 1. 1. 1. 1. 1. 0. 0. 1. 1. 1. 0. 0. 1. 0. 1. 0. 0. 1. 0. 1. 0.
 1. 0. 0. 0.]"
664,AdaBoost,"{'algorithm': 'SAMME', 'learning_rate': 4.018367346938775, 'n_estimators': 30}",0.43808253337495867,0.17534168287933172,0.029260958200035107,0.22366524195293008,0.5228496339383436,0.1563617729100361,0.4264804378011925,0.02238805970149249,0.5111940298507462,0.5111940298507462,"{0: 0.43656716417910446, 1: 0.4365671641791045}","{0: 0.43656716417910446, 1: 0.4365671641791045}",0.4365671641791045,"[[120  14]
 [117  17]]","[0. 0. 0. 0. 0. 1. 0. 0. 1. 0. 0. 0. 0. 0. 0. 0. 0. 0. 0. 0. 1. 1. 1. 0.
 0. 0. 1. 0. 0. 0. 0. 0. 0. 0. 0. 0. 0. 0. 0. 0. 0. 0. 0. 1. 0. 0. 1. 0.
 0. 0. 0. 0. 0. 0. 0. 0. 0. 0. 0. 1. 0. 0. 0. 0. 0. 1. 0. 0. 0. 0. 0. 0.
 0. 0. 0. 0. 0. 1. 1. 0. 1. 0. 0. 0. 0. 0. 0. 0. 0. 0. 0. 0. 0. 0. 1. 1.
 0. 1. 0. 0. 0. 0. 0. 0. 1. 0. 0. 0. 0. 0. 0. 0. 0. 0. 0. 0. 0. 0. 0. 0.
 0. 0. 0. 0. 0. 0. 1. 0. 0. 0. 0. 0. 0. 0. 0. 0. 0. 0. 0. 0. 0. 0. 0. 0.
 0. 0. 0. 1. 0. 0. 0. 0. 0. 0. 0. 0. 0. 0. 0. 0. 0. 1. 0. 0. 0. 0. 0. 0.
 0. 0. 1. 1. 1. 0. 0. 0. 0. 0. 0. 0. 0. 0. 0. 0. 0. 0. 0. 0. 0. 0. 0. 0.
 0. 0. 0. 0. 0. 0. 0. 0. 0. 0. 0. 0. 0. 0. 0. 0. 0. 0. 1. 0. 0. 0. 1. 0.
 0. 0. 0. 1. 0. 0. 0. 0. 0. 0. 0. 0. 0. 0. 1. 0. 0. 0. 0. 1. 0. 0. 0. 0.
 1. 0. 0. 0. 0. 0. 0. 0. 0. 0. 0. 0. 1. 0. 0. 0. 0. 0. 0. 0. 0. 0. 0. 0.
 1. 0. 0. 0.]","[0. 1. 0. 0. 0. 1. 1. 1. 0. 0. 0. 0. 0. 1. 0. 0. 1. 1. 0. 0. 0. 0. 0. 1.
 0. 0. 1. 0. 1. 0. 0. 1. 0. 1. 1. 0. 0. 0. 1. 0. 0. 0. 1. 1. 1. 0. 1. 0.
 1. 0. 1. 1. 0. 1. 1. 1. 1. 0. 1. 0. 0. 1. 1. 1. 0. 0. 0. 1. 1. 0. 1. 1.
 0. 0. 1. 0. 0. 1. 0. 1. 0. 1. 1. 1. 0. 1. 0. 1. 1. 1. 1. 1. 1. 1. 1. 0.
 0. 0. 1. 1. 1. 0. 0. 1. 1. 1. 0. 0. 0. 1. 1. 1. 0. 0. 0. 0. 1. 1. 1. 0.
 1. 0. 0. 1. 1. 0. 0. 0. 0. 1. 0. 0. 1. 1. 0. 1. 1. 1. 0. 1. 1. 0. 1. 0.
 1. 1. 0. 0. 0. 1. 1. 0. 1. 1. 0. 1. 0. 0. 0. 1. 1. 1. 0. 1. 0. 1. 1. 0.
 1. 0. 0. 1. 1. 0. 0. 1. 0. 1. 1. 0. 0. 1. 0. 0. 1. 1. 0. 1. 1. 0. 0. 0.
 0. 1. 1. 0. 0. 1. 0. 0. 1. 0. 1. 1. 1. 0. 0. 0. 1. 1. 0. 0. 0. 0. 1. 0.
 0. 1. 0. 1. 1. 1. 1. 0. 0. 0. 0. 1. 1. 1. 1. 0. 1. 1. 1. 1. 0. 1. 0. 0.
 1. 0. 0. 1. 1. 1. 1. 1. 0. 0. 1. 1. 1. 0. 0. 1. 0. 1. 0. 0. 1. 0. 1. 0.
 1. 0. 0. 0.]"
429,AdaBoost,"{'algorithm': 'SAMME.R', 'learning_rate': 3.5285714285714285, 'n_estimators': 52}",0.4455671303542128,0.17589870241819827,0.029175943192101348,0.26376809576208016,0.4914366640677124,0.1677877879405162,0.4733424470266576,-0.029850746268656803,0.48507462686567165,0.4850746268656717,"{0: 0.5514869681443528, 1: 0.5514869681443529}","{0: 0.5514869681443528, 1: 0.5514869681443529}",0.5514869681443529,"[[85 49]
 [89 45]]","[1. 0. 0. 0. 0. 0. 1. 1. 1. 1. 0. 1. 0. 0. 1. 0. 0. 1. 0. 0. 0. 1. 1. 0.
 0. 1. 1. 1. 1. 1. 1. 0. 0. 0. 1. 0. 1. 0. 1. 0. 0. 0. 0. 0. 0. 0. 1. 0.
 0. 0. 1. 0. 0. 0. 1. 0. 0. 1. 1. 1. 1. 1. 0. 0. 1. 0. 0. 1. 1. 0. 0. 0.
 0. 1. 0. 0. 1. 0. 1. 0. 1. 1. 0. 0. 1. 0. 0. 0. 0. 0. 1. 0. 0. 1. 1. 0.
 0. 0. 0. 0. 0. 1. 1. 0. 1. 0. 0. 0. 0. 1. 0. 0. 0. 1. 0. 0. 1. 1. 0. 1.
 0. 0. 0. 1. 1. 0. 1. 1. 0. 0. 0. 0. 0. 0. 1. 0. 0. 0. 0. 0. 0. 0. 0. 1.
 1. 1. 1. 0. 1. 1. 1. 0. 1. 0. 0. 0. 0. 0. 1. 0. 0. 0. 0. 0. 1. 0. 0. 0.
 1. 1. 0. 0. 0. 0. 0. 0. 0. 1. 0. 0. 0. 0. 0. 0. 0. 0. 1. 0. 0. 1. 1. 0.
 0. 1. 0. 1. 1. 1. 0. 0. 0. 1. 1. 1. 0. 1. 1. 1. 0. 0. 0. 1. 0. 1. 0. 0.
 0. 0. 0. 1. 0. 1. 0. 0. 0. 0. 0. 0. 0. 0. 0. 1. 0. 0. 1. 1. 0. 0. 0. 0.
 1. 1. 0. 1. 1. 1. 0. 0. 0. 0. 1. 0. 0. 0. 0. 0. 1. 0. 0. 0. 0. 0. 0. 0.
 1. 0. 1. 0.]","[0. 1. 0. 0. 0. 1. 1. 1. 0. 0. 0. 0. 0. 1. 0. 0. 1. 1. 0. 0. 0. 0. 0. 1.
 0. 0. 1. 0. 1. 0. 0. 1. 0. 1. 1. 0. 0. 0. 1. 0. 0. 0. 1. 1. 1. 0. 1. 0.
 1. 0. 1. 1. 0. 1. 1. 1. 1. 0. 1. 0. 0. 1. 1. 1. 0. 0. 0. 1. 1. 0. 1. 1.
 0. 0. 1. 0. 0. 1. 0. 1. 0. 1. 1. 1. 0. 1. 0. 1. 1. 1. 1. 1. 1. 1. 1. 0.
 0. 0. 1. 1. 1. 0. 0. 1. 1. 1. 0. 0. 0. 1. 1. 1. 0. 0. 0. 0. 1. 1. 1. 0.
 1. 0. 0. 1. 1. 0. 0. 0. 0. 1. 0. 0. 1. 1. 0. 1. 1. 1. 0. 1. 1. 0. 1. 0.
 1. 1. 0. 0. 0. 1. 1. 0. 1. 1. 0. 1. 0. 0. 0. 1. 1. 1. 0. 1. 0. 1. 1. 0.
 1. 0. 0. 1. 1. 0. 0. 1. 0. 1. 1. 0. 0. 1. 0. 0. 1. 1. 0. 1. 1. 0. 0. 0.
 0. 1. 1. 0. 0. 1. 0. 0. 1. 0. 1. 1. 1. 0. 0. 0. 1. 1. 0. 0. 0. 0. 1. 0.
 0. 1. 0. 1. 1. 1. 1. 0. 0. 0. 0. 1. 1. 1. 1. 0. 1. 1. 1. 1. 0. 1. 0. 0.
 1. 0. 0. 1. 1. 1. 1. 1. 0. 0. 1. 1. 1. 0. 0. 1. 0. 1. 0. 0. 1. 0. 1. 0.
 1. 0. 0. 0.]"
602,SVC,"{'C': 100, 'gamma': 0.1, 'kernel': 'rbf'}",0.30174773308844854,0.18762448440730511,0.028699507940258,0.13326796422345683,0.4160529527969044,0.17270192298136336,0.4302657342657343,-0.13432835820895517,0.43283582089552236,0.4328358208955224,"{0: 0.40120294052127425, 1: 0.40120294052127425}","{0: 0.40120294052127425, 1: 0.40120294052127425}",0.40120294052127425,"[[67 67]
 [85 49]]","[1. 1. 1. 1. 1. 0. 0. 1. 1. 0. 1. 1. 0. 0. 0. 1. 0. 0. 0. 0. 0. 0. 0. 1.
 0. 0. 0. 1. 1. 0. 0. 1. 0. 1. 0. 1. 0. 0. 0. 0. 0. 1. 1. 0. 0. 0. 0. 1.
 0. 0. 0. 1. 1. 0. 1. 0. 1. 0. 1. 0. 0. 0. 0. 0. 1. 1. 1. 0. 1. 1. 1. 0.
 1. 0. 0. 1. 1. 1. 0. 0. 0. 0. 0. 1. 0. 0. 0. 0. 1. 1. 0. 1. 0. 1. 0. 0.
 1. 1. 0. 0. 0. 1. 0. 0. 0. 1. 1. 1. 1. 1. 0. 0. 1. 1. 0. 0. 0. 1. 0. 0.
 0. 0. 1. 1. 0. 1. 0. 1. 0. 0. 1. 1. 0. 1. 1. 1. 1. 0. 0. 0. 0. 1. 0. 1.
 0. 1. 1. 1. 1. 1. 0. 0. 0. 1. 1. 0. 1. 1. 0. 1. 0. 0. 1. 0. 0. 0. 0. 0.
 0. 1. 0. 0. 0. 0. 0. 1. 0. 1. 0. 1. 0. 0. 1. 1. 1. 1. 0. 1. 1. 0. 1. 1.
 1. 1. 1. 0. 0. 0. 1. 1. 0. 0. 0. 0. 1. 0. 1. 0. 1. 0. 1. 1. 1. 0. 0. 0.
 0. 0. 1. 0. 0. 1. 1. 0. 1. 1. 0. 0. 0. 1. 0. 0. 1. 1. 1. 0. 1. 0. 1. 0.
 0. 0. 0. 1. 0. 0. 0. 0. 0. 1. 0. 1. 0. 1. 0. 0. 0. 1. 0. 1. 0. 1. 0. 1.
 0. 0. 1. 0.]","[0. 1. 0. 0. 0. 1. 1. 1. 0. 0. 0. 0. 0. 1. 0. 0. 1. 1. 0. 0. 0. 0. 0. 1.
 0. 0. 1. 0. 1. 0. 0. 1. 0. 1. 1. 0. 0. 0. 1. 0. 0. 0. 1. 1. 1. 0. 1. 0.
 1. 0. 1. 1. 0. 1. 1. 1. 1. 0. 1. 0. 0. 1. 1. 1. 0. 0. 0. 1. 1. 0. 1. 1.
 0. 0. 1. 0. 0. 1. 0. 1. 0. 1. 1. 1. 0. 1. 0. 1. 1. 1. 1. 1. 1. 1. 1. 0.
 0. 0. 1. 1. 1. 0. 0. 1. 1. 1. 0. 0. 0. 1. 1. 1. 0. 0. 0. 0. 1. 1. 1. 0.
 1. 0. 0. 1. 1. 0. 0. 0. 0. 1. 0. 0. 1. 1. 0. 1. 1. 1. 0. 1. 1. 0. 1. 0.
 1. 1. 0. 0. 0. 1. 1. 0. 1. 1. 0. 1. 0. 0. 0. 1. 1. 1. 0. 1. 0. 1. 1. 0.
 1. 0. 0. 1. 1. 0. 0. 1. 0. 1. 1. 0. 0. 1. 0. 0. 1. 1. 0. 1. 1. 0. 0. 0.
 0. 1. 1. 0. 0. 1. 0. 0. 1. 0. 1. 1. 1. 0. 0. 0. 1. 1. 0. 0. 0. 0. 1. 0.
 0. 1. 0. 1. 1. 1. 1. 0. 0. 0. 0. 1. 1. 1. 1. 0. 1. 1. 1. 1. 0. 1. 0. 0.
 1. 0. 0. 1. 1. 1. 1. 1. 0. 0. 1. 1. 1. 0. 0. 1. 0. 1. 0. 0. 1. 0. 1. 0.
 1. 0. 0. 0.]"
244,SVC,"{'C': 0.1, 'gamma': 0.0001, 'kernel': 'sigmoid'}",0.5183377130989253,0.15321482400475486,0.027777777777777776,0.12422599874998833,0.6298770431330915,0.11066159642989117,0.6034762622997918,0.23134328358208955,0.6156716417910447,0.6156716417910447,"{0: 0.6034194698151036, 1: 0.6034194698151035}","{0: 0.6034194698151036, 1: 0.6034194698151035}",0.6034194698151035,"[[106  28]
 [ 75  59]]","[0. 0. 0. 0. 0. 1. 1. 0. 0. 0. 0. 0. 0. 1. 0. 0. 1. 0. 1. 1. 1. 0. 0. 0.
 0. 0. 1. 0. 0. 0. 0. 0. 0. 0. 1. 0. 1. 1. 1. 1. 1. 1. 0. 1. 0. 1. 1. 0.
 1. 1. 1. 0. 0. 1. 0. 1. 0. 0. 0. 0. 1. 0. 0. 1. 0. 0. 0. 0. 0. 0. 0. 1.
 0. 0. 1. 0. 0. 0. 0. 1. 0. 0. 1. 0. 0. 1. 0. 1. 0. 0. 0. 0. 1. 0. 0. 1.
 0. 0. 1. 1. 1. 0. 0. 1. 1. 0. 0. 0. 0. 0. 1. 1. 0. 0. 0. 1. 1. 0. 1. 0.
 1. 1. 0. 0. 0. 0. 0. 0. 1. 1. 0. 0. 1. 0. 0. 0. 0. 1. 1. 0. 1. 0. 1. 0.
 1. 0. 0. 0. 0. 0. 1. 1. 0. 0. 0. 0. 0. 0. 0. 0. 1. 1. 0. 0. 0. 1. 1. 1.
 1. 0. 1. 1. 1. 1. 0. 0. 1. 0. 0. 0. 1. 0. 0. 0. 0. 0. 0. 0. 0. 0. 0. 0.
 0. 0. 0. 0. 1. 0. 0. 0. 1. 0. 0. 1. 0. 0. 0. 0. 0. 0. 0. 0. 0. 1. 1. 0.
 0. 1. 0. 1. 0. 0. 0. 0. 0. 0. 0. 1. 1. 0. 1. 0. 0. 0. 0. 1. 0. 1. 0. 0.
 0. 0. 0. 0. 1. 0. 0. 1. 0. 0. 0. 0. 1. 0. 1. 0. 0. 0. 1. 0. 0. 0. 0. 0.
 1. 1. 0. 1.]","[0. 1. 0. 0. 0. 1. 1. 1. 0. 0. 0. 0. 0. 1. 0. 0. 1. 1. 0. 0. 0. 0. 0. 1.
 0. 0. 1. 0. 1. 0. 0. 1. 0. 1. 1. 0. 0. 0. 1. 0. 0. 0. 1. 1. 1. 0. 1. 0.
 1. 0. 1. 1. 0. 1. 1. 1. 1. 0. 1. 0. 0. 1. 1. 1. 0. 0. 0. 1. 1. 0. 1. 1.
 0. 0. 1. 0. 0. 1. 0. 1. 0. 1. 1. 1. 0. 1. 0. 1. 1. 1. 1. 1. 1. 1. 1. 0.
 0. 0. 1. 1. 1. 0. 0. 1. 1. 1. 0. 0. 0. 1. 1. 1. 0. 0. 0. 0. 1. 1. 1. 0.
 1. 0. 0. 1. 1. 0. 0. 0. 0. 1. 0. 0. 1. 1. 0. 1. 1. 1. 0. 1. 1. 0. 1. 0.
 1. 1. 0. 0. 0. 1. 1. 0. 1. 1. 0. 1. 0. 0. 0. 1. 1. 1. 0. 1. 0. 1. 1. 0.
 1. 0. 0. 1. 1. 0. 0. 1. 0. 1. 1. 0. 0. 1. 0. 0. 1. 1. 0. 1. 1. 0. 0. 0.
 0. 1. 1. 0. 0. 1. 0. 0. 1. 0. 1. 1. 1. 0. 0. 0. 1. 1. 0. 0. 0. 0. 1. 0.
 0. 1. 0. 1. 1. 1. 1. 0. 0. 0. 0. 1. 1. 1. 1. 0. 1. 1. 1. 1. 0. 1. 0. 0.
 1. 0. 0. 1. 1. 1. 1. 1. 0. 0. 1. 1. 1. 0. 0. 1. 0. 1. 0. 0. 1. 0. 1. 0.
 1. 0. 0. 0.]"
221,AdaBoost,"{'algorithm': 'SAMME', 'learning_rate': 2.1408163265306124, 'n_estimators': 30}",0.4028243398003199,0.17465266964043735,0.019880807763964548,0.17386416965347723,0.4765501635461313,0.15750076081763326,0.4395755305867665,0.0,0.5,0.5,"{0: 0.496463577634217, 1: 0.496463577634217}","{0: 0.496463577634217, 1: 0.496463577634217}",0.496463577634217,"[[111  23]
 [111  23]]","[0. 0. 0. 0. 0. 1. 0. 0. 0. 0. 0. 0. 0. 0. 0. 0. 0. 0. 0. 0. 1. 1. 1. 0.
 0. 0. 1. 1. 1. 0. 0. 0. 0. 0. 0. 1. 0. 0. 0. 0. 0. 0. 1. 0. 0. 0. 0. 0.
 0. 0. 0. 0. 0. 0. 0. 0. 0. 1. 0. 0. 0. 0. 0. 0. 0. 0. 0. 1. 1. 0. 0. 0.
 0. 1. 0. 0. 1. 0. 0. 0. 0. 0. 0. 0. 0. 0. 0. 0. 0. 0. 1. 0. 0. 0. 0. 1.
 0. 0. 0. 0. 0. 0. 0. 0. 1. 0. 0. 0. 0. 0. 0. 0. 0. 0. 0. 0. 0. 1. 0. 0.
 0. 0. 0. 1. 0. 0. 0. 1. 0. 0. 0. 0. 0. 0. 1. 0. 0. 0. 0. 0. 0. 0. 0. 0.
 0. 0. 0. 0. 1. 1. 0. 0. 0. 0. 0. 0. 0. 0. 0. 1. 0. 1. 0. 0. 1. 0. 0. 0.
 1. 1. 1. 0. 1. 0. 0. 0. 0. 1. 0. 0. 0. 0. 0. 1. 0. 0. 1. 0. 0. 0. 1. 0.
 0. 1. 0. 0. 0. 0. 0. 0. 0. 0. 0. 0. 0. 0. 0. 0. 0. 0. 0. 1. 0. 1. 1. 0.
 0. 0. 0. 0. 0. 1. 1. 0. 0. 0. 0. 0. 0. 0. 0. 0. 0. 0. 1. 0. 0. 0. 0. 0.
 0. 0. 0. 0. 0. 1. 0. 0. 0. 0. 0. 0. 1. 1. 0. 0. 0. 0. 1. 0. 0. 0. 0. 0.
 0. 0. 1. 0.]","[0. 1. 0. 0. 0. 1. 1. 1. 0. 0. 0. 0. 0. 1. 0. 0. 1. 1. 0. 0. 0. 0. 0. 1.
 0. 0. 1. 0. 1. 0. 0. 1. 0. 1. 1. 0. 0. 0. 1. 0. 0. 0. 1. 1. 1. 0. 1. 0.
 1. 0. 1. 1. 0. 1. 1. 1. 1. 0. 1. 0. 0. 1. 1. 1. 0. 0. 0. 1. 1. 0. 1. 1.
 0. 0. 1. 0. 0. 1. 0. 1. 0. 1. 1. 1. 0. 1. 0. 1. 1. 1. 1. 1. 1. 1. 1. 0.
 0. 0. 1. 1. 1. 0. 0. 1. 1. 1. 0. 0. 0. 1. 1. 1. 0. 0. 0. 0. 1. 1. 1. 0.
 1. 0. 0. 1. 1. 0. 0. 0. 0. 1. 0. 0. 1. 1. 0. 1. 1. 1. 0. 1. 1. 0. 1. 0.
 1. 1. 0. 0. 0. 1. 1. 0. 1. 1. 0. 1. 0. 0. 0. 1. 1. 1. 0. 1. 0. 1. 1. 0.
 1. 0. 0. 1. 1. 0. 0. 1. 0. 1. 1. 0. 0. 1. 0. 0. 1. 1. 0. 1. 1. 0. 0. 0.
 0. 1. 1. 0. 0. 1. 0. 0. 1. 0. 1. 1. 1. 0. 0. 0. 1. 1. 0. 0. 0. 0. 1. 0.
 0. 1. 0. 1. 1. 1. 1. 0. 0. 0. 0. 1. 1. 1. 1. 0. 1. 1. 1. 1. 0. 1. 0. 0.
 1. 0. 0. 1. 1. 1. 1. 1. 0. 0. 1. 1. 1. 0. 0. 1. 0. 1. 0. 0. 1. 0. 1. 0.
 1. 0. 0. 0.]"
38,SVC,"{'C': 10, 'gamma': 0.01, 'kernel': 'rbf'}",0.3969742733939903,0.1827413900386432,0.0184869542027047,0.14665790884125166,0.44297412190557345,0.16203526619105715,0.4538970962812023,-0.07462686567164178,0.4626865671641791,0.4626865671641791,"{0: 0.41557139674760524, 1: 0.41557139674760524}","{0: 0.41557139674760524, 1: 0.41557139674760524}",0.41557139674760524,"[[79 55]
 [89 45]]","[1. 1. 1. 0. 0. 0. 0. 0. 1. 0. 0. 0. 1. 0. 1. 0. 0. 0. 0. 0. 0. 0. 0. 0.
 0. 0. 0. 1. 1. 1. 0. 1. 1. 0. 0. 0. 0. 1. 0. 1. 0. 0. 0. 0. 1. 1. 0. 0.
 0. 0. 0. 1. 0. 1. 1. 0. 0. 1. 0. 0. 0. 1. 1. 1. 0. 1. 1. 0. 1. 0. 0. 0.
 0. 0. 0. 1. 1. 0. 1. 0. 0. 0. 1. 0. 1. 0. 0. 1. 0. 1. 1. 1. 0. 1. 0. 0.
 1. 0. 1. 0. 0. 1. 1. 0. 0. 1. 0. 1. 0. 0. 1. 0. 1. 1. 0. 0. 0. 1. 0. 1.
 0. 0. 1. 0. 1. 1. 0. 0. 0. 0. 1. 0. 0. 0. 1. 0. 0. 0. 1. 0. 0. 1. 0. 0.
 0. 0. 0. 0. 1. 1. 0. 0. 0. 0. 0. 0. 0. 0. 1. 0. 1. 0. 1. 0. 0. 0. 0. 1.
 0. 1. 0. 0. 0. 0. 1. 1. 1. 1. 0. 0. 0. 1. 0. 0. 1. 1. 1. 1. 1. 0. 1. 0.
 1. 1. 1. 0. 0. 0. 0. 0. 0. 0. 0. 0. 0. 0. 0. 1. 0. 1. 1. 1. 0. 0. 0. 0.
 0. 0. 1. 0. 0. 0. 0. 1. 1. 0. 1. 0. 0. 0. 0. 1. 1. 1. 1. 1. 1. 0. 0. 1.
 1. 1. 0. 0. 0. 1. 0. 0. 0. 1. 0. 0. 1. 0. 0. 1. 0. 1. 0. 1. 1. 0. 1. 1.
 0. 0. 0. 0.]","[0. 1. 0. 0. 0. 1. 1. 1. 0. 0. 0. 0. 0. 1. 0. 0. 1. 1. 0. 0. 0. 0. 0. 1.
 0. 0. 1. 0. 1. 0. 0. 1. 0. 1. 1. 0. 0. 0. 1. 0. 0. 0. 1. 1. 1. 0. 1. 0.
 1. 0. 1. 1. 0. 1. 1. 1. 1. 0. 1. 0. 0. 1. 1. 1. 0. 0. 0. 1. 1. 0. 1. 1.
 0. 0. 1. 0. 0. 1. 0. 1. 0. 1. 1. 1. 0. 1. 0. 1. 1. 1. 1. 1. 1. 1. 1. 0.
 0. 0. 1. 1. 1. 0. 0. 1. 1. 1. 0. 0. 0. 1. 1. 1. 0. 0. 0. 0. 1. 1. 1. 0.
 1. 0. 0. 1. 1. 0. 0. 0. 0. 1. 0. 0. 1. 1. 0. 1. 1. 1. 0. 1. 1. 0. 1. 0.
 1. 1. 0. 0. 0. 1. 1. 0. 1. 1. 0. 1. 0. 0. 0. 1. 1. 1. 0. 1. 0. 1. 1. 0.
 1. 0. 0. 1. 1. 0. 0. 1. 0. 1. 1. 0. 0. 1. 0. 0. 1. 1. 0. 1. 1. 0. 0. 0.
 0. 1. 1. 0. 0. 1. 0. 0. 1. 0. 1. 1. 1. 0. 0. 0. 1. 1. 0. 0. 0. 0. 1. 0.
 0. 1. 0. 1. 1. 1. 1. 0. 0. 0. 0. 1. 1. 1. 1. 0. 1. 1. 1. 1. 0. 1. 0. 0.
 1. 0. 0. 1. 1. 1. 1. 1. 0. 0. 1. 1. 1. 0. 0. 1. 0. 1. 0. 0. 1. 0. 1. 0.
 1. 0. 0. 0.]"
2,SVC,"{'C': 100, 'gamma': 0.1, 'kernel': 'rbf'}",0.28841268604060866,0.164310673270358,0.015364234854849002,0.08878518288802348,0.4044988800029123,0.15711040419810782,0.42331768388106417,-0.14925373134328357,0.4253731343283582,0.4253731343283582,"{0: 0.3971096012474939, 1: 0.3971096012474939}","{0: 0.3971096012474939, 1: 0.3971096012474939}",0.3971096012474939,"[[65 69]
 [85 49]]","[1. 0. 1. 1. 0. 0. 0. 1. 1. 0. 1. 1. 1. 0. 1. 0. 0. 1. 0. 0. 0. 0. 0. 0.
 0. 1. 0. 1. 1. 0. 1. 1. 1. 0. 0. 1. 0. 0. 0. 0. 0. 0. 1. 0. 0. 0. 0. 1.
 0. 0. 0. 1. 1. 0. 1. 0. 1. 1. 0. 0. 0. 0. 1. 0. 1. 1. 1. 1. 1. 0. 0. 0.
 1. 1. 0. 1. 1. 1. 0. 0. 1. 0. 1. 1. 1. 0. 0. 0. 1. 1. 1. 1. 0. 1. 0. 0.
 1. 1. 1. 0. 0. 1. 0. 0. 0. 1. 1. 1. 0. 1. 1. 0. 1. 1. 0. 0. 0. 0. 0. 0.
 0. 0. 1. 0. 0. 0. 0. 1. 0. 0. 0. 0. 0. 1. 1. 1. 1. 0. 0. 0. 0. 1. 0. 1.
 0. 0. 1. 1. 1. 0. 0. 0. 0. 1. 0. 0. 1. 1. 0. 1. 1. 0. 1. 0. 1. 0. 0. 0.
 0. 1. 0. 0. 0. 0. 1. 1. 1. 1. 0. 0. 0. 1. 1. 1. 0. 1. 1. 1. 1. 0. 1. 1.
 1. 1. 1. 0. 0. 0. 0. 0. 0. 0. 0. 0. 0. 0. 0. 0. 1. 1. 1. 0. 0. 0. 0. 0.
 0. 0. 1. 0. 0. 0. 1. 1. 1. 1. 1. 0. 0. 1. 0. 0. 1. 1. 1. 0. 1. 0. 0. 0.
 0. 0. 1. 1. 0. 1. 0. 0. 1. 1. 0. 0. 0. 1. 0. 1. 1. 1. 0. 1. 0. 1. 1. 1.
 0. 0. 1. 0.]","[0. 1. 0. 0. 0. 1. 1. 1. 0. 0. 0. 0. 0. 1. 0. 0. 1. 1. 0. 0. 0. 0. 0. 1.
 0. 0. 1. 0. 1. 0. 0. 1. 0. 1. 1. 0. 0. 0. 1. 0. 0. 0. 1. 1. 1. 0. 1. 0.
 1. 0. 1. 1. 0. 1. 1. 1. 1. 0. 1. 0. 0. 1. 1. 1. 0. 0. 0. 1. 1. 0. 1. 1.
 0. 0. 1. 0. 0. 1. 0. 1. 0. 1. 1. 1. 0. 1. 0. 1. 1. 1. 1. 1. 1. 1. 1. 0.
 0. 0. 1. 1. 1. 0. 0. 1. 1. 1. 0. 0. 0. 1. 1. 1. 0. 0. 0. 0. 1. 1. 1. 0.
 1. 0. 0. 1. 1. 0. 0. 0. 0. 1. 0. 0. 1. 1. 0. 1. 1. 1. 0. 1. 1. 0. 1. 0.
 1. 1. 0. 0. 0. 1. 1. 0. 1. 1. 0. 1. 0. 0. 0. 1. 1. 1. 0. 1. 0. 1. 1. 0.
 1. 0. 0. 1. 1. 0. 0. 1. 0. 1. 1. 0. 0. 1. 0. 0. 1. 1. 0. 1. 1. 0. 0. 0.
 0. 1. 1. 0. 0. 1. 0. 0. 1. 0. 1. 1. 1. 0. 0. 0. 1. 1. 0. 0. 0. 0. 1. 0.
 0. 1. 0. 1. 1. 1. 1. 0. 0. 0. 0. 1. 1. 1. 1. 0. 1. 1. 1. 1. 0. 1. 0. 0.
 1. 0. 0. 1. 1. 1. 1. 1. 0. 0. 1. 1. 1. 0. 0. 1. 0. 1. 0. 0. 1. 0. 1. 0.
 1. 0. 0. 0.]"
104,SVC,"{'C': 1000, 'gamma': 0.0001, 'kernel': 'sigmoid'}",0.4717454205634091,0.18565955688179814,0.013300603135576392,0.26708619155374286,0.49763410685789716,0.1586938880150593,0.47993597643026104,-0.02238805970149249,0.48880597014925375,0.48880597014925375,"{0: 0.4701492537313433, 1: 0.47014925373134325}","{0: 0.4701492537313433, 1: 0.47014925373134325}",0.47014925373134325,"[[83 51]
 [86 48]]","[1. 0. 1. 0. 1. 0. 0. 0. 0. 1. 0. 1. 1. 0. 0. 0. 0. 0. 0. 0. 0. 1. 0. 0.
 0. 1. 1. 1. 0. 0. 0. 0. 1. 1. 0. 0. 0. 0. 1. 0. 0. 1. 0. 0. 0. 0. 0. 0.
 0. 0. 1. 0. 0. 0. 0. 0. 1. 0. 0. 0. 0. 0. 0. 0. 0. 1. 0. 0. 1. 0. 0. 1.
 0. 0. 0. 1. 1. 1. 0. 1. 0. 0. 0. 1. 0. 1. 1. 0. 0. 1. 0. 1. 0. 0. 0. 1.
 0. 0. 0. 1. 0. 1. 1. 0. 0. 0. 0. 1. 0. 1. 1. 1. 0. 0. 0. 0. 1. 1. 0. 0.
 0. 1. 0. 1. 1. 1. 0. 0. 1. 0. 0. 1. 0. 0. 1. 0. 0. 0. 0. 1. 0. 0. 1. 0.
 0. 0. 1. 0. 0. 0. 1. 0. 1. 1. 1. 1. 0. 0. 0. 1. 0. 1. 1. 0. 0. 0. 0. 0.
 0. 0. 0. 1. 0. 0. 0. 0. 1. 1. 0. 1. 0. 0. 1. 0. 1. 0. 0. 0. 1. 1. 1. 1.
 0. 1. 0. 1. 0. 0. 1. 1. 0. 1. 1. 0. 0. 0. 1. 0. 1. 0. 1. 1. 1. 1. 1. 1.
 0. 1. 0. 1. 0. 1. 1. 0. 0. 1. 0. 0. 0. 0. 0. 0. 1. 1. 1. 0. 0. 0. 1. 0.
 0. 1. 0. 1. 1. 0. 0. 0. 1. 0. 1. 1. 0. 1. 0. 0. 1. 0. 0. 1. 0. 0. 0. 1.
 0. 0. 0. 0.]","[0. 1. 0. 0. 0. 1. 1. 1. 0. 0. 0. 0. 0. 1. 0. 0. 1. 1. 0. 0. 0. 0. 0. 1.
 0. 0. 1. 0. 1. 0. 0. 1. 0. 1. 1. 0. 0. 0. 1. 0. 0. 0. 1. 1. 1. 0. 1. 0.
 1. 0. 1. 1. 0. 1. 1. 1. 1. 0. 1. 0. 0. 1. 1. 1. 0. 0. 0. 1. 1. 0. 1. 1.
 0. 0. 1. 0. 0. 1. 0. 1. 0. 1. 1. 1. 0. 1. 0. 1. 1. 1. 1. 1. 1. 1. 1. 0.
 0. 0. 1. 1. 1. 0. 0. 1. 1. 1. 0. 0. 0. 1. 1. 1. 0. 0. 0. 0. 1. 1. 1. 0.
 1. 0. 0. 1. 1. 0. 0. 0. 0. 1. 0. 0. 1. 1. 0. 1. 1. 1. 0. 1. 1. 0. 1. 0.
 1. 1. 0. 0. 0. 1. 1. 0. 1. 1. 0. 1. 0. 0. 0. 1. 1. 1. 0. 1. 0. 1. 1. 0.
 1. 0. 0. 1. 1. 0. 0. 1. 0. 1. 1. 0. 0. 1. 0. 0. 1. 1. 0. 1. 1. 0. 0. 0.
 0. 1. 1. 0. 0. 1. 0. 0. 1. 0. 1. 1. 1. 0. 0. 0. 1. 1. 0. 0. 0. 0. 1. 0.
 0. 1. 0. 1. 1. 1. 1. 0. 0. 0. 0. 1. 1. 1. 1. 0. 1. 1. 1. 1. 0. 1. 0. 0.
 1. 0. 0. 1. 1. 1. 1. 1. 0. 0. 1. 1. 1. 0. 0. 1. 0. 1. 0. 0. 1. 0. 1. 0.
 1. 0. 0. 0.]"
28,SVC,"{'C': 1, 'gamma': 0.0001, 'kernel': 'sigmoid'}",0.4557579225451616,0.18740641882408435,0.006117469396723793,0.22279185751780625,0.479632195761228,0.1512811342475741,0.4694105180971502,-0.05970149253731338,0.4701492537313433,0.4701492537313433,"{0: 0.47170862107373585, 1: 0.4717086210737358}","{0: 0.47170862107373585, 1: 0.4717086210737358}",0.4717086210737358,"[[68 66]
 [76 58]]","[1. 0. 1. 1. 1. 0. 0. 1. 0. 1. 1. 0. 1. 0. 1. 0. 1. 1. 0. 1. 0. 0. 0. 0.
 0. 0. 0. 0. 0. 0. 1. 1. 1. 1. 0. 0. 0. 0. 0. 0. 0. 0. 0. 1. 0. 0. 0. 1.
 0. 0. 0. 1. 1. 1. 1. 1. 1. 0. 0. 0. 1. 0. 0. 0. 0. 0. 0. 1. 1. 0. 1. 1.
 0. 0. 0. 1. 0. 0. 1. 1. 1. 0. 1. 0. 1. 0. 1. 1. 1. 1. 1. 0. 0. 1. 0. 1.
 1. 1. 0. 1. 0. 0. 1. 0. 0. 1. 1. 1. 1. 1. 1. 0. 1. 1. 0. 0. 0. 0. 1. 1.
 0. 0. 1. 0. 1. 1. 0. 1. 0. 1. 0. 1. 0. 0. 1. 1. 0. 0. 1. 1. 0. 1. 0. 0.
 0. 1. 0. 1. 0. 0. 0. 0. 1. 1. 0. 0. 1. 1. 0. 1. 0. 0. 1. 1. 0. 0. 0. 0.
 0. 0. 0. 0. 1. 0. 0. 1. 1. 1. 1. 1. 0. 0. 0. 0. 1. 0. 1. 1. 1. 1. 0. 1.
 1. 0. 1. 1. 0. 1. 0. 1. 1. 1. 1. 1. 0. 0. 0. 1. 0. 0. 0. 1. 1. 0. 1. 0.
 1. 0. 0. 0. 0. 1. 1. 1. 1. 1. 0. 0. 0. 1. 0. 0. 0. 1. 0. 0. 1. 1. 0. 1.
 0. 1. 0. 0. 0. 1. 1. 0. 1. 0. 1. 0. 0. 1. 0. 0. 0. 1. 0. 1. 0. 1. 0. 1.
 0. 1. 0. 1.]","[0. 1. 0. 0. 0. 1. 1. 1. 0. 0. 0. 0. 0. 1. 0. 0. 1. 1. 0. 0. 0. 0. 0. 1.
 0. 0. 1. 0. 1. 0. 0. 1. 0. 1. 1. 0. 0. 0. 1. 0. 0. 0. 1. 1. 1. 0. 1. 0.
 1. 0. 1. 1. 0. 1. 1. 1. 1. 0. 1. 0. 0. 1. 1. 1. 0. 0. 0. 1. 1. 0. 1. 1.
 0. 0. 1. 0. 0. 1. 0. 1. 0. 1. 1. 1. 0. 1. 0. 1. 1. 1. 1. 1. 1. 1. 1. 0.
 0. 0. 1. 1. 1. 0. 0. 1. 1. 1. 0. 0. 0. 1. 1. 1. 0. 0. 0. 0. 1. 1. 1. 0.
 1. 0. 0. 1. 1. 0. 0. 0. 0. 1. 0. 0. 1. 1. 0. 1. 1. 1. 0. 1. 1. 0. 1. 0.
 1. 1. 0. 0. 0. 1. 1. 0. 1. 1. 0. 1. 0. 0. 0. 1. 1. 1. 0. 1. 0. 1. 1. 0.
 1. 0. 0. 1. 1. 0. 0. 1. 0. 1. 1. 0. 0. 1. 0. 0. 1. 1. 0. 1. 1. 0. 0. 0.
 0. 1. 1. 0. 0. 1. 0. 0. 1. 0. 1. 1. 1. 0. 0. 0. 1. 1. 0. 0. 0. 0. 1. 0.
 0. 1. 0. 1. 1. 1. 1. 0. 0. 0. 0. 1. 1. 1. 1. 0. 1. 1. 1. 1. 0. 1. 0. 0.
 1. 0. 0. 1. 1. 1. 1. 1. 0. 0. 1. 1. 1. 0. 0. 1. 0. 1. 0. 0. 1. 0. 1. 0.
 1. 0. 0. 0.]"
628,SVC,"{'C': 1, 'gamma': 0.001, 'kernel': 'sigmoid'}",0.33070953715999085,0.180185259864299,0.003933053448898521,0.06996744053944408,0.4600527123712608,0.14202672701694455,0.4738146626749286,-0.052238805970149294,0.47388059701492535,0.47388059701492535,"{0: 0.4851303185564714, 1: 0.4851303185564714}","{0: 0.4851303185564714, 1: 0.4851303185564714}",0.4851303185564714,"[[62 72]
 [69 65]]","[0. 1. 0. 1. 1. 0. 0. 0. 1. 1. 0. 0. 1. 0. 1. 1. 0. 1. 1. 0. 0. 0. 0. 1.
 0. 1. 0. 0. 0. 1. 1. 0. 1. 1. 1. 1. 1. 0. 1. 0. 0. 0. 1. 0. 1. 0. 0. 0.
 1. 1. 1. 1. 0. 0. 1. 0. 0. 1. 1. 0. 1. 1. 1. 0. 1. 0. 0. 1. 1. 1. 0. 0.
 1. 1. 0. 0. 0. 1. 1. 1. 1. 1. 0. 0. 1. 0. 0. 0. 1. 0. 1. 0. 1. 1. 0. 0.
 0. 1. 0. 1. 0. 0. 1. 1. 1. 0. 1. 0. 1. 0. 0. 0. 0. 1. 1. 1. 1. 0. 1. 0.
 1. 0. 1. 0. 1. 0. 0. 1. 0. 0. 1. 1. 0. 1. 0. 0. 1. 1. 0. 0. 0. 0. 1. 0.
 0. 0. 0. 1. 0. 1. 1. 1. 1. 0. 1. 1. 1. 1. 1. 1. 0. 0. 0. 1. 0. 0. 0. 0.
 1. 0. 0. 0. 0. 1. 1. 0. 0. 0. 0. 1. 1. 1. 1. 1. 0. 0. 1. 0. 0. 1. 1. 0.
 0. 1. 0. 1. 0. 1. 1. 1. 0. 1. 1. 0. 1. 1. 0. 0. 0. 1. 0. 1. 1. 0. 0. 1.
 1. 0. 1. 1. 1. 1. 1. 1. 1. 0. 1. 1. 0. 1. 0. 1. 1. 1. 0. 0. 1. 0. 0. 0.
 0. 1. 1. 0. 1. 1. 0. 0. 1. 1. 1. 1. 0. 1. 0. 1. 1. 1. 0. 0. 1. 0. 1. 0.
 1. 0. 1. 0.]","[0. 1. 0. 0. 0. 1. 1. 1. 0. 0. 0. 0. 0. 1. 0. 0. 1. 1. 0. 0. 0. 0. 0. 1.
 0. 0. 1. 0. 1. 0. 0. 1. 0. 1. 1. 0. 0. 0. 1. 0. 0. 0. 1. 1. 1. 0. 1. 0.
 1. 0. 1. 1. 0. 1. 1. 1. 1. 0. 1. 0. 0. 1. 1. 1. 0. 0. 0. 1. 1. 0. 1. 1.
 0. 0. 1. 0. 0. 1. 0. 1. 0. 1. 1. 1. 0. 1. 0. 1. 1. 1. 1. 1. 1. 1. 1. 0.
 0. 0. 1. 1. 1. 0. 0. 1. 1. 1. 0. 0. 0. 1. 1. 1. 0. 0. 0. 0. 1. 1. 1. 0.
 1. 0. 0. 1. 1. 0. 0. 0. 0. 1. 0. 0. 1. 1. 0. 1. 1. 1. 0. 1. 1. 0. 1. 0.
 1. 1. 0. 0. 0. 1. 1. 0. 1. 1. 0. 1. 0. 0. 0. 1. 1. 1. 0. 1. 0. 1. 1. 0.
 1. 0. 0. 1. 1. 0. 0. 1. 0. 1. 1. 0. 0. 1. 0. 0. 1. 1. 0. 1. 1. 0. 0. 0.
 0. 1. 1. 0. 0. 1. 0. 0. 1. 0. 1. 1. 1. 0. 0. 0. 1. 1. 0. 0. 0. 0. 1. 0.
 0. 1. 0. 1. 1. 1. 1. 0. 0. 0. 0. 1. 1. 1. 1. 0. 1. 1. 1. 1. 0. 1. 0. 0.
 1. 0. 0. 1. 1. 1. 1. 1. 0. 0. 1. 1. 1. 0. 0. 1. 0. 1. 0. 0. 1. 0. 1. 0.
 1. 0. 0. 0.]"
223,SVC,"{'C': 1000, 'gamma': 0.1, 'kernel': 'rbf'}",0.3220035086677097,0.16623068097177038,0.0024374783971154216,0.10985429510046463,0.4318305164071293,0.16765969483907178,0.4211992043194089,-0.13432835820895517,0.43283582089552236,0.4328358208955224,"{0: 0.39396302071730893, 1: 0.393963020717309}","{0: 0.39396302071730893, 1: 0.393963020717309}",0.393963020717309,"[[77 57]
 [95 39]]","[1. 0. 1. 1. 0. 0. 0. 1. 0. 0. 1. 1. 0. 0. 0. 0. 0. 0. 0. 0. 0. 0. 0. 0.
 0. 0. 0. 1. 1. 1. 0. 0. 1. 0. 0. 0. 0. 0. 0. 0. 0. 1. 0. 0. 1. 0. 0. 1.
 0. 0. 0. 1. 1. 0. 1. 0. 1. 1. 1. 0. 0. 0. 0. 0. 1. 1. 1. 0. 0. 1. 1. 0.
 1. 1. 0. 1. 1. 1. 0. 0. 0. 0. 0. 1. 0. 0. 0. 0. 0. 0. 0. 1. 0. 1. 0. 0.
 1. 1. 0. 0. 0. 1. 0. 0. 0. 1. 1. 1. 0. 1. 1. 0. 1. 1. 0. 0. 0. 0. 0. 0.
 0. 0. 1. 1. 1. 1. 0. 0. 0. 0. 0. 0. 0. 1. 1. 1. 1. 0. 0. 0. 0. 0. 0. 1.
 1. 1. 1. 1. 1. 0. 0. 0. 0. 1. 1. 0. 1. 1. 0. 0. 1. 0. 1. 0. 0. 0. 0. 0.
 0. 1. 0. 0. 0. 0. 0. 1. 1. 1. 0. 0. 0. 0. 0. 0. 1. 1. 0. 0. 1. 0. 0. 1.
 1. 0. 1. 1. 0. 0. 1. 0. 0. 1. 1. 0. 0. 1. 1. 0. 1. 0. 1. 0. 0. 0. 0. 0.
 0. 0. 0. 0. 1. 0. 0. 0. 1. 1. 0. 0. 0. 1. 0. 1. 0. 0. 1. 0. 0. 0. 1. 0.
 0. 1. 0. 1. 0. 0. 0. 0. 1. 0. 1. 0. 0. 0. 0. 0. 0. 1. 0. 1. 0. 1. 1. 1.
 0. 0. 0. 0.]","[0. 1. 0. 0. 0. 1. 1. 1. 0. 0. 0. 0. 0. 1. 0. 0. 1. 1. 0. 0. 0. 0. 0. 1.
 0. 0. 1. 0. 1. 0. 0. 1. 0. 1. 1. 0. 0. 0. 1. 0. 0. 0. 1. 1. 1. 0. 1. 0.
 1. 0. 1. 1. 0. 1. 1. 1. 1. 0. 1. 0. 0. 1. 1. 1. 0. 0. 0. 1. 1. 0. 1. 1.
 0. 0. 1. 0. 0. 1. 0. 1. 0. 1. 1. 1. 0. 1. 0. 1. 1. 1. 1. 1. 1. 1. 1. 0.
 0. 0. 1. 1. 1. 0. 0. 1. 1. 1. 0. 0. 0. 1. 1. 1. 0. 0. 0. 0. 1. 1. 1. 0.
 1. 0. 0. 1. 1. 0. 0. 0. 0. 1. 0. 0. 1. 1. 0. 1. 1. 1. 0. 1. 1. 0. 1. 0.
 1. 1. 0. 0. 0. 1. 1. 0. 1. 1. 0. 1. 0. 0. 0. 1. 1. 1. 0. 1. 0. 1. 1. 0.
 1. 0. 0. 1. 1. 0. 0. 1. 0. 1. 1. 0. 0. 1. 0. 0. 1. 1. 0. 1. 1. 0. 0. 0.
 0. 1. 1. 0. 0. 1. 0. 0. 1. 0. 1. 1. 1. 0. 0. 0. 1. 1. 0. 0. 0. 0. 1. 0.
 0. 1. 0. 1. 1. 1. 1. 0. 0. 0. 0. 1. 1. 1. 1. 0. 1. 1. 1. 1. 0. 1. 0. 0.
 1. 0. 0. 1. 1. 1. 1. 1. 0. 0. 1. 1. 1. 0. 0. 1. 0. 1. 0. 0. 1. 0. 1. 0.
 1. 0. 0. 0.]"
88,knn,{'n_neighbors': 140},0.44590088437056136,0.17854590246060556,0.0022888519434167837,0.233669319819504,0.4712493823380921,0.14521879983816174,0.47714604236343366,-0.04477611940298498,0.47761194029850745,0.4776119402985075,"{0: 0.44762196480285144, 1: 0.44762196480285144}","{0: 0.44762196480285144, 1: 0.44762196480285144}",0.44762196480285144,"[[68 66]
 [74 60]]","[1. 1. 1. 0. 0. 0. 0. 1. 1. 1. 1. 0. 1. 0. 0. 0. 0. 1. 1. 0. 1. 0. 1. 0.
 0. 1. 0. 1. 0. 1. 1. 1. 0. 0. 0. 1. 0. 0. 0. 0. 0. 0. 1. 1. 0. 0. 1. 1.
 1. 1. 0. 0. 1. 1. 1. 0. 0. 1. 0. 0. 1. 0. 0. 1. 0. 0. 0. 1. 0. 0. 1. 0.
 0. 1. 0. 0. 1. 1. 1. 0. 1. 0. 1. 0. 1. 0. 1. 1. 0. 1. 1. 1. 0. 1. 0. 1.
 1. 0. 0. 0. 1. 1. 1. 0. 1. 1. 0. 1. 0. 1. 1. 0. 1. 1. 1. 0. 0. 1. 1. 0.
 1. 0. 1. 1. 0. 1. 0. 1. 0. 1. 0. 1. 0. 1. 1. 1. 1. 0. 0. 1. 0. 1. 0. 0.
 0. 0. 0. 0. 1. 1. 0. 0. 1. 0. 0. 1. 0. 0. 0. 0. 0. 0. 1. 0. 1. 0. 0. 1.
 0. 0. 1. 0. 1. 0. 0. 1. 1. 1. 1. 1. 1. 1. 1. 1. 1. 0. 1. 1. 1. 1. 1. 0.
 1. 1. 1. 0. 0. 1. 0. 0. 1. 0. 0. 1. 0. 1. 0. 1. 1. 0. 0. 1. 1. 0. 1. 1.
 0. 0. 0. 0. 0. 1. 0. 0. 0. 0. 1. 1. 0. 0. 0. 1. 0. 0. 1. 1. 0. 1. 0. 1.
 0. 0. 0. 0. 0. 1. 1. 0. 0. 1. 0. 0. 1. 1. 0. 0. 0. 0. 0. 0. 0. 1. 0. 0.
 0. 0. 1. 1.]","[0. 1. 0. 0. 0. 1. 1. 1. 0. 0. 0. 0. 0. 1. 0. 0. 1. 1. 0. 0. 0. 0. 0. 1.
 0. 0. 1. 0. 1. 0. 0. 1. 0. 1. 1. 0. 0. 0. 1. 0. 0. 0. 1. 1. 1. 0. 1. 0.
 1. 0. 1. 1. 0. 1. 1. 1. 1. 0. 1. 0. 0. 1. 1. 1. 0. 0. 0. 1. 1. 0. 1. 1.
 0. 0. 1. 0. 0. 1. 0. 1. 0. 1. 1. 1. 0. 1. 0. 1. 1. 1. 1. 1. 1. 1. 1. 0.
 0. 0. 1. 1. 1. 0. 0. 1. 1. 1. 0. 0. 0. 1. 1. 1. 0. 0. 0. 0. 1. 1. 1. 0.
 1. 0. 0. 1. 1. 0. 0. 0. 0. 1. 0. 0. 1. 1. 0. 1. 1. 1. 0. 1. 1. 0. 1. 0.
 1. 1. 0. 0. 0. 1. 1. 0. 1. 1. 0. 1. 0. 0. 0. 1. 1. 1. 0. 1. 0. 1. 1. 0.
 1. 0. 0. 1. 1. 0. 0. 1. 0. 1. 1. 0. 0. 1. 0. 0. 1. 1. 0. 1. 1. 0. 0. 0.
 0. 1. 1. 0. 0. 1. 0. 0. 1. 0. 1. 1. 1. 0. 0. 0. 1. 1. 0. 0. 0. 0. 1. 0.
 0. 1. 0. 1. 1. 1. 1. 0. 0. 0. 0. 1. 1. 1. 1. 0. 1. 1. 1. 1. 0. 1. 0. 0.
 1. 0. 0. 1. 1. 1. 1. 1. 0. 0. 1. 1. 1. 0. 0. 1. 0. 1. 0. 0. 1. 0. 1. 0.
 1. 0. 0. 0.]"
470,knn,{'n_neighbors': 140},0.44590088437056136,0.17854590246060556,0.0022888519434167837,0.233669319819504,0.4712493823380921,0.14521879983816174,0.47714604236343366,-0.04477611940298498,0.47761194029850745,0.4776119402985075,"{0: 0.44762196480285144, 1: 0.44762196480285144}","{0: 0.44762196480285144, 1: 0.44762196480285144}",0.44762196480285144,"[[68 66]
 [74 60]]","[1. 1. 1. 0. 0. 0. 0. 1. 1. 1. 1. 0. 1. 0. 0. 0. 0. 1. 1. 0. 1. 0. 1. 0.
 0. 1. 0. 1. 0. 1. 1. 1. 0. 0. 0. 1. 0. 0. 0. 0. 0. 0. 1. 1. 0. 0. 1. 1.
 1. 1. 0. 0. 1. 1. 1. 0. 0. 1. 0. 0. 1. 0. 0. 1. 0. 0. 0. 1. 0. 0. 1. 0.
 0. 1. 0. 0. 1. 1. 1. 0. 1. 0. 1. 0. 1. 0. 1. 1. 0. 1. 1. 1. 0. 1. 0. 1.
 1. 0. 0. 0. 1. 1. 1. 0. 1. 1. 0. 1. 0. 1. 1. 0. 1. 1. 1. 0. 0. 1. 1. 0.
 1. 0. 1. 1. 0. 1. 0. 1. 0. 1. 0. 1. 0. 1. 1. 1. 1. 0. 0. 1. 0. 1. 0. 0.
 0. 0. 0. 0. 1. 1. 0. 0. 1. 0. 0. 1. 0. 0. 0. 0. 0. 0. 1. 0. 1. 0. 0. 1.
 0. 0. 1. 0. 1. 0. 0. 1. 1. 1. 1. 1. 1. 1. 1. 1. 1. 0. 1. 1. 1. 1. 1. 0.
 1. 1. 1. 0. 0. 1. 0. 0. 1. 0. 0. 1. 0. 1. 0. 1. 1. 0. 0. 1. 1. 0. 1. 1.
 0. 0. 0. 0. 0. 1. 0. 0. 0. 0. 1. 1. 0. 0. 0. 1. 0. 0. 1. 1. 0. 1. 0. 1.
 0. 0. 0. 0. 0. 1. 1. 0. 0. 1. 0. 0. 1. 1. 0. 0. 0. 0. 0. 0. 0. 1. 0. 0.
 0. 0. 1. 1.]","[0. 1. 0. 0. 0. 1. 1. 1. 0. 0. 0. 0. 0. 1. 0. 0. 1. 1. 0. 0. 0. 0. 0. 1.
 0. 0. 1. 0. 1. 0. 0. 1. 0. 1. 1. 0. 0. 0. 1. 0. 0. 0. 1. 1. 1. 0. 1. 0.
 1. 0. 1. 1. 0. 1. 1. 1. 1. 0. 1. 0. 0. 1. 1. 1. 0. 0. 0. 1. 1. 0. 1. 1.
 0. 0. 1. 0. 0. 1. 0. 1. 0. 1. 1. 1. 0. 1. 0. 1. 1. 1. 1. 1. 1. 1. 1. 0.
 0. 0. 1. 1. 1. 0. 0. 1. 1. 1. 0. 0. 0. 1. 1. 1. 0. 0. 0. 0. 1. 1. 1. 0.
 1. 0. 0. 1. 1. 0. 0. 0. 0. 1. 0. 0. 1. 1. 0. 1. 1. 1. 0. 1. 1. 0. 1. 0.
 1. 1. 0. 0. 0. 1. 1. 0. 1. 1. 0. 1. 0. 0. 0. 1. 1. 1. 0. 1. 0. 1. 1. 0.
 1. 0. 0. 1. 1. 0. 0. 1. 0. 1. 1. 0. 0. 1. 0. 0. 1. 1. 0. 1. 1. 0. 0. 0.
 0. 1. 1. 0. 0. 1. 0. 0. 1. 0. 1. 1. 1. 0. 0. 0. 1. 1. 0. 0. 0. 0. 1. 0.
 0. 1. 0. 1. 1. 1. 1. 0. 0. 0. 0. 1. 1. 1. 1. 0. 1. 1. 1. 1. 0. 1. 0. 0.
 1. 0. 0. 1. 1. 1. 1. 1. 0. 0. 1. 1. 1. 0. 0. 1. 0. 1. 0. 0. 1. 0. 1. 0.
 1. 0. 0. 0.]"
323,SVC,"{'C': 100, 'gamma': 0.1, 'kernel': 'rbf'}",0.3073283690247588,0.17140720023854775,0.0013393165572912525,0.07391789882645822,0.4284441458332588,0.1692207209690279,0.4202209200704881,-0.12686567164179108,0.43656716417910446,0.43656716417910446,"{0: 0.3978892849186901, 1: 0.3979171307640901}","{0: 0.3978892849186901, 1: 0.3979171307640901}",0.3979171307640901,"[[81 53]
 [98 36]]","[1. 0. 1. 1. 0. 0. 0. 1. 1. 0. 1. 0. 1. 0. 0. 0. 0. 0. 0. 0. 0. 0. 0. 0.
 0. 0. 0. 1. 1. 0. 0. 1. 1. 0. 0. 1. 0. 0. 0. 0. 0. 0. 1. 0. 0. 0. 0. 1.
 0. 0. 0. 1. 1. 0. 0. 0. 1. 1. 0. 0. 0. 0. 0. 0. 1. 1. 1. 0. 1. 0. 0. 0.
 1. 1. 0. 1. 1. 1. 0. 0. 0. 0. 0. 1. 0. 0. 0. 0. 1. 1. 0. 1. 0. 0. 0. 0.
 1. 1. 0. 0. 0. 1. 0. 0. 0. 1. 1. 1. 1. 1. 0. 0. 1. 0. 0. 0. 0. 0. 0. 0.
 0. 0. 1. 0. 0. 1. 0. 0. 0. 0. 0. 0. 0. 1. 1. 1. 1. 0. 0. 0. 0. 1. 0. 1.
 0. 0. 1. 1. 1. 0. 0. 0. 0. 1. 0. 0. 1. 1. 0. 1. 0. 0. 1. 0. 0. 0. 0. 0.
 0. 1. 0. 0. 0. 0. 0. 1. 0. 1. 0. 0. 0. 1. 0. 1. 1. 1. 0. 0. 1. 0. 0. 1.
 1. 0. 1. 0. 0. 0. 0. 0. 0. 0. 0. 0. 0. 0. 0. 0. 1. 1. 1. 0. 0. 0. 0. 0.
 0. 0. 0. 0. 0. 0. 1. 0. 1. 1. 0. 0. 0. 1. 0. 0. 0. 1. 1. 0. 0. 0. 0. 0.
 0. 0. 1. 1. 0. 0. 0. 0. 1. 1. 0. 0. 0. 1. 0. 1. 0. 1. 1. 1. 0. 1. 1. 1.
 0. 0. 1. 0.]","[0. 1. 0. 0. 0. 1. 1. 1. 0. 0. 0. 0. 0. 1. 0. 0. 1. 1. 0. 0. 0. 0. 0. 1.
 0. 0. 1. 0. 1. 0. 0. 1. 0. 1. 1. 0. 0. 0. 1. 0. 0. 0. 1. 1. 1. 0. 1. 0.
 1. 0. 1. 1. 0. 1. 1. 1. 1. 0. 1. 0. 0. 1. 1. 1. 0. 0. 0. 1. 1. 0. 1. 1.
 0. 0. 1. 0. 0. 1. 0. 1. 0. 1. 1. 1. 0. 1. 0. 1. 1. 1. 1. 1. 1. 1. 1. 0.
 0. 0. 1. 1. 1. 0. 0. 1. 1. 1. 0. 0. 0. 1. 1. 1. 0. 0. 0. 0. 1. 1. 1. 0.
 1. 0. 0. 1. 1. 0. 0. 0. 0. 1. 0. 0. 1. 1. 0. 1. 1. 1. 0. 1. 1. 0. 1. 0.
 1. 1. 0. 0. 0. 1. 1. 0. 1. 1. 0. 1. 0. 0. 0. 1. 1. 1. 0. 1. 0. 1. 1. 0.
 1. 0. 0. 1. 1. 0. 0. 1. 0. 1. 1. 0. 0. 1. 0. 0. 1. 1. 0. 1. 1. 0. 0. 0.
 0. 1. 1. 0. 0. 1. 0. 0. 1. 0. 1. 1. 1. 0. 0. 0. 1. 1. 0. 0. 0. 0. 1. 0.
 0. 1. 0. 1. 1. 1. 1. 0. 0. 0. 0. 1. 1. 1. 1. 0. 1. 1. 1. 1. 0. 1. 0. 0.
 1. 0. 0. 1. 1. 1. 1. 1. 0. 0. 1. 1. 1. 0. 0. 1. 0. 1. 0. 0. 1. 0. 1. 0.
 1. 0. 0. 0.]"
552,SVC,"{'C': 0.1, 'gamma': 0.001, 'kernel': 'sigmoid'}",0.395209184707239,0.1709633176083116,0.0,0.0,0.5340437097997582,0.1821081942522362,0.517406962785114,0.10447761194029848,0.5522388059701493,0.5522388059701493,"{0: 0.5699487636444642, 1: 0.5699487636444642}","{0: 0.5699487636444642, 1: 0.5699487636444642}",0.5699487636444642,"[[110  24]
 [ 96  38]]","[0. 0. 0. 0. 0. 1. 1. 0. 0. 0. 0. 0. 0. 0. 0. 0. 0. 0. 0. 1. 1. 0. 0. 0.
 1. 0. 0. 0. 0. 0. 0. 0. 0. 0. 1. 0. 1. 1. 1. 0. 0. 1. 0. 0. 0. 0. 0. 0.
 1. 0. 1. 0. 0. 1. 0. 0. 0. 0. 0. 1. 1. 0. 0. 0. 0. 0. 0. 0. 0. 0. 0. 1.
 0. 0. 0. 0. 0. 0. 0. 0. 0. 0. 1. 0. 0. 1. 1. 0. 0. 0. 0. 0. 1. 0. 1. 1.
 0. 0. 1. 1. 1. 0. 0. 1. 0. 0. 0. 0. 0. 0. 1. 0. 0. 0. 0. 1. 1. 0. 1. 0.
 0. 1. 0. 0. 0. 0. 1. 0. 1. 0. 0. 0. 1. 0. 0. 0. 0. 1. 1. 0. 0. 0. 1. 0.
 1. 0. 0. 0. 0. 0. 1. 0. 0. 0. 0. 0. 0. 0. 0. 0. 1. 0. 0. 0. 0. 0. 1. 1.
 0. 0. 1. 0. 1. 1. 0. 0. 1. 0. 1. 0. 0. 0. 0. 0. 0. 0. 0. 0. 0. 0. 0. 0.
 0. 0. 0. 0. 1. 0. 0. 0. 0. 0. 0. 0. 0. 0. 0. 0. 0. 0. 0. 0. 0. 0. 1. 0.
 0. 1. 0. 1. 0. 0. 0. 0. 0. 0. 0. 0. 1. 0. 0. 0. 0. 0. 0. 1. 0. 0. 0. 1.
 1. 0. 0. 0. 1. 0. 1. 1. 0. 0. 0. 0. 1. 0. 1. 0. 0. 0. 1. 0. 0. 0. 0. 0.
 0. 1. 0. 0.]","[0. 1. 0. 0. 0. 1. 1. 1. 0. 0. 0. 0. 0. 1. 0. 0. 1. 1. 0. 0. 0. 0. 0. 1.
 0. 0. 1. 0. 1. 0. 0. 1. 0. 1. 1. 0. 0. 0. 1. 0. 0. 0. 1. 1. 1. 0. 1. 0.
 1. 0. 1. 1. 0. 1. 1. 1. 1. 0. 1. 0. 0. 1. 1. 1. 0. 0. 0. 1. 1. 0. 1. 1.
 0. 0. 1. 0. 0. 1. 0. 1. 0. 1. 1. 1. 0. 1. 0. 1. 1. 1. 1. 1. 1. 1. 1. 0.
 0. 0. 1. 1. 1. 0. 0. 1. 1. 1. 0. 0. 0. 1. 1. 1. 0. 0. 0. 0. 1. 1. 1. 0.
 1. 0. 0. 1. 1. 0. 0. 0. 0. 1. 0. 0. 1. 1. 0. 1. 1. 1. 0. 1. 1. 0. 1. 0.
 1. 1. 0. 0. 0. 1. 1. 0. 1. 1. 0. 1. 0. 0. 0. 1. 1. 1. 0. 1. 0. 1. 1. 0.
 1. 0. 0. 1. 1. 0. 0. 1. 0. 1. 1. 0. 0. 1. 0. 0. 1. 1. 0. 1. 1. 0. 0. 0.
 0. 1. 1. 0. 0. 1. 0. 0. 1. 0. 1. 1. 1. 0. 0. 0. 1. 1. 0. 0. 0. 0. 1. 0.
 0. 1. 0. 1. 1. 1. 1. 0. 0. 0. 0. 1. 1. 1. 1. 0. 1. 1. 1. 1. 0. 1. 0. 0.
 1. 0. 0. 1. 1. 1. 1. 1. 0. 0. 1. 1. 1. 0. 0. 1. 0. 1. 0. 0. 1. 0. 1. 0.
 1. 0. 0. 0.]"
143,SVC,"{'C': 1, 'gamma': 0.01, 'kernel': 'rbf'}",0.3498500603993671,0.21096337410548696,-0.004152506815782664,0.20751044350097497,0.4112343879985009,0.1858305725601776,0.4298916642012876,-0.12686567164179108,0.43656716417910446,0.43656716417910446,"{0: 0.3984183559812875, 1: 0.3984183559812876}","{0: 0.3984183559812875, 1: 0.3984183559812876}",0.3984183559812876,"[[73 61]
 [90 44]]","[1. 1. 1. 1. 0. 0. 0. 0. 1. 0. 1. 0. 1. 0. 1. 0. 0. 0. 0. 0. 0. 0. 0. 0.
 0. 0. 0. 0. 0. 1. 0. 1. 1. 0. 0. 0. 0. 0. 0. 1. 0. 0. 0. 0. 1. 0. 0. 1.
 0. 0. 0. 1. 1. 1. 1. 0. 1. 1. 0. 0. 0. 0. 1. 0. 1. 1. 0. 0. 1. 0. 0. 0.
 0. 1. 0. 1. 1. 1. 0. 0. 0. 0. 1. 0. 1. 0. 0. 1. 1. 1. 0. 1. 0. 1. 0. 0.
 1. 1. 1. 0. 0. 1. 0. 0. 0. 1. 1. 1. 0. 1. 1. 0. 1. 1. 0. 0. 0. 1. 0. 1.
 0. 0. 1. 0. 1. 1. 0. 1. 0. 0. 1. 0. 0. 0. 0. 1. 0. 0. 0. 0. 0. 1. 0. 0.
 0. 1. 0. 1. 0. 1. 0. 0. 0. 0. 0. 1. 1. 1. 0. 0. 0. 0. 1. 0. 1. 0. 0. 0.
 0. 1. 0. 0. 0. 0. 0. 0. 1. 0. 0. 0. 0. 1. 1. 0. 1. 1. 0. 1. 0. 0. 1. 1.
 1. 0. 1. 0. 1. 0. 0. 0. 0. 0. 0. 0. 0. 0. 1. 1. 1. 1. 1. 1. 1. 0. 0. 1.
 0. 0. 1. 0. 0. 0. 0. 1. 1. 1. 1. 0. 0. 1. 0. 1. 1. 1. 1. 1. 0. 0. 0. 0.
 1. 1. 0. 0. 0. 1. 0. 0. 1. 1. 0. 0. 1. 0. 0. 1. 0. 1. 0. 1. 0. 1. 1. 0.
 0. 0. 0. 0.]","[0. 1. 0. 0. 0. 1. 1. 1. 0. 0. 0. 0. 0. 1. 0. 0. 1. 1. 0. 0. 0. 0. 0. 1.
 0. 0. 1. 0. 1. 0. 0. 1. 0. 1. 1. 0. 0. 0. 1. 0. 0. 0. 1. 1. 1. 0. 1. 0.
 1. 0. 1. 1. 0. 1. 1. 1. 1. 0. 1. 0. 0. 1. 1. 1. 0. 0. 0. 1. 1. 0. 1. 1.
 0. 0. 1. 0. 0. 1. 0. 1. 0. 1. 1. 1. 0. 1. 0. 1. 1. 1. 1. 1. 1. 1. 1. 0.
 0. 0. 1. 1. 1. 0. 0. 1. 1. 1. 0. 0. 0. 1. 1. 1. 0. 0. 0. 0. 1. 1. 1. 0.
 1. 0. 0. 1. 1. 0. 0. 0. 0. 1. 0. 0. 1. 1. 0. 1. 1. 1. 0. 1. 1. 0. 1. 0.
 1. 1. 0. 0. 0. 1. 1. 0. 1. 1. 0. 1. 0. 0. 0. 1. 1. 1. 0. 1. 0. 1. 1. 0.
 1. 0. 0. 1. 1. 0. 0. 1. 0. 1. 1. 0. 0. 1. 0. 0. 1. 1. 0. 1. 1. 0. 0. 0.
 0. 1. 1. 0. 0. 1. 0. 0. 1. 0. 1. 1. 1. 0. 0. 0. 1. 1. 0. 0. 0. 0. 1. 0.
 0. 1. 0. 1. 1. 1. 1. 0. 0. 0. 0. 1. 1. 1. 1. 0. 1. 1. 1. 1. 0. 1. 0. 0.
 1. 0. 0. 1. 1. 1. 1. 1. 0. 0. 1. 1. 1. 0. 0. 1. 0. 1. 0. 0. 1. 0. 1. 0.
 1. 0. 0. 0.]"
456,SVC,"{'C': 100, 'gamma': 0.1, 'kernel': 'rbf'}",0.3309937357473233,0.16406604253204427,-0.004206356008097434,0.08135154523288804,0.4350469740086676,0.16626025334368902,0.4106481481481482,-0.13432835820895517,0.43283582089552236,0.4328358208955224,"{0: 0.40045110269547785, 1: 0.4004511026954778}","{0: 0.40045110269547785, 1: 0.4004511026954778}",0.4004511026954778,"[[ 84  50]
 [102  32]]","[1. 0. 1. 1. 0. 0. 0. 1. 0. 1. 1. 1. 0. 0. 1. 0. 0. 1. 0. 0. 0. 0. 0. 0.
 0. 1. 0. 1. 1. 0. 1. 0. 1. 0. 0. 0. 0. 0. 0. 0. 0. 0. 0. 0. 0. 0. 0. 1.
 0. 0. 0. 0. 1. 0. 0. 0. 1. 1. 1. 0. 0. 0. 0. 0. 1. 1. 1. 1. 0. 1. 0. 0.
 1. 1. 0. 1. 1. 0. 0. 0. 1. 1. 0. 1. 1. 0. 0. 0. 1. 0. 1. 1. 0. 0. 0. 0.
 1. 0. 0. 0. 0. 1. 1. 0. 0. 1. 0. 1. 0. 1. 0. 0. 1. 0. 0. 0. 0. 0. 0. 0.
 0. 0. 0. 0. 0. 1. 0. 0. 0. 0. 0. 0. 0. 1. 1. 1. 1. 0. 0. 0. 1. 1. 0. 1.
 1. 0. 1. 0. 1. 0. 0. 0. 1. 0. 1. 0. 0. 0. 0. 0. 0. 0. 1. 0. 0. 0. 0. 0.
 0. 1. 0. 0. 0. 0. 0. 1. 0. 1. 0. 0. 0. 0. 0. 0. 1. 1. 1. 0. 1. 1. 0. 1.
 1. 0. 1. 0. 0. 1. 1. 0. 0. 0. 0. 0. 0. 0. 0. 0. 1. 0. 1. 0. 0. 0. 0. 0.
 0. 0. 0. 0. 0. 0. 0. 0. 0. 1. 0. 0. 0. 0. 0. 0. 0. 0. 1. 0. 0. 0. 0. 0.
 0. 0. 0. 1. 0. 1. 0. 0. 1. 0. 0. 0. 0. 0. 0. 0. 1. 0. 0. 1. 1. 1. 1. 1.
 0. 0. 0. 0.]","[0. 1. 0. 0. 0. 1. 1. 1. 0. 0. 0. 0. 0. 1. 0. 0. 1. 1. 0. 0. 0. 0. 0. 1.
 0. 0. 1. 0. 1. 0. 0. 1. 0. 1. 1. 0. 0. 0. 1. 0. 0. 0. 1. 1. 1. 0. 1. 0.
 1. 0. 1. 1. 0. 1. 1. 1. 1. 0. 1. 0. 0. 1. 1. 1. 0. 0. 0. 1. 1. 0. 1. 1.
 0. 0. 1. 0. 0. 1. 0. 1. 0. 1. 1. 1. 0. 1. 0. 1. 1. 1. 1. 1. 1. 1. 1. 0.
 0. 0. 1. 1. 1. 0. 0. 1. 1. 1. 0. 0. 0. 1. 1. 1. 0. 0. 0. 0. 1. 1. 1. 0.
 1. 0. 0. 1. 1. 0. 0. 0. 0. 1. 0. 0. 1. 1. 0. 1. 1. 1. 0. 1. 1. 0. 1. 0.
 1. 1. 0. 0. 0. 1. 1. 0. 1. 1. 0. 1. 0. 0. 0. 1. 1. 1. 0. 1. 0. 1. 1. 0.
 1. 0. 0. 1. 1. 0. 0. 1. 0. 1. 1. 0. 0. 1. 0. 0. 1. 1. 0. 1. 1. 0. 0. 0.
 0. 1. 1. 0. 0. 1. 0. 0. 1. 0. 1. 1. 1. 0. 0. 0. 1. 1. 0. 0. 0. 0. 1. 0.
 0. 1. 0. 1. 1. 1. 1. 0. 0. 0. 0. 1. 1. 1. 1. 0. 1. 1. 1. 1. 0. 1. 0. 0.
 1. 0. 0. 1. 1. 1. 1. 1. 0. 0. 1. 1. 1. 0. 0. 1. 0. 1. 0. 0. 1. 0. 1. 0.
 1. 0. 0. 0.]"
903,SVC,"{'C': 100, 'gamma': 0.1, 'kernel': 'rbf'}",0.32195621346495,0.17453196940110915,-0.005500460102247843,0.07169283248388865,0.43857146064807356,0.17178539250116417,0.4086496028243601,-0.11940298507462677,0.44029850746268656,0.4402985074626866,"{0: 0.3871407885943418, 1: 0.38714078859434176}","{0: 0.3871407885943418, 1: 0.38714078859434176}",0.38714078859434176,"[[ 90  44]
 [106  28]]","[1. 0. 1. 1. 0. 0. 0. 1. 0. 0. 1. 1. 0. 0. 0. 0. 0. 0. 0. 0. 0. 0. 0. 0.
 0. 0. 0. 1. 1. 0. 0. 1. 0. 0. 0. 0. 0. 0. 0. 0. 0. 0. 0. 0. 0. 0. 0. 1.
 0. 0. 0. 1. 1. 0. 0. 0. 1. 0. 1. 0. 0. 0. 0. 0. 1. 1. 1. 0. 0. 1. 0. 1.
 1. 0. 0. 1. 1. 1. 0. 0. 0. 0. 0. 1. 0. 0. 0. 0. 1. 0. 0. 1. 0. 0. 0. 0.
 1. 1. 0. 0. 0. 1. 0. 0. 0. 1. 1. 1. 0. 1. 0. 0. 1. 0. 0. 0. 0. 0. 0. 0.
 0. 0. 1. 0. 0. 1. 0. 0. 0. 0. 0. 0. 0. 1. 1. 1. 0. 0. 0. 0. 0. 1. 0. 1.
 1. 0. 1. 1. 1. 0. 0. 0. 0. 1. 1. 0. 1. 1. 0. 0. 0. 0. 1. 0. 0. 0. 0. 0.
 0. 1. 0. 0. 0. 0. 0. 1. 0. 1. 0. 0. 0. 0. 0. 0. 1. 1. 0. 0. 1. 0. 0. 1.
 1. 0. 1. 0. 0. 0. 1. 0. 0. 0. 0. 0. 0. 0. 0. 0. 1. 0. 1. 0. 0. 0. 0. 0.
 0. 0. 0. 0. 0. 0. 0. 0. 1. 1. 0. 0. 0. 1. 0. 0. 0. 0. 1. 0. 0. 0. 0. 0.
 0. 0. 0. 1. 0. 0. 0. 0. 0. 0. 0. 0. 0. 0. 0. 0. 0. 1. 1. 1. 0. 1. 0. 1.
 0. 0. 0. 0.]","[0. 1. 0. 0. 0. 1. 1. 1. 0. 0. 0. 0. 0. 1. 0. 0. 1. 1. 0. 0. 0. 0. 0. 1.
 0. 0. 1. 0. 1. 0. 0. 1. 0. 1. 1. 0. 0. 0. 1. 0. 0. 0. 1. 1. 1. 0. 1. 0.
 1. 0. 1. 1. 0. 1. 1. 1. 1. 0. 1. 0. 0. 1. 1. 1. 0. 0. 0. 1. 1. 0. 1. 1.
 0. 0. 1. 0. 0. 1. 0. 1. 0. 1. 1. 1. 0. 1. 0. 1. 1. 1. 1. 1. 1. 1. 1. 0.
 0. 0. 1. 1. 1. 0. 0. 1. 1. 1. 0. 0. 0. 1. 1. 1. 0. 0. 0. 0. 1. 1. 1. 0.
 1. 0. 0. 1. 1. 0. 0. 0. 0. 1. 0. 0. 1. 1. 0. 1. 1. 1. 0. 1. 1. 0. 1. 0.
 1. 1. 0. 0. 0. 1. 1. 0. 1. 1. 0. 1. 0. 0. 0. 1. 1. 1. 0. 1. 0. 1. 1. 0.
 1. 0. 0. 1. 1. 0. 0. 1. 0. 1. 1. 0. 0. 1. 0. 0. 1. 1. 0. 1. 1. 0. 0. 0.
 0. 1. 1. 0. 0. 1. 0. 0. 1. 0. 1. 1. 1. 0. 0. 0. 1. 1. 0. 0. 0. 0. 1. 0.
 0. 1. 0. 1. 1. 1. 1. 0. 0. 0. 0. 1. 1. 1. 1. 0. 1. 1. 1. 1. 0. 1. 0. 0.
 1. 0. 0. 1. 1. 1. 1. 1. 0. 0. 1. 1. 1. 0. 0. 1. 0. 1. 0. 0. 1. 0. 1. 0.
 1. 0. 0. 0.]"
709,knn,{'n_neighbors': 40},0.4534674096284627,0.18801226522074216,-0.007298056329432441,0.2940826781377572,0.4620462497478626,0.17860139427427388,0.46869939129949184,-0.05970149253731338,0.4701492537313433,0.47014925373134325,"{0: 0.4847404767208732, 1: 0.4847404767208732}","{0: 0.4847404767208732, 1: 0.4847404767208732}",0.4847404767208732,"[[56 78]
 [64 70]]","[1. 1. 0. 1. 1. 1. 0. 0. 1. 1. 1. 0. 1. 0. 1. 1. 1. 1. 1. 0. 0. 1. 0. 1.
 1. 0. 0. 1. 1. 1. 0. 1. 0. 1. 1. 1. 0. 0. 0. 1. 0. 1. 0. 1. 1. 0. 1. 1.
 0. 0. 1. 1. 1. 1. 1. 0. 0. 0. 0. 1. 1. 0. 1. 1. 0. 1. 1. 1. 0. 0. 1. 0.
 0. 1. 0. 0. 1. 0. 0. 0. 0. 0. 1. 0. 1. 1. 1. 1. 0. 1. 0. 0. 1. 1. 1. 1.
 1. 1. 0. 1. 1. 1. 1. 1. 0. 1. 0. 1. 0. 1. 1. 0. 1. 0. 1. 0. 0. 0. 0. 1.
 1. 1. 0. 1. 0. 1. 1. 1. 1. 0. 0. 1. 0. 1. 1. 0. 1. 0. 1. 0. 0. 1. 0. 0.
 0. 1. 0. 0. 1. 1. 1. 1. 1. 0. 0. 1. 0. 1. 0. 0. 0. 1. 0. 0. 0. 0. 0. 1.
 1. 1. 0. 0. 1. 1. 0. 1. 1. 0. 1. 1. 1. 1. 1. 1. 1. 0. 0. 0. 1. 1. 1. 0.
 1. 1. 1. 0. 0. 0. 0. 0. 1. 1. 0. 1. 0. 1. 0. 1. 0. 1. 1. 1. 0. 0. 0. 1.
 1. 0. 1. 1. 1. 1. 0. 0. 0. 1. 1. 1. 0. 1. 0. 1. 0. 0. 1. 0. 0. 1. 0. 1.
 0. 1. 0. 0. 1. 0. 0. 1. 0. 1. 1. 0. 1. 1. 0. 1. 0. 1. 0. 0. 0. 1. 1. 0.
 1. 1. 1. 1.]","[0. 1. 0. 0. 0. 1. 1. 1. 0. 0. 0. 0. 0. 1. 0. 0. 1. 1. 0. 0. 0. 0. 0. 1.
 0. 0. 1. 0. 1. 0. 0. 1. 0. 1. 1. 0. 0. 0. 1. 0. 0. 0. 1. 1. 1. 0. 1. 0.
 1. 0. 1. 1. 0. 1. 1. 1. 1. 0. 1. 0. 0. 1. 1. 1. 0. 0. 0. 1. 1. 0. 1. 1.
 0. 0. 1. 0. 0. 1. 0. 1. 0. 1. 1. 1. 0. 1. 0. 1. 1. 1. 1. 1. 1. 1. 1. 0.
 0. 0. 1. 1. 1. 0. 0. 1. 1. 1. 0. 0. 0. 1. 1. 1. 0. 0. 0. 0. 1. 1. 1. 0.
 1. 0. 0. 1. 1. 0. 0. 0. 0. 1. 0. 0. 1. 1. 0. 1. 1. 1. 0. 1. 1. 0. 1. 0.
 1. 1. 0. 0. 0. 1. 1. 0. 1. 1. 0. 1. 0. 0. 0. 1. 1. 1. 0. 1. 0. 1. 1. 0.
 1. 0. 0. 1. 1. 0. 0. 1. 0. 1. 1. 0. 0. 1. 0. 0. 1. 1. 0. 1. 1. 0. 0. 0.
 0. 1. 1. 0. 0. 1. 0. 0. 1. 0. 1. 1. 1. 0. 0. 0. 1. 1. 0. 0. 0. 0. 1. 0.
 0. 1. 0. 1. 1. 1. 1. 0. 0. 0. 0. 1. 1. 1. 1. 0. 1. 1. 1. 1. 0. 1. 0. 0.
 1. 0. 0. 1. 1. 1. 1. 1. 0. 0. 1. 1. 1. 0. 0. 1. 0. 1. 0. 0. 1. 0. 1. 0.
 1. 0. 0. 0.]"
234,knn,{'n_neighbors': 40},0.4534674096284627,0.18801226522074216,-0.007298056329432441,0.2940826781377572,0.4620462497478626,0.17860139427427388,0.46869939129949184,-0.05970149253731338,0.4701492537313433,0.47014925373134325,"{0: 0.4847404767208732, 1: 0.4847404767208732}","{0: 0.4847404767208732, 1: 0.4847404767208732}",0.4847404767208732,"[[56 78]
 [64 70]]","[1. 1. 0. 1. 1. 1. 0. 0. 1. 1. 1. 0. 1. 0. 1. 1. 1. 1. 1. 0. 0. 1. 0. 1.
 1. 0. 0. 1. 1. 1. 0. 1. 0. 1. 1. 1. 0. 0. 0. 1. 0. 1. 0. 1. 1. 0. 1. 1.
 0. 0. 1. 1. 1. 1. 1. 0. 0. 0. 0. 1. 1. 0. 1. 1. 0. 1. 1. 1. 0. 0. 1. 0.
 0. 1. 0. 0. 1. 0. 0. 0. 0. 0. 1. 0. 1. 1. 1. 1. 0. 1. 0. 0. 1. 1. 1. 1.
 1. 1. 0. 1. 1. 1. 1. 1. 0. 1. 0. 1. 0. 1. 1. 0. 1. 0. 1. 0. 0. 0. 0. 1.
 1. 1. 0. 1. 0. 1. 1. 1. 1. 0. 0. 1. 0. 1. 1. 0. 1. 0. 1. 0. 0. 1. 0. 0.
 0. 1. 0. 0. 1. 1. 1. 1. 1. 0. 0. 1. 0. 1. 0. 0. 0. 1. 0. 0. 0. 0. 0. 1.
 1. 1. 0. 0. 1. 1. 0. 1. 1. 0. 1. 1. 1. 1. 1. 1. 1. 0. 0. 0. 1. 1. 1. 0.
 1. 1. 1. 0. 0. 0. 0. 0. 1. 1. 0. 1. 0. 1. 0. 1. 0. 1. 1. 1. 0. 0. 0. 1.
 1. 0. 1. 1. 1. 1. 0. 0. 0. 1. 1. 1. 0. 1. 0. 1. 0. 0. 1. 0. 0. 1. 0. 1.
 0. 1. 0. 0. 1. 0. 0. 1. 0. 1. 1. 0. 1. 1. 0. 1. 0. 1. 0. 0. 0. 1. 1. 0.
 1. 1. 1. 1.]","[0. 1. 0. 0. 0. 1. 1. 1. 0. 0. 0. 0. 0. 1. 0. 0. 1. 1. 0. 0. 0. 0. 0. 1.
 0. 0. 1. 0. 1. 0. 0. 1. 0. 1. 1. 0. 0. 0. 1. 0. 0. 0. 1. 1. 1. 0. 1. 0.
 1. 0. 1. 1. 0. 1. 1. 1. 1. 0. 1. 0. 0. 1. 1. 1. 0. 0. 0. 1. 1. 0. 1. 1.
 0. 0. 1. 0. 0. 1. 0. 1. 0. 1. 1. 1. 0. 1. 0. 1. 1. 1. 1. 1. 1. 1. 1. 0.
 0. 0. 1. 1. 1. 0. 0. 1. 1. 1. 0. 0. 0. 1. 1. 1. 0. 0. 0. 0. 1. 1. 1. 0.
 1. 0. 0. 1. 1. 0. 0. 0. 0. 1. 0. 0. 1. 1. 0. 1. 1. 1. 0. 1. 1. 0. 1. 0.
 1. 1. 0. 0. 0. 1. 1. 0. 1. 1. 0. 1. 0. 0. 0. 1. 1. 1. 0. 1. 0. 1. 1. 0.
 1. 0. 0. 1. 1. 0. 0. 1. 0. 1. 1. 0. 0. 1. 0. 0. 1. 1. 0. 1. 1. 0. 0. 0.
 0. 1. 1. 0. 0. 1. 0. 0. 1. 0. 1. 1. 1. 0. 0. 0. 1. 1. 0. 0. 0. 0. 1. 0.
 0. 1. 0. 1. 1. 1. 1. 0. 0. 0. 0. 1. 1. 1. 1. 0. 1. 1. 1. 1. 0. 1. 0. 0.
 1. 0. 0. 1. 1. 1. 1. 1. 0. 0. 1. 1. 1. 0. 0. 1. 0. 1. 0. 0. 1. 0. 1. 0.
 1. 0. 0. 0.]"
861,SVC,"{'C': 1, 'gamma': 0.001, 'kernel': 'sigmoid'}",0.34045237573409876,0.14807649275915655,-0.007862248755886434,0.05345448538298519,0.4665176594612079,0.12407201586253086,0.44310662441971854,-0.052238805970149294,0.47388059701492535,0.4738805970149254,"{0: 0.450211628425039, 1: 0.4502116284250389}","{0: 0.450211628425039, 1: 0.4502116284250389}",0.4502116284250389,"[[ 32 102]
 [ 39  95]]","[0. 1. 0. 1. 1. 1. 1. 1. 1. 1. 0. 1. 1. 1. 1. 1. 1. 1. 1. 1. 1. 1. 1. 1.
 1. 1. 1. 0. 0. 1. 1. 0. 1. 1. 0. 1. 1. 1. 0. 1. 0. 1. 1. 0. 1. 0. 0. 0.
 1. 1. 0. 1. 0. 1. 1. 1. 0. 1. 1. 1. 0. 1. 1. 0. 1. 0. 0. 1. 1. 1. 1. 1.
 1. 1. 0. 0. 0. 1. 1. 1. 1. 1. 1. 0. 1. 1. 1. 1. 1. 0. 1. 0. 1. 1. 1. 1.
 0. 1. 1. 1. 1. 0. 1. 1. 1. 0. 1. 0. 1. 0. 1. 1. 0. 1. 1. 0. 0. 0. 1. 1.
 1. 1. 1. 1. 1. 0. 1. 1. 1. 0. 1. 1. 1. 1. 0. 0. 1. 1. 1. 0. 0. 0. 0. 1.
 1. 1. 1. 1. 0. 1. 0. 1. 1. 0. 1. 1. 1. 1. 1. 1. 1. 0. 0. 1. 0. 0. 1. 1.
 1. 0. 1. 0. 1. 1. 1. 0. 1. 0. 1. 1. 1. 1. 1. 1. 0. 0. 1. 0. 0. 1. 1. 0.
 0. 1. 0. 1. 1. 1. 1. 1. 0. 1. 1. 1. 1. 1. 1. 1. 0. 1. 0. 1. 1. 1. 1. 1.
 1. 1. 1. 1. 1. 1. 1. 1. 1. 0. 1. 1. 1. 1. 0. 1. 1. 1. 0. 1. 1. 1. 1. 1.
 1. 1. 1. 1. 0. 1. 1. 1. 1. 1. 1. 1. 1. 1. 1. 1. 1. 1. 1. 0. 1. 0. 1. 0.
 1. 1. 1. 1.]","[0. 1. 0. 0. 0. 1. 1. 1. 0. 0. 0. 0. 0. 1. 0. 0. 1. 1. 0. 0. 0. 0. 0. 1.
 0. 0. 1. 0. 1. 0. 0. 1. 0. 1. 1. 0. 0. 0. 1. 0. 0. 0. 1. 1. 1. 0. 1. 0.
 1. 0. 1. 1. 0. 1. 1. 1. 1. 0. 1. 0. 0. 1. 1. 1. 0. 0. 0. 1. 1. 0. 1. 1.
 0. 0. 1. 0. 0. 1. 0. 1. 0. 1. 1. 1. 0. 1. 0. 1. 1. 1. 1. 1. 1. 1. 1. 0.
 0. 0. 1. 1. 1. 0. 0. 1. 1. 1. 0. 0. 0. 1. 1. 1. 0. 0. 0. 0. 1. 1. 1. 0.
 1. 0. 0. 1. 1. 0. 0. 0. 0. 1. 0. 0. 1. 1. 0. 1. 1. 1. 0. 1. 1. 0. 1. 0.
 1. 1. 0. 0. 0. 1. 1. 0. 1. 1. 0. 1. 0. 0. 0. 1. 1. 1. 0. 1. 0. 1. 1. 0.
 1. 0. 0. 1. 1. 0. 0. 1. 0. 1. 1. 0. 0. 1. 0. 0. 1. 1. 0. 1. 1. 0. 0. 0.
 0. 1. 1. 0. 0. 1. 0. 0. 1. 0. 1. 1. 1. 0. 0. 0. 1. 1. 0. 0. 0. 0. 1. 0.
 0. 1. 0. 1. 1. 1. 1. 0. 0. 0. 0. 1. 1. 1. 1. 0. 1. 1. 1. 1. 0. 1. 0. 0.
 1. 0. 0. 1. 1. 1. 1. 1. 0. 0. 1. 1. 1. 0. 0. 1. 0. 1. 0. 0. 1. 0. 1. 0.
 1. 0. 0. 0.]"
529,SVC,"{'C': 1000, 'gamma': 0.0001, 'kernel': 'rbf'}",0.37594526929875355,0.20940321917481,-0.00865539814378131,0.2727402752315924,0.41937729422608455,0.19691927280358767,0.4631214714988162,-0.0671641791044777,0.4664179104477612,0.4664179104477612,"{0: 0.43659501002450435, 1: 0.4365950100245044}","{0: 0.43659501002450435, 1: 0.4365950100245044}",0.4365950100245044,"[[73 61]
 [82 52]]","[0. 1. 1. 0. 1. 0. 0. 0. 1. 0. 0. 0. 1. 0. 1. 0. 0. 0. 1. 0. 0. 0. 0. 0.
 0. 0. 0. 1. 0. 1. 0. 1. 1. 0. 0. 0. 0. 0. 0. 1. 0. 0. 0. 0. 1. 0. 0. 1.
 1. 1. 0. 1. 1. 0. 1. 0. 1. 0. 0. 1. 0. 1. 1. 1. 1. 1. 1. 1. 0. 0. 0. 0.
 1. 1. 0. 0. 1. 0. 1. 0. 0. 0. 0. 1. 1. 0. 0. 0. 1. 1. 0. 1. 0. 1. 0. 0.
 1. 1. 0. 1. 0. 1. 0. 0. 0. 1. 0. 1. 0. 1. 0. 1. 1. 0. 0. 0. 0. 0. 0. 1.
 0. 0. 0. 1. 1. 1. 0. 1. 0. 0. 0. 1. 0. 0. 1. 1. 0. 1. 0. 0. 0. 1. 0. 0.
 0. 1. 0. 0. 0. 1. 0. 1. 1. 1. 0. 0. 0. 0. 1. 0. 0. 0. 1. 0. 1. 0. 0. 0.
 0. 1. 1. 0. 1. 0. 0. 1. 0. 0. 0. 1. 0. 1. 1. 1. 1. 1. 1. 1. 1. 1. 0. 1.
 1. 1. 1. 0. 0. 1. 0. 0. 0. 1. 0. 0. 0. 0. 0. 0. 1. 1. 1. 1. 0. 0. 1. 0.
 0. 0. 0. 0. 1. 0. 0. 0. 0. 1. 1. 1. 0. 0. 0. 1. 0. 0. 1. 0. 1. 1. 0. 0.
 0. 1. 0. 0. 0. 1. 0. 0. 1. 1. 1. 1. 1. 1. 1. 1. 0. 0. 0. 1. 1. 1. 1. 0.
 0. 0. 0. 1.]","[0. 1. 0. 0. 0. 1. 1. 1. 0. 0. 0. 0. 0. 1. 0. 0. 1. 1. 0. 0. 0. 0. 0. 1.
 0. 0. 1. 0. 1. 0. 0. 1. 0. 1. 1. 0. 0. 0. 1. 0. 0. 0. 1. 1. 1. 0. 1. 0.
 1. 0. 1. 1. 0. 1. 1. 1. 1. 0. 1. 0. 0. 1. 1. 1. 0. 0. 0. 1. 1. 0. 1. 1.
 0. 0. 1. 0. 0. 1. 0. 1. 0. 1. 1. 1. 0. 1. 0. 1. 1. 1. 1. 1. 1. 1. 1. 0.
 0. 0. 1. 1. 1. 0. 0. 1. 1. 1. 0. 0. 0. 1. 1. 1. 0. 0. 0. 0. 1. 1. 1. 0.
 1. 0. 0. 1. 1. 0. 0. 0. 0. 1. 0. 0. 1. 1. 0. 1. 1. 1. 0. 1. 1. 0. 1. 0.
 1. 1. 0. 0. 0. 1. 1. 0. 1. 1. 0. 1. 0. 0. 0. 1. 1. 1. 0. 1. 0. 1. 1. 0.
 1. 0. 0. 1. 1. 0. 0. 1. 0. 1. 1. 0. 0. 1. 0. 0. 1. 1. 0. 1. 1. 0. 0. 0.
 0. 1. 1. 0. 0. 1. 0. 0. 1. 0. 1. 1. 1. 0. 0. 0. 1. 1. 0. 0. 0. 0. 1. 0.
 0. 1. 0. 1. 1. 1. 1. 0. 0. 0. 0. 1. 1. 1. 1. 0. 1. 1. 1. 1. 0. 1. 0. 0.
 1. 0. 0. 1. 1. 1. 1. 1. 0. 0. 1. 1. 1. 0. 0. 1. 0. 1. 0. 0. 1. 0. 1. 0.
 1. 0. 0. 0.]"
668,SVC,"{'C': 100, 'gamma': 0.1, 'kernel': 'rbf'}",0.28493875148961717,0.14354521436241865,-0.009259122887811685,0.11330076796851654,0.3908865626607562,0.15018925915671852,0.39736588499839387,-0.20149253731343286,0.39925373134328357,0.39925373134328357,"{0: 0.38215638226776566, 1: 0.3821563822677656}","{0: 0.38215638226776566, 1: 0.3821563822677656}",0.3821563822677656,"[[46 88]
 [73 61]]","[1. 1. 1. 1. 1. 0. 0. 1. 1. 0. 1. 1. 0. 1. 1. 1. 0. 1. 0. 1. 0. 0. 0. 1.
 0. 1. 0. 1. 1. 1. 1. 0. 1. 1. 0. 1. 0. 0. 0. 0. 0. 0. 1. 0. 1. 1. 0. 1.
 0. 0. 0. 1. 1. 0. 1. 0. 1. 1. 1. 0. 0. 0. 1. 0. 1. 1. 1. 1. 1. 1. 1. 0.
 1. 1. 0. 1. 1. 1. 0. 0. 1. 0. 1. 1. 1. 0. 0. 0. 0. 1. 1. 1. 0. 1. 0. 0.
 1. 1. 1. 0. 0. 1. 0. 0. 0. 1. 1. 1. 0. 1. 1. 0. 1. 1. 0. 0. 0. 0. 0. 0.
 0. 0. 1. 1. 1. 0. 0. 1. 0. 0. 1. 1. 0. 1. 1. 1. 1. 0. 0. 0. 0. 1. 0. 1.
 1. 1. 1. 1. 1. 1. 0. 0. 0. 1. 1. 0. 1. 1. 0. 1. 1. 0. 1. 0. 1. 0. 0. 0.
 0. 1. 0. 0. 0. 0. 1. 1. 1. 1. 0. 1. 0. 0. 1. 1. 0. 1. 1. 0. 1. 0. 1. 1.
 1. 1. 1. 1. 0. 0. 1. 1. 0. 1. 1. 0. 1. 1. 1. 0. 1. 0. 1. 1. 1. 0. 0. 0.
 0. 0. 1. 0. 1. 1. 1. 1. 1. 1. 1. 0. 0. 1. 0. 1. 1. 1. 1. 0. 1. 0. 1. 0.
 0. 1. 0. 1. 0. 1. 0. 0. 1. 1. 1. 1. 0. 1. 0. 0. 1. 1. 0. 1. 0. 1. 1. 1.
 0. 0. 1. 0.]","[0. 1. 0. 0. 0. 1. 1. 1. 0. 0. 0. 0. 0. 1. 0. 0. 1. 1. 0. 0. 0. 0. 0. 1.
 0. 0. 1. 0. 1. 0. 0. 1. 0. 1. 1. 0. 0. 0. 1. 0. 0. 0. 1. 1. 1. 0. 1. 0.
 1. 0. 1. 1. 0. 1. 1. 1. 1. 0. 1. 0. 0. 1. 1. 1. 0. 0. 0. 1. 1. 0. 1. 1.
 0. 0. 1. 0. 0. 1. 0. 1. 0. 1. 1. 1. 0. 1. 0. 1. 1. 1. 1. 1. 1. 1. 1. 0.
 0. 0. 1. 1. 1. 0. 0. 1. 1. 1. 0. 0. 0. 1. 1. 1. 0. 0. 0. 0. 1. 1. 1. 0.
 1. 0. 0. 1. 1. 0. 0. 0. 0. 1. 0. 0. 1. 1. 0. 1. 1. 1. 0. 1. 1. 0. 1. 0.
 1. 1. 0. 0. 0. 1. 1. 0. 1. 1. 0. 1. 0. 0. 0. 1. 1. 1. 0. 1. 0. 1. 1. 0.
 1. 0. 0. 1. 1. 0. 0. 1. 0. 1. 1. 0. 0. 1. 0. 0. 1. 1. 0. 1. 1. 0. 0. 0.
 0. 1. 1. 0. 0. 1. 0. 0. 1. 0. 1. 1. 1. 0. 0. 0. 1. 1. 0. 0. 0. 0. 1. 0.
 0. 1. 0. 1. 1. 1. 1. 0. 0. 0. 0. 1. 1. 1. 1. 0. 1. 1. 1. 1. 0. 1. 0. 0.
 1. 0. 0. 1. 1. 1. 1. 1. 0. 0. 1. 1. 1. 0. 0. 1. 0. 1. 0. 0. 1. 0. 1. 0.
 1. 0. 0. 0.]"
312,SVC,"{'C': 1, 'gamma': 0.001, 'kernel': 'sigmoid'}",0.3207607247924478,0.16113293070617618,-0.011362771221926152,0.04825771937902829,0.45297599279454115,0.14579711929420525,0.43433395872420266,-0.07462686567164178,0.4626865671641791,0.4626865671641791,"{0: 0.43848852751169526, 1: 0.4384885275116953}","{0: 0.43848852751169526, 1: 0.4384885275116953}",0.4384885275116953,"[[ 32 102]
 [ 42  92]]","[0. 1. 0. 1. 1. 1. 1. 1. 1. 1. 0. 1. 1. 0. 1. 1. 0. 1. 1. 1. 1. 1. 1. 1.
 1. 1. 1. 0. 0. 1. 1. 0. 1. 1. 0. 1. 1. 1. 0. 1. 0. 1. 1. 0. 1. 1. 0. 0.
 1. 1. 0. 1. 0. 1. 1. 1. 0. 1. 1. 1. 0. 1. 1. 0. 1. 0. 0. 1. 1. 1. 1. 1.
 1. 1. 0. 0. 0. 1. 1. 1. 1. 1. 1. 0. 1. 1. 1. 1. 1. 0. 1. 0. 1. 1. 1. 1.
 0. 1. 1. 1. 1. 0. 1. 1. 1. 0. 1. 0. 1. 0. 1. 1. 0. 1. 1. 0. 0. 0. 1. 1.
 1. 1. 1. 1. 1. 0. 1. 1. 1. 0. 1. 1. 1. 1. 0. 0. 1. 1. 1. 0. 0. 0. 0. 1.
 1. 1. 1. 1. 0. 1. 0. 1. 1. 0. 1. 1. 1. 1. 1. 1. 1. 0. 0. 1. 0. 0. 1. 1.
 1. 0. 1. 0. 1. 1. 1. 0. 1. 0. 1. 1. 1. 1. 1. 1. 0. 0. 1. 0. 0. 1. 1. 0.
 0. 1. 0. 1. 1. 1. 1. 1. 0. 1. 1. 0. 1. 1. 1. 1. 0. 1. 0. 1. 1. 0. 1. 1.
 1. 1. 1. 1. 1. 1. 1. 1. 1. 0. 1. 1. 1. 1. 0. 1. 1. 1. 0. 1. 1. 1. 1. 1.
 1. 1. 1. 1. 0. 1. 1. 1. 1. 1. 1. 1. 1. 1. 1. 1. 1. 1. 1. 0. 1. 0. 1. 0.
 1. 1. 1. 1.]","[0. 1. 0. 0. 0. 1. 1. 1. 0. 0. 0. 0. 0. 1. 0. 0. 1. 1. 0. 0. 0. 0. 0. 1.
 0. 0. 1. 0. 1. 0. 0. 1. 0. 1. 1. 0. 0. 0. 1. 0. 0. 0. 1. 1. 1. 0. 1. 0.
 1. 0. 1. 1. 0. 1. 1. 1. 1. 0. 1. 0. 0. 1. 1. 1. 0. 0. 0. 1. 1. 0. 1. 1.
 0. 0. 1. 0. 0. 1. 0. 1. 0. 1. 1. 1. 0. 1. 0. 1. 1. 1. 1. 1. 1. 1. 1. 0.
 0. 0. 1. 1. 1. 0. 0. 1. 1. 1. 0. 0. 0. 1. 1. 1. 0. 0. 0. 0. 1. 1. 1. 0.
 1. 0. 0. 1. 1. 0. 0. 0. 0. 1. 0. 0. 1. 1. 0. 1. 1. 1. 0. 1. 1. 0. 1. 0.
 1. 1. 0. 0. 0. 1. 1. 0. 1. 1. 0. 1. 0. 0. 0. 1. 1. 1. 0. 1. 0. 1. 1. 0.
 1. 0. 0. 1. 1. 0. 0. 1. 0. 1. 1. 0. 0. 1. 0. 0. 1. 1. 0. 1. 1. 0. 0. 0.
 0. 1. 1. 0. 0. 1. 0. 0. 1. 0. 1. 1. 1. 0. 0. 0. 1. 1. 0. 0. 0. 0. 1. 0.
 0. 1. 0. 1. 1. 1. 1. 0. 0. 0. 0. 1. 1. 1. 1. 0. 1. 1. 1. 1. 0. 1. 0. 0.
 1. 0. 0. 1. 1. 1. 1. 1. 0. 0. 1. 1. 1. 0. 0. 1. 0. 1. 0. 0. 1. 0. 1. 0.
 1. 0. 0. 0.]"
172,SVC,"{'C': 1000, 'gamma': 0.0001, 'kernel': 'sigmoid'}",0.39876508458676635,0.20609780356136764,-0.01410628303949619,0.2901899930900019,0.43891742031862996,0.1900313318972059,0.45494073918227085,-0.08208955223880587,0.458955223880597,0.45895522388059706,"{0: 0.43829360659389616, 1: 0.4382936065938962}","{0: 0.43829360659389616, 1: 0.4382936065938962}",0.4382936065938962,"[[73 61]
 [84 50]]","[1. 0. 1. 1. 1. 0. 0. 0. 0. 1. 0. 0. 1. 0. 1. 0. 1. 1. 0. 0. 1. 0. 0. 0.
 0. 0. 1. 1. 1. 0. 1. 0. 1. 1. 0. 0. 0. 0. 1. 0. 0. 1. 0. 0. 0. 0. 1. 0.
 0. 0. 1. 1. 0. 0. 1. 0. 1. 0. 0. 0. 0. 0. 0. 1. 0. 1. 1. 1. 1. 0. 0. 1.
 0. 0. 0. 1. 1. 0. 1. 0. 1. 0. 0. 1. 1. 0. 1. 0. 1. 1. 1. 1. 0. 1. 0. 1.
 0. 1. 0. 0. 0. 1. 1. 0. 0. 0. 1. 0. 1. 1. 1. 1. 0. 1. 0. 0. 1. 1. 0. 0.
 0. 0. 1. 1. 1. 0. 0. 1. 1. 0. 0. 1. 0. 0. 0. 1. 0. 0. 0. 0. 0. 0. 1. 0.
 0. 0. 1. 1. 1. 0. 1. 0. 1. 0. 0. 0. 1. 1. 0. 1. 0. 0. 1. 0. 1. 0. 0. 0.
 0. 1. 0. 0. 1. 0. 0. 0. 1. 0. 0. 1. 0. 0. 1. 0. 0. 1. 1. 0. 0. 1. 1. 1.
 0. 1. 0. 1. 0. 0. 0. 1. 0. 1. 1. 0. 0. 0. 1. 0. 1. 0. 1. 1. 1. 0. 1. 0.
 1. 1. 0. 0. 0. 1. 1. 0. 1. 0. 0. 0. 0. 1. 0. 0. 0. 1. 1. 0. 0. 0. 1. 0.
 0. 1. 0. 0. 1. 1. 0. 0. 1. 0. 1. 1. 0. 1. 0. 0. 0. 1. 0. 1. 0. 0. 0. 0.
 0. 1. 0. 0.]","[0. 1. 0. 0. 0. 1. 1. 1. 0. 0. 0. 0. 0. 1. 0. 0. 1. 1. 0. 0. 0. 0. 0. 1.
 0. 0. 1. 0. 1. 0. 0. 1. 0. 1. 1. 0. 0. 0. 1. 0. 0. 0. 1. 1. 1. 0. 1. 0.
 1. 0. 1. 1. 0. 1. 1. 1. 1. 0. 1. 0. 0. 1. 1. 1. 0. 0. 0. 1. 1. 0. 1. 1.
 0. 0. 1. 0. 0. 1. 0. 1. 0. 1. 1. 1. 0. 1. 0. 1. 1. 1. 1. 1. 1. 1. 1. 0.
 0. 0. 1. 1. 1. 0. 0. 1. 1. 1. 0. 0. 0. 1. 1. 1. 0. 0. 0. 0. 1. 1. 1. 0.
 1. 0. 0. 1. 1. 0. 0. 0. 0. 1. 0. 0. 1. 1. 0. 1. 1. 1. 0. 1. 1. 0. 1. 0.
 1. 1. 0. 0. 0. 1. 1. 0. 1. 1. 0. 1. 0. 0. 0. 1. 1. 1. 0. 1. 0. 1. 1. 0.
 1. 0. 0. 1. 1. 0. 0. 1. 0. 1. 1. 0. 0. 1. 0. 0. 1. 1. 0. 1. 1. 0. 0. 0.
 0. 1. 1. 0. 0. 1. 0. 0. 1. 0. 1. 1. 1. 0. 0. 0. 1. 1. 0. 0. 0. 0. 1. 0.
 0. 1. 0. 1. 1. 1. 1. 0. 0. 0. 0. 1. 1. 1. 1. 0. 1. 1. 1. 1. 0. 1. 0. 0.
 1. 0. 0. 1. 1. 1. 1. 1. 0. 0. 1. 1. 1. 0. 0. 1. 0. 1. 0. 0. 1. 0. 1. 0.
 1. 0. 0. 0.]"
930,SVC,"{'C': 1, 'gamma': 1, 'kernel': 'rbf'}",0.28001688975479294,0.1558856997820382,-0.014160906298003068,0.047032600771463824,0.42476657713552873,0.16844271674068947,0.4036106403360106,-0.12686567164179108,0.43656716417910446,0.4365671641791045,"{0: 0.3732178658944086, 1: 0.37291156159501015}","{0: 0.3732178658944086, 1: 0.37291156159501015}",0.37291156159501015,"[[ 90  44]
 [107  27]]","[1. 0. 1. 1. 0. 0. 0. 0. 0. 0. 1. 0. 0. 0. 0. 0. 0. 0. 0. 0. 0. 0. 0. 0.
 0. 0. 0. 1. 1. 0. 0. 1. 1. 0. 0. 0. 0. 0. 0. 0. 0. 0. 0. 0. 0. 0. 0. 1.
 0. 0. 0. 1. 1. 0. 0. 0. 1. 1. 0. 0. 0. 0. 0. 0. 1. 1. 1. 0. 0. 0. 0. 0.
 1. 1. 0. 1. 1. 1. 0. 0. 0. 0. 0. 1. 0. 0. 0. 0. 1. 0. 0. 1. 0. 0. 0. 0.
 1. 1. 0. 0. 0. 1. 0. 0. 0. 1. 1. 1. 0. 1. 0. 0. 1. 0. 0. 0. 0. 1. 0. 0.
 0. 0. 1. 0. 0. 1. 0. 0. 0. 0. 0. 0. 0. 1. 1. 1. 1. 0. 0. 0. 0. 1. 0. 0.
 0. 0. 1. 1. 1. 0. 0. 0. 0. 1. 0. 0. 1. 1. 0. 0. 0. 0. 1. 0. 1. 0. 0. 0.
 0. 1. 0. 0. 0. 0. 0. 1. 0. 1. 0. 0. 0. 0. 0. 0. 1. 1. 0. 1. 1. 0. 0. 1.
 1. 0. 1. 0. 0. 0. 0. 0. 0. 0. 0. 0. 0. 0. 0. 0. 1. 0. 1. 0. 0. 0. 0. 0.
 0. 0. 0. 0. 0. 0. 0. 0. 1. 1. 1. 0. 0. 1. 0. 0. 0. 0. 1. 0. 0. 0. 0. 0.
 0. 0. 0. 0. 0. 0. 0. 0. 1. 0. 0. 0. 0. 0. 0. 0. 0. 1. 0. 1. 0. 1. 1. 1.
 0. 0. 0. 0.]","[0. 1. 0. 0. 0. 1. 1. 1. 0. 0. 0. 0. 0. 1. 0. 0. 1. 1. 0. 0. 0. 0. 0. 1.
 0. 0. 1. 0. 1. 0. 0. 1. 0. 1. 1. 0. 0. 0. 1. 0. 0. 0. 1. 1. 1. 0. 1. 0.
 1. 0. 1. 1. 0. 1. 1. 1. 1. 0. 1. 0. 0. 1. 1. 1. 0. 0. 0. 1. 1. 0. 1. 1.
 0. 0. 1. 0. 0. 1. 0. 1. 0. 1. 1. 1. 0. 1. 0. 1. 1. 1. 1. 1. 1. 1. 1. 0.
 0. 0. 1. 1. 1. 0. 0. 1. 1. 1. 0. 0. 0. 1. 1. 1. 0. 0. 0. 0. 1. 1. 1. 0.
 1. 0. 0. 1. 1. 0. 0. 0. 0. 1. 0. 0. 1. 1. 0. 1. 1. 1. 0. 1. 1. 0. 1. 0.
 1. 1. 0. 0. 0. 1. 1. 0. 1. 1. 0. 1. 0. 0. 0. 1. 1. 1. 0. 1. 0. 1. 1. 0.
 1. 0. 0. 1. 1. 0. 0. 1. 0. 1. 1. 0. 0. 1. 0. 0. 1. 1. 0. 1. 1. 0. 0. 0.
 0. 1. 1. 0. 0. 1. 0. 0. 1. 0. 1. 1. 1. 0. 0. 0. 1. 1. 0. 0. 0. 0. 1. 0.
 0. 1. 0. 1. 1. 1. 1. 0. 0. 0. 0. 1. 1. 1. 1. 0. 1. 1. 1. 1. 0. 1. 0. 0.
 1. 0. 0. 1. 1. 1. 1. 1. 0. 0. 1. 1. 1. 0. 0. 1. 0. 1. 0. 0. 1. 0. 1. 0.
 1. 0. 0. 0.]"
987,SVC,"{'C': 1000, 'gamma': 1, 'kernel': 'rbf'}",0.2531650379029411,0.13316343291434993,-0.014160906298003068,0.047032600771463824,0.39976657713552877,0.15487503891770482,0.39713701431492837,-0.14925373134328357,0.4253731343283582,0.4253731343283582,"{0: 0.36773223435063485, 1: 0.3677322343506349}","{0: 0.36773223435063485, 1: 0.3677322343506349}",0.3677322343506349,"[[ 86  48]
 [106  28]]","[1. 0. 1. 1. 0. 0. 0. 0. 0. 0. 1. 0. 0. 0. 0. 0. 0. 0. 0. 0. 0. 0. 0. 0.
 0. 0. 0. 1. 1. 0. 0. 1. 1. 0. 0. 0. 0. 0. 0. 0. 0. 0. 0. 0. 0. 0. 0. 1.
 0. 0. 0. 1. 1. 0. 0. 0. 1. 1. 0. 0. 0. 0. 0. 0. 1. 1. 1. 0. 0. 0. 0. 0.
 1. 1. 0. 1. 1. 1. 0. 0. 0. 0. 0. 1. 0. 0. 0. 0. 1. 0. 0. 1. 0. 0. 0. 0.
 1. 1. 0. 0. 0. 1. 0. 0. 0. 1. 1. 1. 0. 1. 0. 0. 1. 0. 0. 0. 0. 1. 0. 0.
 0. 0. 1. 0. 0. 1. 0. 1. 0. 0. 0. 0. 0. 1. 1. 1. 1. 0. 0. 0. 0. 1. 0. 0.
 0. 0. 1. 1. 1. 0. 0. 0. 0. 1. 0. 0. 1. 1. 0. 0. 0. 0. 1. 0. 1. 0. 0. 0.
 0. 1. 0. 0. 0. 0. 0. 1. 0. 1. 0. 0. 0. 0. 1. 0. 1. 1. 0. 1. 1. 0. 1. 1.
 1. 1. 1. 0. 0. 0. 0. 0. 0. 0. 0. 0. 0. 0. 0. 0. 1. 0. 1. 0. 0. 0. 0. 0.
 0. 0. 0. 0. 0. 0. 0. 0. 1. 1. 1. 0. 0. 1. 0. 0. 0. 0. 1. 0. 1. 0. 0. 0.
 0. 0. 0. 0. 0. 0. 0. 0. 1. 0. 0. 0. 0. 0. 0. 0. 0. 1. 0. 1. 0. 1. 1. 1.
 0. 0. 0. 0.]","[0. 1. 0. 0. 0. 1. 1. 1. 0. 0. 0. 0. 0. 1. 0. 0. 1. 1. 0. 0. 0. 0. 0. 1.
 0. 0. 1. 0. 1. 0. 0. 1. 0. 1. 1. 0. 0. 0. 1. 0. 0. 0. 1. 1. 1. 0. 1. 0.
 1. 0. 1. 1. 0. 1. 1. 1. 1. 0. 1. 0. 0. 1. 1. 1. 0. 0. 0. 1. 1. 0. 1. 1.
 0. 0. 1. 0. 0. 1. 0. 1. 0. 1. 1. 1. 0. 1. 0. 1. 1. 1. 1. 1. 1. 1. 1. 0.
 0. 0. 1. 1. 1. 0. 0. 1. 1. 1. 0. 0. 0. 1. 1. 1. 0. 0. 0. 0. 1. 1. 1. 0.
 1. 0. 0. 1. 1. 0. 0. 0. 0. 1. 0. 0. 1. 1. 0. 1. 1. 1. 0. 1. 1. 0. 1. 0.
 1. 1. 0. 0. 0. 1. 1. 0. 1. 1. 0. 1. 0. 0. 0. 1. 1. 1. 0. 1. 0. 1. 1. 0.
 1. 0. 0. 1. 1. 0. 0. 1. 0. 1. 1. 0. 0. 1. 0. 0. 1. 1. 0. 1. 1. 0. 0. 0.
 0. 1. 1. 0. 0. 1. 0. 0. 1. 0. 1. 1. 1. 0. 0. 0. 1. 1. 0. 0. 0. 0. 1. 0.
 0. 1. 0. 1. 1. 1. 1. 0. 0. 0. 0. 1. 1. 1. 1. 0. 1. 1. 1. 1. 0. 1. 0. 0.
 1. 0. 0. 1. 1. 1. 1. 1. 0. 0. 1. 1. 1. 0. 0. 1. 0. 1. 0. 0. 1. 0. 1. 0.
 1. 0. 0. 0.]"
681,SVC,"{'C': 1000, 'gamma': 1, 'kernel': 'rbf'}",0.2531650379029411,0.13316343291434993,-0.014160906298003068,0.047032600771463824,0.39976657713552877,0.15487503891770482,0.39713701431492837,-0.14925373134328357,0.4253731343283582,0.4253731343283582,"{0: 0.3675930051236356, 1: 0.3665905546892404}","{0: 0.3675930051236356, 1: 0.3665905546892404}",0.3665905546892404,"[[ 86  48]
 [106  28]]","[1. 0. 1. 1. 0. 0. 0. 0. 0. 0. 1. 0. 0. 0. 0. 0. 0. 0. 0. 0. 0. 0. 0. 0.
 0. 0. 0. 1. 1. 0. 0. 1. 1. 0. 0. 0. 0. 0. 0. 0. 0. 0. 0. 0. 0. 0. 0. 1.
 0. 0. 0. 1. 1. 0. 0. 0. 1. 1. 0. 0. 0. 0. 0. 0. 1. 1. 1. 0. 0. 0. 0. 0.
 1. 1. 0. 1. 1. 1. 0. 0. 0. 0. 0. 1. 0. 0. 0. 0. 1. 0. 0. 1. 0. 0. 0. 0.
 1. 1. 0. 0. 0. 1. 0. 0. 0. 1. 1. 1. 0. 1. 0. 0. 1. 0. 0. 0. 0. 1. 0. 0.
 0. 0. 1. 0. 0. 1. 0. 1. 0. 0. 0. 0. 0. 1. 1. 1. 1. 0. 0. 0. 0. 1. 0. 0.
 0. 0. 1. 1. 1. 0. 0. 0. 0. 1. 0. 0. 1. 1. 0. 0. 0. 0. 1. 0. 1. 0. 0. 0.
 0. 1. 0. 0. 0. 0. 0. 1. 0. 1. 0. 0. 0. 0. 1. 0. 1. 1. 0. 1. 1. 0. 1. 1.
 1. 1. 1. 0. 0. 0. 0. 0. 0. 0. 0. 0. 0. 0. 0. 0. 1. 0. 1. 0. 0. 0. 0. 0.
 0. 0. 0. 0. 0. 0. 0. 0. 1. 1. 1. 0. 0. 1. 0. 0. 0. 0. 1. 0. 1. 0. 0. 0.
 0. 0. 0. 0. 0. 0. 0. 0. 1. 0. 0. 0. 0. 0. 0. 0. 0. 1. 0. 1. 0. 1. 1. 1.
 0. 0. 0. 0.]","[0. 1. 0. 0. 0. 1. 1. 1. 0. 0. 0. 0. 0. 1. 0. 0. 1. 1. 0. 0. 0. 0. 0. 1.
 0. 0. 1. 0. 1. 0. 0. 1. 0. 1. 1. 0. 0. 0. 1. 0. 0. 0. 1. 1. 1. 0. 1. 0.
 1. 0. 1. 1. 0. 1. 1. 1. 1. 0. 1. 0. 0. 1. 1. 1. 0. 0. 0. 1. 1. 0. 1. 1.
 0. 0. 1. 0. 0. 1. 0. 1. 0. 1. 1. 1. 0. 1. 0. 1. 1. 1. 1. 1. 1. 1. 1. 0.
 0. 0. 1. 1. 1. 0. 0. 1. 1. 1. 0. 0. 0. 1. 1. 1. 0. 0. 0. 0. 1. 1. 1. 0.
 1. 0. 0. 1. 1. 0. 0. 0. 0. 1. 0. 0. 1. 1. 0. 1. 1. 1. 0. 1. 1. 0. 1. 0.
 1. 1. 0. 0. 0. 1. 1. 0. 1. 1. 0. 1. 0. 0. 0. 1. 1. 1. 0. 1. 0. 1. 1. 0.
 1. 0. 0. 1. 1. 0. 0. 1. 0. 1. 1. 0. 0. 1. 0. 0. 1. 1. 0. 1. 1. 0. 0. 0.
 0. 1. 1. 0. 0. 1. 0. 0. 1. 0. 1. 1. 1. 0. 0. 0. 1. 1. 0. 0. 0. 0. 1. 0.
 0. 1. 0. 1. 1. 1. 1. 0. 0. 0. 0. 1. 1. 1. 1. 0. 1. 1. 1. 1. 0. 1. 0. 0.
 1. 0. 0. 1. 1. 1. 1. 1. 0. 0. 1. 1. 1. 0. 0. 1. 0. 1. 0. 0. 1. 0. 1. 0.
 1. 0. 0. 0.]"
846,SVC,"{'C': 1000, 'gamma': 1, 'kernel': 'rbf'}",0.2531650379029411,0.13316343291434993,-0.014160906298003068,0.047032600771463824,0.39976657713552877,0.15487503891770482,0.39713701431492837,-0.14925373134328357,0.4253731343283582,0.4253731343283582,"{0: 0.3670082423702384, 1: 0.3674259300512364}","{0: 0.3670082423702384, 1: 0.3674259300512364}",0.3674259300512364,"[[ 86  48]
 [106  28]]","[1. 0. 1. 1. 0. 0. 0. 0. 0. 0. 1. 0. 0. 0. 0. 0. 0. 0. 0. 0. 0. 0. 0. 0.
 0. 0. 0. 1. 1. 0. 0. 1. 1. 0. 0. 0. 0. 0. 0. 0. 0. 0. 0. 0. 0. 0. 0. 1.
 0. 0. 0. 1. 1. 0. 0. 0. 1. 1. 0. 0. 0. 0. 0. 0. 1. 1. 1. 0. 0. 0. 0. 0.
 1. 1. 0. 1. 1. 1. 0. 0. 0. 0. 0. 1. 0. 0. 0. 0. 1. 0. 0. 1. 0. 0. 0. 0.
 1. 1. 0. 0. 0. 1. 0. 0. 0. 1. 1. 1. 0. 1. 0. 0. 1. 0. 0. 0. 0. 1. 0. 0.
 0. 0. 1. 0. 0. 1. 0. 1. 0. 0. 0. 0. 0. 1. 1. 1. 1. 0. 0. 0. 0. 1. 0. 0.
 0. 0. 1. 1. 1. 0. 0. 0. 0. 1. 0. 0. 1. 1. 0. 0. 0. 0. 1. 0. 1. 0. 0. 0.
 0. 1. 0. 0. 0. 0. 0. 1. 0. 1. 0. 0. 0. 0. 1. 0. 1. 1. 0. 1. 1. 0. 1. 1.
 1. 1. 1. 0. 0. 0. 0. 0. 0. 0. 0. 0. 0. 0. 0. 0. 1. 0. 1. 0. 0. 0. 0. 0.
 0. 0. 0. 0. 0. 0. 0. 0. 1. 1. 1. 0. 0. 1. 0. 0. 0. 0. 1. 0. 1. 0. 0. 0.
 0. 0. 0. 0. 0. 0. 0. 0. 1. 0. 0. 0. 0. 0. 0. 0. 0. 1. 0. 1. 0. 1. 1. 1.
 0. 0. 0. 0.]","[0. 1. 0. 0. 0. 1. 1. 1. 0. 0. 0. 0. 0. 1. 0. 0. 1. 1. 0. 0. 0. 0. 0. 1.
 0. 0. 1. 0. 1. 0. 0. 1. 0. 1. 1. 0. 0. 0. 1. 0. 0. 0. 1. 1. 1. 0. 1. 0.
 1. 0. 1. 1. 0. 1. 1. 1. 1. 0. 1. 0. 0. 1. 1. 1. 0. 0. 0. 1. 1. 0. 1. 1.
 0. 0. 1. 0. 0. 1. 0. 1. 0. 1. 1. 1. 0. 1. 0. 1. 1. 1. 1. 1. 1. 1. 1. 0.
 0. 0. 1. 1. 1. 0. 0. 1. 1. 1. 0. 0. 0. 1. 1. 1. 0. 0. 0. 0. 1. 1. 1. 0.
 1. 0. 0. 1. 1. 0. 0. 0. 0. 1. 0. 0. 1. 1. 0. 1. 1. 1. 0. 1. 1. 0. 1. 0.
 1. 1. 0. 0. 0. 1. 1. 0. 1. 1. 0. 1. 0. 0. 0. 1. 1. 1. 0. 1. 0. 1. 1. 0.
 1. 0. 0. 1. 1. 0. 0. 1. 0. 1. 1. 0. 0. 1. 0. 0. 1. 1. 0. 1. 1. 0. 0. 0.
 0. 1. 1. 0. 0. 1. 0. 0. 1. 0. 1. 1. 1. 0. 0. 0. 1. 1. 0. 0. 0. 0. 1. 0.
 0. 1. 0. 1. 1. 1. 1. 0. 0. 0. 0. 1. 1. 1. 1. 0. 1. 1. 1. 1. 0. 1. 0. 0.
 1. 0. 0. 1. 1. 1. 1. 1. 0. 0. 1. 1. 1. 0. 0. 1. 0. 1. 0. 0. 1. 0. 1. 0.
 1. 0. 0. 0.]"
884,AdaBoost,"{'algorithm': 'SAMME', 'learning_rate': 4.1, 'n_estimators': 30}",0.4071530461954714,0.1299871314363708,-0.016280907194771474,0.0986405692112507,0.5020163006050103,0.12062494627517797,0.41612200435729846,0.014925373134328401,0.5074626865671642,0.5074626865671642,"{0: 0.4340053464023168, 1: 0.4340053464023168}","{0: 0.4340053464023168, 1: 0.4340053464023168}",0.4340053464023168,"[[121  13]
 [119  15]]","[0. 0. 0. 0. 0. 1. 0. 0. 1. 0. 0. 0. 0. 0. 0. 0. 0. 0. 0. 0. 1. 1. 1. 0.
 0. 0. 1. 0. 0. 0. 0. 0. 0. 0. 0. 0. 0. 0. 0. 0. 0. 0. 0. 1. 0. 0. 1. 0.
 0. 0. 0. 0. 0. 0. 0. 0. 0. 0. 0. 1. 0. 0. 0. 0. 0. 1. 0. 0. 0. 0. 0. 0.
 0. 0. 0. 0. 0. 0. 1. 0. 1. 0. 0. 0. 0. 0. 0. 0. 0. 0. 0. 0. 0. 0. 1. 1.
 0. 0. 0. 0. 0. 0. 0. 0. 1. 0. 0. 0. 0. 0. 0. 0. 0. 0. 0. 0. 0. 0. 0. 0.
 0. 0. 0. 0. 0. 0. 1. 0. 0. 0. 0. 0. 0. 0. 0. 0. 0. 0. 0. 0. 0. 0. 0. 0.
 0. 0. 0. 1. 0. 0. 0. 0. 0. 0. 0. 0. 0. 0. 0. 0. 0. 1. 0. 0. 0. 0. 0. 0.
 0. 0. 1. 1. 1. 0. 0. 0. 0. 0. 0. 0. 0. 0. 0. 0. 0. 0. 0. 0. 0. 0. 0. 0.
 0. 0. 0. 0. 0. 0. 0. 0. 0. 0. 0. 0. 0. 0. 0. 0. 0. 0. 1. 0. 0. 0. 1. 0.
 0. 0. 0. 1. 0. 0. 0. 0. 0. 0. 0. 0. 0. 0. 1. 0. 0. 0. 0. 1. 0. 0. 0. 0.
 1. 0. 0. 0. 0. 0. 0. 0. 0. 0. 0. 0. 1. 0. 0. 0. 0. 0. 0. 0. 0. 0. 0. 0.
 0. 0. 0. 0.]","[0. 1. 0. 0. 0. 1. 1. 1. 0. 0. 0. 0. 0. 1. 0. 0. 1. 1. 0. 0. 0. 0. 0. 1.
 0. 0. 1. 0. 1. 0. 0. 1. 0. 1. 1. 0. 0. 0. 1. 0. 0. 0. 1. 1. 1. 0. 1. 0.
 1. 0. 1. 1. 0. 1. 1. 1. 1. 0. 1. 0. 0. 1. 1. 1. 0. 0. 0. 1. 1. 0. 1. 1.
 0. 0. 1. 0. 0. 1. 0. 1. 0. 1. 1. 1. 0. 1. 0. 1. 1. 1. 1. 1. 1. 1. 1. 0.
 0. 0. 1. 1. 1. 0. 0. 1. 1. 1. 0. 0. 0. 1. 1. 1. 0. 0. 0. 0. 1. 1. 1. 0.
 1. 0. 0. 1. 1. 0. 0. 0. 0. 1. 0. 0. 1. 1. 0. 1. 1. 1. 0. 1. 1. 0. 1. 0.
 1. 1. 0. 0. 0. 1. 1. 0. 1. 1. 0. 1. 0. 0. 0. 1. 1. 1. 0. 1. 0. 1. 1. 0.
 1. 0. 0. 1. 1. 0. 0. 1. 0. 1. 1. 0. 0. 1. 0. 0. 1. 1. 0. 1. 1. 0. 0. 0.
 0. 1. 1. 0. 0. 1. 0. 0. 1. 0. 1. 1. 1. 0. 0. 0. 1. 1. 0. 0. 0. 0. 1. 0.
 0. 1. 0. 1. 1. 1. 1. 0. 0. 0. 0. 1. 1. 1. 1. 0. 1. 1. 1. 1. 0. 1. 0. 0.
 1. 0. 0. 1. 1. 1. 1. 1. 0. 0. 1. 1. 1. 0. 0. 1. 0. 1. 0. 0. 1. 0. 1. 0.
 1. 0. 0. 0.]"
160,AdaBoost,"{'algorithm': 'SAMME', 'learning_rate': 4.1, 'n_estimators': 52}",0.4071530461954714,0.1299871314363708,-0.016280907194771474,0.0986405692112507,0.5020163006050103,0.12062494627517797,0.41612200435729846,0.014925373134328401,0.5074626865671642,0.5074626865671642,"{0: 0.4362330140343061, 1: 0.4362330140343061}","{0: 0.4362330140343061, 1: 0.4362330140343061}",0.4362330140343061,"[[121  13]
 [119  15]]","[0. 0. 0. 0. 0. 1. 0. 0. 1. 0. 0. 0. 0. 0. 0. 0. 0. 0. 0. 0. 1. 1. 1. 0.
 0. 0. 1. 0. 0. 0. 0. 0. 0. 0. 0. 0. 0. 0. 0. 0. 0. 0. 0. 1. 0. 0. 1. 0.
 0. 0. 0. 0. 0. 0. 0. 0. 0. 0. 0. 1. 0. 0. 0. 0. 0. 1. 0. 0. 0. 0. 0. 0.
 0. 0. 0. 0. 0. 0. 1. 0. 1. 0. 0. 0. 0. 0. 0. 0. 0. 0. 0. 0. 0. 0. 1. 1.
 0. 0. 0. 0. 0. 0. 0. 0. 1. 0. 0. 0. 0. 0. 0. 0. 0. 0. 0. 0. 0. 0. 0. 0.
 0. 0. 0. 0. 0. 0. 1. 0. 0. 0. 0. 0. 0. 0. 0. 0. 0. 0. 0. 0. 0. 0. 0. 0.
 0. 0. 0. 1. 0. 0. 0. 0. 0. 0. 0. 0. 0. 0. 0. 0. 0. 1. 0. 0. 0. 0. 0. 0.
 0. 0. 1. 1. 1. 0. 0. 0. 0. 0. 0. 0. 0. 0. 0. 0. 0. 0. 0. 0. 0. 0. 0. 0.
 0. 0. 0. 0. 0. 0. 0. 0. 0. 0. 0. 0. 0. 0. 0. 0. 0. 0. 1. 0. 0. 0. 1. 0.
 0. 0. 0. 1. 0. 0. 0. 0. 0. 0. 0. 0. 0. 0. 1. 0. 0. 0. 0. 1. 0. 0. 0. 0.
 1. 0. 0. 0. 0. 0. 0. 0. 0. 0. 0. 0. 1. 0. 0. 0. 0. 0. 0. 0. 0. 0. 0. 0.
 0. 0. 0. 0.]","[0. 1. 0. 0. 0. 1. 1. 1. 0. 0. 0. 0. 0. 1. 0. 0. 1. 1. 0. 0. 0. 0. 0. 1.
 0. 0. 1. 0. 1. 0. 0. 1. 0. 1. 1. 0. 0. 0. 1. 0. 0. 0. 1. 1. 1. 0. 1. 0.
 1. 0. 1. 1. 0. 1. 1. 1. 1. 0. 1. 0. 0. 1. 1. 1. 0. 0. 0. 1. 1. 0. 1. 1.
 0. 0. 1. 0. 0. 1. 0. 1. 0. 1. 1. 1. 0. 1. 0. 1. 1. 1. 1. 1. 1. 1. 1. 0.
 0. 0. 1. 1. 1. 0. 0. 1. 1. 1. 0. 0. 0. 1. 1. 1. 0. 0. 0. 0. 1. 1. 1. 0.
 1. 0. 0. 1. 1. 0. 0. 0. 0. 1. 0. 0. 1. 1. 0. 1. 1. 1. 0. 1. 1. 0. 1. 0.
 1. 1. 0. 0. 0. 1. 1. 0. 1. 1. 0. 1. 0. 0. 0. 1. 1. 1. 0. 1. 0. 1. 1. 0.
 1. 0. 0. 1. 1. 0. 0. 1. 0. 1. 1. 0. 0. 1. 0. 0. 1. 1. 0. 1. 1. 0. 0. 0.
 0. 1. 1. 0. 0. 1. 0. 0. 1. 0. 1. 1. 1. 0. 0. 0. 1. 1. 0. 0. 0. 0. 1. 0.
 0. 1. 0. 1. 1. 1. 1. 0. 0. 0. 0. 1. 1. 1. 1. 0. 1. 1. 1. 1. 0. 1. 0. 0.
 1. 0. 0. 1. 1. 1. 1. 1. 0. 0. 1. 1. 1. 0. 0. 1. 0. 1. 0. 0. 1. 0. 1. 0.
 1. 0. 0. 0.]"
941,AdaBoost,"{'algorithm': 'SAMME', 'learning_rate': 2.1408163265306124, 'n_estimators': 85}",0.43581719463395835,0.19417218063184935,-0.016597946120433634,0.19555950054427831,0.5142509913175236,0.15252310443704942,0.431210986267166,-0.014925373134328401,0.4925373134328358,0.49253731343283585,"{0: 0.4935119180218312, 1: 0.49351191802183114}","{0: 0.4935119180218312, 1: 0.49351191802183114}",0.49351191802183114,"[[ 22 112]
 [ 24 110]]","[1. 1. 1. 1. 1. 0. 1. 1. 1. 1. 1. 1. 1. 1. 1. 1. 1. 1. 1. 1. 0. 0. 0. 1.
 1. 1. 0. 0. 0. 1. 1. 1. 1. 1. 1. 0. 1. 1. 1. 1. 1. 1. 0. 1. 1. 1. 1. 1.
 0. 1. 1. 1. 1. 1. 1. 1. 1. 1. 1. 1. 1. 1. 1. 1. 1. 1. 1. 0. 0. 1. 1. 1.
 1. 0. 1. 1. 0. 1. 1. 1. 1. 1. 1. 1. 1. 1. 1. 1. 1. 1. 1. 1. 1. 1. 1. 0.
 1. 1. 1. 1. 1. 1. 1. 1. 0. 1. 1. 1. 1. 1. 1. 1. 1. 1. 1. 1. 1. 0. 0. 1.
 1. 1. 1. 0. 1. 1. 1. 0. 1. 1. 1. 1. 1. 1. 0. 1. 1. 1. 1. 1. 1. 1. 1. 1.
 1. 1. 1. 1. 0. 0. 1. 1. 1. 1. 1. 1. 1. 1. 1. 0. 1. 0. 1. 1. 0. 1. 1. 1.
 0. 0. 0. 1. 0. 1. 1. 1. 1. 0. 1. 1. 1. 1. 1. 0. 1. 1. 1. 1. 1. 1. 0. 1.
 1. 0. 1. 1. 1. 1. 1. 1. 1. 1. 1. 1. 1. 1. 1. 1. 1. 1. 1. 0. 1. 0. 0. 1.
 1. 1. 1. 1. 1. 0. 0. 1. 1. 1. 1. 1. 1. 1. 1. 1. 1. 1. 0. 1. 1. 1. 1. 1.
 1. 1. 1. 1. 1. 1. 1. 1. 1. 0. 0. 1. 0. 0. 1. 1. 1. 1. 0. 1. 1. 1. 1. 1.
 1. 1. 0. 1.]","[0. 1. 0. 0. 0. 1. 1. 1. 0. 0. 0. 0. 0. 1. 0. 0. 1. 1. 0. 0. 0. 0. 0. 1.
 0. 0. 1. 0. 1. 0. 0. 1. 0. 1. 1. 0. 0. 0. 1. 0. 0. 0. 1. 1. 1. 0. 1. 0.
 1. 0. 1. 1. 0. 1. 1. 1. 1. 0. 1. 0. 0. 1. 1. 1. 0. 0. 0. 1. 1. 0. 1. 1.
 0. 0. 1. 0. 0. 1. 0. 1. 0. 1. 1. 1. 0. 1. 0. 1. 1. 1. 1. 1. 1. 1. 1. 0.
 0. 0. 1. 1. 1. 0. 0. 1. 1. 1. 0. 0. 0. 1. 1. 1. 0. 0. 0. 0. 1. 1. 1. 0.
 1. 0. 0. 1. 1. 0. 0. 0. 0. 1. 0. 0. 1. 1. 0. 1. 1. 1. 0. 1. 1. 0. 1. 0.
 1. 1. 0. 0. 0. 1. 1. 0. 1. 1. 0. 1. 0. 0. 0. 1. 1. 1. 0. 1. 0. 1. 1. 0.
 1. 0. 0. 1. 1. 0. 0. 1. 0. 1. 1. 0. 0. 1. 0. 0. 1. 1. 0. 1. 1. 0. 0. 0.
 0. 1. 1. 0. 0. 1. 0. 0. 1. 0. 1. 1. 1. 0. 0. 0. 1. 1. 0. 0. 0. 0. 1. 0.
 0. 1. 0. 1. 1. 1. 1. 0. 0. 0. 0. 1. 1. 1. 1. 0. 1. 1. 1. 1. 0. 1. 0. 0.
 1. 0. 0. 1. 1. 1. 1. 1. 0. 0. 1. 1. 1. 0. 0. 1. 0. 1. 0. 0. 1. 0. 1. 0.
 1. 0. 0. 0.]"
916,SVC,"{'C': 1000, 'gamma': 0.001, 'kernel': 'sigmoid'}",0.2986169078835162,0.15903438250805618,-0.019989244294799844,0.08745990928542494,0.42910645022540184,0.17739621779809323,0.41298206921554703,-0.08208955223880587,0.458955223880597,0.458955223880597,"{0: 0.4226720873245711, 1: 0.4226720873245711}","{0: 0.4226720873245711, 1: 0.4226720873245711}",0.4226720873245711,"[[ 99  35]
 [110  24]]","[1. 0. 1. 0. 0. 0. 0. 0. 1. 0. 1. 0. 0. 0. 0. 0. 0. 0. 0. 0. 0. 0. 0. 0.
 0. 0. 0. 0. 0. 0. 0. 1. 0. 0. 0. 1. 0. 0. 0. 0. 0. 0. 1. 0. 1. 1. 0. 1.
 0. 0. 0. 0. 1. 0. 0. 1. 1. 0. 0. 0. 0. 0. 1. 0. 0. 1. 0. 0. 1. 0. 0. 0.
 0. 0. 0. 1. 1. 0. 0. 0. 0. 0. 0. 1. 0. 0. 0. 0. 0. 1. 0. 1. 0. 0. 0. 1.
 1. 0. 0. 0. 0. 1. 0. 0. 0. 1. 0. 0. 1. 1. 0. 0. 1. 0. 0. 0. 0. 1. 0. 0.
 0. 0. 0. 0. 0. 0. 0. 1. 0. 0. 0. 0. 0. 0. 0. 1. 0. 0. 0. 0. 0. 1. 0. 0.
 0. 0. 0. 0. 0. 0. 0. 0. 0. 0. 1. 0. 0. 0. 0. 1. 0. 0. 1. 0. 0. 0. 0. 0.
 0. 0. 0. 0. 0. 0. 1. 1. 0. 0. 0. 0. 0. 0. 1. 1. 0. 0. 0. 1. 0. 0. 1. 1.
 1. 1. 1. 0. 0. 0. 0. 0. 0. 0. 0. 0. 0. 0. 0. 0. 1. 0. 1. 0. 0. 0. 0. 0.
 0. 0. 0. 0. 1. 0. 1. 1. 0. 0. 0. 0. 0. 0. 0. 0. 0. 1. 1. 0. 1. 0. 0. 0.
 0. 0. 0. 0. 0. 0. 0. 0. 0. 1. 0. 0. 0. 1. 0. 0. 0. 0. 0. 1. 0. 1. 0. 0.
 0. 0. 1. 1.]","[0. 1. 0. 0. 0. 1. 1. 1. 0. 0. 0. 0. 0. 1. 0. 0. 1. 1. 0. 0. 0. 0. 0. 1.
 0. 0. 1. 0. 1. 0. 0. 1. 0. 1. 1. 0. 0. 0. 1. 0. 0. 0. 1. 1. 1. 0. 1. 0.
 1. 0. 1. 1. 0. 1. 1. 1. 1. 0. 1. 0. 0. 1. 1. 1. 0. 0. 0. 1. 1. 0. 1. 1.
 0. 0. 1. 0. 0. 1. 0. 1. 0. 1. 1. 1. 0. 1. 0. 1. 1. 1. 1. 1. 1. 1. 1. 0.
 0. 0. 1. 1. 1. 0. 0. 1. 1. 1. 0. 0. 0. 1. 1. 1. 0. 0. 0. 0. 1. 1. 1. 0.
 1. 0. 0. 1. 1. 0. 0. 0. 0. 1. 0. 0. 1. 1. 0. 1. 1. 1. 0. 1. 1. 0. 1. 0.
 1. 1. 0. 0. 0. 1. 1. 0. 1. 1. 0. 1. 0. 0. 0. 1. 1. 1. 0. 1. 0. 1. 1. 0.
 1. 0. 0. 1. 1. 0. 0. 1. 0. 1. 1. 0. 0. 1. 0. 0. 1. 1. 0. 1. 1. 0. 0. 0.
 0. 1. 1. 0. 0. 1. 0. 0. 1. 0. 1. 1. 1. 0. 0. 0. 1. 1. 0. 0. 0. 0. 1. 0.
 0. 1. 0. 1. 1. 1. 1. 0. 0. 0. 0. 1. 1. 1. 1. 0. 1. 1. 1. 1. 0. 1. 0. 0.
 1. 0. 0. 1. 1. 1. 1. 1. 0. 0. 1. 1. 1. 0. 0. 1. 0. 1. 0. 0. 1. 0. 1. 0.
 1. 0. 0. 0.]"
733,SVC,"{'C': 100, 'gamma': 0.1, 'kernel': 'rbf'}",0.3032580676476944,0.15379591894689884,-0.021177425670765904,0.0968522650549885,0.4183276419667548,0.1669424129399255,0.4104038038464268,-0.15671641791044766,0.4216417910447761,0.42164179104477606,"{0: 0.3908164401871241, 1: 0.390816440187124}","{0: 0.3908164401871241, 1: 0.390816440187124}",0.390816440187124,"[[75 59]
 [96 38]]","[1. 0. 1. 1. 0. 0. 0. 1. 1. 0. 1. 0. 0. 1. 1. 0. 0. 1. 0. 0. 0. 0. 0. 0.
 0. 1. 0. 1. 1. 0. 1. 0. 1. 0. 0. 1. 0. 0. 0. 0. 0. 0. 1. 0. 0. 1. 0. 1.
 0. 0. 0. 1. 1. 0. 0. 0. 1. 1. 0. 0. 0. 0. 1. 0. 1. 1. 1. 1. 1. 0. 0. 0.
 1. 1. 0. 1. 1. 1. 0. 0. 1. 0. 0. 1. 1. 0. 0. 0. 0. 1. 1. 1. 0. 0. 0. 0.
 1. 1. 0. 0. 0. 1. 0. 0. 0. 1. 1. 1. 0. 1. 0. 0. 1. 0. 0. 0. 0. 0. 0. 0.
 0. 0. 1. 0. 0. 1. 0. 0. 0. 0. 0. 0. 0. 1. 1. 1. 1. 0. 0. 0. 0. 0. 0. 1.
 0. 0. 1. 1. 1. 0. 0. 0. 0. 1. 0. 0. 1. 1. 0. 1. 1. 0. 1. 0. 0. 0. 0. 0.
 0. 1. 0. 0. 0. 0. 1. 1. 0. 1. 0. 0. 0. 0. 0. 1. 1. 1. 1. 0. 1. 0. 0. 1.
 1. 0. 1. 0. 0. 0. 0. 0. 0. 0. 0. 0. 0. 0. 0. 0. 1. 0. 1. 0. 0. 0. 0. 0.
 0. 0. 0. 0. 0. 0. 1. 1. 1. 1. 1. 0. 0. 1. 0. 0. 0. 1. 1. 0. 0. 0. 0. 0.
 0. 0. 0. 1. 0. 1. 0. 0. 1. 1. 0. 0. 0. 1. 0. 0. 1. 1. 0. 1. 0. 1. 1. 1.
 0. 0. 1. 0.]","[0. 1. 0. 0. 0. 1. 1. 1. 0. 0. 0. 0. 0. 1. 0. 0. 1. 1. 0. 0. 0. 0. 0. 1.
 0. 0. 1. 0. 1. 0. 0. 1. 0. 1. 1. 0. 0. 0. 1. 0. 0. 0. 1. 1. 1. 0. 1. 0.
 1. 0. 1. 1. 0. 1. 1. 1. 1. 0. 1. 0. 0. 1. 1. 1. 0. 0. 0. 1. 1. 0. 1. 1.
 0. 0. 1. 0. 0. 1. 0. 1. 0. 1. 1. 1. 0. 1. 0. 1. 1. 1. 1. 1. 1. 1. 1. 0.
 0. 0. 1. 1. 1. 0. 0. 1. 1. 1. 0. 0. 0. 1. 1. 1. 0. 0. 0. 0. 1. 1. 1. 0.
 1. 0. 0. 1. 1. 0. 0. 0. 0. 1. 0. 0. 1. 1. 0. 1. 1. 1. 0. 1. 1. 0. 1. 0.
 1. 1. 0. 0. 0. 1. 1. 0. 1. 1. 0. 1. 0. 0. 0. 1. 1. 1. 0. 1. 0. 1. 1. 0.
 1. 0. 0. 1. 1. 0. 0. 1. 0. 1. 1. 0. 0. 1. 0. 0. 1. 1. 0. 1. 1. 0. 0. 0.
 0. 1. 1. 0. 0. 1. 0. 0. 1. 0. 1. 1. 1. 0. 0. 0. 1. 1. 0. 0. 0. 0. 1. 0.
 0. 1. 0. 1. 1. 1. 1. 0. 0. 0. 0. 1. 1. 1. 1. 0. 1. 1. 1. 1. 0. 1. 0. 0.
 1. 0. 0. 1. 1. 1. 1. 1. 0. 0. 1. 1. 1. 0. 0. 1. 0. 1. 0. 0. 1. 0. 1. 0.
 1. 0. 0. 0.]"
214,knn,{'n_neighbors': 145},0.4233233675395509,0.180243851576237,-0.024370216618224857,0.2662812035672289,0.4458280984994694,0.16519678174773067,0.44029850746268656,-0.11940298507462677,0.44029850746268656,0.44029850746268656,"{0: 0.43364335041211854, 1: 0.43364335041211854}","{0: 0.43364335041211854, 1: 0.43364335041211854}",0.43364335041211854,"[[59 75]
 [75 59]]","[1. 1. 1. 0. 1. 0. 0. 1. 1. 1. 1. 0. 1. 0. 1. 0. 0. 1. 1. 0. 1. 1. 1. 0.
 0. 0. 0. 1. 0. 1. 1. 1. 0. 1. 0. 1. 0. 0. 0. 0. 0. 0. 1. 0. 1. 0. 1. 1.
 1. 1. 0. 0. 1. 1. 1. 0. 0. 1. 0. 0. 1. 0. 0. 1. 0. 1. 0. 1. 0. 1. 1. 1.
 0. 1. 0. 0. 1. 1. 1. 0. 1. 0. 0. 1. 1. 1. 1. 0. 0. 1. 1. 1. 0. 1. 0. 1.
 1. 0. 0. 0. 1. 1. 1. 0. 1. 1. 0. 1. 0. 1. 0. 0. 1. 1. 1. 0. 0. 1. 1. 0.
 0. 0. 1. 1. 0. 1. 0. 1. 0. 0. 1. 1. 0. 1. 1. 1. 1. 0. 0. 1. 0. 1. 0. 0.
 0. 1. 0. 0. 1. 0. 0. 0. 1. 0. 0. 1. 0. 0. 1. 0. 0. 0. 1. 0. 1. 0. 0. 0.
 1. 0. 1. 0. 1. 0. 0. 1. 1. 1. 1. 1. 1. 1. 1. 1. 1. 0. 1. 1. 0. 1. 1. 0.
 1. 1. 1. 0. 0. 1. 0. 1. 1. 0. 0. 0. 0. 1. 0. 1. 1. 0. 1. 0. 1. 0. 1. 1.
 0. 0. 0. 0. 1. 1. 0. 0. 0. 1. 1. 1. 0. 0. 0. 1. 0. 0. 1. 1. 0. 1. 0. 1.
 0. 0. 0. 0. 0. 1. 1. 0. 0. 1. 0. 0. 1. 1. 0. 0. 0. 0. 0. 1. 0. 1. 0. 1.
 0. 0. 1. 1.]","[0. 1. 0. 0. 0. 1. 1. 1. 0. 0. 0. 0. 0. 1. 0. 0. 1. 1. 0. 0. 0. 0. 0. 1.
 0. 0. 1. 0. 1. 0. 0. 1. 0. 1. 1. 0. 0. 0. 1. 0. 0. 0. 1. 1. 1. 0. 1. 0.
 1. 0. 1. 1. 0. 1. 1. 1. 1. 0. 1. 0. 0. 1. 1. 1. 0. 0. 0. 1. 1. 0. 1. 1.
 0. 0. 1. 0. 0. 1. 0. 1. 0. 1. 1. 1. 0. 1. 0. 1. 1. 1. 1. 1. 1. 1. 1. 0.
 0. 0. 1. 1. 1. 0. 0. 1. 1. 1. 0. 0. 0. 1. 1. 1. 0. 0. 0. 0. 1. 1. 1. 0.
 1. 0. 0. 1. 1. 0. 0. 0. 0. 1. 0. 0. 1. 1. 0. 1. 1. 1. 0. 1. 1. 0. 1. 0.
 1. 1. 0. 0. 0. 1. 1. 0. 1. 1. 0. 1. 0. 0. 0. 1. 1. 1. 0. 1. 0. 1. 1. 0.
 1. 0. 0. 1. 1. 0. 0. 1. 0. 1. 1. 0. 0. 1. 0. 0. 1. 1. 0. 1. 1. 0. 0. 0.
 0. 1. 1. 0. 0. 1. 0. 0. 1. 0. 1. 1. 1. 0. 0. 0. 1. 1. 0. 0. 0. 0. 1. 0.
 0. 1. 0. 1. 1. 1. 1. 0. 0. 0. 0. 1. 1. 1. 1. 0. 1. 1. 1. 1. 0. 1. 0. 0.
 1. 0. 0. 1. 1. 1. 1. 1. 0. 0. 1. 1. 1. 0. 0. 1. 0. 1. 0. 0. 1. 0. 1. 0.
 1. 0. 0. 0.]"
723,knn,{'n_neighbors': 145},0.4233233675395509,0.180243851576237,-0.024370216618224857,0.2662812035672289,0.4458280984994694,0.16519678174773067,0.44029850746268656,-0.11940298507462677,0.44029850746268656,0.44029850746268656,"{0: 0.43364335041211854, 1: 0.43364335041211854}","{0: 0.43364335041211854, 1: 0.43364335041211854}",0.43364335041211854,"[[59 75]
 [75 59]]","[1. 1. 1. 0. 1. 0. 0. 1. 1. 1. 1. 0. 1. 0. 1. 0. 0. 1. 1. 0. 1. 1. 1. 0.
 0. 0. 0. 1. 0. 1. 1. 1. 0. 1. 0. 1. 0. 0. 0. 0. 0. 0. 1. 0. 1. 0. 1. 1.
 1. 1. 0. 0. 1. 1. 1. 0. 0. 1. 0. 0. 1. 0. 0. 1. 0. 1. 0. 1. 0. 1. 1. 1.
 0. 1. 0. 0. 1. 1. 1. 0. 1. 0. 0. 1. 1. 1. 1. 0. 0. 1. 1. 1. 0. 1. 0. 1.
 1. 0. 0. 0. 1. 1. 1. 0. 1. 1. 0. 1. 0. 1. 0. 0. 1. 1. 1. 0. 0. 1. 1. 0.
 0. 0. 1. 1. 0. 1. 0. 1. 0. 0. 1. 1. 0. 1. 1. 1. 1. 0. 0. 1. 0. 1. 0. 0.
 0. 1. 0. 0. 1. 0. 0. 0. 1. 0. 0. 1. 0. 0. 1. 0. 0. 0. 1. 0. 1. 0. 0. 0.
 1. 0. 1. 0. 1. 0. 0. 1. 1. 1. 1. 1. 1. 1. 1. 1. 1. 0. 1. 1. 0. 1. 1. 0.
 1. 1. 1. 0. 0. 1. 0. 1. 1. 0. 0. 0. 0. 1. 0. 1. 1. 0. 1. 0. 1. 0. 1. 1.
 0. 0. 0. 0. 1. 1. 0. 0. 0. 1. 1. 1. 0. 0. 0. 1. 0. 0. 1. 1. 0. 1. 0. 1.
 0. 0. 0. 0. 0. 1. 1. 0. 0. 1. 0. 0. 1. 1. 0. 0. 0. 0. 0. 1. 0. 1. 0. 1.
 0. 0. 1. 1.]","[0. 1. 0. 0. 0. 1. 1. 1. 0. 0. 0. 0. 0. 1. 0. 0. 1. 1. 0. 0. 0. 0. 0. 1.
 0. 0. 1. 0. 1. 0. 0. 1. 0. 1. 1. 0. 0. 0. 1. 0. 0. 0. 1. 1. 1. 0. 1. 0.
 1. 0. 1. 1. 0. 1. 1. 1. 1. 0. 1. 0. 0. 1. 1. 1. 0. 0. 0. 1. 1. 0. 1. 1.
 0. 0. 1. 0. 0. 1. 0. 1. 0. 1. 1. 1. 0. 1. 0. 1. 1. 1. 1. 1. 1. 1. 1. 0.
 0. 0. 1. 1. 1. 0. 0. 1. 1. 1. 0. 0. 0. 1. 1. 1. 0. 0. 0. 0. 1. 1. 1. 0.
 1. 0. 0. 1. 1. 0. 0. 0. 0. 1. 0. 0. 1. 1. 0. 1. 1. 1. 0. 1. 1. 0. 1. 0.
 1. 1. 0. 0. 0. 1. 1. 0. 1. 1. 0. 1. 0. 0. 0. 1. 1. 1. 0. 1. 0. 1. 1. 0.
 1. 0. 0. 1. 1. 0. 0. 1. 0. 1. 1. 0. 0. 1. 0. 0. 1. 1. 0. 1. 1. 0. 0. 0.
 0. 1. 1. 0. 0. 1. 0. 0. 1. 0. 1. 1. 1. 0. 0. 0. 1. 1. 0. 0. 0. 0. 1. 0.
 0. 1. 0. 1. 1. 1. 1. 0. 0. 0. 0. 1. 1. 1. 1. 0. 1. 1. 1. 1. 0. 1. 0. 0.
 1. 0. 0. 1. 1. 1. 1. 1. 0. 0. 1. 1. 1. 0. 0. 1. 0. 1. 0. 0. 1. 0. 1. 0.
 1. 0. 0. 0.]"
213,SVC,"{'C': 1, 'gamma': 0.001, 'kernel': 'rbf'}",0.43180599382825896,0.1720005227193113,-0.027180185175745702,0.1864621897236864,0.4726067055704153,0.12681560943770223,0.4500477877101254,-0.08955223880597019,0.4552238805970149,0.4552238805970149,"{0: 0.43350412118511916, 1: 0.43350412118511916}","{0: 0.43350412118511916, 1: 0.43350412118511916}",0.43350412118511916,"[[74 60]
 [86 48]]","[0. 0. 1. 1. 0. 0. 0. 0. 0. 0. 1. 0. 0. 0. 0. 1. 1. 1. 1. 0. 0. 0. 0. 1.
 0. 1. 0. 0. 0. 1. 0. 1. 0. 1. 0. 1. 0. 0. 0. 0. 0. 0. 1. 1. 0. 0. 0. 1.
 0. 0. 0. 1. 1. 0. 0. 0. 0. 1. 0. 0. 0. 0. 0. 0. 0. 1. 0. 1. 0. 1. 0. 0.
 1. 0. 0. 0. 1. 1. 0. 1. 1. 0. 0. 1. 1. 1. 1. 1. 0. 0. 1. 1. 0. 0. 0. 0.
 0. 1. 0. 1. 0. 1. 1. 0. 1. 1. 1. 1. 1. 1. 0. 0. 1. 1. 0. 0. 0. 0. 0. 1.
 0. 1. 1. 1. 1. 1. 0. 0. 0. 0. 1. 1. 0. 1. 1. 1. 0. 0. 0. 0. 0. 1. 0. 0.
 0. 1. 0. 1. 1. 0. 0. 0. 0. 0. 0. 0. 1. 1. 0. 1. 0. 1. 0. 1. 1. 0. 0. 0.
 0. 1. 0. 0. 0. 1. 1. 1. 0. 0. 0. 1. 0. 0. 0. 0. 1. 1. 0. 0. 1. 0. 1. 0.
 1. 0. 1. 0. 0. 0. 1. 1. 0. 0. 0. 1. 1. 0. 1. 1. 1. 0. 1. 0. 1. 0. 0. 0.
 0. 1. 0. 1. 1. 0. 1. 1. 0. 1. 0. 0. 0. 1. 1. 1. 1. 1. 1. 0. 0. 0. 0. 0.
 0. 1. 1. 0. 0. 0. 0. 0. 0. 0. 1. 1. 0. 1. 0. 0. 1. 1. 1. 0. 0. 1. 0. 0.
 0. 0. 0. 0.]","[0. 1. 0. 0. 0. 1. 1. 1. 0. 0. 0. 0. 0. 1. 0. 0. 1. 1. 0. 0. 0. 0. 0. 1.
 0. 0. 1. 0. 1. 0. 0. 1. 0. 1. 1. 0. 0. 0. 1. 0. 0. 0. 1. 1. 1. 0. 1. 0.
 1. 0. 1. 1. 0. 1. 1. 1. 1. 0. 1. 0. 0. 1. 1. 1. 0. 0. 0. 1. 1. 0. 1. 1.
 0. 0. 1. 0. 0. 1. 0. 1. 0. 1. 1. 1. 0. 1. 0. 1. 1. 1. 1. 1. 1. 1. 1. 0.
 0. 0. 1. 1. 1. 0. 0. 1. 1. 1. 0. 0. 0. 1. 1. 1. 0. 0. 0. 0. 1. 1. 1. 0.
 1. 0. 0. 1. 1. 0. 0. 0. 0. 1. 0. 0. 1. 1. 0. 1. 1. 1. 0. 1. 1. 0. 1. 0.
 1. 1. 0. 0. 0. 1. 1. 0. 1. 1. 0. 1. 0. 0. 0. 1. 1. 1. 0. 1. 0. 1. 1. 0.
 1. 0. 0. 1. 1. 0. 0. 1. 0. 1. 1. 0. 0. 1. 0. 0. 1. 1. 0. 1. 1. 0. 0. 0.
 0. 1. 1. 0. 0. 1. 0. 0. 1. 0. 1. 1. 1. 0. 0. 0. 1. 1. 0. 0. 0. 0. 1. 0.
 0. 1. 0. 1. 1. 1. 1. 0. 0. 0. 0. 1. 1. 1. 1. 0. 1. 1. 1. 1. 0. 1. 0. 0.
 1. 0. 0. 1. 1. 1. 1. 1. 0. 0. 1. 1. 1. 0. 0. 1. 0. 1. 0. 0. 1. 0. 1. 0.
 1. 0. 0. 0.]"
280,SVC,"{'C': 100, 'gamma': 0.1, 'kernel': 'rbf'}",0.26773373527899935,0.1413360319477085,-0.02725304923297138,0.06284929532908498,0.38579368287029575,0.14812341402016516,0.3939802525316367,-0.20149253731343286,0.39925373134328357,0.39925373134328357,"{0: 0.35405992425930044, 1: 0.3540599242593005}","{0: 0.35405992425930044, 1: 0.3540599242593005}",0.3540599242593005,"[[66 68]
 [93 41]]","[1. 1. 1. 0. 1. 0. 0. 1. 1. 0. 1. 1. 0. 0. 0. 1. 0. 0. 0. 0. 0. 0. 0. 1.
 0. 0. 0. 1. 1. 0. 0. 0. 1. 1. 0. 1. 0. 0. 0. 0. 0. 1. 1. 0. 0. 0. 0. 1.
 0. 0. 0. 1. 1. 0. 0. 0. 1. 1. 0. 0. 0. 0. 1. 0. 1. 1. 1. 0. 1. 1. 0. 0.
 1. 1. 0. 1. 1. 1. 0. 0. 0. 0. 0. 1. 0. 0. 0. 0. 0. 1. 0. 1. 0. 0. 0. 0.
 1. 1. 0. 0. 0. 1. 0. 0. 0. 1. 1. 1. 0. 1. 1. 0. 1. 0. 0. 0. 0. 0. 0. 0.
 0. 0. 1. 0. 0. 0. 0. 1. 0. 0. 1. 1. 0. 1. 1. 1. 1. 0. 0. 0. 0. 0. 0. 1.
 0. 0. 1. 1. 1. 1. 0. 0. 0. 1. 0. 0. 1. 1. 0. 1. 0. 0. 1. 0. 1. 0. 0. 0.
 0. 1. 0. 0. 0. 0. 1. 1. 1. 1. 0. 1. 0. 0. 1. 1. 0. 1. 0. 0. 1. 0. 1. 1.
 1. 1. 1. 0. 0. 0. 1. 1. 0. 0. 0. 0. 1. 0. 0. 0. 1. 0. 1. 1. 1. 0. 0. 0.
 0. 0. 1. 0. 0. 1. 1. 1. 1. 1. 1. 0. 0. 1. 0. 0. 1. 1. 1. 0. 1. 0. 0. 0.
 0. 0. 0. 1. 0. 0. 0. 0. 1. 1. 0. 1. 0. 1. 0. 0. 0. 1. 0. 1. 0. 1. 1. 1.
 0. 0. 1. 0.]","[0. 1. 0. 0. 0. 1. 1. 1. 0. 0. 0. 0. 0. 1. 0. 0. 1. 1. 0. 0. 0. 0. 0. 1.
 0. 0. 1. 0. 1. 0. 0. 1. 0. 1. 1. 0. 0. 0. 1. 0. 0. 0. 1. 1. 1. 0. 1. 0.
 1. 0. 1. 1. 0. 1. 1. 1. 1. 0. 1. 0. 0. 1. 1. 1. 0. 0. 0. 1. 1. 0. 1. 1.
 0. 0. 1. 0. 0. 1. 0. 1. 0. 1. 1. 1. 0. 1. 0. 1. 1. 1. 1. 1. 1. 1. 1. 0.
 0. 0. 1. 1. 1. 0. 0. 1. 1. 1. 0. 0. 0. 1. 1. 1. 0. 0. 0. 0. 1. 1. 1. 0.
 1. 0. 0. 1. 1. 0. 0. 0. 0. 1. 0. 0. 1. 1. 0. 1. 1. 1. 0. 1. 1. 0. 1. 0.
 1. 1. 0. 0. 0. 1. 1. 0. 1. 1. 0. 1. 0. 0. 0. 1. 1. 1. 0. 1. 0. 1. 1. 0.
 1. 0. 0. 1. 1. 0. 0. 1. 0. 1. 1. 0. 0. 1. 0. 0. 1. 1. 0. 1. 1. 0. 0. 0.
 0. 1. 1. 0. 0. 1. 0. 0. 1. 0. 1. 1. 1. 0. 0. 0. 1. 1. 0. 0. 0. 0. 1. 0.
 0. 1. 0. 1. 1. 1. 1. 0. 0. 0. 0. 1. 1. 1. 1. 0. 1. 1. 1. 1. 0. 1. 0. 0.
 1. 0. 0. 1. 1. 1. 1. 1. 0. 0. 1. 1. 1. 0. 0. 1. 0. 1. 0. 0. 1. 0. 1. 0.
 1. 0. 0. 0.]"
256,SVC,"{'C': 10, 'gamma': 0.01, 'kernel': 'rbf'}",0.38066389540318224,0.18581353220252156,-0.030621822412076297,0.18155743439427227,0.41612192131345366,0.17072110553638192,0.4298916642012876,-0.12686567164179108,0.43656716417910446,0.43656716417910446,"{0: 0.40585319670305187, 1: 0.4058531967030519}","{0: 0.40585319670305187, 1: 0.4058531967030519}",0.4058531967030519,"[[73 61]
 [90 44]]","[1. 1. 1. 1. 0. 0. 0. 0. 1. 0. 1. 0. 1. 0. 1. 0. 0. 0. 1. 0. 0. 0. 0. 0.
 0. 0. 0. 1. 1. 1. 0. 1. 1. 0. 0. 0. 0. 0. 0. 1. 0. 1. 0. 0. 1. 0. 0. 1.
 0. 0. 0. 0. 0. 0. 1. 0. 0. 1. 0. 0. 1. 1. 1. 0. 0. 1. 0. 0. 1. 0. 0. 0.
 0. 0. 0. 1. 1. 1. 1. 0. 0. 0. 0. 0. 1. 0. 0. 1. 1. 1. 0. 1. 0. 1. 0. 0.
 1. 1. 0. 0. 0. 1. 1. 0. 0. 1. 1. 1. 0. 1. 1. 0. 1. 1. 1. 0. 0. 1. 1. 1.
 0. 0. 1. 0. 1. 0. 0. 1. 0. 0. 1. 0. 0. 0. 1. 0. 0. 1. 0. 0. 0. 1. 0. 0.
 0. 0. 0. 1. 1. 1. 0. 0. 0. 1. 0. 1. 1. 1. 1. 0. 0. 0. 1. 0. 1. 0. 0. 0.
 0. 1. 0. 0. 0. 0. 1. 1. 1. 0. 1. 0. 0. 1. 1. 0. 0. 1. 0. 1. 0. 0. 0. 0.
 1. 0. 1. 0. 0. 0. 0. 0. 1. 0. 0. 0. 0. 0. 0. 1. 0. 1. 1. 1. 0. 1. 0. 0.
 0. 0. 1. 0. 0. 0. 0. 1. 1. 1. 1. 1. 0. 1. 0. 1. 1. 1. 1. 1. 0. 0. 0. 0.
 1. 1. 0. 0. 0. 1. 0. 0. 0. 1. 0. 0. 1. 0. 0. 1. 0. 0. 0. 1. 1. 0. 1. 0.
 0. 0. 0. 0.]","[0. 1. 0. 0. 0. 1. 1. 1. 0. 0. 0. 0. 0. 1. 0. 0. 1. 1. 0. 0. 0. 0. 0. 1.
 0. 0. 1. 0. 1. 0. 0. 1. 0. 1. 1. 0. 0. 0. 1. 0. 0. 0. 1. 1. 1. 0. 1. 0.
 1. 0. 1. 1. 0. 1. 1. 1. 1. 0. 1. 0. 0. 1. 1. 1. 0. 0. 0. 1. 1. 0. 1. 1.
 0. 0. 1. 0. 0. 1. 0. 1. 0. 1. 1. 1. 0. 1. 0. 1. 1. 1. 1. 1. 1. 1. 1. 0.
 0. 0. 1. 1. 1. 0. 0. 1. 1. 1. 0. 0. 0. 1. 1. 1. 0. 0. 0. 0. 1. 1. 1. 0.
 1. 0. 0. 1. 1. 0. 0. 0. 0. 1. 0. 0. 1. 1. 0. 1. 1. 1. 0. 1. 1. 0. 1. 0.
 1. 1. 0. 0. 0. 1. 1. 0. 1. 1. 0. 1. 0. 0. 0. 1. 1. 1. 0. 1. 0. 1. 1. 0.
 1. 0. 0. 1. 1. 0. 0. 1. 0. 1. 1. 0. 0. 1. 0. 0. 1. 1. 0. 1. 1. 0. 0. 0.
 0. 1. 1. 0. 0. 1. 0. 0. 1. 0. 1. 1. 1. 0. 0. 0. 1. 1. 0. 0. 0. 0. 1. 0.
 0. 1. 0. 1. 1. 1. 1. 0. 0. 0. 0. 1. 1. 1. 1. 0. 1. 1. 1. 1. 0. 1. 0. 0.
 1. 0. 0. 1. 1. 1. 1. 1. 0. 0. 1. 1. 1. 0. 0. 1. 0. 1. 0. 0. 1. 0. 1. 0.
 1. 0. 0. 0.]"
468,SVC,"{'C': 1000, 'gamma': 0.001, 'kernel': 'sigmoid'}",0.35691078833986795,0.16475777930866398,-0.03437623295810431,0.12492048275528395,0.46307635763280924,0.16219967949854386,0.4156412484942744,-0.0671641791044777,0.4664179104477612,0.46641791044776115,"{0: 0.43038538650033403, 1: 0.43038538650033414}","{0: 0.43038538650033403, 1: 0.43038538650033414}",0.43038538650033414,"[[102  32]
 [111  23]]","[1. 0. 1. 0. 0. 0. 1. 1. 0. 0. 1. 1. 0. 0. 0. 0. 0. 0. 0. 0. 0. 0. 0. 0.
 1. 0. 0. 0. 0. 0. 0. 1. 0. 0. 0. 0. 0. 0. 0. 0. 0. 0. 0. 0. 1. 0. 0. 1.
 0. 0. 0. 0. 1. 0. 0. 0. 1. 0. 0. 0. 0. 0. 0. 0. 0. 1. 0. 0. 0. 0. 0. 0.
 0. 0. 0. 1. 1. 0. 0. 0. 0. 0. 0. 1. 0. 0. 1. 0. 0. 0. 0. 1. 0. 0. 0. 0.
 1. 0. 1. 1. 0. 1. 0. 0. 0. 1. 0. 0. 0. 1. 0. 0. 1. 0. 0. 0. 0. 1. 0. 1.
 0. 0. 0. 0. 0. 0. 0. 0. 1. 0. 0. 0. 0. 0. 0. 1. 0. 0. 0. 1. 0. 1. 0. 1.
 1. 1. 0. 0. 0. 0. 0. 0. 0. 0. 1. 0. 0. 0. 0. 0. 0. 0. 1. 0. 1. 0. 0. 0.
 0. 0. 0. 0. 0. 0. 0. 1. 0. 0. 0. 0. 0. 0. 0. 0. 0. 0. 0. 1. 0. 0. 0. 1.
 1. 0. 1. 0. 1. 0. 0. 0. 0. 0. 0. 0. 0. 0. 0. 1. 1. 0. 1. 0. 0. 0. 0. 0.
 0. 0. 0. 0. 1. 0. 0. 0. 0. 0. 0. 0. 0. 0. 0. 0. 0. 0. 1. 0. 0. 0. 1. 1.
 0. 0. 0. 0. 0. 0. 1. 0. 0. 0. 0. 0. 0. 0. 1. 0. 0. 0. 1. 1. 0. 1. 0. 0.
 0. 0. 0. 0.]","[0. 1. 0. 0. 0. 1. 1. 1. 0. 0. 0. 0. 0. 1. 0. 0. 1. 1. 0. 0. 0. 0. 0. 1.
 0. 0. 1. 0. 1. 0. 0. 1. 0. 1. 1. 0. 0. 0. 1. 0. 0. 0. 1. 1. 1. 0. 1. 0.
 1. 0. 1. 1. 0. 1. 1. 1. 1. 0. 1. 0. 0. 1. 1. 1. 0. 0. 0. 1. 1. 0. 1. 1.
 0. 0. 1. 0. 0. 1. 0. 1. 0. 1. 1. 1. 0. 1. 0. 1. 1. 1. 1. 1. 1. 1. 1. 0.
 0. 0. 1. 1. 1. 0. 0. 1. 1. 1. 0. 0. 0. 1. 1. 1. 0. 0. 0. 0. 1. 1. 1. 0.
 1. 0. 0. 1. 1. 0. 0. 0. 0. 1. 0. 0. 1. 1. 0. 1. 1. 1. 0. 1. 1. 0. 1. 0.
 1. 1. 0. 0. 0. 1. 1. 0. 1. 1. 0. 1. 0. 0. 0. 1. 1. 1. 0. 1. 0. 1. 1. 0.
 1. 0. 0. 1. 1. 0. 0. 1. 0. 1. 1. 0. 0. 1. 0. 0. 1. 1. 0. 1. 1. 0. 0. 0.
 0. 1. 1. 0. 0. 1. 0. 0. 1. 0. 1. 1. 1. 0. 0. 0. 1. 1. 0. 0. 0. 0. 1. 0.
 0. 1. 0. 1. 1. 1. 1. 0. 0. 0. 0. 1. 1. 1. 1. 0. 1. 1. 1. 1. 0. 1. 0. 0.
 1. 0. 0. 1. 1. 1. 1. 1. 0. 0. 1. 1. 1. 0. 0. 1. 0. 1. 0. 0. 1. 0. 1. 0.
 1. 0. 0. 0.]"
134,knn,{'n_neighbors': 165},0.39669499522324875,0.1663281435412901,-0.039104717353909794,0.2239305461813143,0.43081891786528886,0.137258912287679,0.43618251480320447,-0.12686567164179108,0.43656716417910446,0.43656716417910446,"{0: 0.3992815771886834, 1: 0.3992815771886835}","{0: 0.3992815771886834, 1: 0.3992815771886835}",0.3992815771886835,"[[55 79]
 [72 62]]","[1. 1. 1. 0. 0. 0. 0. 1. 0. 1. 0. 1. 1. 0. 0. 0. 0. 1. 1. 0. 1. 1. 1. 0.
 0. 0. 0. 1. 0. 0. 1. 1. 1. 1. 0. 1. 0. 0. 0. 0. 0. 0. 1. 0. 1. 0. 1. 1.
 1. 0. 0. 0. 1. 1. 1. 0. 1. 1. 1. 0. 0. 0. 1. 0. 0. 1. 0. 1. 1. 0. 1. 0.
 1. 1. 0. 1. 1. 1. 1. 0. 1. 0. 0. 1. 1. 0. 1. 1. 0. 1. 1. 1. 0. 0. 0. 1.
 1. 0. 0. 1. 1. 1. 1. 0. 1. 1. 1. 1. 0. 1. 0. 0. 1. 0. 0. 0. 0. 1. 1. 1.
 0. 0. 1. 1. 0. 1. 0. 1. 0. 0. 0. 1. 0. 0. 1. 1. 1. 0. 0. 1. 0. 1. 0. 1.
 0. 1. 0. 1. 1. 0. 0. 0. 1. 1. 0. 0. 1. 0. 0. 0. 0. 0. 1. 0. 1. 0. 0. 0.
 1. 0. 1. 1. 1. 0. 1. 1. 1. 1. 1. 1. 1. 1. 1. 1. 1. 0. 1. 1. 0. 1. 1. 1.
 1. 1. 1. 0. 0. 1. 1. 1. 0. 0. 0. 0. 1. 0. 1. 1. 1. 0. 1. 1. 1. 0. 1. 1.
 0. 0. 0. 0. 0. 1. 0. 1. 0. 1. 0. 0. 0. 0. 0. 1. 1. 0. 1. 0. 0. 0. 1. 1.
 1. 0. 1. 1. 0. 1. 1. 0. 0. 1. 0. 1. 1. 1. 0. 0. 0. 0. 1. 1. 0. 1. 1. 1.
 0. 0. 1. 1.]","[0. 1. 0. 0. 0. 1. 1. 1. 0. 0. 0. 0. 0. 1. 0. 0. 1. 1. 0. 0. 0. 0. 0. 1.
 0. 0. 1. 0. 1. 0. 0. 1. 0. 1. 1. 0. 0. 0. 1. 0. 0. 0. 1. 1. 1. 0. 1. 0.
 1. 0. 1. 1. 0. 1. 1. 1. 1. 0. 1. 0. 0. 1. 1. 1. 0. 0. 0. 1. 1. 0. 1. 1.
 0. 0. 1. 0. 0. 1. 0. 1. 0. 1. 1. 1. 0. 1. 0. 1. 1. 1. 1. 1. 1. 1. 1. 0.
 0. 0. 1. 1. 1. 0. 0. 1. 1. 1. 0. 0. 0. 1. 1. 1. 0. 0. 0. 0. 1. 1. 1. 0.
 1. 0. 0. 1. 1. 0. 0. 0. 0. 1. 0. 0. 1. 1. 0. 1. 1. 1. 0. 1. 1. 0. 1. 0.
 1. 1. 0. 0. 0. 1. 1. 0. 1. 1. 0. 1. 0. 0. 0. 1. 1. 1. 0. 1. 0. 1. 1. 0.
 1. 0. 0. 1. 1. 0. 0. 1. 0. 1. 1. 0. 0. 1. 0. 0. 1. 1. 0. 1. 1. 0. 0. 0.
 0. 1. 1. 0. 0. 1. 0. 0. 1. 0. 1. 1. 1. 0. 0. 0. 1. 1. 0. 0. 0. 0. 1. 0.
 0. 1. 0. 1. 1. 1. 1. 0. 0. 0. 0. 1. 1. 1. 1. 0. 1. 1. 1. 1. 0. 1. 0. 0.
 1. 0. 0. 1. 1. 1. 1. 1. 0. 0. 1. 1. 1. 0. 0. 1. 0. 1. 0. 0. 1. 0. 1. 0.
 1. 0. 0. 0.]"
619,knn,{'n_neighbors': 165},0.39669499522324875,0.1663281435412901,-0.039104717353909794,0.2239305461813143,0.43081891786528886,0.137258912287679,0.43618251480320447,-0.12686567164179108,0.43656716417910446,0.43656716417910446,"{0: 0.3992815771886834, 1: 0.3992815771886835}","{0: 0.3992815771886834, 1: 0.3992815771886835}",0.3992815771886835,"[[55 79]
 [72 62]]","[1. 1. 1. 0. 0. 0. 0. 1. 0. 1. 0. 1. 1. 0. 0. 0. 0. 1. 1. 0. 1. 1. 1. 0.
 0. 0. 0. 1. 0. 0. 1. 1. 1. 1. 0. 1. 0. 0. 0. 0. 0. 0. 1. 0. 1. 0. 1. 1.
 1. 0. 0. 0. 1. 1. 1. 0. 1. 1. 1. 0. 0. 0. 1. 0. 0. 1. 0. 1. 1. 0. 1. 0.
 1. 1. 0. 1. 1. 1. 1. 0. 1. 0. 0. 1. 1. 0. 1. 1. 0. 1. 1. 1. 0. 0. 0. 1.
 1. 0. 0. 1. 1. 1. 1. 0. 1. 1. 1. 1. 0. 1. 0. 0. 1. 0. 0. 0. 0. 1. 1. 1.
 0. 0. 1. 1. 0. 1. 0. 1. 0. 0. 0. 1. 0. 0. 1. 1. 1. 0. 0. 1. 0. 1. 0. 1.
 0. 1. 0. 1. 1. 0. 0. 0. 1. 1. 0. 0. 1. 0. 0. 0. 0. 0. 1. 0. 1. 0. 0. 0.
 1. 0. 1. 1. 1. 0. 1. 1. 1. 1. 1. 1. 1. 1. 1. 1. 1. 0. 1. 1. 0. 1. 1. 1.
 1. 1. 1. 0. 0. 1. 1. 1. 0. 0. 0. 0. 1. 0. 1. 1. 1. 0. 1. 1. 1. 0. 1. 1.
 0. 0. 0. 0. 0. 1. 0. 1. 0. 1. 0. 0. 0. 0. 0. 1. 1. 0. 1. 0. 0. 0. 1. 1.
 1. 0. 1. 1. 0. 1. 1. 0. 0. 1. 0. 1. 1. 1. 0. 0. 0. 0. 1. 1. 0. 1. 1. 1.
 0. 0. 1. 1.]","[0. 1. 0. 0. 0. 1. 1. 1. 0. 0. 0. 0. 0. 1. 0. 0. 1. 1. 0. 0. 0. 0. 0. 1.
 0. 0. 1. 0. 1. 0. 0. 1. 0. 1. 1. 0. 0. 0. 1. 0. 0. 0. 1. 1. 1. 0. 1. 0.
 1. 0. 1. 1. 0. 1. 1. 1. 1. 0. 1. 0. 0. 1. 1. 1. 0. 0. 0. 1. 1. 0. 1. 1.
 0. 0. 1. 0. 0. 1. 0. 1. 0. 1. 1. 1. 0. 1. 0. 1. 1. 1. 1. 1. 1. 1. 1. 0.
 0. 0. 1. 1. 1. 0. 0. 1. 1. 1. 0. 0. 0. 1. 1. 1. 0. 0. 0. 0. 1. 1. 1. 0.
 1. 0. 0. 1. 1. 0. 0. 0. 0. 1. 0. 0. 1. 1. 0. 1. 1. 1. 0. 1. 1. 0. 1. 0.
 1. 1. 0. 0. 0. 1. 1. 0. 1. 1. 0. 1. 0. 0. 0. 1. 1. 1. 0. 1. 0. 1. 1. 0.
 1. 0. 0. 1. 1. 0. 0. 1. 0. 1. 1. 0. 0. 1. 0. 0. 1. 1. 0. 1. 1. 0. 0. 0.
 0. 1. 1. 0. 0. 1. 0. 0. 1. 0. 1. 1. 1. 0. 0. 0. 1. 1. 0. 0. 0. 0. 1. 0.
 0. 1. 0. 1. 1. 1. 1. 0. 0. 0. 0. 1. 1. 1. 1. 0. 1. 1. 1. 1. 0. 1. 0. 0.
 1. 0. 0. 1. 1. 1. 1. 1. 0. 0. 1. 1. 1. 0. 0. 1. 0. 1. 0. 0. 1. 0. 1. 0.
 1. 0. 0. 0.]"
368,SVC,"{'C': 10, 'gamma': 0.01, 'kernel': 'rbf'}",0.3664378171009654,0.1839116258216171,-0.04175956559204277,0.17908006461651227,0.41383838495733655,0.16862219110715487,0.430013611615245,-0.11940298507462677,0.44029850746268656,0.44029850746268656,"{0: 0.40543550902205394, 1: 0.40543550902205394}","{0: 0.40543550902205394, 1: 0.40543550902205394}",0.40543550902205394,"[[77 57]
 [93 41]]","[1. 1. 1. 1. 0. 0. 0. 0. 0. 1. 1. 1. 1. 0. 1. 0. 0. 0. 0. 0. 0. 0. 0. 0.
 0. 0. 0. 0. 0. 1. 0. 1. 1. 0. 1. 1. 0. 0. 0. 1. 0. 1. 1. 0. 0. 1. 0. 1.
 0. 0. 0. 0. 1. 0. 1. 0. 1. 1. 0. 0. 1. 0. 0. 0. 1. 1. 0. 0. 0. 0. 0. 0.
 0. 0. 0. 1. 1. 1. 0. 0. 0. 0. 0. 1. 1. 0. 0. 1. 1. 0. 0. 1. 0. 1. 0. 0.
 1. 1. 0. 0. 0. 1. 0. 0. 0. 1. 1. 1. 1. 1. 1. 0. 1. 1. 1. 0. 0. 1. 0. 1.
 0. 0. 0. 0. 1. 0. 0. 1. 0. 0. 1. 0. 0. 0. 0. 1. 0. 0. 0. 0. 0. 1. 0. 0.
 1. 1. 0. 1. 0. 1. 0. 0. 0. 1. 0. 1. 1. 1. 0. 1. 0. 0. 1. 0. 1. 0. 0. 0.
 0. 0. 0. 0. 0. 0. 0. 1. 1. 0. 1. 0. 0. 1. 1. 0. 0. 1. 0. 1. 0. 0. 0. 1.
 1. 0. 1. 0. 1. 0. 0. 0. 0. 0. 0. 0. 0. 0. 1. 1. 1. 1. 1. 1. 0. 0. 0. 0.
 0. 0. 1. 0. 0. 0. 0. 0. 0. 1. 1. 0. 0. 1. 0. 1. 1. 0. 1. 1. 0. 0. 0. 0.
 1. 0. 0. 0. 0. 1. 0. 0. 0. 0. 0. 0. 1. 0. 0. 1. 0. 0. 0. 1. 0. 1. 1. 0.
 0. 0. 1. 0.]","[0. 1. 0. 0. 0. 1. 1. 1. 0. 0. 0. 0. 0. 1. 0. 0. 1. 1. 0. 0. 0. 0. 0. 1.
 0. 0. 1. 0. 1. 0. 0. 1. 0. 1. 1. 0. 0. 0. 1. 0. 0. 0. 1. 1. 1. 0. 1. 0.
 1. 0. 1. 1. 0. 1. 1. 1. 1. 0. 1. 0. 0. 1. 1. 1. 0. 0. 0. 1. 1. 0. 1. 1.
 0. 0. 1. 0. 0. 1. 0. 1. 0. 1. 1. 1. 0. 1. 0. 1. 1. 1. 1. 1. 1. 1. 1. 0.
 0. 0. 1. 1. 1. 0. 0. 1. 1. 1. 0. 0. 0. 1. 1. 1. 0. 0. 0. 0. 1. 1. 1. 0.
 1. 0. 0. 1. 1. 0. 0. 0. 0. 1. 0. 0. 1. 1. 0. 1. 1. 1. 0. 1. 1. 0. 1. 0.
 1. 1. 0. 0. 0. 1. 1. 0. 1. 1. 0. 1. 0. 0. 0. 1. 1. 1. 0. 1. 0. 1. 1. 0.
 1. 0. 0. 1. 1. 0. 0. 1. 0. 1. 1. 0. 0. 1. 0. 0. 1. 1. 0. 1. 1. 0. 0. 0.
 0. 1. 1. 0. 0. 1. 0. 0. 1. 0. 1. 1. 1. 0. 0. 0. 1. 1. 0. 0. 0. 0. 1. 0.
 0. 1. 0. 1. 1. 1. 1. 0. 0. 0. 0. 1. 1. 1. 1. 0. 1. 1. 1. 1. 0. 1. 0. 0.
 1. 0. 0. 1. 1. 1. 1. 1. 0. 0. 1. 1. 1. 0. 0. 1. 0. 1. 0. 0. 1. 0. 1. 0.
 1. 0. 0. 0.]"
694,SVC,"{'C': 10, 'gamma': 0.001, 'kernel': 'sigmoid'}",0.31238078200851466,0.1630268056763344,-0.04510676319602606,0.13054176486889274,0.42158319950658657,0.14855449702628123,0.39330099330099333,-0.09701492537313428,0.45149253731343286,0.4514925373134328,"{0: 0.3977500556916908, 1: 0.39775005569169075}","{0: 0.3977500556916908, 1: 0.39775005569169075}",0.39775005569169075,"[[102  32]
 [115  19]]","[0. 0. 1. 0. 0. 0. 0. 0. 0. 0. 0. 0. 0. 0. 0. 0. 0. 0. 0. 0. 0. 0. 0. 0.
 0. 0. 0. 1. 1. 0. 0. 1. 0. 0. 0. 0. 0. 0. 0. 0. 0. 0. 0. 0. 0. 0. 0. 0.
 0. 1. 0. 0. 0. 0. 0. 0. 1. 0. 0. 0. 0. 0. 0. 0. 0. 1. 1. 0. 0. 1. 0. 0.
 0. 0. 0. 0. 0. 0. 0. 0. 0. 0. 0. 1. 0. 0. 0. 0. 1. 1. 0. 1. 0. 0. 0. 1.
 1. 1. 0. 0. 0. 0. 0. 0. 0. 0. 1. 1. 0. 0. 0. 0. 0. 1. 0. 0. 0. 1. 0. 0.
 0. 0. 0. 0. 0. 1. 0. 1. 0. 0. 1. 0. 0. 0. 1. 0. 0. 0. 0. 1. 0. 0. 0. 0.
 0. 0. 0. 1. 1. 0. 0. 0. 0. 1. 0. 0. 0. 0. 0. 0. 0. 0. 0. 0. 1. 0. 0. 0.
 0. 1. 0. 0. 0. 0. 0. 1. 0. 1. 0. 0. 0. 0. 1. 0. 1. 1. 0. 1. 1. 0. 1. 1.
 0. 1. 0. 0. 0. 0. 1. 1. 0. 0. 0. 0. 0. 0. 0. 0. 1. 0. 1. 0. 0. 0. 0. 0.
 0. 0. 0. 0. 0. 0. 0. 0. 0. 1. 0. 0. 0. 0. 0. 0. 0. 0. 0. 0. 1. 0. 1. 0.
 0. 0. 0. 0. 0. 0. 0. 0. 0. 0. 0. 1. 0. 0. 0. 0. 0. 0. 0. 1. 0. 0. 0. 1.
 0. 0. 0. 1.]","[0. 1. 0. 0. 0. 1. 1. 1. 0. 0. 0. 0. 0. 1. 0. 0. 1. 1. 0. 0. 0. 0. 0. 1.
 0. 0. 1. 0. 1. 0. 0. 1. 0. 1. 1. 0. 0. 0. 1. 0. 0. 0. 1. 1. 1. 0. 1. 0.
 1. 0. 1. 1. 0. 1. 1. 1. 1. 0. 1. 0. 0. 1. 1. 1. 0. 0. 0. 1. 1. 0. 1. 1.
 0. 0. 1. 0. 0. 1. 0. 1. 0. 1. 1. 1. 0. 1. 0. 1. 1. 1. 1. 1. 1. 1. 1. 0.
 0. 0. 1. 1. 1. 0. 0. 1. 1. 1. 0. 0. 0. 1. 1. 1. 0. 0. 0. 0. 1. 1. 1. 0.
 1. 0. 0. 1. 1. 0. 0. 0. 0. 1. 0. 0. 1. 1. 0. 1. 1. 1. 0. 1. 1. 0. 1. 0.
 1. 1. 0. 0. 0. 1. 1. 0. 1. 1. 0. 1. 0. 0. 0. 1. 1. 1. 0. 1. 0. 1. 1. 0.
 1. 0. 0. 1. 1. 0. 0. 1. 0. 1. 1. 0. 0. 1. 0. 0. 1. 1. 0. 1. 1. 0. 0. 0.
 0. 1. 1. 0. 0. 1. 0. 0. 1. 0. 1. 1. 1. 0. 0. 0. 1. 1. 0. 0. 0. 0. 1. 0.
 0. 1. 0. 1. 1. 1. 1. 0. 0. 0. 0. 1. 1. 1. 1. 0. 1. 1. 1. 1. 0. 1. 0. 0.
 1. 0. 0. 1. 1. 1. 1. 1. 0. 0. 1. 1. 1. 0. 0. 1. 0. 1. 0. 0. 1. 0. 1. 0.
 1. 0. 0. 0.]"
504,SVC,"{'C': 10, 'gamma': 0.01, 'kernel': 'rbf'}",0.35095189089199996,0.16838232109301682,-0.048824190120735966,0.1627441560950121,0.3989341341155857,0.16099229113752025,0.41706214689265536,-0.14925373134328357,0.4253731343283582,0.4253731343283582,"{0: 0.3994208064156827, 1: 0.3994208064156828}","{0: 0.3994208064156827, 1: 0.3994208064156828}",0.3994208064156828,"[[73 61]
 [93 41]]","[1. 0. 1. 1. 0. 0. 0. 1. 0. 0. 1. 0. 0. 0. 1. 0. 0. 0. 0. 0. 0. 0. 0. 0.
 0. 0. 0. 1. 0. 1. 0. 1. 1. 0. 1. 1. 0. 0. 0. 1. 0. 1. 1. 0. 1. 1. 0. 1.
 0. 0. 0. 0. 1. 0. 1. 0. 1. 1. 0. 0. 1. 1. 0. 1. 0. 1. 0. 0. 0. 0. 1. 0.
 0. 0. 0. 1. 1. 1. 1. 0. 0. 0. 0. 1. 1. 0. 0. 1. 1. 0. 0. 1. 0. 1. 0. 0.
 1. 1. 0. 0. 0. 1. 1. 0. 0. 1. 1. 1. 1. 1. 1. 0. 1. 1. 1. 0. 0. 1. 0. 0.
 0. 0. 0. 0. 1. 0. 0. 1. 0. 0. 0. 0. 0. 0. 1. 1. 0. 0. 0. 0. 0. 1. 0. 1.
 0. 0. 1. 1. 1. 0. 0. 0. 0. 1. 0. 1. 1. 1. 1. 1. 0. 0. 1. 0. 1. 0. 0. 1.
 0. 1. 0. 0. 0. 0. 0. 1. 1. 0. 1. 0. 0. 0. 1. 1. 0. 1. 0. 1. 0. 0. 1. 1.
 1. 0. 1. 0. 0. 0. 0. 0. 0. 0. 0. 0. 0. 0. 0. 0. 1. 0. 1. 0. 0. 0. 0. 1.
 0. 0. 0. 0. 0. 0. 1. 0. 0. 1. 1. 0. 0. 1. 0. 1. 0. 0. 1. 1. 0. 0. 0. 0.
 1. 1. 0. 1. 0. 1. 0. 0. 0. 0. 0. 0. 1. 1. 0. 0. 0. 0. 0. 1. 1. 1. 1. 0.
 0. 0. 1. 0.]","[0. 1. 0. 0. 0. 1. 1. 1. 0. 0. 0. 0. 0. 1. 0. 0. 1. 1. 0. 0. 0. 0. 0. 1.
 0. 0. 1. 0. 1. 0. 0. 1. 0. 1. 1. 0. 0. 0. 1. 0. 0. 0. 1. 1. 1. 0. 1. 0.
 1. 0. 1. 1. 0. 1. 1. 1. 1. 0. 1. 0. 0. 1. 1. 1. 0. 0. 0. 1. 1. 0. 1. 1.
 0. 0. 1. 0. 0. 1. 0. 1. 0. 1. 1. 1. 0. 1. 0. 1. 1. 1. 1. 1. 1. 1. 1. 0.
 0. 0. 1. 1. 1. 0. 0. 1. 1. 1. 0. 0. 0. 1. 1. 1. 0. 0. 0. 0. 1. 1. 1. 0.
 1. 0. 0. 1. 1. 0. 0. 0. 0. 1. 0. 0. 1. 1. 0. 1. 1. 1. 0. 1. 1. 0. 1. 0.
 1. 1. 0. 0. 0. 1. 1. 0. 1. 1. 0. 1. 0. 0. 0. 1. 1. 1. 0. 1. 0. 1. 1. 0.
 1. 0. 0. 1. 1. 0. 0. 1. 0. 1. 1. 0. 0. 1. 0. 0. 1. 1. 0. 1. 1. 0. 0. 0.
 0. 1. 1. 0. 0. 1. 0. 0. 1. 0. 1. 1. 1. 0. 0. 0. 1. 1. 0. 0. 0. 0. 1. 0.
 0. 1. 0. 1. 1. 1. 1. 0. 0. 0. 0. 1. 1. 1. 1. 0. 1. 1. 1. 1. 0. 1. 0. 0.
 1. 0. 0. 1. 1. 1. 1. 1. 0. 0. 1. 1. 1. 0. 0. 1. 0. 1. 0. 0. 1. 0. 1. 0.
 1. 0. 0. 0.]"
918,knn,{'n_neighbors': 150},0.4192988891086708,0.15782051130594305,-0.048962923285145454,0.23943777601026708,0.4426359203072913,0.1350349291481284,0.43776223776223777,-0.11940298507462677,0.44029850746268656,0.4402985074626866,"{0: 0.42331254176876804, 1: 0.42331254176876815}","{0: 0.42331254176876804, 1: 0.42331254176876815}",0.42331254176876815,"[[68 66]
 [84 50]]","[1. 0. 1. 0. 1. 0. 0. 1. 0. 1. 1. 1. 1. 0. 0. 0. 0. 1. 1. 0. 1. 1. 1. 0.
 0. 0. 0. 1. 0. 1. 1. 1. 0. 1. 0. 1. 0. 0. 0. 0. 0. 0. 1. 1. 1. 0. 1. 1.
 1. 0. 0. 0. 1. 1. 1. 0. 1. 1. 0. 0. 0. 0. 1. 0. 0. 1. 0. 1. 0. 1. 1. 0.
 0. 1. 0. 0. 0. 1. 1. 0. 1. 0. 0. 1. 1. 1. 1. 0. 1. 1. 1. 0. 0. 0. 0. 1.
 1. 0. 0. 0. 1. 1. 1. 0. 1. 1. 0. 1. 0. 1. 0. 0. 1. 1. 0. 0. 0. 1. 1. 0.
 0. 0. 0. 1. 0. 0. 0. 1. 0. 0. 0. 1. 0. 0. 1. 1. 1. 0. 0. 1. 0. 1. 0. 1.
 0. 0. 0. 0. 1. 0. 0. 0. 1. 0. 0. 0. 0. 0. 0. 0. 0. 0. 1. 0. 1. 0. 0. 0.
 1. 0. 1. 0. 1. 0. 0. 0. 1. 1. 1. 0. 1. 1. 1. 1. 1. 0. 1. 1. 0. 1. 1. 0.
 1. 1. 1. 0. 0. 1. 0. 1. 0. 0. 0. 0. 0. 1. 0. 1. 1. 0. 1. 0. 1. 0. 1. 1.
 0. 0. 0. 0. 0. 0. 0. 0. 0. 0. 1. 0. 0. 0. 1. 1. 0. 0. 1. 0. 0. 1. 0. 1.
 0. 0. 1. 0. 0. 1. 1. 0. 0. 1. 0. 0. 1. 1. 0. 0. 0. 0. 0. 1. 0. 1. 0. 1.
 0. 0. 1. 1.]","[0. 1. 0. 0. 0. 1. 1. 1. 0. 0. 0. 0. 0. 1. 0. 0. 1. 1. 0. 0. 0. 0. 0. 1.
 0. 0. 1. 0. 1. 0. 0. 1. 0. 1. 1. 0. 0. 0. 1. 0. 0. 0. 1. 1. 1. 0. 1. 0.
 1. 0. 1. 1. 0. 1. 1. 1. 1. 0. 1. 0. 0. 1. 1. 1. 0. 0. 0. 1. 1. 0. 1. 1.
 0. 0. 1. 0. 0. 1. 0. 1. 0. 1. 1. 1. 0. 1. 0. 1. 1. 1. 1. 1. 1. 1. 1. 0.
 0. 0. 1. 1. 1. 0. 0. 1. 1. 1. 0. 0. 0. 1. 1. 1. 0. 0. 0. 0. 1. 1. 1. 0.
 1. 0. 0. 1. 1. 0. 0. 0. 0. 1. 0. 0. 1. 1. 0. 1. 1. 1. 0. 1. 1. 0. 1. 0.
 1. 1. 0. 0. 0. 1. 1. 0. 1. 1. 0. 1. 0. 0. 0. 1. 1. 1. 0. 1. 0. 1. 1. 0.
 1. 0. 0. 1. 1. 0. 0. 1. 0. 1. 1. 0. 0. 1. 0. 0. 1. 1. 0. 1. 1. 0. 0. 0.
 0. 1. 1. 0. 0. 1. 0. 0. 1. 0. 1. 1. 1. 0. 0. 0. 1. 1. 0. 0. 0. 0. 1. 0.
 0. 1. 0. 1. 1. 1. 1. 0. 0. 0. 0. 1. 1. 1. 1. 0. 1. 1. 1. 1. 0. 1. 0. 0.
 1. 0. 0. 1. 1. 1. 1. 1. 0. 0. 1. 1. 1. 0. 0. 1. 0. 1. 0. 0. 1. 0. 1. 0.
 1. 0. 0. 0.]"
380,knn,{'n_neighbors': 150},0.4192988891086708,0.15782051130594305,-0.048962923285145454,0.23943777601026708,0.4426359203072913,0.1350349291481284,0.43776223776223777,-0.11940298507462677,0.44029850746268656,0.4402985074626866,"{0: 0.42331254176876804, 1: 0.42331254176876815}","{0: 0.42331254176876804, 1: 0.42331254176876815}",0.42331254176876815,"[[68 66]
 [84 50]]","[1. 0. 1. 0. 1. 0. 0. 1. 0. 1. 1. 1. 1. 0. 0. 0. 0. 1. 1. 0. 1. 1. 1. 0.
 0. 0. 0. 1. 0. 1. 1. 1. 0. 1. 0. 1. 0. 0. 0. 0. 0. 0. 1. 1. 1. 0. 1. 1.
 1. 0. 0. 0. 1. 1. 1. 0. 1. 1. 0. 0. 0. 0. 1. 0. 0. 1. 0. 1. 0. 1. 1. 0.
 0. 1. 0. 0. 0. 1. 1. 0. 1. 0. 0. 1. 1. 1. 1. 0. 1. 1. 1. 0. 0. 0. 0. 1.
 1. 0. 0. 0. 1. 1. 1. 0. 1. 1. 0. 1. 0. 1. 0. 0. 1. 1. 0. 0. 0. 1. 1. 0.
 0. 0. 0. 1. 0. 0. 0. 1. 0. 0. 0. 1. 0. 0. 1. 1. 1. 0. 0. 1. 0. 1. 0. 1.
 0. 0. 0. 0. 1. 0. 0. 0. 1. 0. 0. 0. 0. 0. 0. 0. 0. 0. 1. 0. 1. 0. 0. 0.
 1. 0. 1. 0. 1. 0. 0. 0. 1. 1. 1. 0. 1. 1. 1. 1. 1. 0. 1. 1. 0. 1. 1. 0.
 1. 1. 1. 0. 0. 1. 0. 1. 0. 0. 0. 0. 0. 1. 0. 1. 1. 0. 1. 0. 1. 0. 1. 1.
 0. 0. 0. 0. 0. 0. 0. 0. 0. 0. 1. 0. 0. 0. 1. 1. 0. 0. 1. 0. 0. 1. 0. 1.
 0. 0. 1. 0. 0. 1. 1. 0. 0. 1. 0. 0. 1. 1. 0. 0. 0. 0. 0. 1. 0. 1. 0. 1.
 0. 0. 1. 1.]","[0. 1. 0. 0. 0. 1. 1. 1. 0. 0. 0. 0. 0. 1. 0. 0. 1. 1. 0. 0. 0. 0. 0. 1.
 0. 0. 1. 0. 1. 0. 0. 1. 0. 1. 1. 0. 0. 0. 1. 0. 0. 0. 1. 1. 1. 0. 1. 0.
 1. 0. 1. 1. 0. 1. 1. 1. 1. 0. 1. 0. 0. 1. 1. 1. 0. 0. 0. 1. 1. 0. 1. 1.
 0. 0. 1. 0. 0. 1. 0. 1. 0. 1. 1. 1. 0. 1. 0. 1. 1. 1. 1. 1. 1. 1. 1. 0.
 0. 0. 1. 1. 1. 0. 0. 1. 1. 1. 0. 0. 0. 1. 1. 1. 0. 0. 0. 0. 1. 1. 1. 0.
 1. 0. 0. 1. 1. 0. 0. 0. 0. 1. 0. 0. 1. 1. 0. 1. 1. 1. 0. 1. 1. 0. 1. 0.
 1. 1. 0. 0. 0. 1. 1. 0. 1. 1. 0. 1. 0. 0. 0. 1. 1. 1. 0. 1. 0. 1. 1. 0.
 1. 0. 0. 1. 1. 0. 0. 1. 0. 1. 1. 0. 0. 1. 0. 0. 1. 1. 0. 1. 1. 0. 0. 0.
 0. 1. 1. 0. 0. 1. 0. 0. 1. 0. 1. 1. 1. 0. 0. 0. 1. 1. 0. 0. 0. 0. 1. 0.
 0. 1. 0. 1. 1. 1. 1. 0. 0. 0. 0. 1. 1. 1. 1. 0. 1. 1. 1. 1. 0. 1. 0. 0.
 1. 0. 0. 1. 1. 1. 1. 1. 0. 0. 1. 1. 1. 0. 0. 1. 0. 1. 0. 0. 1. 0. 1. 0.
 1. 0. 0. 0.]"
200,AdaBoost,"{'algorithm': 'SAMME', 'learning_rate': 3.8551020408163263, 'n_estimators': 63}",0.3866796713723664,0.18577313772359919,-0.05358472310865322,0.24232630819841947,0.4565470110833014,0.1583898945398571,0.4236559139784946,-0.04477611940298498,0.47761194029850745,0.4776119402985075,"{0: 0.4155713967476052, 1: 0.4155713967476053}","{0: 0.4155713967476052, 1: 0.4155713967476053}",0.4155713967476053,"[[ 23 111]
 [ 29 105]]","[1. 1. 1. 1. 1. 0. 1. 1. 1. 1. 1. 1. 1. 1. 1. 1. 1. 1. 1. 1. 0. 0. 0. 1.
 1. 1. 0. 0. 0. 1. 1. 1. 1. 1. 1. 1. 1. 1. 1. 1. 0. 1. 1. 0. 1. 0. 1. 1.
 0. 1. 1. 1. 1. 1. 1. 0. 1. 1. 1. 0. 1. 1. 1. 0. 1. 0. 1. 1. 1. 1. 1. 1.
 1. 1. 0. 1. 1. 0. 1. 1. 1. 1. 1. 1. 1. 1. 1. 1. 1. 1. 1. 1. 1. 1. 0. 0.
 1. 0. 1. 1. 1. 1. 1. 0. 0. 1. 0. 1. 1. 1. 1. 1. 1. 1. 1. 1. 1. 1. 0. 1.
 1. 1. 1. 1. 1. 1. 0. 1. 1. 0. 0. 1. 1. 1. 0. 1. 1. 1. 1. 1. 0. 1. 1. 1.
 1. 1. 1. 1. 0. 1. 1. 1. 1. 1. 0. 1. 1. 1. 1. 1. 1. 0. 1. 1. 0. 0. 1. 1.
 0. 0. 0. 0. 0. 1. 1. 1. 1. 0. 1. 1. 1. 1. 1. 1. 1. 1. 1. 1. 1. 1. 1. 1.
 1. 1. 1. 1. 1. 1. 0. 1. 1. 1. 1. 1. 1. 1. 1. 1. 1. 1. 0. 1. 1. 1. 0. 1.
 1. 1. 0. 1. 0. 1. 1. 1. 1. 1. 1. 1. 1. 1. 0. 1. 1. 1. 1. 0. 1. 1. 0. 1.
 0. 1. 1. 1. 1. 1. 1. 1. 1. 1. 1. 0. 0. 1. 1. 1. 1. 1. 1. 1. 1. 1. 1. 1.
 0. 1. 1. 1.]","[0. 1. 0. 0. 0. 1. 1. 1. 0. 0. 0. 0. 0. 1. 0. 0. 1. 1. 0. 0. 0. 0. 0. 1.
 0. 0. 1. 0. 1. 0. 0. 1. 0. 1. 1. 0. 0. 0. 1. 0. 0. 0. 1. 1. 1. 0. 1. 0.
 1. 0. 1. 1. 0. 1. 1. 1. 1. 0. 1. 0. 0. 1. 1. 1. 0. 0. 0. 1. 1. 0. 1. 1.
 0. 0. 1. 0. 0. 1. 0. 1. 0. 1. 1. 1. 0. 1. 0. 1. 1. 1. 1. 1. 1. 1. 1. 0.
 0. 0. 1. 1. 1. 0. 0. 1. 1. 1. 0. 0. 0. 1. 1. 1. 0. 0. 0. 0. 1. 1. 1. 0.
 1. 0. 0. 1. 1. 0. 0. 0. 0. 1. 0. 0. 1. 1. 0. 1. 1. 1. 0. 1. 1. 0. 1. 0.
 1. 1. 0. 0. 0. 1. 1. 0. 1. 1. 0. 1. 0. 0. 0. 1. 1. 1. 0. 1. 0. 1. 1. 0.
 1. 0. 0. 1. 1. 0. 0. 1. 0. 1. 1. 0. 0. 1. 0. 0. 1. 1. 0. 1. 1. 0. 0. 0.
 0. 1. 1. 0. 0. 1. 0. 0. 1. 0. 1. 1. 1. 0. 0. 0. 1. 1. 0. 0. 0. 0. 1. 0.
 0. 1. 0. 1. 1. 1. 1. 0. 0. 0. 0. 1. 1. 1. 1. 0. 1. 1. 1. 1. 0. 1. 0. 0.
 1. 0. 0. 1. 1. 1. 1. 1. 0. 0. 1. 1. 1. 0. 0. 1. 0. 1. 0. 0. 1. 0. 1. 0.
 1. 0. 0. 0.]"
856,AdaBoost,"{'algorithm': 'SAMME', 'learning_rate': 3.8551020408163263, 'n_estimators': 63}",0.3866796713723664,0.18577313772359919,-0.05358472310865322,0.24232630819841947,0.4565470110833014,0.1583898945398571,0.4236559139784946,-0.04477611940298498,0.47761194029850745,0.4776119402985075,"{0: 0.4155713967476052, 1: 0.4155713967476053}","{0: 0.4155713967476052, 1: 0.4155713967476053}",0.4155713967476053,"[[ 23 111]
 [ 29 105]]","[1. 1. 1. 1. 1. 0. 1. 1. 1. 1. 1. 1. 1. 1. 1. 1. 1. 1. 1. 1. 0. 0. 0. 1.
 1. 1. 0. 0. 0. 1. 1. 1. 1. 1. 1. 1. 1. 1. 1. 1. 0. 1. 1. 0. 1. 0. 1. 1.
 0. 1. 1. 1. 1. 1. 1. 0. 1. 1. 1. 0. 1. 1. 1. 0. 1. 0. 1. 1. 1. 1. 1. 1.
 1. 1. 0. 1. 1. 0. 1. 1. 1. 1. 1. 1. 1. 1. 1. 1. 1. 1. 1. 1. 1. 1. 0. 0.
 1. 0. 1. 1. 1. 1. 1. 0. 0. 1. 0. 1. 1. 1. 1. 1. 1. 1. 1. 1. 1. 1. 0. 1.
 1. 1. 1. 1. 1. 1. 0. 1. 1. 0. 0. 1. 1. 1. 0. 1. 1. 1. 1. 1. 0. 1. 1. 1.
 1. 1. 1. 1. 0. 1. 1. 1. 1. 1. 0. 1. 1. 1. 1. 1. 1. 0. 1. 1. 0. 0. 1. 1.
 0. 0. 0. 0. 0. 1. 1. 1. 1. 0. 1. 1. 1. 1. 1. 1. 1. 1. 1. 1. 1. 1. 1. 1.
 1. 1. 1. 1. 1. 1. 0. 1. 1. 1. 1. 1. 1. 1. 1. 1. 1. 1. 0. 1. 1. 1. 0. 1.
 1. 1. 0. 1. 0. 1. 1. 1. 1. 1. 1. 1. 1. 1. 0. 1. 1. 1. 1. 0. 1. 1. 0. 1.
 0. 1. 1. 1. 1. 1. 1. 1. 1. 1. 1. 0. 0. 1. 1. 1. 1. 1. 1. 1. 1. 1. 1. 1.
 0. 1. 1. 1.]","[0. 1. 0. 0. 0. 1. 1. 1. 0. 0. 0. 0. 0. 1. 0. 0. 1. 1. 0. 0. 0. 0. 0. 1.
 0. 0. 1. 0. 1. 0. 0. 1. 0. 1. 1. 0. 0. 0. 1. 0. 0. 0. 1. 1. 1. 0. 1. 0.
 1. 0. 1. 1. 0. 1. 1. 1. 1. 0. 1. 0. 0. 1. 1. 1. 0. 0. 0. 1. 1. 0. 1. 1.
 0. 0. 1. 0. 0. 1. 0. 1. 0. 1. 1. 1. 0. 1. 0. 1. 1. 1. 1. 1. 1. 1. 1. 0.
 0. 0. 1. 1. 1. 0. 0. 1. 1. 1. 0. 0. 0. 1. 1. 1. 0. 0. 0. 0. 1. 1. 1. 0.
 1. 0. 0. 1. 1. 0. 0. 0. 0. 1. 0. 0. 1. 1. 0. 1. 1. 1. 0. 1. 1. 0. 1. 0.
 1. 1. 0. 0. 0. 1. 1. 0. 1. 1. 0. 1. 0. 0. 0. 1. 1. 1. 0. 1. 0. 1. 1. 0.
 1. 0. 0. 1. 1. 0. 0. 1. 0. 1. 1. 0. 0. 1. 0. 0. 1. 1. 0. 1. 1. 0. 0. 0.
 0. 1. 1. 0. 0. 1. 0. 0. 1. 0. 1. 1. 1. 0. 0. 0. 1. 1. 0. 0. 0. 0. 1. 0.
 0. 1. 0. 1. 1. 1. 1. 0. 0. 0. 0. 1. 1. 1. 1. 0. 1. 1. 1. 1. 0. 1. 0. 0.
 1. 0. 0. 1. 1. 1. 1. 1. 0. 0. 1. 1. 1. 0. 0. 1. 0. 1. 0. 0. 1. 0. 1. 0.
 1. 0. 0. 0.]"
774,SVC,"{'C': 10, 'gamma': 0.001, 'kernel': 'sigmoid'}",0.3439472946969824,0.1893739561190512,-0.05430066503386711,0.22932171314615907,0.4393362182172666,0.18485849701333323,0.40674004241551726,-0.0671641791044777,0.4664179104477612,0.4664179104477612,"{0: 0.4098908442860325, 1: 0.4098908442860325}","{0: 0.4098908442860325, 1: 0.4098908442860325}",0.4098908442860325,"[[105  29]
 [114  20]]","[0. 0. 1. 0. 0. 0. 0. 0. 0. 0. 0. 1. 0. 0. 0. 0. 0. 0. 0. 0. 0. 0. 0. 0.
 0. 0. 0. 1. 1. 0. 0. 0. 0. 0. 0. 0. 0. 0. 0. 0. 0. 0. 0. 0. 1. 0. 0. 0.
 0. 0. 0. 0. 0. 0. 0. 0. 1. 0. 0. 0. 0. 0. 0. 0. 0. 1. 1. 0. 0. 1. 1. 0.
 0. 0. 0. 0. 0. 0. 0. 0. 0. 0. 0. 0. 0. 0. 0. 0. 0. 1. 0. 0. 0. 0. 0. 1.
 1. 0. 0. 0. 0. 0. 0. 0. 0. 0. 1. 1. 0. 0. 0. 0. 0. 1. 0. 0. 0. 1. 0. 1.
 0. 0. 0. 1. 0. 1. 0. 0. 0. 0. 1. 0. 0. 0. 1. 0. 0. 0. 0. 1. 0. 0. 0. 1.
 0. 1. 1. 0. 1. 0. 0. 1. 1. 1. 1. 0. 0. 0. 0. 0. 0. 0. 0. 0. 0. 0. 0. 0.
 0. 1. 0. 0. 0. 0. 0. 0. 0. 1. 0. 0. 0. 0. 0. 0. 1. 1. 0. 1. 1. 0. 0. 0.
 0. 0. 0. 0. 0. 0. 1. 1. 0. 0. 0. 0. 0. 0. 1. 1. 1. 0. 1. 0. 0. 0. 0. 0.
 0. 0. 0. 0. 1. 0. 0. 0. 0. 1. 0. 0. 0. 0. 0. 0. 0. 0. 0. 0. 0. 0. 0. 0.
 0. 0. 0. 1. 0. 0. 0. 0. 0. 0. 0. 1. 0. 0. 0. 0. 0. 0. 0. 0. 0. 0. 0. 1.
 0. 0. 0. 1.]","[0. 1. 0. 0. 0. 1. 1. 1. 0. 0. 0. 0. 0. 1. 0. 0. 1. 1. 0. 0. 0. 0. 0. 1.
 0. 0. 1. 0. 1. 0. 0. 1. 0. 1. 1. 0. 0. 0. 1. 0. 0. 0. 1. 1. 1. 0. 1. 0.
 1. 0. 1. 1. 0. 1. 1. 1. 1. 0. 1. 0. 0. 1. 1. 1. 0. 0. 0. 1. 1. 0. 1. 1.
 0. 0. 1. 0. 0. 1. 0. 1. 0. 1. 1. 1. 0. 1. 0. 1. 1. 1. 1. 1. 1. 1. 1. 0.
 0. 0. 1. 1. 1. 0. 0. 1. 1. 1. 0. 0. 0. 1. 1. 1. 0. 0. 0. 0. 1. 1. 1. 0.
 1. 0. 0. 1. 1. 0. 0. 0. 0. 1. 0. 0. 1. 1. 0. 1. 1. 1. 0. 1. 1. 0. 1. 0.
 1. 1. 0. 0. 0. 1. 1. 0. 1. 1. 0. 1. 0. 0. 0. 1. 1. 1. 0. 1. 0. 1. 1. 0.
 1. 0. 0. 1. 1. 0. 0. 1. 0. 1. 1. 0. 0. 1. 0. 0. 1. 1. 0. 1. 1. 0. 0. 0.
 0. 1. 1. 0. 0. 1. 0. 0. 1. 0. 1. 1. 1. 0. 0. 0. 1. 1. 0. 0. 0. 0. 1. 0.
 0. 1. 0. 1. 1. 1. 1. 0. 0. 0. 0. 1. 1. 1. 1. 0. 1. 1. 1. 1. 0. 1. 0. 0.
 1. 0. 0. 1. 1. 1. 1. 1. 0. 0. 1. 1. 1. 0. 0. 1. 0. 1. 0. 0. 1. 0. 1. 0.
 1. 0. 0. 0.]"
391,knn,{'n_neighbors': 205},0.381835071158439,0.19595392390897431,-0.055207117565587015,0.2753566501801174,0.4224201966641483,0.16879728489131587,0.4093600103712026,-0.14179104477611948,0.4291044776119403,0.42910447761194026,"{0: 0.38711294274894187, 1: 0.3871129427489419}","{0: 0.38711294274894187, 1: 0.3871129427489419}",0.3871129427489419,"[[ 33 101]
 [ 52  82]]","[1. 1. 1. 1. 1. 0. 1. 0. 1. 1. 1. 1. 1. 0. 1. 0. 0. 1. 0. 0. 1. 1. 1. 1.
 1. 1. 1. 1. 1. 1. 0. 1. 1. 1. 0. 1. 0. 1. 0. 0. 1. 1. 1. 0. 1. 1. 0. 1.
 0. 0. 1. 1. 1. 0. 1. 0. 1. 1. 1. 1. 0. 1. 1. 0. 1. 1. 1. 0. 1. 1. 0. 0.
 0. 1. 1. 1. 1. 0. 0. 1. 0. 1. 0. 1. 0. 0. 0. 1. 1. 1. 0. 1. 0. 1. 0. 0.
 1. 1. 1. 0. 0. 1. 1. 1. 1. 1. 1. 1. 1. 1. 0. 1. 1. 0. 0. 0. 1. 1. 0. 1.
 0. 0. 1. 1. 1. 1. 1. 1. 1. 0. 1. 1. 1. 1. 1. 1. 0. 1. 0. 0. 1. 1. 0. 1.
 1. 1. 1. 1. 1. 1. 0. 1. 1. 1. 1. 0. 1. 1. 1. 1. 0. 0. 1. 1. 1. 1. 0. 0.
 1. 1. 0. 1. 1. 1. 1. 1. 0. 1. 0. 1. 0. 0. 1. 1. 1. 1. 0. 1. 0. 1. 1. 1.
 1. 1. 1. 1. 1. 1. 1. 1. 0. 1. 1. 0. 1. 0. 1. 0. 1. 1. 1. 1. 1. 1. 1. 0.
 1. 1. 1. 0. 1. 1. 1. 1. 1. 1. 1. 0. 0. 1. 0. 0. 1. 1. 1. 0. 1. 0. 1. 0.
 1. 1. 1. 1. 0. 0. 0. 0. 1. 1. 1. 1. 0. 1. 1. 1. 1. 1. 0. 1. 1. 1. 1. 0.
 0. 0. 1. 0.]","[0. 1. 0. 0. 0. 1. 1. 1. 0. 0. 0. 0. 0. 1. 0. 0. 1. 1. 0. 0. 0. 0. 0. 1.
 0. 0. 1. 0. 1. 0. 0. 1. 0. 1. 1. 0. 0. 0. 1. 0. 0. 0. 1. 1. 1. 0. 1. 0.
 1. 0. 1. 1. 0. 1. 1. 1. 1. 0. 1. 0. 0. 1. 1. 1. 0. 0. 0. 1. 1. 0. 1. 1.
 0. 0. 1. 0. 0. 1. 0. 1. 0. 1. 1. 1. 0. 1. 0. 1. 1. 1. 1. 1. 1. 1. 1. 0.
 0. 0. 1. 1. 1. 0. 0. 1. 1. 1. 0. 0. 0. 1. 1. 1. 0. 0. 0. 0. 1. 1. 1. 0.
 1. 0. 0. 1. 1. 0. 0. 0. 0. 1. 0. 0. 1. 1. 0. 1. 1. 1. 0. 1. 1. 0. 1. 0.
 1. 1. 0. 0. 0. 1. 1. 0. 1. 1. 0. 1. 0. 0. 0. 1. 1. 1. 0. 1. 0. 1. 1. 0.
 1. 0. 0. 1. 1. 0. 0. 1. 0. 1. 1. 0. 0. 1. 0. 0. 1. 1. 0. 1. 1. 0. 0. 0.
 0. 1. 1. 0. 0. 1. 0. 0. 1. 0. 1. 1. 1. 0. 0. 0. 1. 1. 0. 0. 0. 0. 1. 0.
 0. 1. 0. 1. 1. 1. 1. 0. 0. 0. 0. 1. 1. 1. 1. 0. 1. 1. 1. 1. 0. 1. 0. 0.
 1. 0. 0. 1. 1. 1. 1. 1. 0. 0. 1. 1. 1. 0. 0. 1. 0. 1. 0. 0. 1. 0. 1. 0.
 1. 0. 0. 0.]"
890,knn,{'n_neighbors': 205},0.381835071158439,0.19595392390897431,-0.055207117565587015,0.2753566501801174,0.4224201966641483,0.16879728489131587,0.4093600103712026,-0.14179104477611948,0.4291044776119403,0.42910447761194026,"{0: 0.38711294274894187, 1: 0.3871129427489419}","{0: 0.38711294274894187, 1: 0.3871129427489419}",0.3871129427489419,"[[ 33 101]
 [ 52  82]]","[1. 1. 1. 1. 1. 0. 1. 0. 1. 1. 1. 1. 1. 0. 1. 0. 0. 1. 0. 0. 1. 1. 1. 1.
 1. 1. 1. 1. 1. 1. 0. 1. 1. 1. 0. 1. 0. 1. 0. 0. 1. 1. 1. 0. 1. 1. 0. 1.
 0. 0. 1. 1. 1. 0. 1. 0. 1. 1. 1. 1. 0. 1. 1. 0. 1. 1. 1. 0. 1. 1. 0. 0.
 0. 1. 1. 1. 1. 0. 0. 1. 0. 1. 0. 1. 0. 0. 0. 1. 1. 1. 0. 1. 0. 1. 0. 0.
 1. 1. 1. 0. 0. 1. 1. 1. 1. 1. 1. 1. 1. 1. 0. 1. 1. 0. 0. 0. 1. 1. 0. 1.
 0. 0. 1. 1. 1. 1. 1. 1. 1. 0. 1. 1. 1. 1. 1. 1. 0. 1. 0. 0. 1. 1. 0. 1.
 1. 1. 1. 1. 1. 1. 0. 1. 1. 1. 1. 0. 1. 1. 1. 1. 0. 0. 1. 1. 1. 1. 0. 0.
 1. 1. 0. 1. 1. 1. 1. 1. 0. 1. 0. 1. 0. 0. 1. 1. 1. 1. 0. 1. 0. 1. 1. 1.
 1. 1. 1. 1. 1. 1. 1. 1. 0. 1. 1. 0. 1. 0. 1. 0. 1. 1. 1. 1. 1. 1. 1. 0.
 1. 1. 1. 0. 1. 1. 1. 1. 1. 1. 1. 0. 0. 1. 0. 0. 1. 1. 1. 0. 1. 0. 1. 0.
 1. 1. 1. 1. 0. 0. 0. 0. 1. 1. 1. 1. 0. 1. 1. 1. 1. 1. 0. 1. 1. 1. 1. 0.
 0. 0. 1. 0.]","[0. 1. 0. 0. 0. 1. 1. 1. 0. 0. 0. 0. 0. 1. 0. 0. 1. 1. 0. 0. 0. 0. 0. 1.
 0. 0. 1. 0. 1. 0. 0. 1. 0. 1. 1. 0. 0. 0. 1. 0. 0. 0. 1. 1. 1. 0. 1. 0.
 1. 0. 1. 1. 0. 1. 1. 1. 1. 0. 1. 0. 0. 1. 1. 1. 0. 0. 0. 1. 1. 0. 1. 1.
 0. 0. 1. 0. 0. 1. 0. 1. 0. 1. 1. 1. 0. 1. 0. 1. 1. 1. 1. 1. 1. 1. 1. 0.
 0. 0. 1. 1. 1. 0. 0. 1. 1. 1. 0. 0. 0. 1. 1. 1. 0. 0. 0. 0. 1. 1. 1. 0.
 1. 0. 0. 1. 1. 0. 0. 0. 0. 1. 0. 0. 1. 1. 0. 1. 1. 1. 0. 1. 1. 0. 1. 0.
 1. 1. 0. 0. 0. 1. 1. 0. 1. 1. 0. 1. 0. 0. 0. 1. 1. 1. 0. 1. 0. 1. 1. 0.
 1. 0. 0. 1. 1. 0. 0. 1. 0. 1. 1. 0. 0. 1. 0. 0. 1. 1. 0. 1. 1. 0. 0. 0.
 0. 1. 1. 0. 0. 1. 0. 0. 1. 0. 1. 1. 1. 0. 0. 0. 1. 1. 0. 0. 0. 0. 1. 0.
 0. 1. 0. 1. 1. 1. 1. 0. 0. 0. 0. 1. 1. 1. 1. 0. 1. 1. 1. 1. 0. 1. 0. 0.
 1. 0. 0. 1. 1. 1. 1. 1. 0. 0. 1. 1. 1. 0. 0. 1. 0. 1. 0. 0. 1. 0. 1. 0.
 1. 0. 0. 0.]"
173,knn,{'n_neighbors': 175},0.38081607563949676,0.21142856711422894,-0.057585593775895394,0.34886610506817406,0.4209564405128921,0.18842896615538052,0.4284599194346487,-0.14179104477611948,0.4291044776119403,0.42910447761194026,"{0: 0.3910113611049232, 1: 0.3910113611049231}","{0: 0.3910113611049232, 1: 0.3910113611049231}",0.3910113611049231,"[[53 81]
 [72 62]]","[1. 0. 1. 0. 0. 1. 0. 1. 0. 1. 1. 1. 1. 0. 0. 0. 0. 1. 1. 0. 1. 1. 1. 0.
 0. 0. 0. 1. 1. 0. 1. 1. 0. 0. 0. 1. 0. 1. 0. 1. 0. 0. 1. 0. 0. 0. 1. 1.
 1. 1. 0. 0. 1. 1. 0. 0. 1. 1. 0. 0. 0. 0. 1. 0. 0. 1. 0. 1. 1. 0. 1. 0.
 1. 1. 0. 1. 1. 1. 1. 0. 0. 0. 0. 1. 1. 0. 0. 0. 0. 1. 1. 1. 0. 0. 0. 1.
 1. 0. 1. 1. 1. 1. 1. 0. 1. 1. 1. 1. 0. 1. 0. 0. 1. 1. 0. 0. 0. 1. 1. 1.
 0. 0. 1. 1. 0. 1. 0. 1. 1. 0. 0. 1. 1. 1. 1. 1. 1. 0. 0. 1. 0. 1. 0. 1.
 0. 1. 1. 1. 1. 0. 0. 0. 1. 0. 1. 0. 1. 0. 0. 1. 0. 0. 1. 0. 1. 0. 0. 0.
 0. 0. 1. 1. 1. 0. 0. 1. 1. 1. 1. 1. 1. 0. 1. 0. 1. 1. 1. 1. 0. 1. 1. 1.
 1. 1. 1. 0. 0. 1. 1. 1. 0. 0. 1. 0. 1. 0. 1. 1. 1. 0. 1. 1. 1. 0. 1. 1.
 0. 0. 0. 0. 0. 1. 1. 1. 1. 1. 0. 0. 0. 0. 0. 1. 1. 0. 1. 0. 0. 0. 1. 0.
 1. 0. 1. 1. 0. 1. 0. 0. 0. 1. 1. 1. 1. 1. 0. 0. 0. 0. 0. 1. 0. 1. 1. 1.
 0. 0. 1. 1.]","[0. 1. 0. 0. 0. 1. 1. 1. 0. 0. 0. 0. 0. 1. 0. 0. 1. 1. 0. 0. 0. 0. 0. 1.
 0. 0. 1. 0. 1. 0. 0. 1. 0. 1. 1. 0. 0. 0. 1. 0. 0. 0. 1. 1. 1. 0. 1. 0.
 1. 0. 1. 1. 0. 1. 1. 1. 1. 0. 1. 0. 0. 1. 1. 1. 0. 0. 0. 1. 1. 0. 1. 1.
 0. 0. 1. 0. 0. 1. 0. 1. 0. 1. 1. 1. 0. 1. 0. 1. 1. 1. 1. 1. 1. 1. 1. 0.
 0. 0. 1. 1. 1. 0. 0. 1. 1. 1. 0. 0. 0. 1. 1. 1. 0. 0. 0. 0. 1. 1. 1. 0.
 1. 0. 0. 1. 1. 0. 0. 0. 0. 1. 0. 0. 1. 1. 0. 1. 1. 1. 0. 1. 1. 0. 1. 0.
 1. 1. 0. 0. 0. 1. 1. 0. 1. 1. 0. 1. 0. 0. 0. 1. 1. 1. 0. 1. 0. 1. 1. 0.
 1. 0. 0. 1. 1. 0. 0. 1. 0. 1. 1. 0. 0. 1. 0. 0. 1. 1. 0. 1. 1. 0. 0. 0.
 0. 1. 1. 0. 0. 1. 0. 0. 1. 0. 1. 1. 1. 0. 0. 0. 1. 1. 0. 0. 0. 0. 1. 0.
 0. 1. 0. 1. 1. 1. 1. 0. 0. 0. 0. 1. 1. 1. 1. 0. 1. 1. 1. 1. 0. 1. 0. 0.
 1. 0. 0. 1. 1. 1. 1. 1. 0. 0. 1. 1. 1. 0. 0. 1. 0. 1. 0. 0. 1. 0. 1. 0.
 1. 0. 0. 0.]"
643,knn,{'n_neighbors': 175},0.38081607563949676,0.21142856711422894,-0.057585593775895394,0.34886610506817406,0.4209564405128921,0.18842896615538052,0.4284599194346487,-0.14179104477611948,0.4291044776119403,0.42910447761194026,"{0: 0.3910113611049232, 1: 0.3910113611049231}","{0: 0.3910113611049232, 1: 0.3910113611049231}",0.3910113611049231,"[[53 81]
 [72 62]]","[1. 0. 1. 0. 0. 1. 0. 1. 0. 1. 1. 1. 1. 0. 0. 0. 0. 1. 1. 0. 1. 1. 1. 0.
 0. 0. 0. 1. 1. 0. 1. 1. 0. 0. 0. 1. 0. 1. 0. 1. 0. 0. 1. 0. 0. 0. 1. 1.
 1. 1. 0. 0. 1. 1. 0. 0. 1. 1. 0. 0. 0. 0. 1. 0. 0. 1. 0. 1. 1. 0. 1. 0.
 1. 1. 0. 1. 1. 1. 1. 0. 0. 0. 0. 1. 1. 0. 0. 0. 0. 1. 1. 1. 0. 0. 0. 1.
 1. 0. 1. 1. 1. 1. 1. 0. 1. 1. 1. 1. 0. 1. 0. 0. 1. 1. 0. 0. 0. 1. 1. 1.
 0. 0. 1. 1. 0. 1. 0. 1. 1. 0. 0. 1. 1. 1. 1. 1. 1. 0. 0. 1. 0. 1. 0. 1.
 0. 1. 1. 1. 1. 0. 0. 0. 1. 0. 1. 0. 1. 0. 0. 1. 0. 0. 1. 0. 1. 0. 0. 0.
 0. 0. 1. 1. 1. 0. 0. 1. 1. 1. 1. 1. 1. 0. 1. 0. 1. 1. 1. 1. 0. 1. 1. 1.
 1. 1. 1. 0. 0. 1. 1. 1. 0. 0. 1. 0. 1. 0. 1. 1. 1. 0. 1. 1. 1. 0. 1. 1.
 0. 0. 0. 0. 0. 1. 1. 1. 1. 1. 0. 0. 0. 0. 0. 1. 1. 0. 1. 0. 0. 0. 1. 0.
 1. 0. 1. 1. 0. 1. 0. 0. 0. 1. 1. 1. 1. 1. 0. 0. 0. 0. 0. 1. 0. 1. 1. 1.
 0. 0. 1. 1.]","[0. 1. 0. 0. 0. 1. 1. 1. 0. 0. 0. 0. 0. 1. 0. 0. 1. 1. 0. 0. 0. 0. 0. 1.
 0. 0. 1. 0. 1. 0. 0. 1. 0. 1. 1. 0. 0. 0. 1. 0. 0. 0. 1. 1. 1. 0. 1. 0.
 1. 0. 1. 1. 0. 1. 1. 1. 1. 0. 1. 0. 0. 1. 1. 1. 0. 0. 0. 1. 1. 0. 1. 1.
 0. 0. 1. 0. 0. 1. 0. 1. 0. 1. 1. 1. 0. 1. 0. 1. 1. 1. 1. 1. 1. 1. 1. 0.
 0. 0. 1. 1. 1. 0. 0. 1. 1. 1. 0. 0. 0. 1. 1. 1. 0. 0. 0. 0. 1. 1. 1. 0.
 1. 0. 0. 1. 1. 0. 0. 0. 0. 1. 0. 0. 1. 1. 0. 1. 1. 1. 0. 1. 1. 0. 1. 0.
 1. 1. 0. 0. 0. 1. 1. 0. 1. 1. 0. 1. 0. 0. 0. 1. 1. 1. 0. 1. 0. 1. 1. 0.
 1. 0. 0. 1. 1. 0. 0. 1. 0. 1. 1. 0. 0. 1. 0. 0. 1. 1. 0. 1. 1. 0. 0. 0.
 0. 1. 1. 0. 0. 1. 0. 0. 1. 0. 1. 1. 1. 0. 0. 0. 1. 1. 0. 0. 0. 0. 1. 0.
 0. 1. 0. 1. 1. 1. 1. 0. 0. 0. 0. 1. 1. 1. 1. 0. 1. 1. 1. 1. 0. 1. 0. 0.
 1. 0. 0. 1. 1. 1. 1. 1. 0. 0. 1. 1. 1. 0. 0. 1. 0. 1. 0. 0. 1. 0. 1. 0.
 1. 0. 0. 0.]"
281,knn,{'n_neighbors': 195},0.357324577387558,0.19227758387012447,-0.05946377785049043,0.29179463348728485,0.3917965379154895,0.1738252781306879,0.4116063966911713,-0.15671641791044766,0.4216417910447761,0.42164179104477617,"{0: 0.37032189797282244, 1: 0.37032189797282244}","{0: 0.37032189797282244, 1: 0.37032189797282244}",0.37032189797282244,"[[39 95]
 [60 74]]","[1. 1. 1. 1. 1. 0. 1. 0. 0. 1. 1. 1. 1. 0. 0. 0. 0. 0. 1. 0. 1. 1. 1. 1.
 0. 1. 1. 0. 1. 0. 1. 1. 1. 1. 1. 1. 0. 1. 0. 0. 0. 1. 1. 0. 0. 0. 1. 1.
 1. 1. 0. 1. 1. 0. 1. 0. 1. 1. 1. 0. 0. 1. 1. 0. 1. 1. 1. 1. 1. 1. 0. 0.
 0. 1. 0. 1. 1. 0. 1. 0. 0. 0. 0. 1. 0. 0. 0. 0. 1. 1. 1. 1. 0. 0. 0. 0.
 1. 1. 1. 0. 0. 1. 1. 1. 1. 1. 1. 1. 1. 1. 0. 1. 1. 1. 1. 0. 0. 1. 0. 1.
 0. 0. 1. 1. 1. 1. 1. 1. 1. 0. 1. 1. 1. 1. 1. 1. 0. 1. 0. 0. 1. 1. 0. 1.
 0. 1. 1. 1. 1. 1. 0. 1. 0. 1. 1. 1. 1. 1. 1. 1. 0. 0. 1. 1. 1. 1. 0. 0.
 0. 1. 1. 0. 1. 0. 1. 1. 0. 1. 0. 1. 0. 0. 1. 0. 0. 1. 1. 1. 1. 0. 1. 1.
 1. 1. 1. 1. 1. 1. 1. 1. 0. 0. 1. 0. 1. 1. 1. 0. 1. 1. 1. 1. 1. 1. 1. 1.
 0. 0. 1. 0. 0. 1. 1. 1. 1. 1. 0. 0. 0. 1. 0. 0. 1. 1. 1. 1. 1. 0. 1. 0.
 0. 1. 1. 1. 0. 1. 0. 0. 1. 0. 1. 1. 1. 1. 0. 1. 1. 1. 0. 1. 0. 1. 1. 0.
 0. 0. 1. 0.]","[0. 1. 0. 0. 0. 1. 1. 1. 0. 0. 0. 0. 0. 1. 0. 0. 1. 1. 0. 0. 0. 0. 0. 1.
 0. 0. 1. 0. 1. 0. 0. 1. 0. 1. 1. 0. 0. 0. 1. 0. 0. 0. 1. 1. 1. 0. 1. 0.
 1. 0. 1. 1. 0. 1. 1. 1. 1. 0. 1. 0. 0. 1. 1. 1. 0. 0. 0. 1. 1. 0. 1. 1.
 0. 0. 1. 0. 0. 1. 0. 1. 0. 1. 1. 1. 0. 1. 0. 1. 1. 1. 1. 1. 1. 1. 1. 0.
 0. 0. 1. 1. 1. 0. 0. 1. 1. 1. 0. 0. 0. 1. 1. 1. 0. 0. 0. 0. 1. 1. 1. 0.
 1. 0. 0. 1. 1. 0. 0. 0. 0. 1. 0. 0. 1. 1. 0. 1. 1. 1. 0. 1. 1. 0. 1. 0.
 1. 1. 0. 0. 0. 1. 1. 0. 1. 1. 0. 1. 0. 0. 0. 1. 1. 1. 0. 1. 0. 1. 1. 0.
 1. 0. 0. 1. 1. 0. 0. 1. 0. 1. 1. 0. 0. 1. 0. 0. 1. 1. 0. 1. 1. 0. 0. 0.
 0. 1. 1. 0. 0. 1. 0. 0. 1. 0. 1. 1. 1. 0. 0. 0. 1. 1. 0. 0. 0. 0. 1. 0.
 0. 1. 0. 1. 1. 1. 1. 0. 0. 0. 0. 1. 1. 1. 1. 0. 1. 1. 1. 1. 0. 1. 0. 0.
 1. 0. 0. 1. 1. 1. 1. 1. 0. 0. 1. 1. 1. 0. 0. 1. 0. 1. 0. 0. 1. 0. 1. 0.
 1. 0. 0. 0.]"
762,knn,{'n_neighbors': 195},0.357324577387558,0.19227758387012447,-0.05946377785049043,0.29179463348728485,0.3917965379154895,0.1738252781306879,0.4116063966911713,-0.15671641791044766,0.4216417910447761,0.42164179104477617,"{0: 0.37032189797282244, 1: 0.37032189797282244}","{0: 0.37032189797282244, 1: 0.37032189797282244}",0.37032189797282244,"[[39 95]
 [60 74]]","[1. 1. 1. 1. 1. 0. 1. 0. 0. 1. 1. 1. 1. 0. 0. 0. 0. 0. 1. 0. 1. 1. 1. 1.
 0. 1. 1. 0. 1. 0. 1. 1. 1. 1. 1. 1. 0. 1. 0. 0. 0. 1. 1. 0. 0. 0. 1. 1.
 1. 1. 0. 1. 1. 0. 1. 0. 1. 1. 1. 0. 0. 1. 1. 0. 1. 1. 1. 1. 1. 1. 0. 0.
 0. 1. 0. 1. 1. 0. 1. 0. 0. 0. 0. 1. 0. 0. 0. 0. 1. 1. 1. 1. 0. 0. 0. 0.
 1. 1. 1. 0. 0. 1. 1. 1. 1. 1. 1. 1. 1. 1. 0. 1. 1. 1. 1. 0. 0. 1. 0. 1.
 0. 0. 1. 1. 1. 1. 1. 1. 1. 0. 1. 1. 1. 1. 1. 1. 0. 1. 0. 0. 1. 1. 0. 1.
 0. 1. 1. 1. 1. 1. 0. 1. 0. 1. 1. 1. 1. 1. 1. 1. 0. 0. 1. 1. 1. 1. 0. 0.
 0. 1. 1. 0. 1. 0. 1. 1. 0. 1. 0. 1. 0. 0. 1. 0. 0. 1. 1. 1. 1. 0. 1. 1.
 1. 1. 1. 1. 1. 1. 1. 1. 0. 0. 1. 0. 1. 1. 1. 0. 1. 1. 1. 1. 1. 1. 1. 1.
 0. 0. 1. 0. 0. 1. 1. 1. 1. 1. 0. 0. 0. 1. 0. 0. 1. 1. 1. 1. 1. 0. 1. 0.
 0. 1. 1. 1. 0. 1. 0. 0. 1. 0. 1. 1. 1. 1. 0. 1. 1. 1. 0. 1. 0. 1. 1. 0.
 0. 0. 1. 0.]","[0. 1. 0. 0. 0. 1. 1. 1. 0. 0. 0. 0. 0. 1. 0. 0. 1. 1. 0. 0. 0. 0. 0. 1.
 0. 0. 1. 0. 1. 0. 0. 1. 0. 1. 1. 0. 0. 0. 1. 0. 0. 0. 1. 1. 1. 0. 1. 0.
 1. 0. 1. 1. 0. 1. 1. 1. 1. 0. 1. 0. 0. 1. 1. 1. 0. 0. 0. 1. 1. 0. 1. 1.
 0. 0. 1. 0. 0. 1. 0. 1. 0. 1. 1. 1. 0. 1. 0. 1. 1. 1. 1. 1. 1. 1. 1. 0.
 0. 0. 1. 1. 1. 0. 0. 1. 1. 1. 0. 0. 0. 1. 1. 1. 0. 0. 0. 0. 1. 1. 1. 0.
 1. 0. 0. 1. 1. 0. 0. 0. 0. 1. 0. 0. 1. 1. 0. 1. 1. 1. 0. 1. 1. 0. 1. 0.
 1. 1. 0. 0. 0. 1. 1. 0. 1. 1. 0. 1. 0. 0. 0. 1. 1. 1. 0. 1. 0. 1. 1. 0.
 1. 0. 0. 1. 1. 0. 0. 1. 0. 1. 1. 0. 0. 1. 0. 0. 1. 1. 0. 1. 1. 0. 0. 0.
 0. 1. 1. 0. 0. 1. 0. 0. 1. 0. 1. 1. 1. 0. 0. 0. 1. 1. 0. 0. 0. 0. 1. 0.
 0. 1. 0. 1. 1. 1. 1. 0. 0. 0. 0. 1. 1. 1. 1. 0. 1. 1. 1. 1. 0. 1. 0. 0.
 1. 0. 0. 1. 1. 1. 1. 1. 0. 0. 1. 1. 1. 0. 0. 1. 0. 1. 0. 0. 1. 0. 1. 0.
 1. 0. 0. 0.]"
566,knn,{'n_neighbors': 200},0.388398257259935,0.1907925465589137,-0.0635203117014801,0.2766436864468851,0.418074831381283,0.1738843869168853,0.42331768388106417,-0.14925373134328357,0.4253731343283582,0.4253731343283582,"{0: 0.3861104923145467, 1: 0.38611049231454664}","{0: 0.3861104923145467, 1: 0.38611049231454664}",0.38611049231454664,"[[49 85]
 [69 65]]","[1. 0. 1. 1. 1. 0. 1. 0. 1. 1. 1. 1. 1. 0. 1. 0. 0. 0. 0. 0. 1. 1. 1. 0.
 0. 1. 0. 0. 1. 0. 0. 1. 1. 1. 0. 0. 0. 1. 0. 0. 1. 1. 0. 0. 0. 1. 0. 1.
 0. 0. 0. 1. 1. 0. 0. 0. 1. 1. 1. 0. 0. 1. 0. 0. 1. 1. 1. 0. 1. 1. 0. 0.
 1. 1. 1. 1. 1. 1. 0. 1. 0. 0. 0. 1. 0. 0. 0. 0. 1. 0. 0. 1. 0. 1. 0. 0.
 1. 1. 1. 0. 0. 1. 1. 1. 1. 1. 1. 1. 1. 1. 0. 1. 1. 0. 0. 0. 1. 1. 0. 0.
 0. 0. 1. 1. 1. 1. 1. 1. 1. 0. 1. 1. 1. 1. 1. 1. 0. 1. 0. 0. 1. 1. 0. 1.
 1. 1. 1. 0. 1. 1. 0. 1. 1. 1. 1. 0. 1. 1. 1. 1. 0. 0. 1. 1. 0. 0. 0. 0.
 0. 1. 1. 0. 1. 0. 1. 1. 0. 0. 0. 1. 0. 0. 0. 1. 1. 1. 0. 1. 0. 0. 1. 1.
 1. 1. 1. 1. 0. 1. 1. 1. 0. 0. 1. 0. 1. 0. 1. 0. 1. 1. 1. 1. 1. 1. 1. 0.
 0. 0. 0. 0. 0. 1. 1. 1. 1. 1. 0. 0. 0. 1. 0. 0. 1. 1. 1. 0. 1. 0. 1. 0.
 1. 1. 1. 1. 0. 0. 0. 0. 1. 0. 1. 1. 0. 1. 1. 1. 1. 1. 0. 1. 1. 1. 1. 0.
 0. 0. 0. 0.]","[0. 1. 0. 0. 0. 1. 1. 1. 0. 0. 0. 0. 0. 1. 0. 0. 1. 1. 0. 0. 0. 0. 0. 1.
 0. 0. 1. 0. 1. 0. 0. 1. 0. 1. 1. 0. 0. 0. 1. 0. 0. 0. 1. 1. 1. 0. 1. 0.
 1. 0. 1. 1. 0. 1. 1. 1. 1. 0. 1. 0. 0. 1. 1. 1. 0. 0. 0. 1. 1. 0. 1. 1.
 0. 0. 1. 0. 0. 1. 0. 1. 0. 1. 1. 1. 0. 1. 0. 1. 1. 1. 1. 1. 1. 1. 1. 0.
 0. 0. 1. 1. 1. 0. 0. 1. 1. 1. 0. 0. 0. 1. 1. 1. 0. 0. 0. 0. 1. 1. 1. 0.
 1. 0. 0. 1. 1. 0. 0. 0. 0. 1. 0. 0. 1. 1. 0. 1. 1. 1. 0. 1. 1. 0. 1. 0.
 1. 1. 0. 0. 0. 1. 1. 0. 1. 1. 0. 1. 0. 0. 0. 1. 1. 1. 0. 1. 0. 1. 1. 0.
 1. 0. 0. 1. 1. 0. 0. 1. 0. 1. 1. 0. 0. 1. 0. 0. 1. 1. 0. 1. 1. 0. 0. 0.
 0. 1. 1. 0. 0. 1. 0. 0. 1. 0. 1. 1. 1. 0. 0. 0. 1. 1. 0. 0. 0. 0. 1. 0.
 0. 1. 0. 1. 1. 1. 1. 0. 0. 0. 0. 1. 1. 1. 1. 0. 1. 1. 1. 1. 0. 1. 0. 0.
 1. 0. 0. 1. 1. 1. 1. 1. 0. 0. 1. 1. 1. 0. 0. 1. 0. 1. 0. 0. 1. 0. 1. 0.
 1. 0. 0. 0.]"
97,knn,{'n_neighbors': 200},0.388398257259935,0.1907925465589137,-0.0635203117014801,0.2766436864468851,0.418074831381283,0.1738843869168853,0.42331768388106417,-0.14925373134328357,0.4253731343283582,0.4253731343283582,"{0: 0.3861104923145467, 1: 0.38611049231454664}","{0: 0.3861104923145467, 1: 0.38611049231454664}",0.38611049231454664,"[[49 85]
 [69 65]]","[1. 0. 1. 1. 1. 0. 1. 0. 1. 1. 1. 1. 1. 0. 1. 0. 0. 0. 0. 0. 1. 1. 1. 0.
 0. 1. 0. 0. 1. 0. 0. 1. 1. 1. 0. 0. 0. 1. 0. 0. 1. 1. 0. 0. 0. 1. 0. 1.
 0. 0. 0. 1. 1. 0. 0. 0. 1. 1. 1. 0. 0. 1. 0. 0. 1. 1. 1. 0. 1. 1. 0. 0.
 1. 1. 1. 1. 1. 1. 0. 1. 0. 0. 0. 1. 0. 0. 0. 0. 1. 0. 0. 1. 0. 1. 0. 0.
 1. 1. 1. 0. 0. 1. 1. 1. 1. 1. 1. 1. 1. 1. 0. 1. 1. 0. 0. 0. 1. 1. 0. 0.
 0. 0. 1. 1. 1. 1. 1. 1. 1. 0. 1. 1. 1. 1. 1. 1. 0. 1. 0. 0. 1. 1. 0. 1.
 1. 1. 1. 0. 1. 1. 0. 1. 1. 1. 1. 0. 1. 1. 1. 1. 0. 0. 1. 1. 0. 0. 0. 0.
 0. 1. 1. 0. 1. 0. 1. 1. 0. 0. 0. 1. 0. 0. 0. 1. 1. 1. 0. 1. 0. 0. 1. 1.
 1. 1. 1. 1. 0. 1. 1. 1. 0. 0. 1. 0. 1. 0. 1. 0. 1. 1. 1. 1. 1. 1. 1. 0.
 0. 0. 0. 0. 0. 1. 1. 1. 1. 1. 0. 0. 0. 1. 0. 0. 1. 1. 1. 0. 1. 0. 1. 0.
 1. 1. 1. 1. 0. 0. 0. 0. 1. 0. 1. 1. 0. 1. 1. 1. 1. 1. 0. 1. 1. 1. 1. 0.
 0. 0. 0. 0.]","[0. 1. 0. 0. 0. 1. 1. 1. 0. 0. 0. 0. 0. 1. 0. 0. 1. 1. 0. 0. 0. 0. 0. 1.
 0. 0. 1. 0. 1. 0. 0. 1. 0. 1. 1. 0. 0. 0. 1. 0. 0. 0. 1. 1. 1. 0. 1. 0.
 1. 0. 1. 1. 0. 1. 1. 1. 1. 0. 1. 0. 0. 1. 1. 1. 0. 0. 0. 1. 1. 0. 1. 1.
 0. 0. 1. 0. 0. 1. 0. 1. 0. 1. 1. 1. 0. 1. 0. 1. 1. 1. 1. 1. 1. 1. 1. 0.
 0. 0. 1. 1. 1. 0. 0. 1. 1. 1. 0. 0. 0. 1. 1. 1. 0. 0. 0. 0. 1. 1. 1. 0.
 1. 0. 0. 1. 1. 0. 0. 0. 0. 1. 0. 0. 1. 1. 0. 1. 1. 1. 0. 1. 1. 0. 1. 0.
 1. 1. 0. 0. 0. 1. 1. 0. 1. 1. 0. 1. 0. 0. 0. 1. 1. 1. 0. 1. 0. 1. 1. 0.
 1. 0. 0. 1. 1. 0. 0. 1. 0. 1. 1. 0. 0. 1. 0. 0. 1. 1. 0. 1. 1. 0. 0. 0.
 0. 1. 1. 0. 0. 1. 0. 0. 1. 0. 1. 1. 1. 0. 0. 0. 1. 1. 0. 0. 0. 0. 1. 0.
 0. 1. 0. 1. 1. 1. 1. 0. 0. 0. 0. 1. 1. 1. 1. 0. 1. 1. 1. 1. 0. 1. 0. 0.
 1. 0. 0. 1. 1. 1. 1. 1. 0. 0. 1. 1. 1. 0. 0. 1. 0. 1. 0. 0. 1. 0. 1. 0.
 1. 0. 0. 0.]"
95,SVC,"{'C': 100, 'gamma': 0.001, 'kernel': 'rbf'}",0.4048877987700729,0.1954993075631988,-0.06605408859164007,0.27005831982945017,0.4317564603854927,0.18868134285145535,0.4525449755575279,-0.08208955223880587,0.458955223880597,0.458955223880597,"{0: 0.4282134105591446, 1: 0.4282134105591445}","{0: 0.4282134105591446, 1: 0.4282134105591445}",0.4282134105591445,"[[76 58]
 [87 47]]","[1. 0. 1. 0. 1. 0. 0. 0. 1. 0. 0. 1. 1. 0. 0. 0. 0. 0. 0. 0. 0. 0. 0. 0.
 0. 0. 1. 0. 0. 1. 1. 1. 1. 0. 1. 0. 0. 1. 0. 1. 1. 0. 0. 0. 1. 1. 1. 1.
 1. 1. 0. 0. 0. 1. 1. 0. 0. 0. 0. 0. 0. 1. 1. 0. 0. 1. 0. 1. 1. 0. 0. 0.
 0. 1. 0. 1. 0. 1. 1. 0. 0. 0. 1. 0. 0. 0. 0. 1. 0. 1. 1. 1. 0. 0. 0. 1.
 1. 0. 0. 1. 1. 0. 1. 0. 0. 1. 0. 0. 0. 0. 0. 0. 1. 0. 0. 1. 1. 1. 1. 1.
 0. 0. 0. 0. 1. 1. 1. 1. 0. 0. 0. 0. 0. 0. 1. 0. 0. 1. 0. 0. 0. 1. 0. 0.
 0. 1. 0. 0. 0. 1. 0. 0. 0. 1. 0. 0. 1. 0. 0. 0. 0. 0. 1. 0. 1. 0. 0. 1.
 0. 1. 1. 0. 0. 1. 1. 0. 0. 1. 0. 0. 1. 1. 0. 1. 1. 1. 1. 1. 0. 0. 0. 1.
 1. 0. 1. 1. 0. 0. 0. 0. 0. 1. 1. 0. 0. 0. 1. 1. 1. 0. 0. 1. 0. 0. 0. 0.
 0. 1. 1. 0. 0. 0. 1. 1. 0. 1. 1. 0. 1. 0. 0. 1. 0. 1. 0. 0. 0. 0. 0. 0.
 0. 1. 0. 0. 0. 1. 0. 0. 0. 1. 1. 1. 1. 0. 0. 1. 0. 1. 1. 1. 0. 1. 0. 0.
 0. 0. 0. 0.]","[0. 1. 0. 0. 0. 1. 1. 1. 0. 0. 0. 0. 0. 1. 0. 0. 1. 1. 0. 0. 0. 0. 0. 1.
 0. 0. 1. 0. 1. 0. 0. 1. 0. 1. 1. 0. 0. 0. 1. 0. 0. 0. 1. 1. 1. 0. 1. 0.
 1. 0. 1. 1. 0. 1. 1. 1. 1. 0. 1. 0. 0. 1. 1. 1. 0. 0. 0. 1. 1. 0. 1. 1.
 0. 0. 1. 0. 0. 1. 0. 1. 0. 1. 1. 1. 0. 1. 0. 1. 1. 1. 1. 1. 1. 1. 1. 0.
 0. 0. 1. 1. 1. 0. 0. 1. 1. 1. 0. 0. 0. 1. 1. 1. 0. 0. 0. 0. 1. 1. 1. 0.
 1. 0. 0. 1. 1. 0. 0. 0. 0. 1. 0. 0. 1. 1. 0. 1. 1. 1. 0. 1. 1. 0. 1. 0.
 1. 1. 0. 0. 0. 1. 1. 0. 1. 1. 0. 1. 0. 0. 0. 1. 1. 1. 0. 1. 0. 1. 1. 0.
 1. 0. 0. 1. 1. 0. 0. 1. 0. 1. 1. 0. 0. 1. 0. 0. 1. 1. 0. 1. 1. 0. 0. 0.
 0. 1. 1. 0. 0. 1. 0. 0. 1. 0. 1. 1. 1. 0. 0. 0. 1. 1. 0. 0. 0. 0. 1. 0.
 0. 1. 0. 1. 1. 1. 1. 0. 0. 0. 0. 1. 1. 1. 1. 0. 1. 1. 1. 1. 0. 1. 0. 0.
 1. 0. 0. 1. 1. 1. 1. 1. 0. 0. 1. 1. 1. 0. 0. 1. 0. 1. 0. 0. 1. 0. 1. 0.
 1. 0. 0. 0.]"
565,SVC,"{'C': 10, 'gamma': 0.01, 'kernel': 'rbf'}",0.3689476387888244,0.15928974360404977,-0.06692901304136817,0.16101405941104585,0.40327169843298877,0.15246026455087958,0.4262061090493862,-0.11940298507462677,0.44029850746268656,0.4402985074626865,"{0: 0.38730786366674086, 1: 0.38730786366674086}","{0: 0.38730786366674086, 1: 0.38730786366674086}",0.38730786366674086,"[[80 54]
 [96 38]]","[1. 1. 1. 0. 0. 0. 0. 0. 1. 1. 0. 0. 1. 0. 0. 0. 0. 1. 0. 0. 0. 0. 0. 0.
 0. 1. 0. 1. 1. 1. 0. 1. 1. 0. 1. 0. 0. 0. 0. 1. 0. 1. 0. 0. 1. 1. 1. 0.
 0. 0. 0. 1. 0. 0. 0. 0. 0. 1. 0. 0. 1. 0. 1. 1. 1. 1. 0. 0. 1. 0. 0. 0.
 0. 0. 0. 1. 0. 1. 0. 0. 0. 0. 0. 0. 0. 0. 0. 1. 0. 1. 0. 0. 0. 0. 0. 0.
 1. 1. 0. 0. 0. 0. 0. 0. 0. 1. 0. 1. 0. 0. 1. 0. 1. 0. 1. 0. 0. 1. 0. 1.
 0. 0. 1. 0. 1. 0. 0. 1. 0. 0. 1. 0. 0. 0. 1. 0. 0. 0. 0. 0. 0. 1. 0. 0.
 0. 1. 0. 1. 1. 1. 0. 0. 0. 1. 0. 1. 0. 1. 0. 0. 0. 0. 1. 0. 1. 0. 0. 1.
 0. 1. 0. 0. 0. 0. 1. 0. 1. 0. 0. 0. 0. 1. 1. 0. 0. 1. 0. 1. 1. 0. 1. 0.
 0. 0. 1. 0. 0. 0. 0. 0. 0. 0. 0. 0. 0. 0. 1. 1. 0. 1. 0. 1. 0. 0. 0. 1.
 0. 0. 1. 1. 0. 0. 0. 1. 1. 1. 1. 0. 0. 0. 0. 1. 1. 1. 1. 1. 0. 0. 0. 0.
 1. 1. 0. 0. 0. 0. 0. 0. 0. 1. 0. 0. 1. 0. 0. 1. 1. 1. 0. 1. 0. 0. 1. 0.
 0. 1. 0. 0.]","[0. 1. 0. 0. 0. 1. 1. 1. 0. 0. 0. 0. 0. 1. 0. 0. 1. 1. 0. 0. 0. 0. 0. 1.
 0. 0. 1. 0. 1. 0. 0. 1. 0. 1. 1. 0. 0. 0. 1. 0. 0. 0. 1. 1. 1. 0. 1. 0.
 1. 0. 1. 1. 0. 1. 1. 1. 1. 0. 1. 0. 0. 1. 1. 1. 0. 0. 0. 1. 1. 0. 1. 1.
 0. 0. 1. 0. 0. 1. 0. 1. 0. 1. 1. 1. 0. 1. 0. 1. 1. 1. 1. 1. 1. 1. 1. 0.
 0. 0. 1. 1. 1. 0. 0. 1. 1. 1. 0. 0. 0. 1. 1. 1. 0. 0. 0. 0. 1. 1. 1. 0.
 1. 0. 0. 1. 1. 0. 0. 0. 0. 1. 0. 0. 1. 1. 0. 1. 1. 1. 0. 1. 1. 0. 1. 0.
 1. 1. 0. 0. 0. 1. 1. 0. 1. 1. 0. 1. 0. 0. 0. 1. 1. 1. 0. 1. 0. 1. 1. 0.
 1. 0. 0. 1. 1. 0. 0. 1. 0. 1. 1. 0. 0. 1. 0. 0. 1. 1. 0. 1. 1. 0. 0. 0.
 0. 1. 1. 0. 0. 1. 0. 0. 1. 0. 1. 1. 1. 0. 0. 0. 1. 1. 0. 0. 0. 0. 1. 0.
 0. 1. 0. 1. 1. 1. 1. 0. 0. 0. 0. 1. 1. 1. 1. 0. 1. 1. 1. 1. 0. 1. 0. 0.
 1. 0. 0. 1. 1. 1. 1. 1. 0. 0. 1. 1. 1. 0. 0. 1. 0. 1. 0. 0. 1. 0. 1. 0.
 1. 0. 0. 0.]"
33,SVC,"{'C': 0.1, 'gamma': 0.001, 'kernel': 'rbf'}",0.4045929005200702,0.17850557772452946,-0.06754609154477768,0.23389228672820422,0.4480576416564319,0.1696947724747473,0.41365284936052743,-0.11194029850746268,0.44402985074626866,0.44402985074626866,"{0: 0.4620182668745823, 1: 0.4620182668745823}","{0: 0.4620182668745823, 1: 0.4620182668745823}",0.4620182668745823,"[[ 90  44]
 [105  29]]","[0. 0. 1. 0. 0. 0. 1. 0. 0. 0. 0. 1. 0. 0. 0. 0. 0. 0. 0. 1. 0. 0. 0. 0.
 0. 1. 0. 1. 1. 0. 0. 0. 0. 0. 0. 0. 1. 1. 0. 0. 0. 0. 0. 0. 0. 1. 0. 0.
 0. 1. 0. 0. 0. 0. 0. 0. 1. 0. 1. 0. 0. 0. 0. 0. 1. 0. 1. 0. 0. 1. 0. 1.
 1. 0. 0. 1. 0. 0. 0. 1. 0. 0. 0. 0. 0. 0. 0. 0. 0. 0. 0. 0. 1. 0. 0. 0.
 0. 0. 1. 0. 0. 0. 0. 0. 0. 0. 1. 1. 1. 0. 0. 1. 0. 0. 0. 1. 0. 0. 0. 0.
 0. 0. 1. 0. 0. 1. 0. 0. 0. 0. 1. 0. 1. 0. 1. 0. 0. 1. 0. 0. 0. 0. 0. 1.
 1. 0. 1. 1. 1. 0. 0. 0. 0. 0. 1. 0. 1. 0. 1. 1. 1. 0. 1. 1. 1. 0. 1. 0.
 0. 1. 0. 0. 0. 0. 1. 0. 0. 1. 0. 0. 0. 0. 0. 0. 1. 1. 0. 1. 1. 0. 0. 1.
 0. 0. 0. 0. 1. 0. 1. 0. 0. 0. 0. 0. 1. 0. 0. 0. 0. 0. 0. 0. 0. 0. 0. 0.
 0. 1. 0. 0. 0. 0. 1. 1. 0. 1. 0. 0. 1. 0. 0. 0. 1. 1. 0. 0. 0. 0. 0. 0.
 0. 0. 1. 1. 0. 0. 0. 0. 1. 0. 0. 1. 0. 0. 1. 0. 1. 0. 1. 1. 0. 0. 0. 0.
 0. 0. 0. 0.]","[0. 1. 0. 0. 0. 1. 1. 1. 0. 0. 0. 0. 0. 1. 0. 0. 1. 1. 0. 0. 0. 0. 0. 1.
 0. 0. 1. 0. 1. 0. 0. 1. 0. 1. 1. 0. 0. 0. 1. 0. 0. 0. 1. 1. 1. 0. 1. 0.
 1. 0. 1. 1. 0. 1. 1. 1. 1. 0. 1. 0. 0. 1. 1. 1. 0. 0. 0. 1. 1. 0. 1. 1.
 0. 0. 1. 0. 0. 1. 0. 1. 0. 1. 1. 1. 0. 1. 0. 1. 1. 1. 1. 1. 1. 1. 1. 0.
 0. 0. 1. 1. 1. 0. 0. 1. 1. 1. 0. 0. 0. 1. 1. 1. 0. 0. 0. 0. 1. 1. 1. 0.
 1. 0. 0. 1. 1. 0. 0. 0. 0. 1. 0. 0. 1. 1. 0. 1. 1. 1. 0. 1. 1. 0. 1. 0.
 1. 1. 0. 0. 0. 1. 1. 0. 1. 1. 0. 1. 0. 0. 0. 1. 1. 1. 0. 1. 0. 1. 1. 0.
 1. 0. 0. 1. 1. 0. 0. 1. 0. 1. 1. 0. 0. 1. 0. 0. 1. 1. 0. 1. 1. 0. 0. 0.
 0. 1. 1. 0. 0. 1. 0. 0. 1. 0. 1. 1. 1. 0. 0. 0. 1. 1. 0. 0. 0. 0. 1. 0.
 0. 1. 0. 1. 1. 1. 1. 0. 0. 0. 0. 1. 1. 1. 1. 0. 1. 1. 1. 1. 0. 1. 0. 0.
 1. 0. 0. 1. 1. 1. 1. 1. 0. 0. 1. 1. 1. 0. 0. 1. 0. 1. 0. 0. 1. 0. 1. 0.
 1. 0. 0. 0.]"
442,AdaBoost,"{'algorithm': 'SAMME', 'learning_rate': 2.2224489795918365, 'n_estimators': 63}",0.40517723587688365,0.19280955022732418,-0.07035972929539425,0.28292962365950947,0.47353412902808056,0.17650006244834232,0.43470286133528974,-0.029850746268656803,0.48507462686567165,0.48507462686567165,"{0: 0.5206894631321007, 1: 0.5206894631321007}","{0: 0.5206894631321007, 1: 0.5206894631321007}",0.5206894631321007,"[[ 25 109]
 [ 29 105]]","[0. 0. 1. 1. 1. 0. 1. 1. 1. 1. 1. 1. 1. 1. 1. 1. 1. 1. 1. 1. 0. 0. 0. 1.
 1. 1. 0. 0. 0. 1. 1. 1. 1. 1. 1. 0. 1. 1. 1. 1. 1. 1. 0. 1. 1. 1. 1. 1.
 1. 1. 1. 1. 1. 1. 1. 1. 1. 1. 1. 1. 1. 1. 1. 1. 1. 1. 1. 1. 0. 1. 1. 1.
 1. 0. 1. 1. 0. 1. 1. 1. 1. 1. 1. 1. 1. 1. 1. 1. 1. 1. 1. 1. 1. 1. 1. 0.
 1. 1. 1. 1. 0. 0. 1. 0. 0. 1. 1. 1. 1. 0. 1. 1. 1. 1. 1. 1. 1. 0. 0. 1.
 1. 1. 1. 1. 1. 1. 1. 0. 1. 1. 1. 0. 1. 1. 0. 1. 1. 1. 1. 0. 1. 1. 1. 1.
 1. 1. 1. 1. 0. 0. 1. 1. 1. 1. 1. 1. 1. 1. 1. 0. 1. 0. 1. 1. 0. 1. 1. 1.
 0. 0. 0. 1. 0. 1. 1. 1. 1. 0. 1. 1. 1. 1. 1. 0. 1. 1. 1. 1. 1. 1. 0. 1.
 1. 0. 1. 1. 1. 1. 1. 1. 1. 1. 0. 1. 1. 1. 1. 1. 1. 1. 1. 0. 1. 0. 0. 1.
 1. 1. 1. 0. 1. 0. 0. 1. 1. 1. 1. 1. 1. 1. 1. 1. 1. 1. 0. 1. 1. 1. 0. 1.
 1. 1. 1. 1. 1. 1. 1. 1. 1. 0. 0. 1. 0. 0. 1. 1. 1. 1. 1. 1. 1. 1. 1. 1.
 0. 1. 0. 1.]","[0. 1. 0. 0. 0. 1. 1. 1. 0. 0. 0. 0. 0. 1. 0. 0. 1. 1. 0. 0. 0. 0. 0. 1.
 0. 0. 1. 0. 1. 0. 0. 1. 0. 1. 1. 0. 0. 0. 1. 0. 0. 0. 1. 1. 1. 0. 1. 0.
 1. 0. 1. 1. 0. 1. 1. 1. 1. 0. 1. 0. 0. 1. 1. 1. 0. 0. 0. 1. 1. 0. 1. 1.
 0. 0. 1. 0. 0. 1. 0. 1. 0. 1. 1. 1. 0. 1. 0. 1. 1. 1. 1. 1. 1. 1. 1. 0.
 0. 0. 1. 1. 1. 0. 0. 1. 1. 1. 0. 0. 0. 1. 1. 1. 0. 0. 0. 0. 1. 1. 1. 0.
 1. 0. 0. 1. 1. 0. 0. 0. 0. 1. 0. 0. 1. 1. 0. 1. 1. 1. 0. 1. 1. 0. 1. 0.
 1. 1. 0. 0. 0. 1. 1. 0. 1. 1. 0. 1. 0. 0. 0. 1. 1. 1. 0. 1. 0. 1. 1. 0.
 1. 0. 0. 1. 1. 0. 0. 1. 0. 1. 1. 0. 0. 1. 0. 0. 1. 1. 0. 1. 1. 0. 0. 0.
 0. 1. 1. 0. 0. 1. 0. 0. 1. 0. 1. 1. 1. 0. 0. 0. 1. 1. 0. 0. 0. 0. 1. 0.
 0. 1. 0. 1. 1. 1. 1. 0. 0. 0. 0. 1. 1. 1. 1. 0. 1. 1. 1. 1. 0. 1. 0. 0.
 1. 0. 0. 1. 1. 1. 1. 1. 0. 0. 1. 1. 1. 0. 0. 1. 0. 1. 0. 0. 1. 0. 1. 0.
 1. 0. 0. 0.]"
735,knn,{'n_neighbors': 155},0.38976652895717834,0.1796037636698257,-0.07146999760060534,0.28907878172823614,0.4210245474358378,0.15067936838239449,0.4289056950653909,-0.14179104477611948,0.4291044776119403,0.4291044776119403,"{0: 0.4117286700824237, 1: 0.4117286700824237}","{0: 0.4117286700824237, 1: 0.4117286700824237}",0.4117286700824237,"[[55 79]
 [74 60]]","[1. 1. 1. 1. 1. 0. 0. 1. 0. 1. 1. 1. 1. 0. 1. 1. 0. 1. 1. 0. 1. 1. 1. 0.
 0. 0. 0. 1. 0. 1. 1. 1. 0. 1. 0. 1. 0. 0. 0. 0. 0. 0. 1. 1. 1. 0. 1. 1.
 1. 1. 0. 0. 1. 1. 0. 0. 1. 1. 0. 0. 0. 0. 1. 0. 0. 1. 0. 1. 1. 1. 1. 0.
 1. 1. 0. 1. 0. 1. 1. 0. 1. 0. 0. 1. 1. 0. 1. 0. 0. 1. 1. 1. 0. 1. 0. 1.
 1. 1. 0. 0. 1. 1. 1. 0. 1. 1. 0. 1. 0. 1. 0. 0. 0. 1. 1. 0. 0. 1. 1. 0.
 0. 0. 0. 1. 0. 0. 0. 1. 0. 0. 1. 1. 0. 0. 1. 1. 1. 0. 0. 1. 0. 1. 0. 1.
 0. 1. 0. 0. 1. 0. 0. 0. 1. 1. 0. 0. 0. 1. 0. 0. 0. 0. 1. 0. 1. 0. 0. 0.
 1. 0. 1. 0. 1. 0. 1. 1. 1. 1. 1. 1. 1. 1. 1. 1. 1. 0. 1. 1. 0. 1. 1. 1.
 1. 1. 1. 0. 0. 1. 0. 1. 0. 0. 0. 1. 1. 0. 1. 1. 1. 0. 1. 1. 1. 0. 1. 1.
 0. 0. 0. 0. 0. 0. 0. 0. 0. 1. 0. 0. 0. 1. 1. 1. 1. 0. 1. 0. 0. 0. 1. 1.
 0. 0. 1. 1. 0. 1. 1. 0. 0. 1. 0. 0. 1. 1. 0. 0. 0. 1. 0. 1. 0. 1. 1. 0.
 0. 0. 1. 1.]","[0. 1. 0. 0. 0. 1. 1. 1. 0. 0. 0. 0. 0. 1. 0. 0. 1. 1. 0. 0. 0. 0. 0. 1.
 0. 0. 1. 0. 1. 0. 0. 1. 0. 1. 1. 0. 0. 0. 1. 0. 0. 0. 1. 1. 1. 0. 1. 0.
 1. 0. 1. 1. 0. 1. 1. 1. 1. 0. 1. 0. 0. 1. 1. 1. 0. 0. 0. 1. 1. 0. 1. 1.
 0. 0. 1. 0. 0. 1. 0. 1. 0. 1. 1. 1. 0. 1. 0. 1. 1. 1. 1. 1. 1. 1. 1. 0.
 0. 0. 1. 1. 1. 0. 0. 1. 1. 1. 0. 0. 0. 1. 1. 1. 0. 0. 0. 0. 1. 1. 1. 0.
 1. 0. 0. 1. 1. 0. 0. 0. 0. 1. 0. 0. 1. 1. 0. 1. 1. 1. 0. 1. 1. 0. 1. 0.
 1. 1. 0. 0. 0. 1. 1. 0. 1. 1. 0. 1. 0. 0. 0. 1. 1. 1. 0. 1. 0. 1. 1. 0.
 1. 0. 0. 1. 1. 0. 0. 1. 0. 1. 1. 0. 0. 1. 0. 0. 1. 1. 0. 1. 1. 0. 0. 0.
 0. 1. 1. 0. 0. 1. 0. 0. 1. 0. 1. 1. 1. 0. 0. 0. 1. 1. 0. 0. 0. 0. 1. 0.
 0. 1. 0. 1. 1. 1. 1. 0. 0. 0. 0. 1. 1. 1. 1. 0. 1. 1. 1. 1. 0. 1. 0. 0.
 1. 0. 0. 1. 1. 1. 1. 1. 0. 0. 1. 1. 1. 0. 0. 1. 0. 1. 0. 0. 1. 0. 1. 0.
 1. 0. 0. 0.]"
225,knn,{'n_neighbors': 155},0.38976652895717834,0.1796037636698257,-0.07146999760060534,0.28907878172823614,0.4210245474358378,0.15067936838239449,0.4289056950653909,-0.14179104477611948,0.4291044776119403,0.4291044776119403,"{0: 0.4117286700824237, 1: 0.4117286700824237}","{0: 0.4117286700824237, 1: 0.4117286700824237}",0.4117286700824237,"[[55 79]
 [74 60]]","[1. 1. 1. 1. 1. 0. 0. 1. 0. 1. 1. 1. 1. 0. 1. 1. 0. 1. 1. 0. 1. 1. 1. 0.
 0. 0. 0. 1. 0. 1. 1. 1. 0. 1. 0. 1. 0. 0. 0. 0. 0. 0. 1. 1. 1. 0. 1. 1.
 1. 1. 0. 0. 1. 1. 0. 0. 1. 1. 0. 0. 0. 0. 1. 0. 0. 1. 0. 1. 1. 1. 1. 0.
 1. 1. 0. 1. 0. 1. 1. 0. 1. 0. 0. 1. 1. 0. 1. 0. 0. 1. 1. 1. 0. 1. 0. 1.
 1. 1. 0. 0. 1. 1. 1. 0. 1. 1. 0. 1. 0. 1. 0. 0. 0. 1. 1. 0. 0. 1. 1. 0.
 0. 0. 0. 1. 0. 0. 0. 1. 0. 0. 1. 1. 0. 0. 1. 1. 1. 0. 0. 1. 0. 1. 0. 1.
 0. 1. 0. 0. 1. 0. 0. 0. 1. 1. 0. 0. 0. 1. 0. 0. 0. 0. 1. 0. 1. 0. 0. 0.
 1. 0. 1. 0. 1. 0. 1. 1. 1. 1. 1. 1. 1. 1. 1. 1. 1. 0. 1. 1. 0. 1. 1. 1.
 1. 1. 1. 0. 0. 1. 0. 1. 0. 0. 0. 1. 1. 0. 1. 1. 1. 0. 1. 1. 1. 0. 1. 1.
 0. 0. 0. 0. 0. 0. 0. 0. 0. 1. 0. 0. 0. 1. 1. 1. 1. 0. 1. 0. 0. 0. 1. 1.
 0. 0. 1. 1. 0. 1. 1. 0. 0. 1. 0. 0. 1. 1. 0. 0. 0. 1. 0. 1. 0. 1. 1. 0.
 0. 0. 1. 1.]","[0. 1. 0. 0. 0. 1. 1. 1. 0. 0. 0. 0. 0. 1. 0. 0. 1. 1. 0. 0. 0. 0. 0. 1.
 0. 0. 1. 0. 1. 0. 0. 1. 0. 1. 1. 0. 0. 0. 1. 0. 0. 0. 1. 1. 1. 0. 1. 0.
 1. 0. 1. 1. 0. 1. 1. 1. 1. 0. 1. 0. 0. 1. 1. 1. 0. 0. 0. 1. 1. 0. 1. 1.
 0. 0. 1. 0. 0. 1. 0. 1. 0. 1. 1. 1. 0. 1. 0. 1. 1. 1. 1. 1. 1. 1. 1. 0.
 0. 0. 1. 1. 1. 0. 0. 1. 1. 1. 0. 0. 0. 1. 1. 1. 0. 0. 0. 0. 1. 1. 1. 0.
 1. 0. 0. 1. 1. 0. 0. 0. 0. 1. 0. 0. 1. 1. 0. 1. 1. 1. 0. 1. 1. 0. 1. 0.
 1. 1. 0. 0. 0. 1. 1. 0. 1. 1. 0. 1. 0. 0. 0. 1. 1. 1. 0. 1. 0. 1. 1. 0.
 1. 0. 0. 1. 1. 0. 0. 1. 0. 1. 1. 0. 0. 1. 0. 0. 1. 1. 0. 1. 1. 0. 0. 0.
 0. 1. 1. 0. 0. 1. 0. 0. 1. 0. 1. 1. 1. 0. 0. 0. 1. 1. 0. 0. 0. 0. 1. 0.
 0. 1. 0. 1. 1. 1. 1. 0. 0. 0. 0. 1. 1. 1. 1. 0. 1. 1. 1. 1. 0. 1. 0. 0.
 1. 0. 0. 1. 1. 1. 1. 1. 0. 0. 1. 1. 1. 0. 0. 1. 0. 1. 0. 0. 1. 0. 1. 0.
 1. 0. 0. 0.]"
775,knn,{'n_neighbors': 160},0.3727946253020947,0.17658061333428152,-0.07206005270347388,0.22310630165190373,0.4149773501588018,0.14308148353454023,0.40571524204008197,-0.18656716417910446,0.40671641791044777,0.40671641791044777,"{0: 0.39825128090888845, 1: 0.39825128090888845}","{0: 0.39825128090888845, 1: 0.39825128090888845}",0.39825128090888845,"[[60 74]
 [85 49]]","[1. 0. 1. 0. 0. 0. 0. 1. 0. 1. 1. 1. 1. 0. 1. 0. 0. 1. 1. 0. 1. 0. 1. 0.
 0. 0. 0. 1. 0. 0. 1. 1. 0. 0. 0. 1. 0. 0. 0. 0. 0. 0. 1. 0. 0. 0. 1. 1.
 1. 0. 0. 0. 1. 1. 0. 0. 1. 1. 1. 0. 0. 0. 1. 0. 0. 1. 0. 1. 0. 1. 1. 0.
 1. 1. 0. 1. 0. 1. 1. 0. 1. 0. 0. 1. 1. 0. 1. 0. 0. 1. 1. 1. 0. 0. 0. 1.
 1. 0. 0. 0. 1. 1. 1. 0. 1. 1. 0. 1. 0. 1. 0. 0. 1. 1. 0. 0. 0. 1. 1. 0.
 0. 0. 1. 1. 0. 0. 0. 1. 0. 0. 1. 1. 0. 0. 1. 1. 1. 0. 0. 1. 0. 1. 0. 1.
 0. 1. 0. 0. 1. 0. 0. 0. 1. 1. 0. 0. 0. 0. 0. 0. 0. 0. 1. 0. 1. 0. 0. 0.
 1. 0. 1. 0. 0. 0. 1. 0. 1. 1. 1. 1. 1. 0. 1. 1. 1. 0. 1. 1. 0. 1. 1. 1.
 1. 1. 1. 0. 0. 1. 1. 1. 0. 0. 0. 0. 1. 0. 1. 1. 1. 0. 1. 1. 1. 0. 1. 1.
 0. 0. 0. 0. 0. 0. 0. 1. 0. 1. 0. 0. 0. 0. 0. 1. 1. 0. 1. 0. 0. 0. 1. 1.
 0. 0. 1. 1. 0. 1. 1. 0. 0. 1. 0. 1. 1. 1. 0. 0. 0. 0. 0. 1. 0. 1. 1. 0.
 0. 0. 1. 1.]","[0. 1. 0. 0. 0. 1. 1. 1. 0. 0. 0. 0. 0. 1. 0. 0. 1. 1. 0. 0. 0. 0. 0. 1.
 0. 0. 1. 0. 1. 0. 0. 1. 0. 1. 1. 0. 0. 0. 1. 0. 0. 0. 1. 1. 1. 0. 1. 0.
 1. 0. 1. 1. 0. 1. 1. 1. 1. 0. 1. 0. 0. 1. 1. 1. 0. 0. 0. 1. 1. 0. 1. 1.
 0. 0. 1. 0. 0. 1. 0. 1. 0. 1. 1. 1. 0. 1. 0. 1. 1. 1. 1. 1. 1. 1. 1. 0.
 0. 0. 1. 1. 1. 0. 0. 1. 1. 1. 0. 0. 0. 1. 1. 1. 0. 0. 0. 0. 1. 1. 1. 0.
 1. 0. 0. 1. 1. 0. 0. 0. 0. 1. 0. 0. 1. 1. 0. 1. 1. 1. 0. 1. 1. 0. 1. 0.
 1. 1. 0. 0. 0. 1. 1. 0. 1. 1. 0. 1. 0. 0. 0. 1. 1. 1. 0. 1. 0. 1. 1. 0.
 1. 0. 0. 1. 1. 0. 0. 1. 0. 1. 1. 0. 0. 1. 0. 0. 1. 1. 0. 1. 1. 0. 0. 0.
 0. 1. 1. 0. 0. 1. 0. 0. 1. 0. 1. 1. 1. 0. 0. 0. 1. 1. 0. 0. 0. 0. 1. 0.
 0. 1. 0. 1. 1. 1. 1. 0. 0. 0. 0. 1. 1. 1. 1. 0. 1. 1. 1. 1. 0. 1. 0. 0.
 1. 0. 0. 1. 1. 1. 1. 1. 0. 0. 1. 1. 1. 0. 0. 1. 0. 1. 0. 0. 1. 0. 1. 0.
 1. 0. 0. 0.]"
193,knn,{'n_neighbors': 160},0.3727946253020947,0.17658061333428152,-0.07206005270347388,0.22310630165190373,0.4149773501588018,0.14308148353454023,0.40571524204008197,-0.18656716417910446,0.40671641791044777,0.40671641791044777,"{0: 0.39825128090888845, 1: 0.39825128090888845}","{0: 0.39825128090888845, 1: 0.39825128090888845}",0.39825128090888845,"[[60 74]
 [85 49]]","[1. 0. 1. 0. 0. 0. 0. 1. 0. 1. 1. 1. 1. 0. 1. 0. 0. 1. 1. 0. 1. 0. 1. 0.
 0. 0. 0. 1. 0. 0. 1. 1. 0. 0. 0. 1. 0. 0. 0. 0. 0. 0. 1. 0. 0. 0. 1. 1.
 1. 0. 0. 0. 1. 1. 0. 0. 1. 1. 1. 0. 0. 0. 1. 0. 0. 1. 0. 1. 0. 1. 1. 0.
 1. 1. 0. 1. 0. 1. 1. 0. 1. 0. 0. 1. 1. 0. 1. 0. 0. 1. 1. 1. 0. 0. 0. 1.
 1. 0. 0. 0. 1. 1. 1. 0. 1. 1. 0. 1. 0. 1. 0. 0. 1. 1. 0. 0. 0. 1. 1. 0.
 0. 0. 1. 1. 0. 0. 0. 1. 0. 0. 1. 1. 0. 0. 1. 1. 1. 0. 0. 1. 0. 1. 0. 1.
 0. 1. 0. 0. 1. 0. 0. 0. 1. 1. 0. 0. 0. 0. 0. 0. 0. 0. 1. 0. 1. 0. 0. 0.
 1. 0. 1. 0. 0. 0. 1. 0. 1. 1. 1. 1. 1. 0. 1. 1. 1. 0. 1. 1. 0. 1. 1. 1.
 1. 1. 1. 0. 0. 1. 1. 1. 0. 0. 0. 0. 1. 0. 1. 1. 1. 0. 1. 1. 1. 0. 1. 1.
 0. 0. 0. 0. 0. 0. 0. 1. 0. 1. 0. 0. 0. 0. 0. 1. 1. 0. 1. 0. 0. 0. 1. 1.
 0. 0. 1. 1. 0. 1. 1. 0. 0. 1. 0. 1. 1. 1. 0. 0. 0. 0. 0. 1. 0. 1. 1. 0.
 0. 0. 1. 1.]","[0. 1. 0. 0. 0. 1. 1. 1. 0. 0. 0. 0. 0. 1. 0. 0. 1. 1. 0. 0. 0. 0. 0. 1.
 0. 0. 1. 0. 1. 0. 0. 1. 0. 1. 1. 0. 0. 0. 1. 0. 0. 0. 1. 1. 1. 0. 1. 0.
 1. 0. 1. 1. 0. 1. 1. 1. 1. 0. 1. 0. 0. 1. 1. 1. 0. 0. 0. 1. 1. 0. 1. 1.
 0. 0. 1. 0. 0. 1. 0. 1. 0. 1. 1. 1. 0. 1. 0. 1. 1. 1. 1. 1. 1. 1. 1. 0.
 0. 0. 1. 1. 1. 0. 0. 1. 1. 1. 0. 0. 0. 1. 1. 1. 0. 0. 0. 0. 1. 1. 1. 0.
 1. 0. 0. 1. 1. 0. 0. 0. 0. 1. 0. 0. 1. 1. 0. 1. 1. 1. 0. 1. 1. 0. 1. 0.
 1. 1. 0. 0. 0. 1. 1. 0. 1. 1. 0. 1. 0. 0. 0. 1. 1. 1. 0. 1. 0. 1. 1. 0.
 1. 0. 0. 1. 1. 0. 0. 1. 0. 1. 1. 0. 0. 1. 0. 0. 1. 1. 0. 1. 1. 0. 0. 0.
 0. 1. 1. 0. 0. 1. 0. 0. 1. 0. 1. 1. 1. 0. 0. 0. 1. 1. 0. 0. 0. 0. 1. 0.
 0. 1. 0. 1. 1. 1. 1. 0. 0. 0. 0. 1. 1. 1. 1. 0. 1. 1. 1. 1. 0. 1. 0. 0.
 1. 0. 0. 1. 1. 1. 1. 1. 0. 0. 1. 1. 1. 0. 0. 1. 0. 1. 0. 0. 1. 0. 1. 0.
 1. 0. 0. 0.]"
192,SVC,"{'C': 100, 'gamma': 0.001, 'kernel': 'rbf'}",0.40460230848916295,0.1874595526818246,-0.07287664804531102,0.2530905018730878,0.42999837863749163,0.17257231669254788,0.4474226804123712,-0.09701492537313428,0.45149253731343286,0.45149253731343286,"{0: 0.42214301626197376, 1: 0.42214301626197376}","{0: 0.42214301626197376, 1: 0.42214301626197376}",0.42214301626197376,"[[72 62]
 [85 49]]","[1. 0. 1. 1. 1. 0. 0. 0. 1. 0. 0. 0. 1. 0. 0. 0. 0. 0. 0. 0. 0. 0. 0. 0.
 0. 0. 1. 0. 0. 1. 1. 1. 1. 0. 1. 0. 0. 1. 0. 1. 1. 0. 0. 0. 1. 1. 1. 0.
 0. 1. 1. 0. 0. 1. 1. 0. 0. 0. 0. 1. 0. 1. 1. 1. 0. 1. 0. 1. 1. 0. 0. 0.
 0. 1. 0. 1. 0. 1. 1. 0. 0. 0. 1. 0. 0. 0. 0. 0. 1. 1. 1. 0. 0. 0. 0. 1.
 1. 1. 0. 0. 1. 0. 1. 0. 0. 1. 0. 1. 0. 0. 1. 0. 1. 0. 1. 1. 1. 1. 1. 0.
 0. 0. 0. 0. 1. 1. 0. 1. 0. 0. 0. 0. 0. 0. 1. 0. 0. 1. 0. 0. 0. 1. 0. 1.
 0. 0. 1. 1. 1. 1. 1. 0. 0. 1. 1. 1. 1. 0. 0. 0. 0. 0. 1. 0. 1. 0. 0. 1.
 0. 1. 1. 0. 0. 1. 1. 0. 1. 1. 0. 0. 1. 1. 0. 1. 1. 1. 1. 1. 1. 0. 0. 1.
 1. 0. 1. 1. 0. 0. 0. 0. 0. 1. 1. 0. 0. 0. 0. 0. 0. 0. 0. 1. 0. 0. 0. 0.
 0. 1. 1. 0. 0. 0. 1. 1. 0. 1. 1. 0. 0. 0. 0. 1. 0. 1. 0. 1. 0. 0. 0. 0.
 1. 1. 0. 0. 0. 1. 0. 0. 0. 1. 1. 1. 1. 0. 0. 1. 0. 1. 0. 1. 0. 1. 0. 0.
 0. 0. 0. 0.]","[0. 1. 0. 0. 0. 1. 1. 1. 0. 0. 0. 0. 0. 1. 0. 0. 1. 1. 0. 0. 0. 0. 0. 1.
 0. 0. 1. 0. 1. 0. 0. 1. 0. 1. 1. 0. 0. 0. 1. 0. 0. 0. 1. 1. 1. 0. 1. 0.
 1. 0. 1. 1. 0. 1. 1. 1. 1. 0. 1. 0. 0. 1. 1. 1. 0. 0. 0. 1. 1. 0. 1. 1.
 0. 0. 1. 0. 0. 1. 0. 1. 0. 1. 1. 1. 0. 1. 0. 1. 1. 1. 1. 1. 1. 1. 1. 0.
 0. 0. 1. 1. 1. 0. 0. 1. 1. 1. 0. 0. 0. 1. 1. 1. 0. 0. 0. 0. 1. 1. 1. 0.
 1. 0. 0. 1. 1. 0. 0. 0. 0. 1. 0. 0. 1. 1. 0. 1. 1. 1. 0. 1. 1. 0. 1. 0.
 1. 1. 0. 0. 0. 1. 1. 0. 1. 1. 0. 1. 0. 0. 0. 1. 1. 1. 0. 1. 0. 1. 1. 0.
 1. 0. 0. 1. 1. 0. 0. 1. 0. 1. 1. 0. 0. 1. 0. 0. 1. 1. 0. 1. 1. 0. 0. 0.
 0. 1. 1. 0. 0. 1. 0. 0. 1. 0. 1. 1. 1. 0. 0. 0. 1. 1. 0. 0. 0. 0. 1. 0.
 0. 1. 0. 1. 1. 1. 1. 0. 0. 0. 0. 1. 1. 1. 1. 0. 1. 1. 1. 1. 0. 1. 0. 0.
 1. 0. 0. 1. 1. 1. 1. 1. 0. 0. 1. 1. 1. 0. 0. 1. 0. 1. 0. 0. 1. 0. 1. 0.
 1. 0. 0. 0.]"
691,AdaBoost,"{'algorithm': 'SAMME', 'learning_rate': 3.691836734693877, 'n_estimators': 63}",0.3985512577790429,0.1876620582858807,-0.07347159324919629,0.23911237435188665,0.4712460851573754,0.1682821208811375,0.40433098367943104,-0.04477611940298498,0.47761194029850745,0.47761194029850745,"{0: 0.4182724437513923, 1: 0.41827244375139233}","{0: 0.4182724437513923, 1: 0.41827244375139233}",0.41827244375139233,"[[ 17 117]
 [ 23 111]]","[1. 1. 1. 1. 1. 1. 1. 1. 1. 1. 1. 1. 1. 1. 1. 1. 1. 1. 1. 1. 1. 1. 1. 1.
 1. 1. 1. 1. 1. 1. 1. 1. 1. 1. 1. 1. 1. 1. 1. 0. 1. 1. 1. 0. 1. 1. 1. 1.
 0. 1. 1. 1. 1. 1. 1. 1. 1. 1. 1. 1. 1. 1. 1. 1. 1. 0. 0. 1. 1. 1. 1. 1.
 1. 1. 1. 1. 1. 1. 1. 1. 1. 1. 1. 1. 1. 1. 1. 0. 1. 1. 1. 1. 1. 1. 1. 1.
 1. 1. 1. 1. 0. 1. 1. 0. 0. 1. 0. 0. 1. 1. 1. 0. 1. 1. 1. 1. 1. 1. 0. 1.
 1. 1. 1. 1. 1. 0. 1. 1. 1. 0. 1. 1. 1. 1. 1. 1. 1. 1. 1. 1. 1. 1. 1. 1.
 1. 1. 1. 1. 1. 0. 1. 1. 1. 0. 0. 1. 1. 1. 1. 1. 1. 0. 1. 0. 1. 1. 1. 0.
 0. 1. 1. 0. 1. 1. 1. 1. 1. 1. 1. 1. 1. 1. 1. 1. 0. 0. 1. 1. 0. 1. 1. 1.
 1. 1. 1. 1. 1. 1. 1. 1. 1. 1. 1. 1. 1. 1. 1. 1. 1. 1. 0. 0. 1. 1. 1. 0.
 0. 1. 1. 1. 0. 0. 1. 1. 1. 0. 1. 1. 1. 1. 0. 1. 1. 1. 1. 1. 1. 0. 0. 1.
 1. 1. 1. 1. 1. 1. 1. 1. 1. 1. 1. 1. 1. 1. 1. 1. 1. 1. 0. 1. 1. 1. 1. 0.
 0. 1. 1. 0.]","[0. 1. 0. 0. 0. 1. 1. 1. 0. 0. 0. 0. 0. 1. 0. 0. 1. 1. 0. 0. 0. 0. 0. 1.
 0. 0. 1. 0. 1. 0. 0. 1. 0. 1. 1. 0. 0. 0. 1. 0. 0. 0. 1. 1. 1. 0. 1. 0.
 1. 0. 1. 1. 0. 1. 1. 1. 1. 0. 1. 0. 0. 1. 1. 1. 0. 0. 0. 1. 1. 0. 1. 1.
 0. 0. 1. 0. 0. 1. 0. 1. 0. 1. 1. 1. 0. 1. 0. 1. 1. 1. 1. 1. 1. 1. 1. 0.
 0. 0. 1. 1. 1. 0. 0. 1. 1. 1. 0. 0. 0. 1. 1. 1. 0. 0. 0. 0. 1. 1. 1. 0.
 1. 0. 0. 1. 1. 0. 0. 0. 0. 1. 0. 0. 1. 1. 0. 1. 1. 1. 0. 1. 1. 0. 1. 0.
 1. 1. 0. 0. 0. 1. 1. 0. 1. 1. 0. 1. 0. 0. 0. 1. 1. 1. 0. 1. 0. 1. 1. 0.
 1. 0. 0. 1. 1. 0. 0. 1. 0. 1. 1. 0. 0. 1. 0. 0. 1. 1. 0. 1. 1. 0. 0. 0.
 0. 1. 1. 0. 0. 1. 0. 0. 1. 0. 1. 1. 1. 0. 0. 0. 1. 1. 0. 0. 0. 0. 1. 0.
 0. 1. 0. 1. 1. 1. 1. 0. 0. 0. 0. 1. 1. 1. 1. 0. 1. 1. 1. 1. 0. 1. 0. 0.
 1. 0. 0. 1. 1. 1. 1. 1. 0. 0. 1. 1. 1. 0. 0. 1. 0. 1. 0. 0. 1. 0. 1. 0.
 1. 0. 0. 0.]"
389,SVC,"{'C': 1000, 'gamma': 0.001, 'kernel': 'sigmoid'}",0.2620986059240377,0.16426757774658204,-0.0755899987732319,0.21758215691176763,0.3886768529409658,0.18662437036700943,0.38871548619447777,-0.13432835820895517,0.43283582089552236,0.4328358208955224,"{0: 0.3792047226553798, 1: 0.3792047226553798}","{0: 0.3792047226553798, 1: 0.3792047226553798}",0.3792047226553798,"[[ 94  40]
 [112  22]]","[1. 0. 1. 0. 0. 0. 0. 0. 1. 0. 1. 0. 0. 0. 0. 0. 0. 0. 0. 0. 0. 0. 0. 0.
 0. 0. 0. 0. 0. 0. 1. 1. 0. 0. 0. 1. 0. 0. 0. 0. 0. 0. 1. 0. 0. 0. 0. 1.
 0. 0. 0. 0. 1. 0. 0. 0. 1. 0. 0. 0. 0. 0. 1. 0. 0. 1. 0. 0. 1. 0. 0. 0.
 0. 0. 0. 1. 1. 0. 0. 0. 0. 0. 0. 1. 0. 0. 0. 0. 0. 1. 0. 1. 0. 0. 0. 1.
 1. 0. 0. 0. 0. 1. 0. 0. 0. 1. 1. 0. 1. 1. 0. 0. 1. 1. 1. 0. 0. 0. 0. 0.
 0. 0. 0. 0. 0. 0. 0. 1. 0. 0. 0. 0. 0. 0. 0. 1. 0. 0. 0. 0. 0. 1. 0. 0.
 0. 0. 0. 0. 0. 0. 0. 1. 1. 0. 0. 1. 0. 0. 0. 1. 0. 0. 1. 1. 0. 0. 0. 0.
 0. 0. 0. 0. 0. 0. 1. 1. 0. 0. 0. 0. 0. 0. 1. 1. 0. 0. 0. 1. 0. 0. 1. 1.
 1. 1. 1. 0. 0. 0. 0. 0. 0. 0. 0. 0. 0. 0. 0. 0. 0. 0. 1. 0. 0. 0. 0. 1.
 1. 0. 0. 0. 0. 0. 1. 1. 0. 0. 0. 0. 0. 0. 0. 0. 0. 1. 1. 0. 1. 0. 0. 0.
 0. 0. 0. 0. 0. 0. 0. 0. 0. 1. 0. 0. 0. 1. 0. 0. 0. 0. 0. 1. 0. 1. 0. 0.
 0. 0. 1. 1.]","[0. 1. 0. 0. 0. 1. 1. 1. 0. 0. 0. 0. 0. 1. 0. 0. 1. 1. 0. 0. 0. 0. 0. 1.
 0. 0. 1. 0. 1. 0. 0. 1. 0. 1. 1. 0. 0. 0. 1. 0. 0. 0. 1. 1. 1. 0. 1. 0.
 1. 0. 1. 1. 0. 1. 1. 1. 1. 0. 1. 0. 0. 1. 1. 1. 0. 0. 0. 1. 1. 0. 1. 1.
 0. 0. 1. 0. 0. 1. 0. 1. 0. 1. 1. 1. 0. 1. 0. 1. 1. 1. 1. 1. 1. 1. 1. 0.
 0. 0. 1. 1. 1. 0. 0. 1. 1. 1. 0. 0. 0. 1. 1. 1. 0. 0. 0. 0. 1. 1. 1. 0.
 1. 0. 0. 1. 1. 0. 0. 0. 0. 1. 0. 0. 1. 1. 0. 1. 1. 1. 0. 1. 1. 0. 1. 0.
 1. 1. 0. 0. 0. 1. 1. 0. 1. 1. 0. 1. 0. 0. 0. 1. 1. 1. 0. 1. 0. 1. 1. 0.
 1. 0. 0. 1. 1. 0. 0. 1. 0. 1. 1. 0. 0. 1. 0. 0. 1. 1. 0. 1. 1. 0. 0. 0.
 0. 1. 1. 0. 0. 1. 0. 0. 1. 0. 1. 1. 1. 0. 0. 0. 1. 1. 0. 0. 0. 0. 1. 0.
 0. 1. 0. 1. 1. 1. 1. 0. 0. 0. 0. 1. 1. 1. 1. 0. 1. 1. 1. 1. 0. 1. 0. 0.
 1. 0. 0. 1. 1. 1. 1. 1. 0. 0. 1. 1. 1. 0. 0. 1. 0. 1. 0. 0. 1. 0. 1. 0.
 1. 0. 0. 0.]"
144,knn,{'n_neighbors': 170},0.36845044319908066,0.1763614776812391,-0.08112604944034267,0.23516504318984519,0.4122482524196234,0.1460877958076766,0.4227692307692308,-0.14925373134328357,0.4253731343283582,0.4253731343283582,"{0: 0.39193027400311875, 1: 0.3919302740031188}","{0: 0.39193027400311875, 1: 0.3919302740031188}",0.3919302740031188,"[[66 68]
 [86 48]]","[1. 1. 1. 0. 0. 0. 0. 1. 0. 1. 0. 1. 0. 0. 0. 0. 0. 0. 1. 0. 1. 1. 1. 0.
 0. 0. 0. 1. 0. 0. 1. 1. 0. 0. 0. 1. 0. 0. 0. 0. 0. 0. 1. 0. 1. 0. 1. 1.
 1. 0. 0. 0. 1. 0. 0. 0. 1. 1. 0. 0. 0. 0. 1. 0. 0. 1. 0. 1. 1. 0. 1. 0.
 1. 1. 0. 1. 1. 1. 1. 0. 1. 0. 0. 1. 1. 0. 0. 0. 1. 1. 1. 1. 0. 0. 0. 1.
 1. 0. 1. 0. 1. 1. 1. 0. 1. 1. 0. 1. 0. 1. 0. 0. 1. 1. 0. 0. 0. 1. 1. 1.
 0. 0. 1. 1. 0. 1. 0. 1. 0. 0. 0. 1. 0. 0. 1. 1. 1. 0. 0. 1. 0. 1. 0. 1.
 0. 1. 0. 1. 1. 0. 0. 0. 1. 0. 0. 0. 1. 0. 0. 0. 0. 0. 1. 0. 1. 0. 0. 0.
 0. 0. 1. 0. 1. 0. 0. 1. 0. 1. 0. 0. 1. 1. 1. 0. 1. 0. 1. 1. 0. 1. 1. 1.
 1. 1. 1. 0. 0. 1. 1. 1. 0. 0. 0. 0. 1. 0. 1. 1. 1. 0. 1. 1. 1. 0. 1. 1.
 0. 0. 0. 0. 0. 0. 0. 1. 0. 1. 0. 0. 0. 0. 0. 1. 1. 0. 1. 0. 0. 0. 0. 0.
 0. 0. 0. 0. 0. 1. 0. 0. 0. 1. 0. 1. 1. 1. 0. 0. 0. 0. 1. 1. 0. 1. 0. 0.
 0. 0. 1. 1.]","[0. 1. 0. 0. 0. 1. 1. 1. 0. 0. 0. 0. 0. 1. 0. 0. 1. 1. 0. 0. 0. 0. 0. 1.
 0. 0. 1. 0. 1. 0. 0. 1. 0. 1. 1. 0. 0. 0. 1. 0. 0. 0. 1. 1. 1. 0. 1. 0.
 1. 0. 1. 1. 0. 1. 1. 1. 1. 0. 1. 0. 0. 1. 1. 1. 0. 0. 0. 1. 1. 0. 1. 1.
 0. 0. 1. 0. 0. 1. 0. 1. 0. 1. 1. 1. 0. 1. 0. 1. 1. 1. 1. 1. 1. 1. 1. 0.
 0. 0. 1. 1. 1. 0. 0. 1. 1. 1. 0. 0. 0. 1. 1. 1. 0. 0. 0. 0. 1. 1. 1. 0.
 1. 0. 0. 1. 1. 0. 0. 0. 0. 1. 0. 0. 1. 1. 0. 1. 1. 1. 0. 1. 1. 0. 1. 0.
 1. 1. 0. 0. 0. 1. 1. 0. 1. 1. 0. 1. 0. 0. 0. 1. 1. 1. 0. 1. 0. 1. 1. 0.
 1. 0. 0. 1. 1. 0. 0. 1. 0. 1. 1. 0. 0. 1. 0. 0. 1. 1. 0. 1. 1. 0. 0. 0.
 0. 1. 1. 0. 0. 1. 0. 0. 1. 0. 1. 1. 1. 0. 0. 0. 1. 1. 0. 0. 0. 0. 1. 0.
 0. 1. 0. 1. 1. 1. 1. 0. 0. 0. 0. 1. 1. 1. 1. 0. 1. 1. 1. 1. 0. 1. 0. 0.
 1. 0. 0. 1. 1. 1. 1. 1. 0. 0. 1. 1. 1. 0. 0. 1. 0. 1. 0. 0. 1. 0. 1. 0.
 1. 0. 0. 0.]"
630,knn,{'n_neighbors': 170},0.36845044319908066,0.1763614776812391,-0.08112604944034267,0.23516504318984519,0.4122482524196234,0.1460877958076766,0.4227692307692308,-0.14925373134328357,0.4253731343283582,0.4253731343283582,"{0: 0.39193027400311875, 1: 0.3919302740031188}","{0: 0.39193027400311875, 1: 0.3919302740031188}",0.3919302740031188,"[[66 68]
 [86 48]]","[1. 1. 1. 0. 0. 0. 0. 1. 0. 1. 0. 1. 0. 0. 0. 0. 0. 0. 1. 0. 1. 1. 1. 0.
 0. 0. 0. 1. 0. 0. 1. 1. 0. 0. 0. 1. 0. 0. 0. 0. 0. 0. 1. 0. 1. 0. 1. 1.
 1. 0. 0. 0. 1. 0. 0. 0. 1. 1. 0. 0. 0. 0. 1. 0. 0. 1. 0. 1. 1. 0. 1. 0.
 1. 1. 0. 1. 1. 1. 1. 0. 1. 0. 0. 1. 1. 0. 0. 0. 1. 1. 1. 1. 0. 0. 0. 1.
 1. 0. 1. 0. 1. 1. 1. 0. 1. 1. 0. 1. 0. 1. 0. 0. 1. 1. 0. 0. 0. 1. 1. 1.
 0. 0. 1. 1. 0. 1. 0. 1. 0. 0. 0. 1. 0. 0. 1. 1. 1. 0. 0. 1. 0. 1. 0. 1.
 0. 1. 0. 1. 1. 0. 0. 0. 1. 0. 0. 0. 1. 0. 0. 0. 0. 0. 1. 0. 1. 0. 0. 0.
 0. 0. 1. 0. 1. 0. 0. 1. 0. 1. 0. 0. 1. 1. 1. 0. 1. 0. 1. 1. 0. 1. 1. 1.
 1. 1. 1. 0. 0. 1. 1. 1. 0. 0. 0. 0. 1. 0. 1. 1. 1. 0. 1. 1. 1. 0. 1. 1.
 0. 0. 0. 0. 0. 0. 0. 1. 0. 1. 0. 0. 0. 0. 0. 1. 1. 0. 1. 0. 0. 0. 0. 0.
 0. 0. 0. 0. 0. 1. 0. 0. 0. 1. 0. 1. 1. 1. 0. 0. 0. 0. 1. 1. 0. 1. 0. 0.
 0. 0. 1. 1.]","[0. 1. 0. 0. 0. 1. 1. 1. 0. 0. 0. 0. 0. 1. 0. 0. 1. 1. 0. 0. 0. 0. 0. 1.
 0. 0. 1. 0. 1. 0. 0. 1. 0. 1. 1. 0. 0. 0. 1. 0. 0. 0. 1. 1. 1. 0. 1. 0.
 1. 0. 1. 1. 0. 1. 1. 1. 1. 0. 1. 0. 0. 1. 1. 1. 0. 0. 0. 1. 1. 0. 1. 1.
 0. 0. 1. 0. 0. 1. 0. 1. 0. 1. 1. 1. 0. 1. 0. 1. 1. 1. 1. 1. 1. 1. 1. 0.
 0. 0. 1. 1. 1. 0. 0. 1. 1. 1. 0. 0. 0. 1. 1. 1. 0. 0. 0. 0. 1. 1. 1. 0.
 1. 0. 0. 1. 1. 0. 0. 0. 0. 1. 0. 0. 1. 1. 0. 1. 1. 1. 0. 1. 1. 0. 1. 0.
 1. 1. 0. 0. 0. 1. 1. 0. 1. 1. 0. 1. 0. 0. 0. 1. 1. 1. 0. 1. 0. 1. 1. 0.
 1. 0. 0. 1. 1. 0. 0. 1. 0. 1. 1. 0. 0. 1. 0. 0. 1. 1. 0. 1. 1. 0. 0. 0.
 0. 1. 1. 0. 0. 1. 0. 0. 1. 0. 1. 1. 1. 0. 0. 0. 1. 1. 0. 0. 0. 0. 1. 0.
 0. 1. 0. 1. 1. 1. 1. 0. 0. 0. 0. 1. 1. 1. 1. 0. 1. 1. 1. 1. 0. 1. 0. 0.
 1. 0. 0. 1. 1. 1. 1. 1. 0. 0. 1. 1. 1. 0. 0. 1. 0. 1. 0. 0. 1. 0. 1. 0.
 1. 0. 0. 0.]"
604,knn,{'n_neighbors': 185},0.3280248380308511,0.19275744581375656,-0.0975905492361236,0.3236928483206985,0.367797791739324,0.17601573277894358,0.39309374780223644,-0.20149253731343286,0.39925373134328357,0.39925373134328357,"{0: 0.3474047672087325, 1: 0.34740476720873253}","{0: 0.3474047672087325, 1: 0.34740476720873253}",0.34740476720873253,"[[40 94]
 [67 67]]","[1. 0. 1. 1. 1. 1. 1. 1. 0. 1. 1. 1. 1. 0. 0. 0. 0. 1. 1. 0. 1. 1. 1. 1.
 0. 1. 1. 1. 1. 0. 1. 1. 0. 1. 0. 1. 1. 1. 0. 0. 0. 0. 1. 0. 0. 0. 1. 1.
 1. 1. 0. 0. 1. 0. 0. 0. 1. 1. 1. 0. 0. 0. 1. 0. 1. 1. 1. 1. 1. 1. 1. 0.
 1. 1. 0. 1. 1. 1. 1. 0. 1. 0. 0. 1. 1. 0. 1. 0. 1. 1. 1. 1. 0. 0. 0. 1.
 1. 0. 1. 0. 1. 1. 1. 1. 0. 1. 1. 1. 1. 1. 0. 0. 1. 1. 1. 0. 0. 1. 1. 0.
 0. 0. 1. 1. 1. 1. 1. 1. 0. 0. 1. 1. 1. 1. 1. 1. 1. 0. 0. 1. 0. 1. 0. 1.
 0. 1. 1. 1. 1. 1. 0. 1. 1. 0. 1. 1. 1. 0. 0. 1. 0. 0. 1. 0. 1. 0. 0. 0.
 0. 0. 1. 0. 1. 0. 1. 1. 0. 1. 0. 1. 1. 0. 1. 0. 1. 1. 1. 0. 0. 1. 1. 1.
 1. 1. 1. 0. 0. 1. 1. 1. 0. 0. 1. 0. 1. 0. 1. 1. 1. 0. 1. 1. 1. 0. 1. 1.
 0. 0. 0. 0. 0. 1. 1. 1. 1. 1. 0. 0. 1. 0. 0. 1. 1. 1. 1. 0. 1. 0. 1. 1.
 1. 0. 1. 1. 0. 1. 0. 0. 1. 1. 0. 1. 1. 1. 0. 0. 1. 0. 0. 1. 0. 1. 1. 0.
 0. 0. 1. 0.]","[0. 1. 0. 0. 0. 1. 1. 1. 0. 0. 0. 0. 0. 1. 0. 0. 1. 1. 0. 0. 0. 0. 0. 1.
 0. 0. 1. 0. 1. 0. 0. 1. 0. 1. 1. 0. 0. 0. 1. 0. 0. 0. 1. 1. 1. 0. 1. 0.
 1. 0. 1. 1. 0. 1. 1. 1. 1. 0. 1. 0. 0. 1. 1. 1. 0. 0. 0. 1. 1. 0. 1. 1.
 0. 0. 1. 0. 0. 1. 0. 1. 0. 1. 1. 1. 0. 1. 0. 1. 1. 1. 1. 1. 1. 1. 1. 0.
 0. 0. 1. 1. 1. 0. 0. 1. 1. 1. 0. 0. 0. 1. 1. 1. 0. 0. 0. 0. 1. 1. 1. 0.
 1. 0. 0. 1. 1. 0. 0. 0. 0. 1. 0. 0. 1. 1. 0. 1. 1. 1. 0. 1. 1. 0. 1. 0.
 1. 1. 0. 0. 0. 1. 1. 0. 1. 1. 0. 1. 0. 0. 0. 1. 1. 1. 0. 1. 0. 1. 1. 0.
 1. 0. 0. 1. 1. 0. 0. 1. 0. 1. 1. 0. 0. 1. 0. 0. 1. 1. 0. 1. 1. 0. 0. 0.
 0. 1. 1. 0. 0. 1. 0. 0. 1. 0. 1. 1. 1. 0. 0. 0. 1. 1. 0. 0. 0. 0. 1. 0.
 0. 1. 0. 1. 1. 1. 1. 0. 0. 0. 0. 1. 1. 1. 1. 0. 1. 1. 1. 1. 0. 1. 0. 0.
 1. 0. 0. 1. 1. 1. 1. 1. 0. 0. 1. 1. 1. 0. 0. 1. 0. 1. 0. 0. 1. 0. 1. 0.
 1. 0. 0. 0.]"
125,knn,{'n_neighbors': 185},0.3280248380308511,0.19275744581375656,-0.0975905492361236,0.3236928483206985,0.367797791739324,0.17601573277894358,0.39309374780223644,-0.20149253731343286,0.39925373134328357,0.39925373134328357,"{0: 0.3474047672087325, 1: 0.34740476720873253}","{0: 0.3474047672087325, 1: 0.34740476720873253}",0.34740476720873253,"[[40 94]
 [67 67]]","[1. 0. 1. 1. 1. 1. 1. 1. 0. 1. 1. 1. 1. 0. 0. 0. 0. 1. 1. 0. 1. 1. 1. 1.
 0. 1. 1. 1. 1. 0. 1. 1. 0. 1. 0. 1. 1. 1. 0. 0. 0. 0. 1. 0. 0. 0. 1. 1.
 1. 1. 0. 0. 1. 0. 0. 0. 1. 1. 1. 0. 0. 0. 1. 0. 1. 1. 1. 1. 1. 1. 1. 0.
 1. 1. 0. 1. 1. 1. 1. 0. 1. 0. 0. 1. 1. 0. 1. 0. 1. 1. 1. 1. 0. 0. 0. 1.
 1. 0. 1. 0. 1. 1. 1. 1. 0. 1. 1. 1. 1. 1. 0. 0. 1. 1. 1. 0. 0. 1. 1. 0.
 0. 0. 1. 1. 1. 1. 1. 1. 0. 0. 1. 1. 1. 1. 1. 1. 1. 0. 0. 1. 0. 1. 0. 1.
 0. 1. 1. 1. 1. 1. 0. 1. 1. 0. 1. 1. 1. 0. 0. 1. 0. 0. 1. 0. 1. 0. 0. 0.
 0. 0. 1. 0. 1. 0. 1. 1. 0. 1. 0. 1. 1. 0. 1. 0. 1. 1. 1. 0. 0. 1. 1. 1.
 1. 1. 1. 0. 0. 1. 1. 1. 0. 0. 1. 0. 1. 0. 1. 1. 1. 0. 1. 1. 1. 0. 1. 1.
 0. 0. 0. 0. 0. 1. 1. 1. 1. 1. 0. 0. 1. 0. 0. 1. 1. 1. 1. 0. 1. 0. 1. 1.
 1. 0. 1. 1. 0. 1. 0. 0. 1. 1. 0. 1. 1. 1. 0. 0. 1. 0. 0. 1. 0. 1. 1. 0.
 0. 0. 1. 0.]","[0. 1. 0. 0. 0. 1. 1. 1. 0. 0. 0. 0. 0. 1. 0. 0. 1. 1. 0. 0. 0. 0. 0. 1.
 0. 0. 1. 0. 1. 0. 0. 1. 0. 1. 1. 0. 0. 0. 1. 0. 0. 0. 1. 1. 1. 0. 1. 0.
 1. 0. 1. 1. 0. 1. 1. 1. 1. 0. 1. 0. 0. 1. 1. 1. 0. 0. 0. 1. 1. 0. 1. 1.
 0. 0. 1. 0. 0. 1. 0. 1. 0. 1. 1. 1. 0. 1. 0. 1. 1. 1. 1. 1. 1. 1. 1. 0.
 0. 0. 1. 1. 1. 0. 0. 1. 1. 1. 0. 0. 0. 1. 1. 1. 0. 0. 0. 0. 1. 1. 1. 0.
 1. 0. 0. 1. 1. 0. 0. 0. 0. 1. 0. 0. 1. 1. 0. 1. 1. 1. 0. 1. 1. 0. 1. 0.
 1. 1. 0. 0. 0. 1. 1. 0. 1. 1. 0. 1. 0. 0. 0. 1. 1. 1. 0. 1. 0. 1. 1. 0.
 1. 0. 0. 1. 1. 0. 0. 1. 0. 1. 1. 0. 0. 1. 0. 0. 1. 1. 0. 1. 1. 0. 0. 0.
 0. 1. 1. 0. 0. 1. 0. 0. 1. 0. 1. 1. 1. 0. 0. 0. 1. 1. 0. 0. 0. 0. 1. 0.
 0. 1. 0. 1. 1. 1. 1. 0. 0. 0. 0. 1. 1. 1. 1. 0. 1. 1. 1. 1. 0. 1. 0. 0.
 1. 0. 0. 1. 1. 1. 1. 1. 0. 0. 1. 1. 1. 0. 0. 1. 0. 1. 0. 0. 1. 0. 1. 0.
 1. 0. 0. 0.]"
358,knn,{'n_neighbors': 190},0.286788441851005,0.14609502397193494,-0.09766709175800155,0.15645398802074692,0.3503762665052988,0.1303057769265857,0.3653535409817797,-0.26865671641791056,0.3656716417910448,0.3656716417910448,"{0: 0.3394687012697706, 1: 0.3394687012697705}","{0: 0.3394687012697706, 1: 0.3394687012697705}",0.3394687012697705,"[[46 88]
 [82 52]]","[1. 0. 1. 1. 1. 0. 0. 1. 0. 1. 1. 1. 1. 0. 1. 0. 0. 0. 1. 0. 1. 1. 1. 1.
 0. 1. 1. 1. 1. 0. 1. 1. 1. 1. 0. 1. 0. 1. 0. 0. 0. 0. 1. 0. 0. 0. 1. 1.
 1. 0. 0. 1. 1. 0. 0. 0. 1. 1. 1. 0. 0. 1. 0. 0. 1. 1. 1. 1. 0. 1. 1. 0.
 0. 1. 0. 1. 1. 1. 1. 0. 0. 0. 0. 1. 1. 0. 0. 0. 1. 0. 1. 1. 0. 0. 0. 1.
 1. 1. 0. 0. 1. 1. 1. 0. 0. 1. 1. 0. 1. 1. 0. 0. 1. 1. 1. 0. 0. 1. 0. 1.
 0. 0. 1. 1. 1. 0. 1. 1. 0. 0. 1. 1. 1. 1. 1. 1. 0. 0. 0. 0. 0. 1. 0. 1.
 0. 0. 1. 1. 1. 0. 0. 0. 1. 1. 1. 1. 1. 0. 1. 1. 0. 0. 1. 0. 1. 0. 0. 0.
 0. 1. 1. 0. 1. 0. 1. 1. 0. 1. 0. 1. 0. 0. 1. 0. 0. 1. 1. 0. 0. 1. 1. 1.
 1. 1. 1. 1. 0. 1. 1. 1. 0. 0. 1. 0. 0. 0. 1. 0. 1. 0. 1. 1. 1. 0. 1. 1.
 0. 0. 1. 0. 0. 1. 1. 1. 1. 1. 0. 0. 0. 1. 0. 0. 1. 1. 1. 0. 1. 0. 1. 0.
 0. 0. 0. 1. 0. 1. 0. 0. 1. 0. 0. 1. 0. 1. 0. 0. 1. 0. 0. 1. 0. 1. 0. 0.
 0. 0. 1. 0.]","[0. 1. 0. 0. 0. 1. 1. 1. 0. 0. 0. 0. 0. 1. 0. 0. 1. 1. 0. 0. 0. 0. 0. 1.
 0. 0. 1. 0. 1. 0. 0. 1. 0. 1. 1. 0. 0. 0. 1. 0. 0. 0. 1. 1. 1. 0. 1. 0.
 1. 0. 1. 1. 0. 1. 1. 1. 1. 0. 1. 0. 0. 1. 1. 1. 0. 0. 0. 1. 1. 0. 1. 1.
 0. 0. 1. 0. 0. 1. 0. 1. 0. 1. 1. 1. 0. 1. 0. 1. 1. 1. 1. 1. 1. 1. 1. 0.
 0. 0. 1. 1. 1. 0. 0. 1. 1. 1. 0. 0. 0. 1. 1. 1. 0. 0. 0. 0. 1. 1. 1. 0.
 1. 0. 0. 1. 1. 0. 0. 0. 0. 1. 0. 0. 1. 1. 0. 1. 1. 1. 0. 1. 1. 0. 1. 0.
 1. 1. 0. 0. 0. 1. 1. 0. 1. 1. 0. 1. 0. 0. 0. 1. 1. 1. 0. 1. 0. 1. 1. 0.
 1. 0. 0. 1. 1. 0. 0. 1. 0. 1. 1. 0. 0. 1. 0. 0. 1. 1. 0. 1. 1. 0. 0. 0.
 0. 1. 1. 0. 0. 1. 0. 0. 1. 0. 1. 1. 1. 0. 0. 0. 1. 1. 0. 0. 0. 0. 1. 0.
 0. 1. 0. 1. 1. 1. 1. 0. 0. 0. 0. 1. 1. 1. 1. 0. 1. 1. 1. 1. 0. 1. 0. 0.
 1. 0. 0. 1. 1. 1. 1. 1. 0. 0. 1. 1. 1. 0. 0. 1. 0. 1. 0. 0. 1. 0. 1. 0.
 1. 0. 0. 0.]"
904,knn,{'n_neighbors': 190},0.286788441851005,0.14609502397193494,-0.09766709175800155,0.15645398802074692,0.3503762665052988,0.1303057769265857,0.3653535409817797,-0.26865671641791056,0.3656716417910448,0.3656716417910448,"{0: 0.3394687012697706, 1: 0.3394687012697705}","{0: 0.3394687012697706, 1: 0.3394687012697705}",0.3394687012697705,"[[46 88]
 [82 52]]","[1. 0. 1. 1. 1. 0. 0. 1. 0. 1. 1. 1. 1. 0. 1. 0. 0. 0. 1. 0. 1. 1. 1. 1.
 0. 1. 1. 1. 1. 0. 1. 1. 1. 1. 0. 1. 0. 1. 0. 0. 0. 0. 1. 0. 0. 0. 1. 1.
 1. 0. 0. 1. 1. 0. 0. 0. 1. 1. 1. 0. 0. 1. 0. 0. 1. 1. 1. 1. 0. 1. 1. 0.
 0. 1. 0. 1. 1. 1. 1. 0. 0. 0. 0. 1. 1. 0. 0. 0. 1. 0. 1. 1. 0. 0. 0. 1.
 1. 1. 0. 0. 1. 1. 1. 0. 0. 1. 1. 0. 1. 1. 0. 0. 1. 1. 1. 0. 0. 1. 0. 1.
 0. 0. 1. 1. 1. 0. 1. 1. 0. 0. 1. 1. 1. 1. 1. 1. 0. 0. 0. 0. 0. 1. 0. 1.
 0. 0. 1. 1. 1. 0. 0. 0. 1. 1. 1. 1. 1. 0. 1. 1. 0. 0. 1. 0. 1. 0. 0. 0.
 0. 1. 1. 0. 1. 0. 1. 1. 0. 1. 0. 1. 0. 0. 1. 0. 0. 1. 1. 0. 0. 1. 1. 1.
 1. 1. 1. 1. 0. 1. 1. 1. 0. 0. 1. 0. 0. 0. 1. 0. 1. 0. 1. 1. 1. 0. 1. 1.
 0. 0. 1. 0. 0. 1. 1. 1. 1. 1. 0. 0. 0. 1. 0. 0. 1. 1. 1. 0. 1. 0. 1. 0.
 0. 0. 0. 1. 0. 1. 0. 0. 1. 0. 0. 1. 0. 1. 0. 0. 1. 0. 0. 1. 0. 1. 0. 0.
 0. 0. 1. 0.]","[0. 1. 0. 0. 0. 1. 1. 1. 0. 0. 0. 0. 0. 1. 0. 0. 1. 1. 0. 0. 0. 0. 0. 1.
 0. 0. 1. 0. 1. 0. 0. 1. 0. 1. 1. 0. 0. 0. 1. 0. 0. 0. 1. 1. 1. 0. 1. 0.
 1. 0. 1. 1. 0. 1. 1. 1. 1. 0. 1. 0. 0. 1. 1. 1. 0. 0. 0. 1. 1. 0. 1. 1.
 0. 0. 1. 0. 0. 1. 0. 1. 0. 1. 1. 1. 0. 1. 0. 1. 1. 1. 1. 1. 1. 1. 1. 0.
 0. 0. 1. 1. 1. 0. 0. 1. 1. 1. 0. 0. 0. 1. 1. 1. 0. 0. 0. 0. 1. 1. 1. 0.
 1. 0. 0. 1. 1. 0. 0. 0. 0. 1. 0. 0. 1. 1. 0. 1. 1. 1. 0. 1. 1. 0. 1. 0.
 1. 1. 0. 0. 0. 1. 1. 0. 1. 1. 0. 1. 0. 0. 0. 1. 1. 1. 0. 1. 0. 1. 1. 0.
 1. 0. 0. 1. 1. 0. 0. 1. 0. 1. 1. 0. 0. 1. 0. 0. 1. 1. 0. 1. 1. 0. 0. 0.
 0. 1. 1. 0. 0. 1. 0. 0. 1. 0. 1. 1. 1. 0. 0. 0. 1. 1. 0. 0. 0. 0. 1. 0.
 0. 1. 0. 1. 1. 1. 1. 0. 0. 0. 0. 1. 1. 1. 1. 0. 1. 1. 1. 1. 0. 1. 0. 0.
 1. 0. 0. 1. 1. 1. 1. 1. 0. 0. 1. 1. 1. 0. 0. 1. 0. 1. 0. 0. 1. 0. 1. 0.
 1. 0. 0. 0.]"
204,knn,{'n_neighbors': 180},0.358266203016355,0.1777621577037899,-0.09775970134563687,0.23841873133897554,0.39842711611864834,0.14133827165965182,0.3917148228086054,-0.21641791044776126,0.3917910447761194,0.39179104477611937,"{0: 0.347293383827133, 1: 0.347293383827133}","{0: 0.347293383827133, 1: 0.347293383827133}",0.347293383827133,"[[54 80]
 [83 51]]","[1. 0. 1. 0. 0. 1. 0. 0. 0. 1. 1. 1. 1. 0. 0. 0. 0. 1. 0. 0. 0. 0. 1. 0.
 0. 1. 1. 1. 0. 0. 1. 1. 0. 0. 0. 1. 1. 1. 0. 0. 0. 0. 1. 0. 0. 0. 1. 1.
 1. 1. 0. 0. 1. 1. 0. 0. 1. 1. 0. 0. 0. 0. 1. 0. 1. 1. 0. 1. 1. 1. 1. 0.
 1. 1. 0. 1. 1. 0. 1. 0. 1. 0. 0. 1. 1. 0. 0. 0. 0. 1. 1. 1. 0. 0. 0. 1.
 1. 0. 1. 1. 1. 1. 1. 0. 1. 1. 1. 1. 0. 1. 0. 0. 1. 1. 0. 0. 0. 1. 0. 0.
 0. 0. 1. 1. 0. 1. 0. 1. 0. 0. 1. 1. 0. 0. 1. 1. 1. 0. 0. 1. 0. 1. 0. 0.
 0. 1. 1. 1. 1. 0. 0. 0. 1. 0. 1. 0. 1. 0. 0. 1. 0. 0. 1. 0. 1. 0. 0. 0.
 0. 0. 1. 0. 0. 0. 0. 1. 1. 1. 1. 1. 1. 0. 1. 0. 1. 1. 1. 0. 0. 1. 1. 1.
 1. 1. 1. 0. 0. 1. 1. 1. 0. 0. 0. 0. 1. 0. 0. 1. 1. 0. 1. 1. 1. 0. 0. 1.
 0. 0. 0. 0. 0. 1. 1. 1. 0. 1. 0. 0. 0. 0. 0. 1. 1. 0. 1. 0. 0. 0. 1. 1.
 1. 0. 1. 1. 0. 1. 0. 0. 1. 1. 0. 1. 1. 1. 0. 0. 0. 0. 0. 1. 0. 1. 1. 1.
 0. 0. 1. 1.]","[0. 1. 0. 0. 0. 1. 1. 1. 0. 0. 0. 0. 0. 1. 0. 0. 1. 1. 0. 0. 0. 0. 0. 1.
 0. 0. 1. 0. 1. 0. 0. 1. 0. 1. 1. 0. 0. 0. 1. 0. 0. 0. 1. 1. 1. 0. 1. 0.
 1. 0. 1. 1. 0. 1. 1. 1. 1. 0. 1. 0. 0. 1. 1. 1. 0. 0. 0. 1. 1. 0. 1. 1.
 0. 0. 1. 0. 0. 1. 0. 1. 0. 1. 1. 1. 0. 1. 0. 1. 1. 1. 1. 1. 1. 1. 1. 0.
 0. 0. 1. 1. 1. 0. 0. 1. 1. 1. 0. 0. 0. 1. 1. 1. 0. 0. 0. 0. 1. 1. 1. 0.
 1. 0. 0. 1. 1. 0. 0. 0. 0. 1. 0. 0. 1. 1. 0. 1. 1. 1. 0. 1. 1. 0. 1. 0.
 1. 1. 0. 0. 0. 1. 1. 0. 1. 1. 0. 1. 0. 0. 0. 1. 1. 1. 0. 1. 0. 1. 1. 0.
 1. 0. 0. 1. 1. 0. 0. 1. 0. 1. 1. 0. 0. 1. 0. 0. 1. 1. 0. 1. 1. 0. 0. 0.
 0. 1. 1. 0. 0. 1. 0. 0. 1. 0. 1. 1. 1. 0. 0. 0. 1. 1. 0. 0. 0. 0. 1. 0.
 0. 1. 0. 1. 1. 1. 1. 0. 0. 0. 0. 1. 1. 1. 1. 0. 1. 1. 1. 1. 0. 1. 0. 0.
 1. 0. 0. 1. 1. 1. 1. 1. 0. 0. 1. 1. 1. 0. 0. 1. 0. 1. 0. 0. 1. 0. 1. 0.
 1. 0. 0. 0.]"
696,knn,{'n_neighbors': 180},0.358266203016355,0.1777621577037899,-0.09775970134563687,0.23841873133897554,0.39842711611864834,0.14133827165965182,0.3917148228086054,-0.21641791044776126,0.3917910447761194,0.39179104477611937,"{0: 0.347293383827133, 1: 0.347293383827133}","{0: 0.347293383827133, 1: 0.347293383827133}",0.347293383827133,"[[54 80]
 [83 51]]","[1. 0. 1. 0. 0. 1. 0. 0. 0. 1. 1. 1. 1. 0. 0. 0. 0. 1. 0. 0. 0. 0. 1. 0.
 0. 1. 1. 1. 0. 0. 1. 1. 0. 0. 0. 1. 1. 1. 0. 0. 0. 0. 1. 0. 0. 0. 1. 1.
 1. 1. 0. 0. 1. 1. 0. 0. 1. 1. 0. 0. 0. 0. 1. 0. 1. 1. 0. 1. 1. 1. 1. 0.
 1. 1. 0. 1. 1. 0. 1. 0. 1. 0. 0. 1. 1. 0. 0. 0. 0. 1. 1. 1. 0. 0. 0. 1.
 1. 0. 1. 1. 1. 1. 1. 0. 1. 1. 1. 1. 0. 1. 0. 0. 1. 1. 0. 0. 0. 1. 0. 0.
 0. 0. 1. 1. 0. 1. 0. 1. 0. 0. 1. 1. 0. 0. 1. 1. 1. 0. 0. 1. 0. 1. 0. 0.
 0. 1. 1. 1. 1. 0. 0. 0. 1. 0. 1. 0. 1. 0. 0. 1. 0. 0. 1. 0. 1. 0. 0. 0.
 0. 0. 1. 0. 0. 0. 0. 1. 1. 1. 1. 1. 1. 0. 1. 0. 1. 1. 1. 0. 0. 1. 1. 1.
 1. 1. 1. 0. 0. 1. 1. 1. 0. 0. 0. 0. 1. 0. 0. 1. 1. 0. 1. 1. 1. 0. 0. 1.
 0. 0. 0. 0. 0. 1. 1. 1. 0. 1. 0. 0. 0. 0. 0. 1. 1. 0. 1. 0. 0. 0. 1. 1.
 1. 0. 1. 1. 0. 1. 0. 0. 1. 1. 0. 1. 1. 1. 0. 0. 0. 0. 0. 1. 0. 1. 1. 1.
 0. 0. 1. 1.]","[0. 1. 0. 0. 0. 1. 1. 1. 0. 0. 0. 0. 0. 1. 0. 0. 1. 1. 0. 0. 0. 0. 0. 1.
 0. 0. 1. 0. 1. 0. 0. 1. 0. 1. 1. 0. 0. 0. 1. 0. 0. 0. 1. 1. 1. 0. 1. 0.
 1. 0. 1. 1. 0. 1. 1. 1. 1. 0. 1. 0. 0. 1. 1. 1. 0. 0. 0. 1. 1. 0. 1. 1.
 0. 0. 1. 0. 0. 1. 0. 1. 0. 1. 1. 1. 0. 1. 0. 1. 1. 1. 1. 1. 1. 1. 1. 0.
 0. 0. 1. 1. 1. 0. 0. 1. 1. 1. 0. 0. 0. 1. 1. 1. 0. 0. 0. 0. 1. 1. 1. 0.
 1. 0. 0. 1. 1. 0. 0. 0. 0. 1. 0. 0. 1. 1. 0. 1. 1. 1. 0. 1. 1. 0. 1. 0.
 1. 1. 0. 0. 0. 1. 1. 0. 1. 1. 0. 1. 0. 0. 0. 1. 1. 1. 0. 1. 0. 1. 1. 0.
 1. 0. 0. 1. 1. 0. 0. 1. 0. 1. 1. 0. 0. 1. 0. 0. 1. 1. 0. 1. 1. 0. 0. 0.
 0. 1. 1. 0. 0. 1. 0. 0. 1. 0. 1. 1. 1. 0. 0. 0. 1. 1. 0. 0. 0. 0. 1. 0.
 0. 1. 0. 1. 1. 1. 1. 0. 0. 0. 0. 1. 1. 1. 1. 0. 1. 1. 1. 1. 0. 1. 0. 0.
 1. 0. 0. 1. 1. 1. 1. 1. 0. 0. 1. 1. 1. 0. 0. 1. 0. 1. 0. 0. 1. 0. 1. 0.
 1. 0. 0. 0.]"
624,AdaBoost,"{'algorithm': 'SAMME', 'learning_rate': 2.793877551020408, 'n_estimators': 85}",0.42020138261764384,0.1713158381488377,-0.10805392329588637,0.24547632180470896,0.46773373729018886,0.14536573567503502,0.42365591397849467,-0.0671641791044777,0.4664179104477612,0.4664179104477612,"{0: 0.4672532858097572, 1: 0.46725328580975717}","{0: 0.4672532858097572, 1: 0.46725328580975717}",0.46725328580975717,"[[ 26 108]
 [ 35  99]]","[0. 1. 1. 1. 1. 0. 1. 1. 1. 1. 1. 1. 1. 1. 1. 1. 1. 1. 1. 1. 0. 0. 0. 1.
 1. 1. 0. 0. 0. 1. 0. 1. 1. 1. 1. 1. 1. 1. 1. 1. 1. 1. 0. 0. 1. 1. 0. 1.
 0. 1. 1. 1. 1. 1. 1. 1. 1. 1. 1. 0. 1. 1. 1. 1. 1. 1. 1. 0. 0. 1. 1. 1.
 1. 0. 1. 1. 0. 1. 1. 1. 1. 1. 1. 1. 0. 1. 1. 1. 1. 1. 0. 1. 1. 1. 0. 0.
 1. 1. 1. 1. 1. 0. 1. 0. 0. 1. 1. 1. 1. 0. 1. 1. 1. 1. 0. 1. 1. 0. 0. 1.
 1. 1. 1. 1. 1. 1. 0. 0. 1. 0. 1. 1. 1. 1. 0. 1. 1. 1. 1. 1. 1. 1. 1. 1.
 1. 1. 1. 1. 0. 0. 1. 1. 1. 1. 1. 0. 1. 1. 1. 1. 1. 0. 1. 1. 0. 1. 1. 1.
 0. 0. 0. 0. 0. 1. 1. 1. 1. 0. 1. 1. 1. 1. 1. 1. 1. 1. 0. 1. 1. 1. 0. 1.
 1. 0. 1. 1. 1. 1. 1. 1. 1. 1. 1. 1. 1. 1. 1. 1. 1. 1. 1. 0. 1. 1. 0. 0.
 1. 1. 1. 0. 1. 0. 1. 1. 1. 1. 1. 1. 1. 1. 0. 1. 1. 1. 0. 0. 1. 1. 1. 1.
 0. 1. 1. 1. 1. 0. 1. 1. 1. 1. 1. 1. 0. 0. 1. 1. 1. 1. 1. 1. 1. 1. 1. 1.
 0. 1. 0. 1.]","[0. 1. 0. 0. 0. 1. 1. 1. 0. 0. 0. 0. 0. 1. 0. 0. 1. 1. 0. 0. 0. 0. 0. 1.
 0. 0. 1. 0. 1. 0. 0. 1. 0. 1. 1. 0. 0. 0. 1. 0. 0. 0. 1. 1. 1. 0. 1. 0.
 1. 0. 1. 1. 0. 1. 1. 1. 1. 0. 1. 0. 0. 1. 1. 1. 0. 0. 0. 1. 1. 0. 1. 1.
 0. 0. 1. 0. 0. 1. 0. 1. 0. 1. 1. 1. 0. 1. 0. 1. 1. 1. 1. 1. 1. 1. 1. 0.
 0. 0. 1. 1. 1. 0. 0. 1. 1. 1. 0. 0. 0. 1. 1. 1. 0. 0. 0. 0. 1. 1. 1. 0.
 1. 0. 0. 1. 1. 0. 0. 0. 0. 1. 0. 0. 1. 1. 0. 1. 1. 1. 0. 1. 1. 0. 1. 0.
 1. 1. 0. 0. 0. 1. 1. 0. 1. 1. 0. 1. 0. 0. 0. 1. 1. 1. 0. 1. 0. 1. 1. 0.
 1. 0. 0. 1. 1. 0. 0. 1. 0. 1. 1. 0. 0. 1. 0. 0. 1. 1. 0. 1. 1. 0. 0. 0.
 0. 1. 1. 0. 0. 1. 0. 0. 1. 0. 1. 1. 1. 0. 0. 0. 1. 1. 0. 0. 0. 0. 1. 0.
 0. 1. 0. 1. 1. 1. 1. 0. 0. 0. 0. 1. 1. 1. 1. 0. 1. 1. 1. 1. 0. 1. 0. 0.
 1. 0. 0. 1. 1. 1. 1. 1. 0. 0. 1. 1. 1. 0. 0. 1. 0. 1. 0. 0. 1. 0. 1. 0.
 1. 0. 0. 0.]"
760,SVC,"{'C': 1, 'gamma': 0.0001, 'kernel': 'rbf'}",0.3831163777290063,0.188994064030329,-0.11649138993179253,0.23756082417965818,0.42258086335707307,0.15745288897490425,0.42325058020957873,-0.14179104477611948,0.4291044776119403,0.42910447761194026,"{0: 0.4046836711962575, 1: 0.40468367119625753}","{0: 0.4046836711962575, 1: 0.40468367119625753}",0.40468367119625753,"[[71 63]
 [90 44]]","[0. 0. 1. 1. 1. 0. 0. 1. 0. 1. 0. 0. 1. 0. 0. 0. 0. 0. 0. 1. 1. 1. 0. 1.
 0. 1. 0. 1. 1. 0. 0. 0. 0. 1. 0. 0. 0. 1. 0. 0. 1. 0. 0. 0. 0. 1. 0. 0.
 0. 1. 0. 1. 0. 0. 0. 1. 1. 1. 0. 0. 0. 0. 0. 0. 0. 1. 1. 0. 0. 1. 0. 1.
 0. 1. 1. 1. 0. 1. 0. 1. 0. 1. 0. 1. 0. 0. 0. 1. 1. 0. 0. 1. 0. 0. 0. 0.
 1. 1. 1. 0. 0. 0. 1. 0. 1. 0. 1. 1. 1. 0. 0. 0. 0. 1. 0. 0. 0. 1. 0. 0.
 0. 0. 0. 0. 0. 1. 1. 0. 0. 0. 1. 0. 1. 0. 1. 0. 1. 1. 0. 0. 1. 0. 0. 1.
 1. 0. 1. 1. 1. 0. 0. 1. 1. 0. 0. 0. 1. 1. 0. 1. 0. 0. 1. 0. 1. 1. 0. 0.
 0. 1. 0. 0. 0. 0. 1. 0. 0. 1. 0. 1. 0. 0. 0. 0. 1. 0. 0. 1. 1. 1. 0. 1.
 0. 0. 0. 0. 0. 1. 1. 1. 0. 0. 0. 0. 1. 0. 0. 0. 1. 0. 1. 0. 1. 0. 1. 0.
 0. 0. 1. 0. 0. 0. 1. 1. 1. 1. 1. 0. 1. 1. 0. 0. 1. 1. 0. 0. 1. 0. 1. 0.
 0. 0. 1. 1. 0. 0. 0. 0. 0. 0. 0. 1. 0. 1. 1. 0. 1. 1. 1. 1. 0. 0. 1. 0.
 0. 0. 0. 1.]","[0. 1. 0. 0. 0. 1. 1. 1. 0. 0. 0. 0. 0. 1. 0. 0. 1. 1. 0. 0. 0. 0. 0. 1.
 0. 0. 1. 0. 1. 0. 0. 1. 0. 1. 1. 0. 0. 0. 1. 0. 0. 0. 1. 1. 1. 0. 1. 0.
 1. 0. 1. 1. 0. 1. 1. 1. 1. 0. 1. 0. 0. 1. 1. 1. 0. 0. 0. 1. 1. 0. 1. 1.
 0. 0. 1. 0. 0. 1. 0. 1. 0. 1. 1. 1. 0. 1. 0. 1. 1. 1. 1. 1. 1. 1. 1. 0.
 0. 0. 1. 1. 1. 0. 0. 1. 1. 1. 0. 0. 0. 1. 1. 1. 0. 0. 0. 0. 1. 1. 1. 0.
 1. 0. 0. 1. 1. 0. 0. 0. 0. 1. 0. 0. 1. 1. 0. 1. 1. 1. 0. 1. 1. 0. 1. 0.
 1. 1. 0. 0. 0. 1. 1. 0. 1. 1. 0. 1. 0. 0. 0. 1. 1. 1. 0. 1. 0. 1. 1. 0.
 1. 0. 0. 1. 1. 0. 0. 1. 0. 1. 1. 0. 0. 1. 0. 0. 1. 1. 0. 1. 1. 0. 0. 0.
 0. 1. 1. 0. 0. 1. 0. 0. 1. 0. 1. 1. 1. 0. 0. 0. 1. 1. 0. 0. 0. 0. 1. 0.
 0. 1. 0. 1. 1. 1. 1. 0. 0. 0. 0. 1. 1. 1. 1. 0. 1. 1. 1. 1. 0. 1. 0. 0.
 1. 0. 0. 1. 1. 1. 1. 1. 0. 0. 1. 1. 1. 0. 0. 1. 0. 1. 0. 0. 1. 0. 1. 0.
 1. 0. 0. 0.]"
398,AdaBoost,"{'algorithm': 'SAMME', 'learning_rate': 2.304081632653061, 'n_estimators': 85}",0.39314752197265346,0.18473162082275976,-0.12023789990527217,0.24486172186117303,0.45840516077411236,0.171423211748258,0.4211134773349559,-0.05970149253731338,0.4701492537313433,0.47014925373134325,"{0: 0.4646357763421698, 1: 0.46463577634216974}","{0: 0.4646357763421698, 1: 0.46463577634216974}",0.46463577634216974,"[[ 24 110]
 [ 32 102]]","[0. 0. 1. 1. 1. 0. 1. 1. 1. 1. 1. 1. 1. 1. 1. 1. 1. 1. 1. 1. 0. 0. 0. 1.
 1. 1. 0. 0. 0. 1. 1. 1. 1. 1. 1. 0. 1. 1. 1. 1. 1. 1. 0. 1. 1. 1. 0. 1.
 0. 1. 1. 1. 1. 1. 1. 1. 1. 1. 1. 1. 1. 1. 1. 1. 1. 1. 1. 0. 0. 1. 1. 1.
 1. 0. 1. 1. 0. 1. 1. 1. 1. 1. 1. 1. 1. 1. 1. 1. 1. 1. 1. 1. 1. 1. 1. 0.
 1. 1. 1. 1. 0. 0. 1. 0. 0. 1. 1. 1. 1. 0. 1. 1. 1. 1. 1. 1. 1. 0. 0. 1.
 1. 1. 1. 1. 1. 1. 1. 0. 1. 1. 1. 0. 1. 1. 0. 1. 1. 1. 1. 0. 1. 1. 1. 1.
 1. 1. 1. 1. 0. 0. 1. 1. 1. 1. 1. 1. 1. 1. 1. 0. 1. 1. 1. 1. 0. 1. 1. 1.
 0. 0. 0. 1. 0. 1. 1. 1. 1. 0. 1. 1. 0. 1. 1. 0. 1. 1. 1. 1. 1. 1. 0. 1.
 1. 0. 1. 1. 1. 1. 1. 1. 1. 1. 0. 1. 1. 1. 1. 1. 1. 1. 1. 0. 1. 1. 0. 1.
 1. 1. 1. 0. 1. 0. 0. 1. 1. 1. 1. 0. 1. 1. 1. 1. 1. 1. 0. 1. 1. 1. 1. 1.
 1. 1. 1. 1. 1. 1. 1. 1. 1. 0. 0. 1. 0. 0. 1. 1. 1. 1. 1. 1. 1. 1. 1. 1.
 0. 1. 0. 1.]","[0. 1. 0. 0. 0. 1. 1. 1. 0. 0. 0. 0. 0. 1. 0. 0. 1. 1. 0. 0. 0. 0. 0. 1.
 0. 0. 1. 0. 1. 0. 0. 1. 0. 1. 1. 0. 0. 0. 1. 0. 0. 0. 1. 1. 1. 0. 1. 0.
 1. 0. 1. 1. 0. 1. 1. 1. 1. 0. 1. 0. 0. 1. 1. 1. 0. 0. 0. 1. 1. 0. 1. 1.
 0. 0. 1. 0. 0. 1. 0. 1. 0. 1. 1. 1. 0. 1. 0. 1. 1. 1. 1. 1. 1. 1. 1. 0.
 0. 0. 1. 1. 1. 0. 0. 1. 1. 1. 0. 0. 0. 1. 1. 1. 0. 0. 0. 0. 1. 1. 1. 0.
 1. 0. 0. 1. 1. 0. 0. 0. 0. 1. 0. 0. 1. 1. 0. 1. 1. 1. 0. 1. 1. 0. 1. 0.
 1. 1. 0. 0. 0. 1. 1. 0. 1. 1. 0. 1. 0. 0. 0. 1. 1. 1. 0. 1. 0. 1. 1. 0.
 1. 0. 0. 1. 1. 0. 0. 1. 0. 1. 1. 0. 0. 1. 0. 0. 1. 1. 0. 1. 1. 0. 0. 0.
 0. 1. 1. 0. 0. 1. 0. 0. 1. 0. 1. 1. 1. 0. 0. 0. 1. 1. 0. 0. 0. 0. 1. 0.
 0. 1. 0. 1. 1. 1. 1. 0. 0. 0. 0. 1. 1. 1. 1. 0. 1. 1. 1. 1. 0. 1. 0. 0.
 1. 0. 0. 1. 1. 1. 1. 1. 0. 0. 1. 1. 1. 0. 0. 1. 0. 1. 0. 0. 1. 0. 1. 0.
 1. 0. 0. 0.]"
345,SVC,"{'C': 1, 'gamma': 0.0001, 'kernel': 'rbf'}",0.4186657579255904,0.17002012489311732,-0.12220319510278362,0.26787518388688436,0.43617756384893475,0.15185792546611104,0.4359310315989017,-0.12686567164179108,0.43656716417910446,0.43656716417910446,"{0: 0.4122855869904211, 1: 0.41228558699042106}","{0: 0.4122855869904211, 1: 0.41228558699042106}",0.41228558699042106,"[[63 71]
 [80 54]]","[1. 0. 0. 1. 0. 0. 0. 1. 1. 0. 1. 0. 0. 1. 0. 0. 0. 0. 0. 1. 1. 0. 0. 1.
 0. 1. 1. 1. 0. 0. 0. 1. 1. 1. 0. 1. 0. 1. 1. 0. 1. 0. 1. 0. 1. 1. 0. 1.
 0. 0. 0. 1. 1. 0. 0. 1. 0. 0. 1. 1. 0. 1. 1. 0. 1. 0. 0. 0. 1. 1. 0. 0.
 1. 0. 1. 1. 1. 1. 1. 1. 0. 0. 0. 0. 0. 1. 1. 0. 1. 1. 0. 1. 0. 0. 0. 0.
 1. 1. 1. 0. 0. 1. 0. 0. 1. 1. 1. 1. 0. 1. 0. 1. 1. 1. 1. 1. 0. 1. 0. 0.
 0. 0. 0. 0. 1. 1. 0. 0. 0. 0. 1. 0. 1. 1. 1. 1. 0. 0. 0. 0. 1. 1. 1. 1.
 0. 0. 0. 1. 1. 0. 1. 1. 0. 0. 1. 1. 1. 1. 1. 0. 0. 0. 1. 0. 1. 1. 0. 0.
 0. 1. 0. 0. 0. 0. 0. 1. 1. 1. 0. 0. 0. 0. 0. 1. 1. 0. 0. 1. 1. 0. 0. 1.
 1. 0. 1. 1. 0. 0. 1. 1. 0. 1. 0. 0. 1. 0. 0. 0. 1. 0. 1. 0. 1. 1. 1. 1.
 0. 1. 1. 0. 0. 0. 0. 0. 1. 1. 0. 0. 0. 1. 1. 0. 1. 0. 1. 0. 1. 0. 1. 0.
 0. 0. 1. 0. 0. 0. 0. 0. 1. 1. 0. 1. 0. 0. 1. 0. 1. 1. 0. 0. 1. 1. 0. 0.
 0. 0. 1. 0.]","[0. 1. 0. 0. 0. 1. 1. 1. 0. 0. 0. 0. 0. 1. 0. 0. 1. 1. 0. 0. 0. 0. 0. 1.
 0. 0. 1. 0. 1. 0. 0. 1. 0. 1. 1. 0. 0. 0. 1. 0. 0. 0. 1. 1. 1. 0. 1. 0.
 1. 0. 1. 1. 0. 1. 1. 1. 1. 0. 1. 0. 0. 1. 1. 1. 0. 0. 0. 1. 1. 0. 1. 1.
 0. 0. 1. 0. 0. 1. 0. 1. 0. 1. 1. 1. 0. 1. 0. 1. 1. 1. 1. 1. 1. 1. 1. 0.
 0. 0. 1. 1. 1. 0. 0. 1. 1. 1. 0. 0. 0. 1. 1. 1. 0. 0. 0. 0. 1. 1. 1. 0.
 1. 0. 0. 1. 1. 0. 0. 0. 0. 1. 0. 0. 1. 1. 0. 1. 1. 1. 0. 1. 1. 0. 1. 0.
 1. 1. 0. 0. 0. 1. 1. 0. 1. 1. 0. 1. 0. 0. 0. 1. 1. 1. 0. 1. 0. 1. 1. 0.
 1. 0. 0. 1. 1. 0. 0. 1. 0. 1. 1. 0. 0. 1. 0. 0. 1. 1. 0. 1. 1. 0. 0. 0.
 0. 1. 1. 0. 0. 1. 0. 0. 1. 0. 1. 1. 1. 0. 0. 0. 1. 1. 0. 0. 0. 0. 1. 0.
 0. 1. 0. 1. 1. 1. 1. 0. 0. 0. 0. 1. 1. 1. 1. 0. 1. 1. 1. 1. 0. 1. 0. 0.
 1. 0. 0. 1. 1. 1. 1. 1. 0. 0. 1. 1. 1. 0. 0. 1. 0. 1. 0. 0. 1. 0. 1. 0.
 1. 0. 0. 0.]"
420,SVC,"{'C': 1, 'gamma': 0.0001, 'kernel': 'rbf'}",0.42850395753465514,0.15830920727666872,-0.1225289970774348,0.2675373496303303,0.4306756583470293,0.1460182320570465,0.43232998885172796,-0.13432835820895517,0.43283582089552236,0.4328358208955224,"{0: 0.40184339496547117, 1: 0.4018433949654711}","{0: 0.40184339496547117, 1: 0.4018433949654711}",0.4018433949654711,"[[54 80]
 [72 62]]","[1. 0. 0. 1. 1. 0. 1. 1. 0. 1. 1. 1. 1. 1. 0. 0. 0. 0. 1. 1. 0. 1. 0. 1.
 0. 1. 0. 1. 0. 0. 0. 1. 1. 1. 0. 0. 0. 1. 1. 0. 1. 0. 0. 0. 0. 1. 0. 1.
 1. 0. 0. 1. 1. 0. 0. 1. 0. 0. 0. 1. 0. 0. 0. 0. 0. 0. 0. 0. 0. 1. 0. 0.
 1. 0. 1. 0. 1. 1. 0. 1. 0. 1. 0. 0. 0. 0. 1. 1. 1. 0. 0. 0. 1. 0. 1. 1.
 1. 1. 1. 0. 1. 1. 1. 0. 1. 1. 1. 1. 1. 1. 0. 0. 1. 1. 1. 1. 0. 0. 0. 0.
 1. 0. 0. 0. 1. 1. 0. 1. 1. 0. 1. 0. 1. 1. 1. 1. 0. 1. 0. 0. 1. 1. 1. 1.
 1. 0. 1. 1. 1. 0. 1. 1. 1. 0. 1. 1. 1. 1. 0. 1. 1. 0. 0. 0. 1. 1. 1. 0.
 1. 1. 0. 0. 1. 1. 1. 1. 1. 1. 0. 1. 1. 0. 1. 0. 1. 0. 0. 0. 1. 1. 1. 0.
 1. 1. 1. 0. 1. 1. 1. 1. 0. 1. 0. 0. 1. 0. 0. 0. 0. 0. 0. 0. 1. 1. 0. 1.
 1. 1. 1. 0. 0. 0. 1. 1. 1. 1. 0. 1. 0. 1. 1. 0. 1. 1. 1. 1. 0. 0. 1. 0.
 1. 0. 1. 1. 0. 0. 0. 0. 1. 0. 0. 1. 0. 1. 1. 0. 1. 1. 0. 0. 0. 1. 0. 0.
 0. 0. 0. 1.]","[0. 1. 0. 0. 0. 1. 1. 1. 0. 0. 0. 0. 0. 1. 0. 0. 1. 1. 0. 0. 0. 0. 0. 1.
 0. 0. 1. 0. 1. 0. 0. 1. 0. 1. 1. 0. 0. 0. 1. 0. 0. 0. 1. 1. 1. 0. 1. 0.
 1. 0. 1. 1. 0. 1. 1. 1. 1. 0. 1. 0. 0. 1. 1. 1. 0. 0. 0. 1. 1. 0. 1. 1.
 0. 0. 1. 0. 0. 1. 0. 1. 0. 1. 1. 1. 0. 1. 0. 1. 1. 1. 1. 1. 1. 1. 1. 0.
 0. 0. 1. 1. 1. 0. 0. 1. 1. 1. 0. 0. 0. 1. 1. 1. 0. 0. 0. 0. 1. 1. 1. 0.
 1. 0. 0. 1. 1. 0. 0. 0. 0. 1. 0. 0. 1. 1. 0. 1. 1. 1. 0. 1. 1. 0. 1. 0.
 1. 1. 0. 0. 0. 1. 1. 0. 1. 1. 0. 1. 0. 0. 0. 1. 1. 1. 0. 1. 0. 1. 1. 0.
 1. 0. 0. 1. 1. 0. 0. 1. 0. 1. 1. 0. 0. 1. 0. 0. 1. 1. 0. 1. 1. 0. 0. 0.
 0. 1. 1. 0. 0. 1. 0. 0. 1. 0. 1. 1. 1. 0. 0. 0. 1. 1. 0. 0. 0. 0. 1. 0.
 0. 1. 0. 1. 1. 1. 1. 0. 0. 0. 0. 1. 1. 1. 1. 0. 1. 1. 1. 1. 0. 1. 0. 0.
 1. 0. 0. 1. 1. 1. 1. 1. 0. 0. 1. 1. 1. 0. 0. 1. 0. 1. 0. 0. 1. 0. 1. 0.
 1. 0. 0. 0.]"
707,SVC,"{'C': 1, 'gamma': 0.0001, 'kernel': 'rbf'}",0.4124705805283016,0.1646651471010788,-0.12844276658855366,0.24258202343121366,0.42560532358919456,0.14108909699865657,0.42814108196309775,-0.14179104477611948,0.4291044776119403,0.4291044776119403,"{0: 0.4032635330808643, 1: 0.4032635330808643}","{0: 0.4032635330808643, 1: 0.4032635330808643}",0.4032635330808643,"[[63 71]
 [82 52]]","[0. 0. 1. 1. 1. 0. 0. 1. 0. 1. 1. 0. 1. 1. 0. 0. 0. 0. 0. 1. 1. 1. 0. 1.
 0. 1. 0. 1. 1. 1. 0. 0. 1. 1. 0. 0. 0. 1. 0. 0. 1. 0. 0. 0. 0. 1. 0. 0.
 0. 1. 0. 1. 1. 0. 0. 1. 1. 0. 0. 0. 0. 0. 0. 0. 0. 1. 1. 0. 0. 1. 0. 1.
 1. 0. 1. 1. 0. 1. 0. 1. 0. 1. 0. 1. 0. 0. 0. 1. 1. 0. 0. 1. 0. 0. 0. 0.
 1. 1. 1. 0. 0. 0. 1. 0. 1. 0. 1. 1. 1. 0. 0. 0. 0. 1. 1. 0. 0. 1. 0. 0.
 0. 0. 0. 0. 0. 1. 1. 0. 0. 0. 1. 0. 1. 1. 1. 0. 0. 1. 0. 0. 1. 0. 0. 1.
 1. 0. 1. 1. 1. 0. 0. 1. 1. 0. 0. 1. 1. 1. 0. 1. 1. 0. 1. 0. 1. 1. 1. 0.
 0. 1. 0. 0. 0. 0. 1. 0. 0. 1. 0. 1. 0. 0. 0. 0. 1. 1. 0. 1. 1. 1. 0. 1.
 0. 0. 0. 0. 0. 1. 1. 1. 0. 0. 1. 0. 1. 0. 0. 0. 1. 0. 1. 0. 1. 1. 1. 1.
 0. 0. 1. 0. 1. 0. 1. 1. 1. 1. 0. 0. 1. 1. 1. 1. 1. 1. 0. 0. 1. 0. 1. 0.
 0. 1. 1. 1. 0. 0. 0. 0. 1. 0. 1. 1. 0. 1. 1. 0. 1. 1. 1. 1. 0. 0. 0. 0.
 0. 0. 0. 1.]","[0. 1. 0. 0. 0. 1. 1. 1. 0. 0. 0. 0. 0. 1. 0. 0. 1. 1. 0. 0. 0. 0. 0. 1.
 0. 0. 1. 0. 1. 0. 0. 1. 0. 1. 1. 0. 0. 0. 1. 0. 0. 0. 1. 1. 1. 0. 1. 0.
 1. 0. 1. 1. 0. 1. 1. 1. 1. 0. 1. 0. 0. 1. 1. 1. 0. 0. 0. 1. 1. 0. 1. 1.
 0. 0. 1. 0. 0. 1. 0. 1. 0. 1. 1. 1. 0. 1. 0. 1. 1. 1. 1. 1. 1. 1. 1. 0.
 0. 0. 1. 1. 1. 0. 0. 1. 1. 1. 0. 0. 0. 1. 1. 1. 0. 0. 0. 0. 1. 1. 1. 0.
 1. 0. 0. 1. 1. 0. 0. 0. 0. 1. 0. 0. 1. 1. 0. 1. 1. 1. 0. 1. 1. 0. 1. 0.
 1. 1. 0. 0. 0. 1. 1. 0. 1. 1. 0. 1. 0. 0. 0. 1. 1. 1. 0. 1. 0. 1. 1. 0.
 1. 0. 0. 1. 1. 0. 0. 1. 0. 1. 1. 0. 0. 1. 0. 0. 1. 1. 0. 1. 1. 0. 0. 0.
 0. 1. 1. 0. 0. 1. 0. 0. 1. 0. 1. 1. 1. 0. 0. 0. 1. 1. 0. 0. 0. 0. 1. 0.
 0. 1. 0. 1. 1. 1. 1. 0. 0. 0. 0. 1. 1. 1. 1. 0. 1. 1. 1. 1. 0. 1. 0. 0.
 1. 0. 0. 1. 1. 1. 1. 1. 0. 0. 1. 1. 1. 0. 0. 1. 0. 1. 0. 0. 1. 0. 1. 0.
 1. 0. 0. 0.]"
7,SVC,"{'C': 1000, 'gamma': 1, 'kernel': 'sigmoid'}",0.4942636390248512,0.1728255859492256,,,0.6298770431330915,0.1321148071101246,0.5768102864877058,0.21641791044776115,0.6082089552238806,0.6082089552238806,"{0: 0.6109935397638672, 1: 0.6109935397638673}","{0: 0.6109935397638672, 1: 0.6109935397638673}",0.6109935397638673,"[[118  16]
 [ 89  45]]","[0. 0. 0. 0. 0. 1. 1. 0. 0. 0. 0. 0. 0. 1. 0. 0. 1. 0. 0. 0. 1. 0. 0. 0.
 0. 0. 0. 0. 0. 0. 0. 0. 0. 0. 1. 0. 1. 0. 1. 0. 1. 0. 0. 1. 0. 1. 1. 0.
 1. 0. 1. 0. 0. 0. 0. 1. 0. 0. 0. 0. 1. 0. 0. 1. 0. 0. 0. 0. 0. 0. 0. 0.
 0. 0. 1. 0. 0. 0. 0. 1. 0. 0. 0. 0. 0. 1. 0. 0. 0. 0. 0. 0. 1. 0. 0. 1.
 0. 0. 0. 1. 1. 0. 0. 1. 1. 0. 0. 0. 0. 0. 0. 0. 0. 0. 0. 1. 1. 0. 1. 0.
 0. 1. 0. 0. 0. 0. 0. 0. 0. 1. 0. 0. 0. 0. 0. 0. 0. 1. 0. 1. 1. 0. 1. 0.
 1. 0. 0. 0. 0. 0. 1. 1. 0. 0. 0. 0. 0. 0. 0. 0. 1. 1. 0. 0. 0. 1. 1. 1.
 0. 0. 1. 1. 1. 1. 0. 0. 0. 0. 0. 0. 0. 0. 0. 0. 0. 0. 0. 0. 0. 0. 0. 0.
 0. 0. 0. 0. 1. 0. 0. 0. 1. 0. 0. 1. 0. 0. 0. 0. 0. 0. 0. 0. 0. 1. 1. 0.
 0. 1. 0. 1. 0. 0. 0. 0. 0. 0. 0. 0. 0. 0. 1. 0. 0. 0. 0. 0. 0. 0. 0. 0.
 0. 0. 0. 0. 1. 0. 0. 1. 0. 0. 0. 0. 1. 0. 1. 0. 0. 0. 0. 0. 0. 0. 0. 0.
 1. 1. 0. 0.]","[0. 1. 0. 0. 0. 1. 1. 1. 0. 0. 0. 0. 0. 1. 0. 0. 1. 1. 0. 0. 0. 0. 0. 1.
 0. 0. 1. 0. 1. 0. 0. 1. 0. 1. 1. 0. 0. 0. 1. 0. 0. 0. 1. 1. 1. 0. 1. 0.
 1. 0. 1. 1. 0. 1. 1. 1. 1. 0. 1. 0. 0. 1. 1. 1. 0. 0. 0. 1. 1. 0. 1. 1.
 0. 0. 1. 0. 0. 1. 0. 1. 0. 1. 1. 1. 0. 1. 0. 1. 1. 1. 1. 1. 1. 1. 1. 0.
 0. 0. 1. 1. 1. 0. 0. 1. 1. 1. 0. 0. 0. 1. 1. 1. 0. 0. 0. 0. 1. 1. 1. 0.
 1. 0. 0. 1. 1. 0. 0. 0. 0. 1. 0. 0. 1. 1. 0. 1. 1. 1. 0. 1. 1. 0. 1. 0.
 1. 1. 0. 0. 0. 1. 1. 0. 1. 1. 0. 1. 0. 0. 0. 1. 1. 1. 0. 1. 0. 1. 1. 0.
 1. 0. 0. 1. 1. 0. 0. 1. 0. 1. 1. 0. 0. 1. 0. 0. 1. 1. 0. 1. 1. 0. 0. 0.
 0. 1. 1. 0. 0. 1. 0. 0. 1. 0. 1. 1. 1. 0. 0. 0. 1. 1. 0. 0. 0. 0. 1. 0.
 0. 1. 0. 1. 1. 1. 1. 0. 0. 0. 0. 1. 1. 1. 1. 0. 1. 1. 1. 1. 0. 1. 0. 0.
 1. 0. 0. 1. 1. 1. 1. 1. 0. 0. 1. 1. 1. 0. 0. 1. 0. 1. 0. 0. 1. 0. 1. 0.
 1. 0. 0. 0.]"
10,AdaBoost,"{'algorithm': 'SAMME', 'learning_rate': 1.8142857142857143, 'n_estimators': 96}",0.5718858740496237,0.20364430979214088,,,0.5723386884173175,0.1958885400962998,0.5297459893048129,0.05970149253731338,0.5298507462686567,0.5298507462686568,"{0: 0.5641846736466919, 1: 0.5641846736466919}","{0: 0.5641846736466919, 1: 0.5641846736466919}",0.5641846736466919,"[[69 65]
 [61 73]]","[0. 0. 0. 1. 1. 0. 0. 1. 1. 0. 0. 1. 1. 1. 0. 0. 1. 0. 0. 0. 1. 1. 0. 0.
 0. 1. 0. 1. 0. 1. 1. 0. 0. 0. 1. 0. 0. 0. 1. 1. 0. 0. 1. 1. 0. 0. 1. 1.
 0. 0. 0. 1. 0. 1. 0. 1. 1. 1. 0. 1. 0. 0. 1. 0. 1. 0. 0. 1. 1. 1. 1. 0.
 1. 1. 0. 1. 1. 0. 1. 1. 1. 1. 1. 0. 0. 1. 0. 1. 1. 1. 1. 1. 0. 1. 0. 1.
 0. 0. 0. 0. 0. 1. 0. 0. 1. 0. 0. 1. 0. 1. 0. 0. 1. 1. 1. 0. 0. 1. 0. 0.
 1. 1. 1. 1. 0. 0. 1. 1. 1. 0. 0. 1. 1. 0. 1. 0. 0. 0. 1. 1. 1. 0. 1. 1.
 1. 1. 1. 1. 1. 1. 1. 0. 0. 0. 0. 1. 1. 0. 1. 0. 1. 0. 0. 0. 1. 0. 0. 1.
 1. 1. 1. 0. 1. 0. 1. 1. 0. 1. 1. 1. 0. 0. 1. 0. 0. 0. 1. 1. 0. 0. 1. 1.
 0. 1. 0. 1. 1. 1. 0. 0. 1. 0. 1. 1. 1. 0. 0. 1. 0. 1. 0. 1. 1. 0. 1. 0.
 0. 0. 0. 1. 0. 1. 0. 0. 1. 0. 1. 1. 1. 1. 0. 1. 1. 1. 1. 1. 0. 1. 0. 0.
 1. 0. 0. 0. 0. 1. 0. 1. 0. 1. 0. 0. 1. 0. 0. 1. 0. 1. 0. 1. 0. 1. 1. 0.
 1. 0. 1. 0.]","[0. 1. 0. 0. 0. 1. 1. 1. 0. 0. 0. 0. 0. 1. 0. 0. 1. 1. 0. 0. 0. 0. 0. 1.
 0. 0. 1. 0. 1. 0. 0. 1. 0. 1. 1. 0. 0. 0. 1. 0. 0. 0. 1. 1. 1. 0. 1. 0.
 1. 0. 1. 1. 0. 1. 1. 1. 1. 0. 1. 0. 0. 1. 1. 1. 0. 0. 0. 1. 1. 0. 1. 1.
 0. 0. 1. 0. 0. 1. 0. 1. 0. 1. 1. 1. 0. 1. 0. 1. 1. 1. 1. 1. 1. 1. 1. 0.
 0. 0. 1. 1. 1. 0. 0. 1. 1. 1. 0. 0. 0. 1. 1. 1. 0. 0. 0. 0. 1. 1. 1. 0.
 1. 0. 0. 1. 1. 0. 0. 0. 0. 1. 0. 0. 1. 1. 0. 1. 1. 1. 0. 1. 1. 0. 1. 0.
 1. 1. 0. 0. 0. 1. 1. 0. 1. 1. 0. 1. 0. 0. 0. 1. 1. 1. 0. 1. 0. 1. 1. 0.
 1. 0. 0. 1. 1. 0. 0. 1. 0. 1. 1. 0. 0. 1. 0. 0. 1. 1. 0. 1. 1. 0. 0. 0.
 0. 1. 1. 0. 0. 1. 0. 0. 1. 0. 1. 1. 1. 0. 0. 0. 1. 1. 0. 0. 0. 0. 1. 0.
 0. 1. 0. 1. 1. 1. 1. 0. 0. 0. 0. 1. 1. 1. 1. 0. 1. 1. 1. 1. 0. 1. 0. 0.
 1. 0. 0. 1. 1. 1. 1. 1. 0. 0. 1. 1. 1. 0. 0. 1. 0. 1. 0. 0. 1. 0. 1. 0.
 1. 0. 0. 0.]"
17,AdaBoost,"{'algorithm': 'SAMME', 'learning_rate': 0.1, 'n_estimators': 63}",0.4648829446217671,0.2432151902471394,,,0.5734229013966917,0.20222862359317756,0.41416155151006423,0.06716417910447758,0.5335820895522388,0.5335820895522387,"{0: 0.4295500111383382, 1: 0.4296892403653375}","{0: 0.4295500111383382, 1: 0.4296892403653375}",0.4296892403653375,"[[ 11 123]
 [  2 132]]","[1. 1. 1. 1. 1. 1. 1. 1. 1. 1. 1. 1. 1. 1. 1. 1. 1. 1. 1. 1. 1. 1. 1. 1.
 1. 1. 1. 1. 1. 1. 1. 1. 1. 1. 1. 1. 1. 1. 1. 1. 1. 1. 1. 1. 0. 1. 1. 1.
 1. 0. 1. 1. 1. 1. 1. 1. 1. 1. 1. 1. 1. 1. 1. 1. 1. 0. 1. 1. 1. 1. 1. 1.
 1. 1. 1. 1. 1. 1. 1. 1. 1. 1. 1. 1. 1. 1. 1. 1. 1. 1. 1. 1. 1. 1. 1. 1.
 1. 1. 1. 1. 1. 1. 1. 1. 1. 1. 0. 1. 1. 1. 1. 1. 1. 1. 1. 1. 1. 1. 1. 1.
 1. 1. 1. 1. 1. 1. 1. 1. 1. 1. 0. 1. 1. 1. 1. 1. 1. 1. 1. 1. 1. 1. 1. 1.
 1. 1. 1. 1. 1. 1. 1. 0. 1. 1. 0. 1. 1. 1. 1. 1. 1. 1. 1. 1. 1. 1. 1. 1.
 1. 1. 1. 1. 1. 1. 1. 1. 1. 1. 1. 1. 1. 1. 1. 1. 1. 1. 1. 1. 1. 1. 1. 1.
 1. 1. 1. 1. 1. 1. 0. 1. 1. 1. 1. 1. 1. 1. 1. 1. 1. 1. 0. 1. 1. 1. 1. 1.
 1. 1. 1. 1. 0. 1. 1. 1. 1. 1. 1. 1. 1. 1. 1. 1. 1. 1. 1. 1. 1. 1. 0. 1.
 1. 1. 1. 1. 1. 1. 1. 1. 1. 1. 1. 1. 1. 1. 1. 1. 1. 1. 0. 1. 1. 1. 1. 1.
 1. 1. 1. 0.]","[0. 1. 0. 0. 0. 1. 1. 1. 0. 0. 0. 0. 0. 1. 0. 0. 1. 1. 0. 0. 0. 0. 0. 1.
 0. 0. 1. 0. 1. 0. 0. 1. 0. 1. 1. 0. 0. 0. 1. 0. 0. 0. 1. 1. 1. 0. 1. 0.
 1. 0. 1. 1. 0. 1. 1. 1. 1. 0. 1. 0. 0. 1. 1. 1. 0. 0. 0. 1. 1. 0. 1. 1.
 0. 0. 1. 0. 0. 1. 0. 1. 0. 1. 1. 1. 0. 1. 0. 1. 1. 1. 1. 1. 1. 1. 1. 0.
 0. 0. 1. 1. 1. 0. 0. 1. 1. 1. 0. 0. 0. 1. 1. 1. 0. 0. 0. 0. 1. 1. 1. 0.
 1. 0. 0. 1. 1. 0. 0. 0. 0. 1. 0. 0. 1. 1. 0. 1. 1. 1. 0. 1. 1. 0. 1. 0.
 1. 1. 0. 0. 0. 1. 1. 0. 1. 1. 0. 1. 0. 0. 0. 1. 1. 1. 0. 1. 0. 1. 1. 0.
 1. 0. 0. 1. 1. 0. 0. 1. 0. 1. 1. 0. 0. 1. 0. 0. 1. 1. 0. 1. 1. 0. 0. 0.
 0. 1. 1. 0. 0. 1. 0. 0. 1. 0. 1. 1. 1. 0. 0. 0. 1. 1. 0. 0. 0. 0. 1. 0.
 0. 1. 0. 1. 1. 1. 1. 0. 0. 0. 0. 1. 1. 1. 1. 0. 1. 1. 1. 1. 0. 1. 0. 0.
 1. 0. 0. 1. 1. 1. 1. 1. 0. 0. 1. 1. 1. 0. 0. 1. 0. 1. 0. 0. 1. 0. 1. 0.
 1. 0. 0. 0.]"
43,SVC,"{'C': 100, 'gamma': 0.1, 'kernel': 'sigmoid'}",0.4942636390248512,0.1728255859492256,,,0.6298770431330915,0.1321148071101246,0.5768102864877058,0.21641791044776115,0.6082089552238806,0.6082089552238806,"{0: 0.6087658721318779, 1: 0.6087658721318779}","{0: 0.6087658721318779, 1: 0.6087658721318779}",0.6087658721318779,"[[118  16]
 [ 89  45]]","[0. 0. 0. 0. 0. 1. 1. 0. 0. 0. 0. 0. 0. 1. 0. 0. 1. 0. 0. 0. 1. 0. 0. 0.
 0. 0. 0. 0. 0. 0. 0. 0. 0. 0. 1. 0. 1. 0. 1. 0. 1. 0. 0. 1. 0. 1. 1. 0.
 1. 0. 1. 0. 0. 0. 0. 1. 0. 0. 0. 0. 1. 0. 0. 1. 0. 0. 0. 0. 0. 0. 0. 0.
 0. 0. 1. 0. 0. 0. 0. 1. 0. 0. 0. 0. 0. 1. 0. 0. 0. 0. 0. 0. 1. 0. 0. 1.
 0. 0. 0. 1. 1. 0. 0. 1. 1. 0. 0. 0. 0. 0. 0. 0. 0. 0. 0. 1. 1. 0. 1. 0.
 0. 1. 0. 0. 0. 0. 0. 0. 0. 1. 0. 0. 0. 0. 0. 0. 0. 1. 0. 1. 1. 0. 1. 0.
 1. 0. 0. 0. 0. 0. 1. 1. 0. 0. 0. 0. 0. 0. 0. 0. 1. 1. 0. 0. 0. 1. 1. 1.
 0. 0. 1. 1. 1. 1. 0. 0. 0. 0. 0. 0. 0. 0. 0. 0. 0. 0. 0. 0. 0. 0. 0. 0.
 0. 0. 0. 0. 1. 0. 0. 0. 1. 0. 0. 1. 0. 0. 0. 0. 0. 0. 0. 0. 0. 1. 1. 0.
 0. 1. 0. 1. 0. 0. 0. 0. 0. 0. 0. 0. 0. 0. 1. 0. 0. 0. 0. 0. 0. 0. 0. 0.
 0. 0. 0. 0. 1. 0. 0. 1. 0. 0. 0. 0. 1. 0. 1. 0. 0. 0. 0. 0. 0. 0. 0. 0.
 1. 1. 0. 0.]","[0. 1. 0. 0. 0. 1. 1. 1. 0. 0. 0. 0. 0. 1. 0. 0. 1. 1. 0. 0. 0. 0. 0. 1.
 0. 0. 1. 0. 1. 0. 0. 1. 0. 1. 1. 0. 0. 0. 1. 0. 0. 0. 1. 1. 1. 0. 1. 0.
 1. 0. 1. 1. 0. 1. 1. 1. 1. 0. 1. 0. 0. 1. 1. 1. 0. 0. 0. 1. 1. 0. 1. 1.
 0. 0. 1. 0. 0. 1. 0. 1. 0. 1. 1. 1. 0. 1. 0. 1. 1. 1. 1. 1. 1. 1. 1. 0.
 0. 0. 1. 1. 1. 0. 0. 1. 1. 1. 0. 0. 0. 1. 1. 1. 0. 0. 0. 0. 1. 1. 1. 0.
 1. 0. 0. 1. 1. 0. 0. 0. 0. 1. 0. 0. 1. 1. 0. 1. 1. 1. 0. 1. 1. 0. 1. 0.
 1. 1. 0. 0. 0. 1. 1. 0. 1. 1. 0. 1. 0. 0. 0. 1. 1. 1. 0. 1. 0. 1. 1. 0.
 1. 0. 0. 1. 1. 0. 0. 1. 0. 1. 1. 0. 0. 1. 0. 0. 1. 1. 0. 1. 1. 0. 0. 0.
 0. 1. 1. 0. 0. 1. 0. 0. 1. 0. 1. 1. 1. 0. 0. 0. 1. 1. 0. 0. 0. 0. 1. 0.
 0. 1. 0. 1. 1. 1. 1. 0. 0. 0. 0. 1. 1. 1. 1. 0. 1. 1. 1. 1. 0. 1. 0. 0.
 1. 0. 0. 1. 1. 1. 1. 1. 0. 0. 1. 1. 1. 0. 0. 1. 0. 1. 0. 0. 1. 0. 1. 0.
 1. 0. 0. 0.]"
54,SVC,"{'C': 1000, 'gamma': 0.001, 'kernel': 'sigmoid'}",0.36935536730217705,0.2060145978994787,,,0.5032740072054588,0.18962420237133853,0.4025701547338054,-0.014925373134328401,0.4925373134328358,0.4925373134328358,"{0: 0.4272944976609489, 1: 0.42729449766094896}","{0: 0.4272944976609489, 1: 0.42729449766094896}",0.42729449766094896,"[[118  16]
 [120  14]]","[1. 0. 1. 0. 0. 0. 0. 0. 0. 0. 1. 0. 0. 0. 0. 0. 0. 0. 0. 0. 0. 0. 0. 0.
 0. 0. 0. 0. 0. 0. 0. 1. 0. 0. 0. 0. 0. 0. 0. 0. 0. 0. 0. 0. 0. 0. 0. 1.
 0. 1. 0. 0. 1. 0. 0. 0. 1. 0. 0. 0. 0. 0. 0. 0. 0. 0. 0. 0. 0. 0. 0. 0.
 0. 0. 0. 1. 1. 0. 0. 1. 0. 0. 0. 1. 0. 0. 0. 0. 0. 1. 0. 1. 0. 0. 0. 0.
 0. 0. 0. 0. 0. 1. 0. 0. 1. 1. 0. 0. 0. 1. 0. 0. 1. 0. 0. 0. 0. 0. 0. 0.
 0. 0. 0. 0. 0. 0. 0. 0. 0. 0. 0. 0. 0. 0. 0. 1. 0. 0. 0. 1. 0. 1. 0. 0.
 0. 0. 0. 0. 0. 0. 0. 0. 0. 0. 0. 0. 0. 0. 0. 0. 0. 0. 1. 0. 0. 0. 0. 0.
 0. 0. 0. 0. 0. 0. 0. 1. 0. 0. 0. 0. 0. 0. 0. 0. 0. 0. 0. 0. 0. 0. 0. 1.
 1. 0. 1. 0. 0. 0. 0. 0. 0. 0. 0. 0. 0. 0. 0. 0. 0. 0. 0. 0. 0. 0. 0. 0.
 0. 0. 0. 0. 0. 0. 0. 0. 0. 0. 0. 0. 0. 0. 0. 0. 0. 0. 1. 0. 0. 0. 0. 0.
 0. 0. 0. 0. 0. 0. 0. 0. 0. 0. 0. 0. 0. 0. 0. 0. 0. 0. 0. 1. 0. 1. 0. 0.
 0. 0. 0. 0.]","[0. 1. 0. 0. 0. 1. 1. 1. 0. 0. 0. 0. 0. 1. 0. 0. 1. 1. 0. 0. 0. 0. 0. 1.
 0. 0. 1. 0. 1. 0. 0. 1. 0. 1. 1. 0. 0. 0. 1. 0. 0. 0. 1. 1. 1. 0. 1. 0.
 1. 0. 1. 1. 0. 1. 1. 1. 1. 0. 1. 0. 0. 1. 1. 1. 0. 0. 0. 1. 1. 0. 1. 1.
 0. 0. 1. 0. 0. 1. 0. 1. 0. 1. 1. 1. 0. 1. 0. 1. 1. 1. 1. 1. 1. 1. 1. 0.
 0. 0. 1. 1. 1. 0. 0. 1. 1. 1. 0. 0. 0. 1. 1. 1. 0. 0. 0. 0. 1. 1. 1. 0.
 1. 0. 0. 1. 1. 0. 0. 0. 0. 1. 0. 0. 1. 1. 0. 1. 1. 1. 0. 1. 1. 0. 1. 0.
 1. 1. 0. 0. 0. 1. 1. 0. 1. 1. 0. 1. 0. 0. 0. 1. 1. 1. 0. 1. 0. 1. 1. 0.
 1. 0. 0. 1. 1. 0. 0. 1. 0. 1. 1. 0. 0. 1. 0. 0. 1. 1. 0. 1. 1. 0. 0. 0.
 0. 1. 1. 0. 0. 1. 0. 0. 1. 0. 1. 1. 1. 0. 0. 0. 1. 1. 0. 0. 0. 0. 1. 0.
 0. 1. 0. 1. 1. 1. 1. 0. 0. 0. 0. 1. 1. 1. 1. 0. 1. 1. 1. 1. 0. 1. 0. 0.
 1. 0. 0. 1. 1. 1. 1. 1. 0. 0. 1. 1. 1. 0. 0. 1. 0. 1. 0. 0. 1. 0. 1. 0.
 1. 0. 0. 0.]"
63,SVC,"{'C': 10, 'gamma': 0.0001, 'kernel': 'rbf'}",0.46102201692777417,0.1975857542916643,,,0.4852093788081691,0.18014373576660064,0.4911487127938795,-0.014925373134328401,0.4925373134328358,0.4925373134328358,"{0: 0.4808699042102918, 1: 0.4808699042102918}","{0: 0.4808699042102918, 1: 0.4808699042102918}",0.4808699042102918,"[[73 61]
 [75 59]]","[1. 1. 0. 1. 1. 0. 1. 1. 0. 0. 1. 1. 1. 1. 0. 1. 0. 0. 0. 1. 0. 0. 1. 0.
 0. 1. 1. 0. 1. 0. 0. 1. 1. 0. 1. 1. 0. 0. 1. 1. 1. 0. 1. 0. 0. 1. 0. 1.
 0. 1. 0. 1. 1. 0. 1. 1. 0. 0. 0. 0. 0. 1. 0. 0. 1. 0. 1. 1. 0. 0. 1. 0.
 1. 0. 0. 0. 1. 1. 1. 1. 0. 0. 0. 0. 0. 0. 0. 0. 1. 1. 1. 1. 1. 0. 0. 0.
 0. 1. 1. 0. 0. 1. 0. 0. 1. 1. 1. 0. 1. 1. 0. 1. 1. 1. 0. 1. 0. 0. 1. 0.
 0. 0. 0. 0. 0. 0. 0. 1. 0. 1. 0. 1. 1. 1. 0. 1. 0. 1. 0. 1. 1. 1. 1. 1.
 0. 0. 1. 1. 1. 1. 1. 1. 0. 1. 1. 0. 1. 1. 1. 1. 0. 0. 0. 1. 0. 1. 0. 0.
 0. 0. 0. 0. 0. 0. 1. 1. 0. 0. 0. 1. 0. 1. 0. 0. 0. 1. 1. 0. 0. 0. 0. 0.
 1. 0. 1. 0. 1. 0. 0. 0. 0. 0. 0. 0. 0. 0. 0. 0. 0. 1. 1. 1. 0. 1. 0. 0.
 0. 1. 1. 0. 0. 0. 1. 1. 1. 0. 0. 0. 0. 1. 1. 0. 0. 1. 1. 0. 1. 0. 1. 0.
 0. 0. 0. 1. 0. 1. 0. 0. 1. 0. 0. 0. 0. 1. 1. 1. 1. 1. 0. 0. 1. 1. 0. 1.
 0. 0. 0. 0.]","[0. 1. 0. 0. 0. 1. 1. 1. 0. 0. 0. 0. 0. 1. 0. 0. 1. 1. 0. 0. 0. 0. 0. 1.
 0. 0. 1. 0. 1. 0. 0. 1. 0. 1. 1. 0. 0. 0. 1. 0. 0. 0. 1. 1. 1. 0. 1. 0.
 1. 0. 1. 1. 0. 1. 1. 1. 1. 0. 1. 0. 0. 1. 1. 1. 0. 0. 0. 1. 1. 0. 1. 1.
 0. 0. 1. 0. 0. 1. 0. 1. 0. 1. 1. 1. 0. 1. 0. 1. 1. 1. 1. 1. 1. 1. 1. 0.
 0. 0. 1. 1. 1. 0. 0. 1. 1. 1. 0. 0. 0. 1. 1. 1. 0. 0. 0. 0. 1. 1. 1. 0.
 1. 0. 0. 1. 1. 0. 0. 0. 0. 1. 0. 0. 1. 1. 0. 1. 1. 1. 0. 1. 1. 0. 1. 0.
 1. 1. 0. 0. 0. 1. 1. 0. 1. 1. 0. 1. 0. 0. 0. 1. 1. 1. 0. 1. 0. 1. 1. 0.
 1. 0. 0. 1. 1. 0. 0. 1. 0. 1. 1. 0. 0. 1. 0. 0. 1. 1. 0. 1. 1. 0. 0. 0.
 0. 1. 1. 0. 0. 1. 0. 0. 1. 0. 1. 1. 1. 0. 0. 0. 1. 1. 0. 0. 0. 0. 1. 0.
 0. 1. 0. 1. 1. 1. 1. 0. 0. 0. 0. 1. 1. 1. 1. 0. 1. 1. 1. 1. 0. 1. 0. 0.
 1. 0. 0. 1. 1. 1. 1. 1. 0. 0. 1. 1. 1. 0. 0. 1. 0. 1. 0. 0. 1. 0. 1. 0.
 1. 0. 0. 0.]"
78,SVC,"{'C': 1, 'gamma': 1, 'kernel': 'sigmoid'}",0.4442171212151755,0.1893801683771578,,,0.5826548209108693,0.16580274174733203,0.5343283582089552,0.12686567164179108,0.5634328358208955,0.5634328358208955,"{0: 0.605619291601693, 1: 0.605619291601693}","{0: 0.605619291601693, 1: 0.605619291601693}",0.605619291601693,"[[109  25]
 [ 92  42]]","[0. 0. 0. 0. 0. 1. 0. 0. 0. 0. 0. 0. 0. 0. 0. 0. 0. 0. 1. 1. 1. 0. 0. 0.
 1. 0. 0. 0. 0. 0. 0. 0. 0. 0. 1. 0. 0. 1. 1. 0. 1. 1. 0. 0. 0. 1. 1. 0.
 0. 1. 1. 0. 0. 1. 0. 1. 0. 0. 0. 1. 1. 0. 0. 1. 0. 0. 0. 0. 0. 0. 0. 1.
 0. 0. 1. 0. 0. 0. 0. 1. 0. 0. 1. 0. 0. 1. 1. 0. 0. 0. 0. 0. 0. 0. 1. 1.
 0. 0. 1. 0. 1. 0. 0. 0. 1. 0. 0. 0. 0. 0. 1. 0. 0. 0. 0. 1. 1. 0. 0. 0.
 1. 1. 0. 0. 0. 0. 1. 0. 1. 0. 0. 0. 1. 0. 0. 0. 0. 0. 1. 1. 1. 0. 1. 0.
 0. 0. 0. 0. 0. 0. 1. 0. 0. 0. 0. 0. 0. 0. 0. 0. 1. 0. 0. 0. 0. 1. 1. 1.
 1. 0. 1. 0. 1. 0. 0. 0. 1. 0. 1. 0. 1. 0. 0. 0. 0. 0. 0. 0. 0. 0. 0. 0.
 0. 0. 0. 0. 0. 0. 0. 0. 0. 0. 0. 0. 0. 0. 0. 0. 0. 0. 0. 0. 0. 0. 1. 0.
 0. 1. 0. 1. 0. 0. 0. 0. 0. 0. 0. 1. 1. 0. 0. 0. 0. 0. 0. 1. 0. 0. 0. 1.
 1. 0. 0. 0. 1. 0. 1. 1. 0. 0. 0. 0. 1. 0. 0. 0. 0. 0. 1. 0. 0. 0. 0. 0.
 0. 1. 0. 0.]","[0. 1. 0. 0. 0. 1. 1. 1. 0. 0. 0. 0. 0. 1. 0. 0. 1. 1. 0. 0. 0. 0. 0. 1.
 0. 0. 1. 0. 1. 0. 0. 1. 0. 1. 1. 0. 0. 0. 1. 0. 0. 0. 1. 1. 1. 0. 1. 0.
 1. 0. 1. 1. 0. 1. 1. 1. 1. 0. 1. 0. 0. 1. 1. 1. 0. 0. 0. 1. 1. 0. 1. 1.
 0. 0. 1. 0. 0. 1. 0. 1. 0. 1. 1. 1. 0. 1. 0. 1. 1. 1. 1. 1. 1. 1. 1. 0.
 0. 0. 1. 1. 1. 0. 0. 1. 1. 1. 0. 0. 0. 1. 1. 1. 0. 0. 0. 0. 1. 1. 1. 0.
 1. 0. 0. 1. 1. 0. 0. 0. 0. 1. 0. 0. 1. 1. 0. 1. 1. 1. 0. 1. 1. 0. 1. 0.
 1. 1. 0. 0. 0. 1. 1. 0. 1. 1. 0. 1. 0. 0. 0. 1. 1. 1. 0. 1. 0. 1. 1. 0.
 1. 0. 0. 1. 1. 0. 0. 1. 0. 1. 1. 0. 0. 1. 0. 0. 1. 1. 0. 1. 1. 0. 0. 0.
 0. 1. 1. 0. 0. 1. 0. 0. 1. 0. 1. 1. 1. 0. 0. 0. 1. 1. 0. 0. 0. 0. 1. 0.
 0. 1. 0. 1. 1. 1. 1. 0. 0. 0. 0. 1. 1. 1. 1. 0. 1. 1. 1. 1. 0. 1. 0. 0.
 1. 0. 0. 1. 1. 1. 1. 1. 0. 0. 1. 1. 1. 0. 0. 1. 0. 1. 0. 0. 1. 0. 1. 0.
 1. 0. 0. 0.]"
87,SVC,"{'C': 0.1, 'gamma': 0.01, 'kernel': 'rbf'}",0.49550322146371734,0.17244206567508014,,,0.6285329571115862,0.13277129611668223,0.5737094837935174,0.20895522388059706,0.6044776119402985,0.6044776119402985,"{0: 0.6095177099576744, 1: 0.6095177099576743}","{0: 0.6095177099576744, 1: 0.6095177099576743}",0.6095177099576743,"[[117  17]
 [ 89  45]]","[0. 0. 0. 0. 0. 1. 1. 0. 0. 0. 0. 0. 0. 1. 0. 0. 1. 0. 0. 0. 1. 0. 0. 0.
 0. 0. 0. 0. 0. 0. 0. 0. 0. 0. 1. 0. 1. 0. 1. 0. 1. 0. 0. 1. 0. 1. 1. 0.
 1. 0. 1. 0. 0. 0. 0. 1. 0. 0. 0. 0. 1. 0. 0. 1. 0. 0. 0. 0. 0. 0. 0. 0.
 0. 0. 1. 1. 0. 0. 0. 1. 0. 0. 0. 0. 0. 1. 0. 0. 0. 0. 0. 0. 1. 0. 0. 1.
 0. 0. 0. 1. 1. 0. 0. 1. 1. 0. 0. 0. 0. 0. 0. 0. 0. 0. 0. 1. 1. 0. 1. 0.
 0. 1. 0. 0. 0. 0. 0. 0. 0. 1. 0. 0. 0. 0. 0. 0. 0. 1. 0. 1. 1. 0. 1. 0.
 1. 0. 0. 0. 0. 0. 1. 0. 0. 0. 0. 0. 0. 0. 0. 0. 1. 1. 1. 0. 0. 1. 1. 1.
 0. 0. 1. 1. 1. 1. 0. 0. 0. 0. 0. 0. 0. 0. 0. 0. 0. 0. 0. 1. 0. 0. 0. 0.
 0. 0. 0. 0. 1. 0. 0. 0. 1. 0. 0. 1. 0. 0. 0. 0. 0. 0. 0. 0. 0. 1. 1. 0.
 0. 1. 0. 1. 0. 0. 0. 0. 0. 0. 0. 0. 0. 0. 1. 0. 0. 0. 0. 0. 0. 0. 0. 0.
 0. 0. 0. 0. 1. 0. 0. 1. 0. 0. 0. 0. 1. 0. 1. 0. 0. 0. 0. 0. 0. 0. 0. 0.
 0. 1. 0. 0.]","[0. 1. 0. 0. 0. 1. 1. 1. 0. 0. 0. 0. 0. 1. 0. 0. 1. 1. 0. 0. 0. 0. 0. 1.
 0. 0. 1. 0. 1. 0. 0. 1. 0. 1. 1. 0. 0. 0. 1. 0. 0. 0. 1. 1. 1. 0. 1. 0.
 1. 0. 1. 1. 0. 1. 1. 1. 1. 0. 1. 0. 0. 1. 1. 1. 0. 0. 0. 1. 1. 0. 1. 1.
 0. 0. 1. 0. 0. 1. 0. 1. 0. 1. 1. 1. 0. 1. 0. 1. 1. 1. 1. 1. 1. 1. 1. 0.
 0. 0. 1. 1. 1. 0. 0. 1. 1. 1. 0. 0. 0. 1. 1. 1. 0. 0. 0. 0. 1. 1. 1. 0.
 1. 0. 0. 1. 1. 0. 0. 0. 0. 1. 0. 0. 1. 1. 0. 1. 1. 1. 0. 1. 1. 0. 1. 0.
 1. 1. 0. 0. 0. 1. 1. 0. 1. 1. 0. 1. 0. 0. 0. 1. 1. 1. 0. 1. 0. 1. 1. 0.
 1. 0. 0. 1. 1. 0. 0. 1. 0. 1. 1. 0. 0. 1. 0. 0. 1. 1. 0. 1. 1. 0. 0. 0.
 0. 1. 1. 0. 0. 1. 0. 0. 1. 0. 1. 1. 1. 0. 0. 0. 1. 1. 0. 0. 0. 0. 1. 0.
 0. 1. 0. 1. 1. 1. 1. 0. 0. 0. 0. 1. 1. 1. 1. 0. 1. 1. 1. 1. 0. 1. 0. 0.
 1. 0. 0. 1. 1. 1. 1. 1. 0. 0. 1. 1. 1. 0. 0. 1. 0. 1. 0. 0. 1. 0. 1. 0.
 1. 0. 0. 0.]"
112,AdaBoost,"{'algorithm': 'SAMME.R', 'learning_rate': 2.8755102040816327, 'n_estimators': 41}",0.4455685733322657,0.24922793804974197,,,0.5415643086005989,0.20932812832788453,0.49108968740870584,0.02985074626865669,0.5149253731343284,0.5149253731343284,"{0: 0.4883882824682557, 1: 0.48838828246825583}","{0: 0.4883882824682557, 1: 0.48838828246825583}",0.48838828246825583,"[[40 94]
 [36 98]]","[1. 1. 1. 1. 1. 1. 0. 1. 1. 1. 1. 1. 1. 0. 0. 1. 0. 0. 1. 1. 1. 0. 0. 1.
 0. 0. 0. 1. 1. 0. 0. 1. 1. 1. 1. 1. 0. 1. 1. 0. 1. 1. 1. 0. 0. 1. 1. 1.
 1. 0. 1. 1. 1. 1. 0. 1. 1. 1. 0. 1. 1. 1. 1. 1. 1. 0. 1. 0. 1. 1. 1. 0.
 1. 1. 1. 1. 1. 1. 1. 1. 0. 1. 1. 1. 0. 0. 0. 0. 1. 1. 1. 1. 1. 0. 0. 1.
 1. 1. 1. 1. 1. 1. 1. 1. 1. 1. 0. 1. 1. 1. 0. 0. 1. 0. 0. 1. 1. 1. 1. 1.
 1. 0. 1. 1. 0. 1. 1. 1. 1. 0. 0. 0. 1. 1. 1. 1. 1. 1. 1. 1. 1. 1. 1. 1.
 0. 1. 1. 1. 1. 1. 1. 0. 1. 1. 0. 0. 1. 1. 1. 1. 0. 0. 1. 0. 1. 1. 0. 1.
 1. 1. 1. 0. 1. 1. 1. 1. 0. 1. 1. 1. 0. 1. 1. 1. 1. 1. 1. 1. 1. 1. 1. 1.
 1. 1. 1. 0. 0. 1. 0. 1. 0. 1. 1. 0. 1. 0. 1. 1. 1. 1. 0. 1. 1. 0. 1. 0.
 0. 1. 1. 0. 0. 1. 1. 1. 1. 1. 1. 0. 0. 1. 0. 0. 1. 1. 1. 1. 1. 0. 0. 1.
 1. 0. 1. 1. 1. 1. 1. 0. 1. 0. 0. 1. 1. 1. 1. 1. 0. 1. 0. 1. 1. 1. 1. 1.
 1. 0. 1. 0.]","[0. 1. 0. 0. 0. 1. 1. 1. 0. 0. 0. 0. 0. 1. 0. 0. 1. 1. 0. 0. 0. 0. 0. 1.
 0. 0. 1. 0. 1. 0. 0. 1. 0. 1. 1. 0. 0. 0. 1. 0. 0. 0. 1. 1. 1. 0. 1. 0.
 1. 0. 1. 1. 0. 1. 1. 1. 1. 0. 1. 0. 0. 1. 1. 1. 0. 0. 0. 1. 1. 0. 1. 1.
 0. 0. 1. 0. 0. 1. 0. 1. 0. 1. 1. 1. 0. 1. 0. 1. 1. 1. 1. 1. 1. 1. 1. 0.
 0. 0. 1. 1. 1. 0. 0. 1. 1. 1. 0. 0. 0. 1. 1. 1. 0. 0. 0. 0. 1. 1. 1. 0.
 1. 0. 0. 1. 1. 0. 0. 0. 0. 1. 0. 0. 1. 1. 0. 1. 1. 1. 0. 1. 1. 0. 1. 0.
 1. 1. 0. 0. 0. 1. 1. 0. 1. 1. 0. 1. 0. 0. 0. 1. 1. 1. 0. 1. 0. 1. 1. 0.
 1. 0. 0. 1. 1. 0. 0. 1. 0. 1. 1. 0. 0. 1. 0. 0. 1. 1. 0. 1. 1. 0. 0. 0.
 0. 1. 1. 0. 0. 1. 0. 0. 1. 0. 1. 1. 1. 0. 0. 0. 1. 1. 0. 0. 0. 0. 1. 0.
 0. 1. 0. 1. 1. 1. 1. 0. 0. 0. 0. 1. 1. 1. 1. 0. 1. 1. 1. 1. 0. 1. 0. 0.
 1. 0. 0. 1. 1. 1. 1. 1. 0. 0. 1. 1. 1. 0. 0. 1. 0. 1. 0. 0. 1. 0. 1. 0.
 1. 0. 0. 0.]"
114,SVC,"{'C': 0.1, 'gamma': 0.1, 'kernel': 'rbf'}",0.4942636390248512,0.1728255859492256,,,0.6298770431330915,0.1321148071101246,0.5768102864877058,0.21641791044776115,0.6082089552238806,0.6082089552238806,"{0: 0.6146970372020495, 1: 0.6147248830474494}","{0: 0.6146970372020495, 1: 0.6147248830474494}",0.6147248830474494,"[[118  16]
 [ 89  45]]","[0. 0. 0. 0. 0. 1. 1. 0. 0. 0. 0. 0. 0. 1. 0. 0. 1. 0. 0. 0. 1. 0. 0. 0.
 0. 0. 0. 0. 0. 0. 0. 0. 0. 0. 1. 0. 1. 0. 1. 0. 1. 0. 0. 1. 0. 1. 1. 0.
 1. 0. 1. 0. 0. 0. 0. 1. 0. 0. 0. 0. 1. 0. 0. 1. 0. 0. 0. 0. 0. 0. 0. 0.
 0. 0. 1. 0. 0. 0. 0. 1. 0. 0. 0. 0. 0. 1. 0. 0. 0. 0. 0. 0. 1. 0. 0. 1.
 0. 0. 0. 1. 1. 0. 0. 1. 1. 0. 0. 0. 0. 0. 0. 0. 0. 0. 0. 1. 1. 0. 1. 0.
 0. 1. 0. 0. 0. 0. 0. 0. 0. 1. 0. 0. 0. 0. 0. 0. 0. 1. 0. 1. 1. 0. 1. 0.
 1. 0. 0. 0. 0. 0. 1. 1. 0. 0. 0. 0. 0. 0. 0. 0. 1. 1. 0. 0. 0. 1. 1. 1.
 0. 0. 1. 1. 1. 1. 0. 0. 0. 0. 0. 0. 0. 0. 0. 0. 0. 0. 0. 0. 0. 0. 0. 0.
 0. 0. 0. 0. 1. 0. 0. 0. 1. 0. 0. 1. 0. 0. 0. 0. 0. 0. 0. 0. 0. 1. 1. 0.
 0. 1. 0. 1. 0. 0. 0. 0. 0. 0. 0. 0. 0. 0. 1. 0. 0. 0. 0. 0. 0. 0. 0. 0.
 0. 0. 0. 0. 1. 0. 0. 1. 0. 0. 0. 0. 1. 0. 1. 0. 0. 0. 0. 0. 0. 0. 0. 0.
 1. 1. 0. 0.]","[0. 1. 0. 0. 0. 1. 1. 1. 0. 0. 0. 0. 0. 1. 0. 0. 1. 1. 0. 0. 0. 0. 0. 1.
 0. 0. 1. 0. 1. 0. 0. 1. 0. 1. 1. 0. 0. 0. 1. 0. 0. 0. 1. 1. 1. 0. 1. 0.
 1. 0. 1. 1. 0. 1. 1. 1. 1. 0. 1. 0. 0. 1. 1. 1. 0. 0. 0. 1. 1. 0. 1. 1.
 0. 0. 1. 0. 0. 1. 0. 1. 0. 1. 1. 1. 0. 1. 0. 1. 1. 1. 1. 1. 1. 1. 1. 0.
 0. 0. 1. 1. 1. 0. 0. 1. 1. 1. 0. 0. 0. 1. 1. 1. 0. 0. 0. 0. 1. 1. 1. 0.
 1. 0. 0. 1. 1. 0. 0. 0. 0. 1. 0. 0. 1. 1. 0. 1. 1. 1. 0. 1. 1. 0. 1. 0.
 1. 1. 0. 0. 0. 1. 1. 0. 1. 1. 0. 1. 0. 0. 0. 1. 1. 1. 0. 1. 0. 1. 1. 0.
 1. 0. 0. 1. 1. 0. 0. 1. 0. 1. 1. 0. 0. 1. 0. 0. 1. 1. 0. 1. 1. 0. 0. 0.
 0. 1. 1. 0. 0. 1. 0. 0. 1. 0. 1. 1. 1. 0. 0. 0. 1. 1. 0. 0. 0. 0. 1. 0.
 0. 1. 0. 1. 1. 1. 1. 0. 0. 0. 0. 1. 1. 1. 1. 0. 1. 1. 1. 1. 0. 1. 0. 0.
 1. 0. 0. 1. 1. 1. 1. 1. 0. 0. 1. 1. 1. 0. 0. 1. 0. 1. 0. 0. 1. 0. 1. 0.
 1. 0. 0. 0.]"
124,SVC,"{'C': 10, 'gamma': 1, 'kernel': 'sigmoid'}",0.4942636390248512,0.1728255859492256,,,0.6298770431330915,0.1321148071101246,0.5768102864877058,0.21641791044776115,0.6082089552238806,0.6082089552238806,"{0: 0.6073178881710849, 1: 0.6073178881710848}","{0: 0.6073178881710849, 1: 0.6073178881710848}",0.6073178881710848,"[[118  16]
 [ 89  45]]","[0. 0. 0. 0. 0. 1. 1. 0. 0. 0. 0. 0. 0. 1. 0. 0. 1. 0. 0. 0. 1. 0. 0. 0.
 0. 0. 0. 0. 0. 0. 0. 0. 0. 0. 1. 0. 1. 0. 1. 0. 1. 0. 0. 1. 0. 1. 1. 0.
 1. 0. 1. 0. 0. 0. 0. 1. 0. 0. 0. 0. 1. 0. 0. 1. 0. 0. 0. 0. 0. 0. 0. 0.
 0. 0. 1. 0. 0. 0. 0. 1. 0. 0. 0. 0. 0. 1. 0. 0. 0. 0. 0. 0. 1. 0. 0. 1.
 0. 0. 0. 1. 1. 0. 0. 1. 1. 0. 0. 0. 0. 0. 0. 0. 0. 0. 0. 1. 1. 0. 1. 0.
 0. 1. 0. 0. 0. 0. 0. 0. 0. 1. 0. 0. 0. 0. 0. 0. 0. 1. 0. 1. 1. 0. 1. 0.
 1. 0. 0. 0. 0. 0. 1. 1. 0. 0. 0. 0. 0. 0. 0. 0. 1. 1. 0. 0. 0. 1. 1. 1.
 0. 0. 1. 1. 1. 1. 0. 0. 0. 0. 0. 0. 0. 0. 0. 0. 0. 0. 0. 0. 0. 0. 0. 0.
 0. 0. 0. 0. 1. 0. 0. 0. 1. 0. 0. 1. 0. 0. 0. 0. 0. 0. 0. 0. 0. 1. 1. 0.
 0. 1. 0. 1. 0. 0. 0. 0. 0. 0. 0. 0. 0. 0. 1. 0. 0. 0. 0. 0. 0. 0. 0. 0.
 0. 0. 0. 0. 1. 0. 0. 1. 0. 0. 0. 0. 1. 0. 1. 0. 0. 0. 0. 0. 0. 0. 0. 0.
 1. 1. 0. 0.]","[0. 1. 0. 0. 0. 1. 1. 1. 0. 0. 0. 0. 0. 1. 0. 0. 1. 1. 0. 0. 0. 0. 0. 1.
 0. 0. 1. 0. 1. 0. 0. 1. 0. 1. 1. 0. 0. 0. 1. 0. 0. 0. 1. 1. 1. 0. 1. 0.
 1. 0. 1. 1. 0. 1. 1. 1. 1. 0. 1. 0. 0. 1. 1. 1. 0. 0. 0. 1. 1. 0. 1. 1.
 0. 0. 1. 0. 0. 1. 0. 1. 0. 1. 1. 1. 0. 1. 0. 1. 1. 1. 1. 1. 1. 1. 1. 0.
 0. 0. 1. 1. 1. 0. 0. 1. 1. 1. 0. 0. 0. 1. 1. 1. 0. 0. 0. 0. 1. 1. 1. 0.
 1. 0. 0. 1. 1. 0. 0. 0. 0. 1. 0. 0. 1. 1. 0. 1. 1. 1. 0. 1. 1. 0. 1. 0.
 1. 1. 0. 0. 0. 1. 1. 0. 1. 1. 0. 1. 0. 0. 0. 1. 1. 1. 0. 1. 0. 1. 1. 0.
 1. 0. 0. 1. 1. 0. 0. 1. 0. 1. 1. 0. 0. 1. 0. 0. 1. 1. 0. 1. 1. 0. 0. 0.
 0. 1. 1. 0. 0. 1. 0. 0. 1. 0. 1. 1. 1. 0. 0. 0. 1. 1. 0. 0. 0. 0. 1. 0.
 0. 1. 0. 1. 1. 1. 1. 0. 0. 0. 0. 1. 1. 1. 1. 0. 1. 1. 1. 1. 0. 1. 0. 0.
 1. 0. 0. 1. 1. 1. 1. 1. 0. 0. 1. 1. 1. 0. 0. 1. 0. 1. 0. 0. 1. 0. 1. 0.
 1. 0. 0. 0.]"
132,AdaBoost,"{'algorithm': 'SAMME', 'learning_rate': 1.4061224489795918, 'n_estimators': 74}",0.6243554085844498,0.18318073914969438,,,0.6236461212771697,0.1806576970615582,0.5930059212817833,0.18656716417910446,0.5932835820895522,0.5932835820895522,"{0: 0.6074849632434841, 1: 0.607484963243484}","{0: 0.6074849632434841, 1: 0.607484963243484}",0.607484963243484,"[[76 58]
 [51 83]]","[0. 0. 0. 0. 1. 1. 0. 1. 1. 1. 0. 0. 1. 1. 0. 0. 0. 1. 0. 0. 0. 1. 0. 0.
 0. 0. 0. 1. 1. 1. 1. 0. 0. 0. 1. 0. 0. 0. 1. 0. 0. 0. 1. 1. 0. 0. 1. 1.
 0. 0. 0. 0. 0. 0. 1. 1. 1. 1. 0. 1. 0. 1. 1. 0. 0. 0. 0. 1. 1. 1. 1. 1.
 1. 1. 0. 1. 1. 0. 1. 1. 0. 1. 1. 0. 0. 1. 0. 1. 1. 1. 1. 1. 0. 1. 0. 1.
 0. 0. 1. 0. 1. 1. 1. 0. 1. 0. 0. 0. 0. 1. 1. 0. 0. 0. 1. 0. 1. 1. 0. 0.
 1. 1. 0. 1. 1. 0. 1. 1. 1. 0. 0. 0. 0. 0. 1. 1. 0. 1. 1. 1. 0. 0. 1. 0.
 1. 1. 1. 1. 1. 1. 1. 0. 1. 1. 0. 1. 1. 0. 1. 0. 1. 0. 0. 0. 1. 1. 1. 1.
 0. 1. 1. 1. 1. 0. 0. 1. 0. 1. 1. 1. 0. 0. 1. 1. 0. 0. 1. 1. 1. 0. 1. 1.
 0. 1. 0. 1. 1. 1. 0. 0. 1. 0. 1. 1. 1. 0. 1. 0. 0. 1. 0. 1. 1. 0. 0. 0.
 1. 0. 0. 0. 0. 0. 0. 0. 0. 1. 1. 1. 1. 0. 0. 1. 1. 1. 0. 1. 0. 1. 0. 0.
 1. 1. 1. 0. 1. 1. 0. 1. 0. 1. 1. 0. 1. 0. 0. 1. 0. 1. 0. 1. 0. 1. 1. 1.
 1. 0. 1. 0.]","[0. 1. 0. 0. 0. 1. 1. 1. 0. 0. 0. 0. 0. 1. 0. 0. 1. 1. 0. 0. 0. 0. 0. 1.
 0. 0. 1. 0. 1. 0. 0. 1. 0. 1. 1. 0. 0. 0. 1. 0. 0. 0. 1. 1. 1. 0. 1. 0.
 1. 0. 1. 1. 0. 1. 1. 1. 1. 0. 1. 0. 0. 1. 1. 1. 0. 0. 0. 1. 1. 0. 1. 1.
 0. 0. 1. 0. 0. 1. 0. 1. 0. 1. 1. 1. 0. 1. 0. 1. 1. 1. 1. 1. 1. 1. 1. 0.
 0. 0. 1. 1. 1. 0. 0. 1. 1. 1. 0. 0. 0. 1. 1. 1. 0. 0. 0. 0. 1. 1. 1. 0.
 1. 0. 0. 1. 1. 0. 0. 0. 0. 1. 0. 0. 1. 1. 0. 1. 1. 1. 0. 1. 1. 0. 1. 0.
 1. 1. 0. 0. 0. 1. 1. 0. 1. 1. 0. 1. 0. 0. 0. 1. 1. 1. 0. 1. 0. 1. 1. 0.
 1. 0. 0. 1. 1. 0. 0. 1. 0. 1. 1. 0. 0. 1. 0. 0. 1. 1. 0. 1. 1. 0. 0. 0.
 0. 1. 1. 0. 0. 1. 0. 0. 1. 0. 1. 1. 1. 0. 0. 0. 1. 1. 0. 0. 0. 0. 1. 0.
 0. 1. 0. 1. 1. 1. 1. 0. 0. 0. 0. 1. 1. 1. 1. 0. 1. 1. 1. 1. 0. 1. 0. 0.
 1. 0. 0. 1. 1. 1. 1. 1. 0. 0. 1. 1. 1. 0. 0. 1. 0. 1. 0. 0. 1. 0. 1. 0.
 1. 0. 0. 0.]"
133,SVC,"{'C': 1, 'gamma': 0.01, 'kernel': 'sigmoid'}",0.4942636390248512,0.1728255859492256,,,0.6298770431330915,0.1321148071101246,0.582089552238806,0.21641791044776115,0.6082089552238806,0.6082089552238806,"{0: 0.6011918021831143, 1: 0.6011918021831143}","{0: 0.6011918021831143, 1: 0.6011918021831143}",0.6011918021831143,"[[115  19]
 [ 86  48]]","[0. 0. 0. 0. 0. 1. 1. 0. 0. 0. 0. 0. 0. 1. 0. 0. 1. 0. 1. 0. 1. 0. 0. 0.
 0. 0. 0. 0. 0. 0. 0. 0. 0. 0. 1. 0. 1. 0. 1. 0. 1. 0. 0. 1. 0. 1. 1. 0.
 1. 1. 1. 0. 0. 0. 0. 1. 0. 0. 0. 0. 1. 0. 0. 1. 0. 0. 0. 0. 0. 0. 0. 0.
 0. 0. 1. 0. 0. 0. 0. 1. 0. 0. 0. 0. 0. 1. 0. 0. 0. 0. 0. 0. 1. 0. 0. 1.
 0. 0. 0. 1. 1. 0. 0. 1. 1. 0. 0. 0. 0. 0. 0. 0. 0. 0. 0. 1. 1. 0. 1. 0.
 1. 1. 0. 0. 0. 0. 0. 0. 0. 1. 0. 0. 0. 0. 0. 0. 0. 1. 0. 1. 1. 0. 1. 0.
 1. 0. 0. 0. 0. 0. 1. 1. 0. 0. 0. 0. 0. 0. 0. 0. 1. 1. 0. 0. 0. 1. 1. 1.
 1. 0. 1. 1. 1. 1. 0. 0. 0. 0. 0. 0. 1. 0. 0. 0. 0. 0. 0. 0. 0. 0. 0. 0.
 0. 0. 0. 0. 1. 0. 0. 0. 1. 0. 0. 1. 0. 0. 0. 0. 0. 0. 0. 0. 0. 1. 1. 0.
 0. 1. 0. 1. 0. 0. 0. 0. 0. 0. 0. 1. 0. 0. 1. 0. 0. 0. 0. 0. 0. 0. 0. 0.
 0. 0. 0. 0. 1. 0. 0. 1. 0. 0. 0. 0. 1. 0. 1. 0. 0. 0. 0. 0. 0. 0. 0. 0.
 1. 1. 0. 0.]","[0. 1. 0. 0. 0. 1. 1. 1. 0. 0. 0. 0. 0. 1. 0. 0. 1. 1. 0. 0. 0. 0. 0. 1.
 0. 0. 1. 0. 1. 0. 0. 1. 0. 1. 1. 0. 0. 0. 1. 0. 0. 0. 1. 1. 1. 0. 1. 0.
 1. 0. 1. 1. 0. 1. 1. 1. 1. 0. 1. 0. 0. 1. 1. 1. 0. 0. 0. 1. 1. 0. 1. 1.
 0. 0. 1. 0. 0. 1. 0. 1. 0. 1. 1. 1. 0. 1. 0. 1. 1. 1. 1. 1. 1. 1. 1. 0.
 0. 0. 1. 1. 1. 0. 0. 1. 1. 1. 0. 0. 0. 1. 1. 1. 0. 0. 0. 0. 1. 1. 1. 0.
 1. 0. 0. 1. 1. 0. 0. 0. 0. 1. 0. 0. 1. 1. 0. 1. 1. 1. 0. 1. 1. 0. 1. 0.
 1. 1. 0. 0. 0. 1. 1. 0. 1. 1. 0. 1. 0. 0. 0. 1. 1. 1. 0. 1. 0. 1. 1. 0.
 1. 0. 0. 1. 1. 0. 0. 1. 0. 1. 1. 0. 0. 1. 0. 0. 1. 1. 0. 1. 1. 0. 0. 0.
 0. 1. 1. 0. 0. 1. 0. 0. 1. 0. 1. 1. 1. 0. 0. 0. 1. 1. 0. 0. 0. 0. 1. 0.
 0. 1. 0. 1. 1. 1. 1. 0. 0. 0. 0. 1. 1. 1. 1. 0. 1. 1. 1. 1. 0. 1. 0. 0.
 1. 0. 0. 1. 1. 1. 1. 1. 0. 0. 1. 1. 1. 0. 0. 1. 0. 1. 0. 0. 1. 0. 1. 0.
 1. 0. 0. 0.]"
163,SVC,"{'C': 0.1, 'gamma': 1, 'kernel': 'rbf'}",0.3905134175114718,0.19901995753113721,,,0.532853233609282,0.18232672221085502,0.47863142292490124,0.05970149253731338,0.5298507462686567,0.5298507462686567,"{0: 0.5850969035419915, 1: 0.5850969035419915}","{0: 0.5850969035419915, 1: 0.5850969035419915}",0.5850969035419915,"[[113  21]
 [105  29]]","[0. 0. 0. 0. 0. 1. 1. 0. 0. 0. 0. 0. 0. 0. 0. 0. 0. 0. 0. 1. 1. 0. 0. 0.
 1. 0. 0. 0. 0. 0. 0. 0. 0. 0. 0. 0. 1. 1. 0. 0. 0. 1. 0. 0. 0. 0. 0. 0.
 1. 0. 0. 0. 0. 1. 0. 0. 0. 0. 0. 1. 0. 0. 0. 0. 0. 0. 0. 0. 0. 0. 0. 1.
 0. 0. 0. 0. 0. 0. 0. 1. 0. 0. 1. 0. 0. 0. 1. 0. 0. 0. 0. 0. 1. 0. 1. 1.
 0. 0. 1. 1. 1. 0. 0. 1. 1. 0. 0. 0. 0. 0. 1. 0. 0. 0. 0. 0. 0. 0. 1. 0.
 0. 0. 0. 0. 0. 0. 1. 0. 1. 0. 0. 0. 1. 0. 0. 0. 0. 1. 1. 1. 0. 0. 0. 0.
 1. 0. 0. 0. 0. 0. 0. 1. 0. 0. 0. 0. 0. 0. 0. 0. 0. 0. 0. 0. 0. 0. 0. 1.
 0. 0. 1. 0. 1. 1. 0. 0. 1. 0. 1. 0. 0. 0. 0. 0. 0. 0. 0. 0. 0. 0. 0. 0.
 0. 0. 0. 0. 1. 0. 0. 0. 0. 0. 0. 0. 0. 0. 0. 0. 0. 0. 0. 0. 0. 0. 1. 0.
 0. 0. 0. 0. 0. 0. 0. 0. 0. 0. 0. 0. 1. 0. 0. 0. 0. 0. 0. 1. 0. 0. 0. 1.
 1. 0. 0. 0. 0. 0. 1. 0. 0. 0. 0. 0. 1. 0. 1. 0. 0. 0. 1. 0. 0. 0. 0. 0.
 1. 0. 0. 0.]","[0. 1. 0. 0. 0. 1. 1. 1. 0. 0. 0. 0. 0. 1. 0. 0. 1. 1. 0. 0. 0. 0. 0. 1.
 0. 0. 1. 0. 1. 0. 0. 1. 0. 1. 1. 0. 0. 0. 1. 0. 0. 0. 1. 1. 1. 0. 1. 0.
 1. 0. 1. 1. 0. 1. 1. 1. 1. 0. 1. 0. 0. 1. 1. 1. 0. 0. 0. 1. 1. 0. 1. 1.
 0. 0. 1. 0. 0. 1. 0. 1. 0. 1. 1. 1. 0. 1. 0. 1. 1. 1. 1. 1. 1. 1. 1. 0.
 0. 0. 1. 1. 1. 0. 0. 1. 1. 1. 0. 0. 0. 1. 1. 1. 0. 0. 0. 0. 1. 1. 1. 0.
 1. 0. 0. 1. 1. 0. 0. 0. 0. 1. 0. 0. 1. 1. 0. 1. 1. 1. 0. 1. 1. 0. 1. 0.
 1. 1. 0. 0. 0. 1. 1. 0. 1. 1. 0. 1. 0. 0. 0. 1. 1. 1. 0. 1. 0. 1. 1. 0.
 1. 0. 0. 1. 1. 0. 0. 1. 0. 1. 1. 0. 0. 1. 0. 0. 1. 1. 0. 1. 1. 0. 0. 0.
 0. 1. 1. 0. 0. 1. 0. 0. 1. 0. 1. 1. 1. 0. 0. 0. 1. 1. 0. 0. 0. 0. 1. 0.
 0. 1. 0. 1. 1. 1. 1. 0. 0. 0. 0. 1. 1. 1. 1. 0. 1. 1. 1. 1. 0. 1. 0. 0.
 1. 0. 0. 1. 1. 1. 1. 1. 0. 0. 1. 1. 1. 0. 0. 1. 0. 1. 0. 0. 1. 0. 1. 0.
 1. 0. 0. 0.]"
182,SVC,"{'C': 10, 'gamma': 0.1, 'kernel': 'sigmoid'}",0.4942636390248512,0.1728255859492256,,,0.6298770431330915,0.1321148071101246,0.5803945543742451,0.21641791044776115,0.6082089552238806,0.6082089552238805,"{0: 0.6113276899086656, 1: 0.6113276899086657}","{0: 0.6113276899086656, 1: 0.6113276899086657}",0.6113276899086657,"[[116  18]
 [ 87  47]]","[0. 0. 0. 0. 0. 1. 1. 0. 0. 0. 0. 0. 0. 1. 0. 0. 1. 0. 1. 0. 1. 0. 0. 0.
 0. 0. 0. 0. 0. 0. 0. 0. 0. 0. 1. 0. 1. 0. 1. 0. 1. 0. 0. 1. 0. 1. 1. 0.
 1. 1. 1. 0. 0. 0. 0. 1. 0. 0. 0. 0. 1. 0. 0. 1. 0. 0. 0. 0. 0. 0. 0. 0.
 0. 0. 1. 0. 0. 0. 0. 1. 0. 0. 0. 0. 0. 1. 0. 0. 0. 0. 0. 0. 1. 0. 0. 1.
 0. 0. 0. 1. 1. 0. 0. 1. 1. 0. 0. 0. 0. 0. 0. 0. 0. 0. 0. 1. 1. 0. 1. 0.
 1. 1. 0. 0. 0. 0. 0. 0. 0. 1. 0. 0. 0. 0. 0. 0. 0. 1. 0. 1. 1. 0. 1. 0.
 1. 0. 0. 0. 0. 0. 1. 0. 0. 0. 0. 0. 0. 0. 0. 0. 1. 1. 0. 0. 0. 1. 1. 1.
 1. 0. 1. 1. 1. 1. 0. 0. 0. 0. 0. 0. 1. 0. 0. 0. 0. 0. 0. 0. 0. 0. 0. 0.
 0. 0. 0. 0. 1. 0. 0. 0. 1. 0. 0. 1. 0. 0. 0. 0. 0. 0. 0. 0. 0. 1. 1. 0.
 0. 1. 0. 1. 0. 0. 0. 0. 0. 0. 0. 1. 0. 0. 1. 0. 0. 0. 0. 0. 0. 0. 0. 0.
 0. 0. 0. 0. 1. 0. 0. 1. 0. 0. 0. 0. 1. 0. 1. 0. 0. 0. 0. 0. 0. 0. 0. 0.
 0. 1. 0. 0.]","[0. 1. 0. 0. 0. 1. 1. 1. 0. 0. 0. 0. 0. 1. 0. 0. 1. 1. 0. 0. 0. 0. 0. 1.
 0. 0. 1. 0. 1. 0. 0. 1. 0. 1. 1. 0. 0. 0. 1. 0. 0. 0. 1. 1. 1. 0. 1. 0.
 1. 0. 1. 1. 0. 1. 1. 1. 1. 0. 1. 0. 0. 1. 1. 1. 0. 0. 0. 1. 1. 0. 1. 1.
 0. 0. 1. 0. 0. 1. 0. 1. 0. 1. 1. 1. 0. 1. 0. 1. 1. 1. 1. 1. 1. 1. 1. 0.
 0. 0. 1. 1. 1. 0. 0. 1. 1. 1. 0. 0. 0. 1. 1. 1. 0. 0. 0. 0. 1. 1. 1. 0.
 1. 0. 0. 1. 1. 0. 0. 0. 0. 1. 0. 0. 1. 1. 0. 1. 1. 1. 0. 1. 1. 0. 1. 0.
 1. 1. 0. 0. 0. 1. 1. 0. 1. 1. 0. 1. 0. 0. 0. 1. 1. 1. 0. 1. 0. 1. 1. 0.
 1. 0. 0. 1. 1. 0. 0. 1. 0. 1. 1. 0. 0. 1. 0. 0. 1. 1. 0. 1. 1. 0. 0. 0.
 0. 1. 1. 0. 0. 1. 0. 0. 1. 0. 1. 1. 1. 0. 0. 0. 1. 1. 0. 0. 0. 0. 1. 0.
 0. 1. 0. 1. 1. 1. 1. 0. 0. 0. 0. 1. 1. 1. 1. 0. 1. 1. 1. 1. 0. 1. 0. 0.
 1. 0. 0. 1. 1. 1. 1. 1. 0. 0. 1. 1. 1. 0. 0. 1. 0. 1. 0. 0. 1. 0. 1. 0.
 1. 0. 0. 0.]"
190,AdaBoost,"{'algorithm': 'SAMME.R', 'learning_rate': 3.120408163265306, 'n_estimators': 85}",0.39070592258145703,0.23991098392893406,,,0.48614611568240607,0.20698855038266362,0.4208883553421368,-0.07462686567164178,0.4626865671641791,0.4626865671641791,"{0: 0.47084539986633994, 1: 0.47084539986633994}","{0: 0.47084539986633994, 1: 0.47084539986633994}",0.47084539986633994,"[[ 26 108]
 [ 36  98]]","[1. 1. 1. 1. 1. 1. 0. 1. 1. 1. 1. 1. 1. 0. 1. 1. 0. 1. 1. 1. 1. 1. 1. 1.
 0. 1. 1. 1. 1. 1. 1. 1. 1. 1. 1. 1. 0. 1. 1. 0. 0. 1. 1. 0. 0. 0. 1. 1.
 0. 0. 1. 1. 1. 1. 1. 0. 1. 1. 1. 1. 1. 1. 1. 0. 1. 0. 1. 0. 1. 1. 1. 0.
 1. 1. 0. 1. 1. 1. 1. 1. 1. 1. 1. 1. 1. 0. 0. 0. 1. 1. 1. 1. 0. 1. 0. 1.
 1. 1. 1. 0. 1. 1. 1. 0. 1. 1. 0. 1. 1. 1. 0. 0. 1. 1. 1. 1. 1. 1. 0. 1.
 1. 0. 1. 1. 1. 1. 1. 1. 1. 0. 0. 0. 1. 1. 1. 1. 1. 0. 1. 1. 0. 1. 1. 1.
 0. 1. 1. 1. 1. 1. 1. 0. 1. 1. 0. 1. 1. 1. 1. 1. 0. 0. 1. 1. 1. 0. 0. 1.
 1. 1. 1. 0. 1. 0. 1. 1. 0. 1. 1. 1. 1. 1. 1. 1. 1. 1. 1. 1. 1. 1. 1. 1.
 1. 1. 1. 1. 0. 1. 0. 1. 0. 1. 1. 0. 1. 1. 1. 1. 1. 1. 0. 1. 1. 0. 1. 1.
 1. 1. 1. 1. 0. 1. 1. 1. 1. 1. 1. 1. 0. 1. 0. 1. 1. 1. 1. 1. 1. 0. 0. 1.
 1. 1. 1. 1. 1. 1. 1. 0. 1. 0. 1. 1. 1. 1. 0. 1. 1. 1. 0. 1. 1. 1. 1. 1.
 1. 0. 1. 0.]","[0. 1. 0. 0. 0. 1. 1. 1. 0. 0. 0. 0. 0. 1. 0. 0. 1. 1. 0. 0. 0. 0. 0. 1.
 0. 0. 1. 0. 1. 0. 0. 1. 0. 1. 1. 0. 0. 0. 1. 0. 0. 0. 1. 1. 1. 0. 1. 0.
 1. 0. 1. 1. 0. 1. 1. 1. 1. 0. 1. 0. 0. 1. 1. 1. 0. 0. 0. 1. 1. 0. 1. 1.
 0. 0. 1. 0. 0. 1. 0. 1. 0. 1. 1. 1. 0. 1. 0. 1. 1. 1. 1. 1. 1. 1. 1. 0.
 0. 0. 1. 1. 1. 0. 0. 1. 1. 1. 0. 0. 0. 1. 1. 1. 0. 0. 0. 0. 1. 1. 1. 0.
 1. 0. 0. 1. 1. 0. 0. 0. 0. 1. 0. 0. 1. 1. 0. 1. 1. 1. 0. 1. 1. 0. 1. 0.
 1. 1. 0. 0. 0. 1. 1. 0. 1. 1. 0. 1. 0. 0. 0. 1. 1. 1. 0. 1. 0. 1. 1. 0.
 1. 0. 0. 1. 1. 0. 0. 1. 0. 1. 1. 0. 0. 1. 0. 0. 1. 1. 0. 1. 1. 0. 0. 0.
 0. 1. 1. 0. 0. 1. 0. 0. 1. 0. 1. 1. 1. 0. 0. 0. 1. 1. 0. 0. 0. 0. 1. 0.
 0. 1. 0. 1. 1. 1. 1. 0. 0. 0. 0. 1. 1. 1. 1. 0. 1. 1. 1. 1. 0. 1. 0. 0.
 1. 0. 0. 1. 1. 1. 1. 1. 0. 0. 1. 1. 1. 0. 0. 1. 0. 1. 0. 0. 1. 0. 1. 0.
 1. 0. 0. 0.]"
202,SVC,"{'C': 10, 'gamma': 1, 'kernel': 'sigmoid'}",0.4942636390248512,0.1728255859492256,,,0.6298770431330915,0.1321148071101246,0.5768102864877058,0.21641791044776115,0.6082089552238806,0.6082089552238806,"{0: 0.6127756738694586, 1: 0.6127756738694587}","{0: 0.6127756738694586, 1: 0.6127756738694587}",0.6127756738694587,"[[118  16]
 [ 89  45]]","[0. 0. 0. 0. 0. 1. 1. 0. 0. 0. 0. 0. 0. 1. 0. 0. 1. 0. 0. 0. 1. 0. 0. 0.
 0. 0. 0. 0. 0. 0. 0. 0. 0. 0. 1. 0. 1. 0. 1. 0. 1. 0. 0. 1. 0. 1. 1. 0.
 1. 0. 1. 0. 0. 0. 0. 1. 0. 0. 0. 0. 1. 0. 0. 1. 0. 0. 0. 0. 0. 0. 0. 0.
 0. 0. 1. 0. 0. 0. 0. 1. 0. 0. 0. 0. 0. 1. 0. 0. 0. 0. 0. 0. 1. 0. 0. 1.
 0. 0. 0. 1. 1. 0. 0. 1. 1. 0. 0. 0. 0. 0. 0. 0. 0. 0. 0. 1. 1. 0. 1. 0.
 0. 1. 0. 0. 0. 0. 0. 0. 0. 1. 0. 0. 0. 0. 0. 0. 0. 1. 0. 1. 1. 0. 1. 0.
 1. 0. 0. 0. 0. 0. 1. 1. 0. 0. 0. 0. 0. 0. 0. 0. 1. 1. 0. 0. 0. 1. 1. 1.
 0. 0. 1. 1. 1. 1. 0. 0. 0. 0. 0. 0. 0. 0. 0. 0. 0. 0. 0. 0. 0. 0. 0. 0.
 0. 0. 0. 0. 1. 0. 0. 0. 1. 0. 0. 1. 0. 0. 0. 0. 0. 0. 0. 0. 0. 1. 1. 0.
 0. 1. 0. 1. 0. 0. 0. 0. 0. 0. 0. 0. 0. 0. 1. 0. 0. 0. 0. 0. 0. 0. 0. 0.
 0. 0. 0. 0. 1. 0. 0. 1. 0. 0. 0. 0. 1. 0. 1. 0. 0. 0. 0. 0. 0. 0. 0. 0.
 1. 1. 0. 0.]","[0. 1. 0. 0. 0. 1. 1. 1. 0. 0. 0. 0. 0. 1. 0. 0. 1. 1. 0. 0. 0. 0. 0. 1.
 0. 0. 1. 0. 1. 0. 0. 1. 0. 1. 1. 0. 0. 0. 1. 0. 0. 0. 1. 1. 1. 0. 1. 0.
 1. 0. 1. 1. 0. 1. 1. 1. 1. 0. 1. 0. 0. 1. 1. 1. 0. 0. 0. 1. 1. 0. 1. 1.
 0. 0. 1. 0. 0. 1. 0. 1. 0. 1. 1. 1. 0. 1. 0. 1. 1. 1. 1. 1. 1. 1. 1. 0.
 0. 0. 1. 1. 1. 0. 0. 1. 1. 1. 0. 0. 0. 1. 1. 1. 0. 0. 0. 0. 1. 1. 1. 0.
 1. 0. 0. 1. 1. 0. 0. 0. 0. 1. 0. 0. 1. 1. 0. 1. 1. 1. 0. 1. 1. 0. 1. 0.
 1. 1. 0. 0. 0. 1. 1. 0. 1. 1. 0. 1. 0. 0. 0. 1. 1. 1. 0. 1. 0. 1. 1. 0.
 1. 0. 0. 1. 1. 0. 0. 1. 0. 1. 1. 0. 0. 1. 0. 0. 1. 1. 0. 1. 1. 0. 0. 0.
 0. 1. 1. 0. 0. 1. 0. 0. 1. 0. 1. 1. 1. 0. 0. 0. 1. 1. 0. 0. 0. 0. 1. 0.
 0. 1. 0. 1. 1. 1. 1. 0. 0. 0. 0. 1. 1. 1. 1. 0. 1. 1. 1. 1. 0. 1. 0. 0.
 1. 0. 0. 1. 1. 1. 1. 1. 0. 0. 1. 1. 1. 0. 0. 1. 0. 1. 0. 0. 1. 0. 1. 0.
 1. 0. 0. 0.]"
235,SVC,"{'C': 100, 'gamma': 0.01, 'kernel': 'sigmoid'}",0.45949489899295326,0.1809767421498096,,,0.5965437097997582,0.1581191977238704,0.5312001733772969,0.15671641791044777,0.5783582089552238,0.5783582089552239,"{0: 0.612719982178659, 1: 0.612719982178659}","{0: 0.612719982178659, 1: 0.612719982178659}",0.612719982178659,"[[120  14]
 [ 99  35]]","[0. 0. 0. 0. 0. 1. 1. 0. 0. 0. 0. 0. 0. 0. 0. 0. 0. 0. 0. 0. 1. 0. 0. 0.
 0. 0. 0. 0. 0. 0. 0. 0. 0. 0. 1. 0. 1. 0. 1. 0. 1. 0. 0. 0. 0. 1. 1. 0.
 1. 0. 1. 0. 0. 0. 0. 1. 0. 0. 0. 0. 1. 0. 0. 1. 0. 0. 0. 0. 0. 0. 0. 0.
 0. 0. 1. 0. 0. 0. 0. 1. 0. 0. 0. 0. 0. 1. 0. 0. 0. 0. 0. 0. 1. 0. 0. 1.
 0. 0. 0. 1. 1. 0. 0. 1. 1. 0. 0. 0. 0. 0. 0. 0. 0. 0. 0. 1. 1. 0. 1. 0.
 0. 1. 0. 0. 0. 0. 0. 0. 0. 0. 0. 0. 0. 0. 0. 0. 0. 1. 0. 1. 1. 0. 1. 0.
 1. 0. 0. 0. 0. 0. 1. 0. 0. 0. 0. 0. 0. 0. 0. 0. 1. 0. 0. 0. 0. 1. 1. 1.
 0. 0. 1. 0. 1. 1. 0. 0. 0. 0. 0. 0. 0. 0. 0. 0. 0. 0. 0. 0. 0. 0. 0. 0.
 0. 0. 0. 0. 1. 0. 0. 0. 0. 0. 0. 0. 0. 0. 0. 0. 0. 0. 0. 0. 0. 0. 1. 0.
 0. 1. 0. 1. 0. 0. 0. 0. 0. 0. 0. 0. 0. 0. 0. 0. 0. 0. 0. 0. 0. 0. 0. 0.
 0. 0. 0. 0. 1. 0. 0. 1. 0. 0. 0. 0. 1. 0. 1. 0. 0. 0. 0. 0. 0. 0. 0. 0.
 0. 1. 0. 0.]","[0. 1. 0. 0. 0. 1. 1. 1. 0. 0. 0. 0. 0. 1. 0. 0. 1. 1. 0. 0. 0. 0. 0. 1.
 0. 0. 1. 0. 1. 0. 0. 1. 0. 1. 1. 0. 0. 0. 1. 0. 0. 0. 1. 1. 1. 0. 1. 0.
 1. 0. 1. 1. 0. 1. 1. 1. 1. 0. 1. 0. 0. 1. 1. 1. 0. 0. 0. 1. 1. 0. 1. 1.
 0. 0. 1. 0. 0. 1. 0. 1. 0. 1. 1. 1. 0. 1. 0. 1. 1. 1. 1. 1. 1. 1. 1. 0.
 0. 0. 1. 1. 1. 0. 0. 1. 1. 1. 0. 0. 0. 1. 1. 1. 0. 0. 0. 0. 1. 1. 1. 0.
 1. 0. 0. 1. 1. 0. 0. 0. 0. 1. 0. 0. 1. 1. 0. 1. 1. 1. 0. 1. 1. 0. 1. 0.
 1. 1. 0. 0. 0. 1. 1. 0. 1. 1. 0. 1. 0. 0. 0. 1. 1. 1. 0. 1. 0. 1. 1. 0.
 1. 0. 0. 1. 1. 0. 0. 1. 0. 1. 1. 0. 0. 1. 0. 0. 1. 1. 0. 1. 1. 0. 0. 0.
 0. 1. 1. 0. 0. 1. 0. 0. 1. 0. 1. 1. 1. 0. 0. 0. 1. 1. 0. 0. 0. 0. 1. 0.
 0. 1. 0. 1. 1. 1. 1. 0. 0. 0. 0. 1. 1. 1. 1. 0. 1. 1. 1. 1. 0. 1. 0. 0.
 1. 0. 0. 1. 1. 1. 1. 1. 0. 0. 1. 1. 1. 0. 0. 1. 0. 1. 0. 0. 1. 0. 1. 0.
 1. 0. 0. 0.]"
301,SVC,"{'C': 0.1, 'gamma': 1, 'kernel': 'rbf'}",0.45949489899295326,0.1809767421498096,,,0.5965437097997582,0.1581191977238704,0.5404203657333637,0.15671641791044777,0.5783582089552238,0.5783582089552238,"{0: 0.6111606148362665, 1: 0.6107986188460681}","{0: 0.6111606148362665, 1: 0.6107986188460681}",0.6107986188460681,"[[116  18]
 [ 95  39]]","[0. 0. 0. 0. 0. 1. 1. 0. 0. 0. 0. 0. 0. 0. 0. 0. 0. 0. 1. 0. 1. 0. 0. 0.
 0. 0. 0. 0. 0. 0. 0. 0. 0. 0. 1. 0. 1. 0. 1. 0. 1. 0. 0. 0. 0. 1. 1. 0.
 1. 1. 1. 0. 0. 0. 0. 1. 0. 0. 0. 0. 1. 0. 0. 1. 0. 0. 0. 0. 0. 0. 0. 0.
 0. 0. 1. 0. 0. 0. 0. 1. 0. 0. 0. 0. 0. 1. 0. 0. 0. 0. 0. 0. 1. 0. 0. 1.
 0. 0. 0. 1. 1. 0. 0. 1. 1. 0. 0. 0. 0. 0. 0. 0. 0. 0. 0. 1. 1. 0. 1. 0.
 1. 1. 0. 0. 0. 0. 0. 0. 0. 0. 0. 0. 0. 0. 0. 0. 0. 1. 0. 1. 1. 0. 1. 0.
 1. 0. 0. 0. 0. 0. 1. 1. 0. 0. 0. 0. 0. 0. 0. 0. 1. 0. 0. 0. 0. 1. 1. 1.
 1. 0. 1. 0. 1. 1. 0. 0. 0. 0. 0. 0. 1. 0. 0. 0. 0. 0. 0. 0. 0. 0. 0. 0.
 0. 0. 0. 0. 1. 0. 0. 0. 0. 0. 0. 0. 0. 0. 0. 0. 0. 0. 0. 0. 0. 0. 1. 0.
 0. 1. 0. 1. 0. 0. 0. 0. 0. 0. 0. 1. 0. 0. 0. 0. 0. 0. 0. 0. 0. 0. 0. 0.
 0. 0. 0. 0. 1. 0. 0. 1. 0. 0. 0. 0. 1. 0. 1. 0. 0. 0. 0. 0. 0. 0. 0. 0.
 1. 1. 0. 0.]","[0. 1. 0. 0. 0. 1. 1. 1. 0. 0. 0. 0. 0. 1. 0. 0. 1. 1. 0. 0. 0. 0. 0. 1.
 0. 0. 1. 0. 1. 0. 0. 1. 0. 1. 1. 0. 0. 0. 1. 0. 0. 0. 1. 1. 1. 0. 1. 0.
 1. 0. 1. 1. 0. 1. 1. 1. 1. 0. 1. 0. 0. 1. 1. 1. 0. 0. 0. 1. 1. 0. 1. 1.
 0. 0. 1. 0. 0. 1. 0. 1. 0. 1. 1. 1. 0. 1. 0. 1. 1. 1. 1. 1. 1. 1. 1. 0.
 0. 0. 1. 1. 1. 0. 0. 1. 1. 1. 0. 0. 0. 1. 1. 1. 0. 0. 0. 0. 1. 1. 1. 0.
 1. 0. 0. 1. 1. 0. 0. 0. 0. 1. 0. 0. 1. 1. 0. 1. 1. 1. 0. 1. 1. 0. 1. 0.
 1. 1. 0. 0. 0. 1. 1. 0. 1. 1. 0. 1. 0. 0. 0. 1. 1. 1. 0. 1. 0. 1. 1. 0.
 1. 0. 0. 1. 1. 0. 0. 1. 0. 1. 1. 0. 0. 1. 0. 0. 1. 1. 0. 1. 1. 0. 0. 0.
 0. 1. 1. 0. 0. 1. 0. 0. 1. 0. 1. 1. 1. 0. 0. 0. 1. 1. 0. 0. 0. 0. 1. 0.
 0. 1. 0. 1. 1. 1. 1. 0. 0. 0. 0. 1. 1. 1. 1. 0. 1. 1. 1. 1. 0. 1. 0. 0.
 1. 0. 0. 1. 1. 1. 1. 1. 0. 0. 1. 1. 1. 0. 0. 1. 0. 1. 0. 0. 1. 0. 1. 0.
 1. 0. 0. 0.]"
334,SVC,"{'C': 1000, 'gamma': 1, 'kernel': 'sigmoid'}",0.39474622174427604,0.1992024714276673,,,0.536821487577536,0.18156692056461637,0.47311877892846643,0.052238805970149294,0.5261194029850746,0.5261194029850746,"{0: 0.5954555580307419, 1: 0.5954555580307418}","{0: 0.5954555580307419, 1: 0.5954555580307418}",0.5954555580307418,"[[113  21]
 [106  28]]","[0. 0. 0. 0. 0. 1. 0. 0. 0. 0. 0. 0. 0. 0. 0. 0. 0. 0. 1. 1. 1. 0. 0. 0.
 1. 0. 0. 0. 0. 0. 0. 0. 0. 0. 0. 0. 0. 1. 0. 0. 0. 1. 0. 0. 0. 0. 0. 0.
 0. 1. 0. 0. 0. 1. 0. 0. 0. 0. 0. 1. 0. 0. 0. 0. 0. 0. 0. 0. 0. 0. 0. 1.
 0. 0. 0. 0. 0. 0. 0. 1. 0. 0. 1. 0. 0. 1. 1. 0. 0. 0. 0. 0. 0. 0. 1. 1.
 0. 0. 1. 0. 1. 0. 0. 0. 1. 0. 0. 0. 0. 0. 1. 0. 0. 0. 0. 0. 0. 0. 0. 0.
 1. 1. 0. 0. 0. 0. 1. 0. 1. 0. 0. 0. 1. 0. 0. 0. 0. 0. 1. 1. 0. 0. 0. 0.
 0. 0. 0. 0. 0. 0. 0. 0. 0. 0. 0. 0. 0. 0. 0. 0. 1. 0. 0. 0. 0. 0. 1. 1.
 1. 0. 1. 0. 1. 0. 0. 0. 1. 0. 1. 0. 1. 0. 0. 0. 0. 0. 0. 0. 0. 0. 0. 0.
 0. 0. 0. 0. 0. 0. 0. 0. 0. 0. 0. 0. 0. 0. 0. 0. 0. 0. 0. 0. 0. 0. 1. 0.
 0. 0. 0. 1. 0. 0. 0. 0. 0. 0. 0. 1. 1. 0. 0. 0. 0. 0. 0. 1. 0. 0. 0. 1.
 1. 0. 0. 0. 0. 0. 1. 1. 0. 0. 0. 0. 1. 0. 0. 0. 0. 0. 1. 0. 0. 0. 0. 0.
 0. 1. 0. 0.]","[0. 1. 0. 0. 0. 1. 1. 1. 0. 0. 0. 0. 0. 1. 0. 0. 1. 1. 0. 0. 0. 0. 0. 1.
 0. 0. 1. 0. 1. 0. 0. 1. 0. 1. 1. 0. 0. 0. 1. 0. 0. 0. 1. 1. 1. 0. 1. 0.
 1. 0. 1. 1. 0. 1. 1. 1. 1. 0. 1. 0. 0. 1. 1. 1. 0. 0. 0. 1. 1. 0. 1. 1.
 0. 0. 1. 0. 0. 1. 0. 1. 0. 1. 1. 1. 0. 1. 0. 1. 1. 1. 1. 1. 1. 1. 1. 0.
 0. 0. 1. 1. 1. 0. 0. 1. 1. 1. 0. 0. 0. 1. 1. 1. 0. 0. 0. 0. 1. 1. 1. 0.
 1. 0. 0. 1. 1. 0. 0. 0. 0. 1. 0. 0. 1. 1. 0. 1. 1. 1. 0. 1. 1. 0. 1. 0.
 1. 1. 0. 0. 0. 1. 1. 0. 1. 1. 0. 1. 0. 0. 0. 1. 1. 1. 0. 1. 0. 1. 1. 0.
 1. 0. 0. 1. 1. 0. 0. 1. 0. 1. 1. 0. 0. 1. 0. 0. 1. 1. 0. 1. 1. 0. 0. 0.
 0. 1. 1. 0. 0. 1. 0. 0. 1. 0. 1. 1. 1. 0. 0. 0. 1. 1. 0. 0. 0. 0. 1. 0.
 0. 1. 0. 1. 1. 1. 1. 0. 0. 0. 0. 1. 1. 1. 1. 0. 1. 1. 1. 1. 0. 1. 0. 0.
 1. 0. 0. 1. 1. 1. 1. 1. 0. 0. 1. 1. 1. 0. 0. 1. 0. 1. 0. 0. 1. 0. 1. 0.
 1. 0. 0. 0.]"
343,AdaBoost,"{'algorithm': 'SAMME.R', 'learning_rate': 2.957142857142857, 'n_estimators': 85}",0.4163843547730471,0.23892499925984373,,,0.5022175442538347,0.20235597165478142,0.45550589191385615,-0.04477611940298498,0.47761194029850745,0.47761194029850745,"{0: 0.4712630875473379, 1: 0.471263087547338}","{0: 0.4712630875473379, 1: 0.471263087547338}",0.471263087547338,"[[37 97]
 [43 91]]","[1. 1. 1. 1. 1. 1. 0. 1. 1. 1. 1. 1. 1. 0. 0. 1. 0. 0. 1. 1. 1. 1. 1. 1.
 0. 0. 1. 1. 1. 1. 0. 1. 1. 1. 1. 1. 0. 1. 1. 0. 0. 1. 1. 0. 0. 0. 1. 1.
 0. 0. 1. 1. 1. 1. 0. 0. 1. 1. 1. 1. 1. 1. 1. 0. 1. 0. 1. 0. 1. 1. 1. 0.
 1. 1. 0. 1. 1. 1. 1. 1. 0. 1. 1. 1. 0. 0. 0. 0. 1. 1. 1. 1. 0. 0. 0. 1.
 1. 1. 1. 0. 1. 1. 1. 0. 1. 1. 0. 1. 1. 1. 0. 0. 1. 0. 0. 0. 1. 1. 0. 1.
 1. 0. 1. 1. 1. 1. 1. 1. 1. 0. 0. 0. 1. 1. 1. 1. 1. 0. 1. 1. 0. 1. 0. 1.
 0. 1. 1. 1. 1. 1. 1. 0. 1. 1. 0. 0. 1. 1. 1. 1. 0. 0. 1. 0. 1. 0. 0. 1.
 1. 1. 1. 0. 1. 0. 1. 1. 0. 1. 1. 1. 1. 1. 1. 1. 1. 1. 1. 1. 1. 1. 1. 1.
 1. 1. 1. 1. 0. 1. 0. 1. 0. 1. 1. 0. 1. 1. 1. 1. 1. 1. 0. 1. 1. 0. 1. 0.
 0. 0. 1. 1. 0. 1. 1. 1. 1. 1. 1. 1. 0. 1. 0. 1. 1. 1. 1. 1. 1. 0. 0. 1.
 1. 1. 1. 1. 1. 1. 1. 0. 1. 0. 1. 1. 1. 1. 0. 1. 0. 1. 0. 1. 1. 1. 1. 1.
 1. 0. 1. 0.]","[0. 1. 0. 0. 0. 1. 1. 1. 0. 0. 0. 0. 0. 1. 0. 0. 1. 1. 0. 0. 0. 0. 0. 1.
 0. 0. 1. 0. 1. 0. 0. 1. 0. 1. 1. 0. 0. 0. 1. 0. 0. 0. 1. 1. 1. 0. 1. 0.
 1. 0. 1. 1. 0. 1. 1. 1. 1. 0. 1. 0. 0. 1. 1. 1. 0. 0. 0. 1. 1. 0. 1. 1.
 0. 0. 1. 0. 0. 1. 0. 1. 0. 1. 1. 1. 0. 1. 0. 1. 1. 1. 1. 1. 1. 1. 1. 0.
 0. 0. 1. 1. 1. 0. 0. 1. 1. 1. 0. 0. 0. 1. 1. 1. 0. 0. 0. 0. 1. 1. 1. 0.
 1. 0. 0. 1. 1. 0. 0. 0. 0. 1. 0. 0. 1. 1. 0. 1. 1. 1. 0. 1. 1. 0. 1. 0.
 1. 1. 0. 0. 0. 1. 1. 0. 1. 1. 0. 1. 0. 0. 0. 1. 1. 1. 0. 1. 0. 1. 1. 0.
 1. 0. 0. 1. 1. 0. 0. 1. 0. 1. 1. 0. 0. 1. 0. 0. 1. 1. 0. 1. 1. 0. 0. 0.
 0. 1. 1. 0. 0. 1. 0. 0. 1. 0. 1. 1. 1. 0. 0. 0. 1. 1. 0. 0. 0. 0. 1. 0.
 0. 1. 0. 1. 1. 1. 1. 0. 0. 0. 0. 1. 1. 1. 1. 0. 1. 1. 1. 1. 0. 1. 0. 0.
 1. 0. 0. 1. 1. 1. 1. 1. 0. 0. 1. 1. 1. 0. 0. 1. 0. 1. 0. 0. 1. 0. 1. 0.
 1. 0. 0. 0.]"
356,SVC,"{'C': 0.1, 'gamma': 0.001, 'kernel': 'sigmoid'}",0.4942636390248512,0.1728255859492256,,,0.6298770431330915,0.1321148071101246,0.5934877136211951,0.21641791044776115,0.6082089552238806,0.6082089552238805,"{0: 0.6122187569614613, 1: 0.6122187569614613}","{0: 0.6122187569614613, 1: 0.6122187569614613}",0.6122187569614613,"[[107  27]
 [ 78  56]]","[0. 0. 0. 0. 0. 1. 1. 0. 0. 0. 0. 0. 0. 1. 0. 0. 1. 0. 0. 1. 1. 0. 0. 0.
 1. 0. 0. 0. 0. 0. 0. 0. 0. 0. 1. 0. 1. 1. 1. 0. 1. 1. 0. 1. 0. 1. 1. 0.
 1. 0. 1. 0. 0. 1. 0. 1. 0. 0. 0. 1. 1. 0. 0. 1. 0. 0. 0. 0. 0. 0. 0. 1.
 0. 0. 1. 0. 0. 0. 0. 1. 0. 0. 1. 0. 0. 1. 1. 0. 0. 0. 0. 0. 1. 0. 1. 1.
 0. 0. 1. 1. 1. 0. 0. 1. 1. 0. 0. 0. 0. 0. 1. 0. 0. 0. 0. 1. 1. 0. 1. 0.
 0. 1. 0. 0. 0. 0. 1. 0. 1. 1. 0. 0. 1. 0. 0. 0. 0. 1. 1. 1. 1. 0. 1. 0.
 1. 0. 0. 0. 0. 0. 1. 0. 0. 0. 0. 0. 0. 0. 0. 0. 1. 1. 0. 0. 0. 1. 1. 1.
 0. 0. 1. 1. 1. 1. 0. 0. 1. 0. 1. 0. 0. 0. 0. 0. 0. 0. 0. 0. 0. 0. 0. 0.
 0. 0. 0. 0. 1. 0. 0. 0. 1. 0. 0. 1. 0. 0. 0. 0. 0. 0. 0. 0. 0. 1. 1. 0.
 0. 1. 0. 1. 0. 0. 0. 0. 0. 0. 0. 0. 1. 0. 1. 0. 0. 0. 0. 1. 0. 0. 0. 1.
 1. 0. 0. 0. 1. 0. 1. 1. 0. 0. 0. 0. 1. 0. 1. 0. 0. 0. 1. 0. 0. 0. 0. 0.
 0. 1. 0. 0.]","[0. 1. 0. 0. 0. 1. 1. 1. 0. 0. 0. 0. 0. 1. 0. 0. 1. 1. 0. 0. 0. 0. 0. 1.
 0. 0. 1. 0. 1. 0. 0. 1. 0. 1. 1. 0. 0. 0. 1. 0. 0. 0. 1. 1. 1. 0. 1. 0.
 1. 0. 1. 1. 0. 1. 1. 1. 1. 0. 1. 0. 0. 1. 1. 1. 0. 0. 0. 1. 1. 0. 1. 1.
 0. 0. 1. 0. 0. 1. 0. 1. 0. 1. 1. 1. 0. 1. 0. 1. 1. 1. 1. 1. 1. 1. 1. 0.
 0. 0. 1. 1. 1. 0. 0. 1. 1. 1. 0. 0. 0. 1. 1. 1. 0. 0. 0. 0. 1. 1. 1. 0.
 1. 0. 0. 1. 1. 0. 0. 0. 0. 1. 0. 0. 1. 1. 0. 1. 1. 1. 0. 1. 1. 0. 1. 0.
 1. 1. 0. 0. 0. 1. 1. 0. 1. 1. 0. 1. 0. 0. 0. 1. 1. 1. 0. 1. 0. 1. 1. 0.
 1. 0. 0. 1. 1. 0. 0. 1. 0. 1. 1. 0. 0. 1. 0. 0. 1. 1. 0. 1. 1. 0. 0. 0.
 0. 1. 1. 0. 0. 1. 0. 0. 1. 0. 1. 1. 1. 0. 0. 0. 1. 1. 0. 0. 0. 0. 1. 0.
 0. 1. 0. 1. 1. 1. 1. 0. 0. 0. 0. 1. 1. 1. 1. 0. 1. 1. 1. 1. 0. 1. 0. 0.
 1. 0. 0. 1. 1. 1. 1. 1. 0. 0. 1. 1. 1. 0. 0. 1. 0. 1. 0. 0. 1. 0. 1. 0.
 1. 0. 0. 0.]"
365,AdaBoost,"{'algorithm': 'SAMME.R', 'learning_rate': 2.4673469387755103, 'n_estimators': 30}",0.47338258075374523,0.225875575185505,,,0.5267556275116759,0.21041032324596307,0.49251161990015496,0.014925373134328401,0.5074626865671642,0.5074626865671642,"{0: 0.547505012252172, 1: 0.547505012252172}","{0: 0.547505012252172, 1: 0.547505012252172}",0.547505012252172,"[[91 43]
 [89 45]]","[1. 1. 0. 0. 0. 1. 0. 0. 0. 1. 0. 1. 0. 0. 0. 0. 0. 0. 0. 0. 1. 1. 1. 0.
 0. 0. 1. 1. 1. 1. 0. 0. 0. 0. 0. 0. 0. 0. 1. 1. 1. 0. 1. 0. 0. 1. 1. 0.
 0. 0. 0. 0. 0. 0. 0. 1. 0. 1. 1. 1. 0. 0. 0. 1. 1. 0. 0. 1. 1. 0. 0. 0.
 0. 1. 1. 0. 1. 0. 0. 1. 0. 1. 0. 0. 0. 0. 0. 0. 0. 0. 1. 0. 0. 0. 1. 1.
 0. 0. 0. 0. 1. 1. 1. 0. 1. 1. 0. 0. 0. 1. 0. 0. 0. 0. 0. 0. 0. 1. 0. 1.
 0. 0. 0. 1. 1. 0. 1. 1. 0. 0. 0. 0. 0. 0. 1. 0. 0. 0. 0. 1. 1. 0. 0. 0.
 0. 1. 1. 0. 1. 1. 0. 0. 1. 0. 0. 0. 0. 0. 0. 0. 0. 0. 0. 0. 1. 1. 0. 0.
 0. 1. 1. 0. 1. 0. 0. 0. 0. 0. 0. 0. 0. 0. 0. 0. 0. 0. 1. 0. 0. 1. 1. 0.
 0. 1. 0. 1. 0. 1. 0. 0. 0. 1. 1. 0. 0. 1. 1. 1. 0. 0. 0. 1. 0. 0. 1. 0.
 0. 0. 0. 1. 0. 1. 0. 0. 0. 0. 0. 0. 0. 0. 0. 1. 0. 0. 1. 1. 0. 0. 0. 0.
 1. 1. 0. 1. 0. 1. 0. 0. 0. 0. 1. 0. 1. 1. 0. 0. 0. 0. 0. 0. 0. 1. 0. 0.
 1. 1. 1. 0.]","[0. 1. 0. 0. 0. 1. 1. 1. 0. 0. 0. 0. 0. 1. 0. 0. 1. 1. 0. 0. 0. 0. 0. 1.
 0. 0. 1. 0. 1. 0. 0. 1. 0. 1. 1. 0. 0. 0. 1. 0. 0. 0. 1. 1. 1. 0. 1. 0.
 1. 0. 1. 1. 0. 1. 1. 1. 1. 0. 1. 0. 0. 1. 1. 1. 0. 0. 0. 1. 1. 0. 1. 1.
 0. 0. 1. 0. 0. 1. 0. 1. 0. 1. 1. 1. 0. 1. 0. 1. 1. 1. 1. 1. 1. 1. 1. 0.
 0. 0. 1. 1. 1. 0. 0. 1. 1. 1. 0. 0. 0. 1. 1. 1. 0. 0. 0. 0. 1. 1. 1. 0.
 1. 0. 0. 1. 1. 0. 0. 0. 0. 1. 0. 0. 1. 1. 0. 1. 1. 1. 0. 1. 1. 0. 1. 0.
 1. 1. 0. 0. 0. 1. 1. 0. 1. 1. 0. 1. 0. 0. 0. 1. 1. 1. 0. 1. 0. 1. 1. 0.
 1. 0. 0. 1. 1. 0. 0. 1. 0. 1. 1. 0. 0. 1. 0. 0. 1. 1. 0. 1. 1. 0. 0. 0.
 0. 1. 1. 0. 0. 1. 0. 0. 1. 0. 1. 1. 1. 0. 0. 0. 1. 1. 0. 0. 0. 0. 1. 0.
 0. 1. 0. 1. 1. 1. 1. 0. 0. 0. 0. 1. 1. 1. 1. 0. 1. 1. 1. 1. 0. 1. 0. 0.
 1. 0. 0. 1. 1. 1. 1. 1. 0. 0. 1. 1. 1. 0. 0. 1. 0. 1. 0. 0. 1. 0. 1. 0.
 1. 0. 0. 0.]"
378,SVC,"{'C': 100, 'gamma': 0.1, 'kernel': 'sigmoid'}",0.41736526936332363,0.19523103549893756,,,0.5576548209108694,0.17606331309070594,0.46506986027944114,0.08208955223880599,0.5410447761194029,0.5410447761194029,"{0: 0.5752951659612386, 1: 0.5752951659612384}","{0: 0.5752951659612386, 1: 0.5752951659612384}",0.5752951659612384,"[[123  11]
 [112  22]]","[0. 0. 0. 0. 0. 1. 0. 0. 0. 0. 0. 0. 0. 0. 0. 0. 0. 0. 1. 0. 1. 0. 0. 0.
 0. 0. 0. 0. 0. 0. 0. 0. 0. 0. 0. 0. 0. 0. 0. 0. 1. 0. 0. 0. 0. 1. 1. 0.
 0. 1. 0. 0. 0. 0. 0. 1. 0. 0. 0. 0. 0. 0. 0. 1. 0. 0. 0. 0. 0. 0. 0. 0.
 0. 0. 1. 0. 0. 0. 0. 1. 0. 0. 0. 0. 0. 1. 0. 0. 0. 0. 0. 0. 0. 0. 0. 1.
 0. 0. 0. 0. 1. 0. 0. 0. 1. 0. 0. 0. 0. 0. 0. 0. 0. 0. 0. 0. 0. 0. 0. 0.
 1. 1. 0. 0. 0. 0. 0. 0. 0. 0. 0. 0. 0. 0. 0. 0. 0. 0. 0. 1. 1. 0. 0. 0.
 0. 0. 0. 0. 0. 0. 0. 0. 0. 0. 0. 0. 0. 0. 0. 0. 1. 0. 0. 0. 0. 1. 1. 1.
 1. 0. 1. 0. 1. 0. 0. 0. 0. 0. 0. 0. 1. 0. 0. 0. 0. 0. 0. 0. 0. 0. 0. 0.
 0. 0. 0. 0. 0. 0. 0. 0. 0. 0. 0. 0. 0. 0. 0. 0. 0. 0. 0. 0. 0. 0. 1. 0.
 0. 0. 0. 1. 0. 0. 0. 0. 0. 0. 0. 1. 0. 0. 0. 0. 0. 0. 0. 0. 0. 0. 0. 0.
 0. 0. 0. 0. 0. 0. 0. 1. 0. 0. 0. 0. 1. 0. 0. 0. 0. 0. 0. 0. 0. 0. 0. 0.
 0. 1. 0. 0.]","[0. 1. 0. 0. 0. 1. 1. 1. 0. 0. 0. 0. 0. 1. 0. 0. 1. 1. 0. 0. 0. 0. 0. 1.
 0. 0. 1. 0. 1. 0. 0. 1. 0. 1. 1. 0. 0. 0. 1. 0. 0. 0. 1. 1. 1. 0. 1. 0.
 1. 0. 1. 1. 0. 1. 1. 1. 1. 0. 1. 0. 0. 1. 1. 1. 0. 0. 0. 1. 1. 0. 1. 1.
 0. 0. 1. 0. 0. 1. 0. 1. 0. 1. 1. 1. 0. 1. 0. 1. 1. 1. 1. 1. 1. 1. 1. 0.
 0. 0. 1. 1. 1. 0. 0. 1. 1. 1. 0. 0. 0. 1. 1. 1. 0. 0. 0. 0. 1. 1. 1. 0.
 1. 0. 0. 1. 1. 0. 0. 0. 0. 1. 0. 0. 1. 1. 0. 1. 1. 1. 0. 1. 1. 0. 1. 0.
 1. 1. 0. 0. 0. 1. 1. 0. 1. 1. 0. 1. 0. 0. 0. 1. 1. 1. 0. 1. 0. 1. 1. 0.
 1. 0. 0. 1. 1. 0. 0. 1. 0. 1. 1. 0. 0. 1. 0. 0. 1. 1. 0. 1. 1. 0. 0. 0.
 0. 1. 1. 0. 0. 1. 0. 0. 1. 0. 1. 1. 1. 0. 0. 0. 1. 1. 0. 0. 0. 0. 1. 0.
 0. 1. 0. 1. 1. 1. 1. 0. 0. 0. 0. 1. 1. 1. 1. 0. 1. 1. 1. 1. 0. 1. 0. 0.
 1. 0. 0. 1. 1. 1. 1. 1. 0. 0. 1. 1. 1. 0. 0. 1. 0. 1. 0. 0. 1. 0. 1. 0.
 1. 0. 0. 0.]"
433,SVC,"{'C': 10, 'gamma': 1, 'kernel': 'sigmoid'}",0.45949489899295326,0.1809767421498096,,,0.5965437097997582,0.1581191977238704,0.5312001733772969,0.15671641791044777,0.5783582089552238,0.5783582089552239,"{0: 0.6054522165292939, 1: 0.6054522165292937}","{0: 0.6054522165292939, 1: 0.6054522165292937}",0.6054522165292937,"[[120  14]
 [ 99  35]]","[0. 0. 0. 0. 0. 1. 1. 0. 0. 0. 0. 0. 0. 0. 0. 0. 0. 0. 0. 0. 1. 0. 0. 0.
 0. 0. 0. 0. 0. 0. 0. 0. 0. 0. 1. 0. 1. 0. 1. 0. 1. 0. 0. 0. 0. 1. 1. 0.
 1. 0. 1. 0. 0. 0. 0. 1. 0. 0. 0. 0. 1. 0. 0. 1. 0. 0. 0. 0. 0. 0. 0. 0.
 0. 0. 1. 0. 0. 0. 0. 1. 0. 0. 0. 0. 0. 1. 0. 0. 0. 0. 0. 0. 1. 0. 0. 1.
 0. 0. 0. 1. 1. 0. 0. 1. 1. 0. 0. 0. 0. 0. 0. 0. 0. 0. 0. 1. 1. 0. 1. 0.
 0. 1. 0. 0. 0. 0. 0. 0. 0. 0. 0. 0. 0. 0. 0. 0. 0. 1. 0. 1. 1. 0. 1. 0.
 1. 0. 0. 0. 0. 0. 1. 0. 0. 0. 0. 0. 0. 0. 0. 0. 1. 0. 0. 0. 0. 1. 1. 1.
 0. 0. 1. 0. 1. 1. 0. 0. 0. 0. 0. 0. 0. 0. 0. 0. 0. 0. 0. 0. 0. 0. 0. 0.
 0. 0. 0. 0. 1. 0. 0. 0. 0. 0. 0. 0. 0. 0. 0. 0. 0. 0. 0. 0. 0. 0. 1. 0.
 0. 1. 0. 1. 0. 0. 0. 0. 0. 0. 0. 0. 0. 0. 0. 0. 0. 0. 0. 0. 0. 0. 0. 0.
 0. 0. 0. 0. 1. 0. 0. 1. 0. 0. 0. 0. 1. 0. 1. 0. 0. 0. 0. 0. 0. 0. 0. 0.
 0. 1. 0. 0.]","[0. 1. 0. 0. 0. 1. 1. 1. 0. 0. 0. 0. 0. 1. 0. 0. 1. 1. 0. 0. 0. 0. 0. 1.
 0. 0. 1. 0. 1. 0. 0. 1. 0. 1. 1. 0. 0. 0. 1. 0. 0. 0. 1. 1. 1. 0. 1. 0.
 1. 0. 1. 1. 0. 1. 1. 1. 1. 0. 1. 0. 0. 1. 1. 1. 0. 0. 0. 1. 1. 0. 1. 1.
 0. 0. 1. 0. 0. 1. 0. 1. 0. 1. 1. 1. 0. 1. 0. 1. 1. 1. 1. 1. 1. 1. 1. 0.
 0. 0. 1. 1. 1. 0. 0. 1. 1. 1. 0. 0. 0. 1. 1. 1. 0. 0. 0. 0. 1. 1. 1. 0.
 1. 0. 0. 1. 1. 0. 0. 0. 0. 1. 0. 0. 1. 1. 0. 1. 1. 1. 0. 1. 1. 0. 1. 0.
 1. 1. 0. 0. 0. 1. 1. 0. 1. 1. 0. 1. 0. 0. 0. 1. 1. 1. 0. 1. 0. 1. 1. 0.
 1. 0. 0. 1. 1. 0. 0. 1. 0. 1. 1. 0. 0. 1. 0. 0. 1. 1. 0. 1. 1. 0. 0. 0.
 0. 1. 1. 0. 0. 1. 0. 0. 1. 0. 1. 1. 1. 0. 0. 0. 1. 1. 0. 0. 0. 0. 1. 0.
 0. 1. 0. 1. 1. 1. 1. 0. 0. 0. 0. 1. 1. 1. 1. 0. 1. 1. 1. 1. 0. 1. 0. 0.
 1. 0. 0. 1. 1. 1. 1. 1. 0. 0. 1. 1. 1. 0. 0. 1. 0. 1. 0. 0. 1. 0. 1. 0.
 1. 0. 0. 0.]"
446,SVC,"{'C': 0.1, 'gamma': 0.01, 'kernel': 'rbf'}",0.4398848732974013,0.18930113939397197,,,0.5690635510695995,0.16775358739574,0.5008381449059416,0.10447761194029848,0.5522388059701493,0.5522388059701493,"{0: 0.5966250835375362, 1: 0.5966250835375362}","{0: 0.5966250835375362, 1: 0.5966250835375362}",0.5966250835375362,"[[117  17]
 [103  31]]","[0. 0. 0. 0. 0. 1. 1. 0. 0. 0. 0. 0. 0. 0. 0. 0. 0. 0. 0. 0. 1. 1. 1. 0.
 0. 0. 1. 0. 0. 0. 0. 0. 0. 0. 0. 0. 1. 0. 0. 1. 1. 0. 0. 0. 0. 1. 1. 0.
 1. 0. 0. 0. 0. 0. 0. 1. 0. 0. 0. 0. 0. 0. 0. 1. 0. 0. 0. 0. 0. 0. 0. 0.
 0. 0. 1. 0. 0. 0. 0. 1. 0. 0. 0. 0. 0. 0. 0. 1. 0. 0. 0. 0. 1. 0. 0. 1.
 0. 0. 0. 1. 1. 0. 0. 1. 1. 0. 0. 0. 0. 0. 0. 1. 0. 0. 0. 0. 0. 0. 1. 0.
 0. 1. 0. 0. 0. 0. 0. 0. 0. 0. 0. 0. 0. 0. 0. 0. 0. 0. 0. 1. 1. 0. 0. 0.
 1. 0. 0. 0. 0. 0. 0. 1. 0. 0. 0. 0. 0. 0. 0. 0. 1. 0. 0. 0. 0. 1. 1. 1.
 0. 0. 1. 0. 1. 1. 0. 0. 0. 0. 0. 0. 0. 0. 0. 0. 0. 0. 0. 0. 0. 0. 0. 0.
 0. 0. 0. 0. 1. 0. 0. 0. 0. 0. 0. 0. 0. 0. 0. 0. 0. 0. 0. 0. 0. 0. 1. 0.
 0. 0. 0. 1. 0. 0. 0. 0. 0. 0. 0. 1. 0. 0. 0. 0. 0. 0. 0. 0. 0. 1. 0. 0.
 0. 0. 0. 0. 0. 0. 0. 1. 0. 0. 0. 0. 1. 0. 1. 0. 0. 0. 0. 0. 0. 0. 0. 0.
 1. 1. 0. 1.]","[0. 1. 0. 0. 0. 1. 1. 1. 0. 0. 0. 0. 0. 1. 0. 0. 1. 1. 0. 0. 0. 0. 0. 1.
 0. 0. 1. 0. 1. 0. 0. 1. 0. 1. 1. 0. 0. 0. 1. 0. 0. 0. 1. 1. 1. 0. 1. 0.
 1. 0. 1. 1. 0. 1. 1. 1. 1. 0. 1. 0. 0. 1. 1. 1. 0. 0. 0. 1. 1. 0. 1. 1.
 0. 0. 1. 0. 0. 1. 0. 1. 0. 1. 1. 1. 0. 1. 0. 1. 1. 1. 1. 1. 1. 1. 1. 0.
 0. 0. 1. 1. 1. 0. 0. 1. 1. 1. 0. 0. 0. 1. 1. 1. 0. 0. 0. 0. 1. 1. 1. 0.
 1. 0. 0. 1. 1. 0. 0. 0. 0. 1. 0. 0. 1. 1. 0. 1. 1. 1. 0. 1. 1. 0. 1. 0.
 1. 1. 0. 0. 0. 1. 1. 0. 1. 1. 0. 1. 0. 0. 0. 1. 1. 1. 0. 1. 0. 1. 1. 0.
 1. 0. 0. 1. 1. 0. 0. 1. 0. 1. 1. 0. 0. 1. 0. 0. 1. 1. 0. 1. 1. 0. 0. 0.
 0. 1. 1. 0. 0. 1. 0. 0. 1. 0. 1. 1. 1. 0. 0. 0. 1. 1. 0. 0. 0. 0. 1. 0.
 0. 1. 0. 1. 1. 1. 1. 0. 0. 0. 0. 1. 1. 1. 1. 0. 1. 1. 1. 1. 0. 1. 0. 0.
 1. 0. 0. 1. 1. 1. 1. 1. 0. 0. 1. 1. 1. 0. 0. 1. 0. 1. 0. 0. 1. 0. 1. 0.
 1. 0. 0. 0.]"
489,AdaBoost,"{'algorithm': 'SAMME', 'learning_rate': 0.1816326530612245, 'n_estimators': 52}",0.4648829446217671,0.2432151902471394,,,0.5734229013966917,0.20222862359317756,0.41416155151006423,0.06716417910447758,0.5335820895522388,0.5335820895522387,"{0: 0.45115838716863443, 1: 0.45113054132323455}","{0: 0.45115838716863443, 1: 0.45113054132323455}",0.45113054132323455,"[[ 11 123]
 [  2 132]]","[1. 1. 1. 1. 1. 1. 1. 1. 1. 1. 1. 1. 1. 1. 1. 1. 1. 1. 1. 1. 1. 1. 1. 1.
 1. 1. 1. 1. 1. 1. 1. 1. 1. 1. 1. 1. 1. 1. 1. 1. 1. 1. 1. 1. 0. 1. 1. 1.
 1. 0. 1. 1. 1. 1. 1. 1. 1. 1. 1. 1. 1. 1. 1. 1. 1. 0. 1. 1. 1. 1. 1. 1.
 1. 1. 1. 1. 1. 1. 1. 1. 1. 1. 1. 1. 1. 1. 1. 1. 1. 1. 1. 1. 1. 1. 1. 1.
 1. 1. 1. 1. 1. 1. 1. 1. 1. 1. 0. 1. 1. 1. 1. 1. 1. 1. 1. 1. 1. 1. 1. 1.
 1. 1. 1. 1. 1. 1. 1. 1. 1. 1. 0. 1. 1. 1. 1. 1. 1. 1. 1. 1. 1. 1. 1. 1.
 1. 1. 1. 1. 1. 1. 1. 0. 1. 1. 0. 1. 1. 1. 1. 1. 1. 1. 1. 1. 1. 1. 1. 1.
 1. 1. 1. 1. 1. 1. 1. 1. 1. 1. 1. 1. 1. 1. 1. 1. 1. 1. 1. 1. 1. 1. 1. 1.
 1. 1. 1. 1. 1. 1. 0. 1. 1. 1. 1. 1. 1. 1. 1. 1. 1. 1. 0. 1. 1. 1. 1. 1.
 1. 1. 1. 1. 0. 1. 1. 1. 1. 1. 1. 1. 1. 1. 1. 1. 1. 1. 1. 1. 1. 1. 0. 1.
 1. 1. 1. 1. 1. 1. 1. 1. 1. 1. 1. 1. 1. 1. 1. 1. 1. 1. 0. 1. 1. 1. 1. 1.
 1. 1. 1. 0.]","[0. 1. 0. 0. 0. 1. 1. 1. 0. 0. 0. 0. 0. 1. 0. 0. 1. 1. 0. 0. 0. 0. 0. 1.
 0. 0. 1. 0. 1. 0. 0. 1. 0. 1. 1. 0. 0. 0. 1. 0. 0. 0. 1. 1. 1. 0. 1. 0.
 1. 0. 1. 1. 0. 1. 1. 1. 1. 0. 1. 0. 0. 1. 1. 1. 0. 0. 0. 1. 1. 0. 1. 1.
 0. 0. 1. 0. 0. 1. 0. 1. 0. 1. 1. 1. 0. 1. 0. 1. 1. 1. 1. 1. 1. 1. 1. 0.
 0. 0. 1. 1. 1. 0. 0. 1. 1. 1. 0. 0. 0. 1. 1. 1. 0. 0. 0. 0. 1. 1. 1. 0.
 1. 0. 0. 1. 1. 0. 0. 0. 0. 1. 0. 0. 1. 1. 0. 1. 1. 1. 0. 1. 1. 0. 1. 0.
 1. 1. 0. 0. 0. 1. 1. 0. 1. 1. 0. 1. 0. 0. 0. 1. 1. 1. 0. 1. 0. 1. 1. 0.
 1. 0. 0. 1. 1. 0. 0. 1. 0. 1. 1. 0. 0. 1. 0. 0. 1. 1. 0. 1. 1. 0. 0. 0.
 0. 1. 1. 0. 0. 1. 0. 0. 1. 0. 1. 1. 1. 0. 0. 0. 1. 1. 0. 0. 0. 0. 1. 0.
 0. 1. 0. 1. 1. 1. 1. 0. 0. 0. 0. 1. 1. 1. 1. 0. 1. 1. 1. 1. 0. 1. 0. 0.
 1. 0. 0. 1. 1. 1. 1. 1. 0. 0. 1. 1. 1. 0. 0. 1. 0. 1. 0. 0. 1. 0. 1. 0.
 1. 0. 0. 0.]"
492,SVC,"{'C': 0.1, 'gamma': 1, 'kernel': 'rbf'}",0.45949489899295326,0.1809767421498096,,,0.5965437097997582,0.1581191977238704,0.5649788120376357,0.15671641791044777,0.5783582089552238,0.5783582089552238,"{0: 0.5944531075963466, 1: 0.5946201826687458}","{0: 0.5944531075963466, 1: 0.5946201826687458}",0.5946201826687458,"[[101  33]
 [ 80  54]]","[0. 0. 0. 0. 0. 1. 1. 0. 0. 0. 0. 0. 0. 0. 0. 0. 0. 0. 1. 1. 1. 1. 1. 0.
 1. 0. 1. 0. 0. 0. 0. 0. 0. 0. 1. 0. 1. 1. 1. 1. 1. 1. 0. 0. 0. 1. 1. 0.
 1. 1. 1. 0. 0. 1. 0. 1. 0. 0. 0. 1. 1. 0. 0. 1. 0. 0. 0. 0. 0. 0. 0. 1.
 0. 0. 1. 0. 0. 0. 0. 1. 0. 0. 1. 0. 0. 1. 1. 1. 0. 0. 0. 0. 1. 0. 1. 1.
 0. 0. 1. 1. 1. 0. 0. 1. 1. 0. 0. 0. 0. 0. 1. 1. 0. 0. 0. 1. 1. 0. 1. 0.
 1. 1. 0. 0. 0. 0. 1. 0. 1. 0. 0. 0. 1. 0. 0. 0. 0. 1. 1. 1. 1. 0. 1. 0.
 1. 0. 0. 0. 0. 0. 1. 0. 0. 0. 0. 0. 0. 0. 0. 0. 1. 0. 0. 0. 0. 1. 1. 1.
 1. 0. 1. 0. 1. 1. 0. 0. 1. 0. 1. 0. 1. 0. 0. 0. 0. 0. 0. 0. 0. 0. 0. 0.
 0. 0. 0. 0. 1. 0. 0. 0. 0. 0. 0. 0. 0. 0. 0. 0. 0. 0. 0. 0. 0. 0. 1. 0.
 0. 1. 0. 1. 0. 0. 0. 0. 0. 0. 0. 1. 1. 0. 0. 0. 0. 0. 0. 1. 0. 1. 0. 1.
 1. 0. 0. 0. 1. 0. 1. 1. 0. 0. 0. 0. 1. 0. 1. 0. 0. 0. 1. 0. 0. 0. 0. 0.
 0. 1. 0. 1.]","[0. 1. 0. 0. 0. 1. 1. 1. 0. 0. 0. 0. 0. 1. 0. 0. 1. 1. 0. 0. 0. 0. 0. 1.
 0. 0. 1. 0. 1. 0. 0. 1. 0. 1. 1. 0. 0. 0. 1. 0. 0. 0. 1. 1. 1. 0. 1. 0.
 1. 0. 1. 1. 0. 1. 1. 1. 1. 0. 1. 0. 0. 1. 1. 1. 0. 0. 0. 1. 1. 0. 1. 1.
 0. 0. 1. 0. 0. 1. 0. 1. 0. 1. 1. 1. 0. 1. 0. 1. 1. 1. 1. 1. 1. 1. 1. 0.
 0. 0. 1. 1. 1. 0. 0. 1. 1. 1. 0. 0. 0. 1. 1. 1. 0. 0. 0. 0. 1. 1. 1. 0.
 1. 0. 0. 1. 1. 0. 0. 0. 0. 1. 0. 0. 1. 1. 0. 1. 1. 1. 0. 1. 1. 0. 1. 0.
 1. 1. 0. 0. 0. 1. 1. 0. 1. 1. 0. 1. 0. 0. 0. 1. 1. 1. 0. 1. 0. 1. 1. 0.
 1. 0. 0. 1. 1. 0. 0. 1. 0. 1. 1. 0. 0. 1. 0. 0. 1. 1. 0. 1. 1. 0. 0. 0.
 0. 1. 1. 0. 0. 1. 0. 0. 1. 0. 1. 1. 1. 0. 0. 0. 1. 1. 0. 0. 0. 0. 1. 0.
 0. 1. 0. 1. 1. 1. 1. 0. 0. 0. 0. 1. 1. 1. 1. 0. 1. 1. 1. 1. 0. 1. 0. 0.
 1. 0. 0. 1. 1. 1. 1. 1. 0. 0. 1. 1. 1. 0. 0. 1. 0. 1. 0. 0. 1. 0. 1. 0.
 1. 0. 0. 0.]"
501,AdaBoost,"{'algorithm': 'SAMME.R', 'learning_rate': 3.0387755102040814, 'n_estimators': 85}",0.4163843547730471,0.23892499925984373,,,0.5022175442538347,0.20235597165478142,0.45550589191385615,-0.04477611940298498,0.47761194029850745,0.47761194029850745,"{0: 0.4825128090888839, 1: 0.482512809088884}","{0: 0.4825128090888839, 1: 0.482512809088884}",0.482512809088884,"[[37 97]
 [43 91]]","[1. 1. 1. 1. 1. 1. 0. 1. 1. 1. 1. 1. 1. 0. 0. 1. 0. 0. 1. 1. 1. 1. 1. 1.
 0. 0. 1. 1. 1. 1. 0. 1. 1. 1. 1. 1. 0. 1. 1. 0. 0. 1. 1. 0. 0. 0. 1. 1.
 0. 0. 1. 1. 1. 1. 0. 0. 1. 1. 1. 1. 1. 1. 1. 0. 1. 0. 1. 0. 1. 1. 1. 0.
 1. 1. 0. 1. 1. 1. 1. 1. 0. 1. 1. 1. 0. 0. 0. 0. 1. 1. 1. 1. 0. 0. 0. 1.
 1. 1. 1. 0. 1. 1. 1. 0. 1. 1. 0. 1. 1. 1. 0. 0. 1. 0. 0. 0. 1. 1. 0. 1.
 1. 0. 1. 1. 1. 1. 1. 1. 1. 0. 0. 0. 1. 1. 1. 1. 1. 0. 1. 1. 0. 1. 0. 1.
 0. 1. 1. 1. 1. 1. 1. 0. 1. 1. 0. 0. 1. 1. 1. 1. 0. 0. 1. 0. 1. 0. 0. 1.
 1. 1. 1. 0. 1. 0. 1. 1. 0. 1. 1. 1. 1. 1. 1. 1. 1. 1. 1. 1. 1. 1. 1. 1.
 1. 1. 1. 1. 0. 1. 0. 1. 0. 1. 1. 0. 1. 1. 1. 1. 1. 1. 0. 1. 1. 0. 1. 0.
 0. 0. 1. 1. 0. 1. 1. 1. 1. 1. 1. 1. 0. 1. 0. 1. 1. 1. 1. 1. 1. 0. 0. 1.
 1. 1. 1. 1. 1. 1. 1. 0. 1. 0. 1. 1. 1. 1. 0. 1. 0. 1. 0. 1. 1. 1. 1. 1.
 1. 0. 1. 0.]","[0. 1. 0. 0. 0. 1. 1. 1. 0. 0. 0. 0. 0. 1. 0. 0. 1. 1. 0. 0. 0. 0. 0. 1.
 0. 0. 1. 0. 1. 0. 0. 1. 0. 1. 1. 0. 0. 0. 1. 0. 0. 0. 1. 1. 1. 0. 1. 0.
 1. 0. 1. 1. 0. 1. 1. 1. 1. 0. 1. 0. 0. 1. 1. 1. 0. 0. 0. 1. 1. 0. 1. 1.
 0. 0. 1. 0. 0. 1. 0. 1. 0. 1. 1. 1. 0. 1. 0. 1. 1. 1. 1. 1. 1. 1. 1. 0.
 0. 0. 1. 1. 1. 0. 0. 1. 1. 1. 0. 0. 0. 1. 1. 1. 0. 0. 0. 0. 1. 1. 1. 0.
 1. 0. 0. 1. 1. 0. 0. 0. 0. 1. 0. 0. 1. 1. 0. 1. 1. 1. 0. 1. 1. 0. 1. 0.
 1. 1. 0. 0. 0. 1. 1. 0. 1. 1. 0. 1. 0. 0. 0. 1. 1. 1. 0. 1. 0. 1. 1. 0.
 1. 0. 0. 1. 1. 0. 0. 1. 0. 1. 1. 0. 0. 1. 0. 0. 1. 1. 0. 1. 1. 0. 0. 0.
 0. 1. 1. 0. 0. 1. 0. 0. 1. 0. 1. 1. 1. 0. 0. 0. 1. 1. 0. 0. 0. 0. 1. 0.
 0. 1. 0. 1. 1. 1. 1. 0. 0. 0. 0. 1. 1. 1. 1. 0. 1. 1. 1. 1. 0. 1. 0. 0.
 1. 0. 0. 1. 1. 1. 1. 1. 0. 0. 1. 1. 1. 0. 0. 1. 0. 1. 0. 0. 1. 0. 1. 0.
 1. 0. 0. 0.]"
517,SVC,"{'C': 100, 'gamma': 0.1, 'kernel': 'sigmoid'}",0.4942636390248512,0.1728255859492256,,,0.6298770431330915,0.1321148071101246,0.5803945543742451,0.21641791044776115,0.6082089552238806,0.6082089552238805,"{0: 0.6289262642013811, 1: 0.6289262642013811}","{0: 0.6289262642013811, 1: 0.6289262642013811}",0.6289262642013811,"[[116  18]
 [ 87  47]]","[0. 0. 0. 0. 0. 1. 1. 0. 0. 0. 0. 0. 0. 1. 0. 0. 1. 0. 1. 0. 1. 0. 0. 0.
 0. 0. 0. 0. 0. 0. 0. 0. 0. 0. 1. 0. 1. 0. 1. 0. 1. 0. 0. 1. 0. 1. 1. 0.
 1. 1. 1. 0. 0. 0. 0. 1. 0. 0. 0. 0. 1. 0. 0. 1. 0. 0. 0. 0. 0. 0. 0. 0.
 0. 0. 1. 0. 0. 0. 0. 1. 0. 0. 0. 0. 0. 1. 0. 0. 0. 0. 0. 0. 1. 0. 0. 1.
 0. 0. 0. 1. 1. 0. 0. 1. 1. 0. 0. 0. 0. 0. 0. 0. 0. 0. 0. 1. 1. 0. 1. 0.
 1. 1. 0. 0. 0. 0. 0. 0. 0. 1. 0. 0. 0. 0. 0. 0. 0. 1. 0. 1. 1. 0. 1. 0.
 1. 0. 0. 0. 0. 0. 1. 0. 0. 0. 0. 0. 0. 0. 0. 0. 1. 1. 0. 0. 0. 1. 1. 1.
 1. 0. 1. 1. 1. 1. 0. 0. 0. 0. 0. 0. 1. 0. 0. 0. 0. 0. 0. 0. 0. 0. 0. 0.
 0. 0. 0. 0. 1. 0. 0. 0. 1. 0. 0. 1. 0. 0. 0. 0. 0. 0. 0. 0. 0. 1. 1. 0.
 0. 1. 0. 1. 0. 0. 0. 0. 0. 0. 0. 1. 0. 0. 1. 0. 0. 0. 0. 0. 0. 0. 0. 0.
 0. 0. 0. 0. 1. 0. 0. 1. 0. 0. 0. 0. 1. 0. 1. 0. 0. 0. 0. 0. 0. 0. 0. 0.
 0. 1. 0. 0.]","[0. 1. 0. 0. 0. 1. 1. 1. 0. 0. 0. 0. 0. 1. 0. 0. 1. 1. 0. 0. 0. 0. 0. 1.
 0. 0. 1. 0. 1. 0. 0. 1. 0. 1. 1. 0. 0. 0. 1. 0. 0. 0. 1. 1. 1. 0. 1. 0.
 1. 0. 1. 1. 0. 1. 1. 1. 1. 0. 1. 0. 0. 1. 1. 1. 0. 0. 0. 1. 1. 0. 1. 1.
 0. 0. 1. 0. 0. 1. 0. 1. 0. 1. 1. 1. 0. 1. 0. 1. 1. 1. 1. 1. 1. 1. 1. 0.
 0. 0. 1. 1. 1. 0. 0. 1. 1. 1. 0. 0. 0. 1. 1. 1. 0. 0. 0. 0. 1. 1. 1. 0.
 1. 0. 0. 1. 1. 0. 0. 0. 0. 1. 0. 0. 1. 1. 0. 1. 1. 1. 0. 1. 1. 0. 1. 0.
 1. 1. 0. 0. 0. 1. 1. 0. 1. 1. 0. 1. 0. 0. 0. 1. 1. 1. 0. 1. 0. 1. 1. 0.
 1. 0. 0. 1. 1. 0. 0. 1. 0. 1. 1. 0. 0. 1. 0. 0. 1. 1. 0. 1. 1. 0. 0. 0.
 0. 1. 1. 0. 0. 1. 0. 0. 1. 0. 1. 1. 1. 0. 0. 0. 1. 1. 0. 0. 0. 0. 1. 0.
 0. 1. 0. 1. 1. 1. 1. 0. 0. 0. 0. 1. 1. 1. 1. 0. 1. 1. 1. 1. 0. 1. 0. 0.
 1. 0. 0. 1. 1. 1. 1. 1. 0. 0. 1. 1. 1. 0. 0. 1. 0. 1. 0. 0. 1. 0. 1. 0.
 1. 0. 0. 0.]"
526,AdaBoost,"{'algorithm': 'SAMME.R', 'learning_rate': 3.2020408163265306, 'n_estimators': 63}",0.38786304063701255,0.2387846281522048,,,0.4844100045712949,0.20633983680774254,0.41559515753064147,-0.08208955223880587,0.458955223880597,0.458955223880597,"{0: 0.455613722432613, 1: 0.4556137224326131}","{0: 0.455613722432613, 1: 0.4556137224326131}",0.4556137224326131,"[[ 25 109]
 [ 36  98]]","[1. 1. 1. 1. 1. 1. 0. 1. 1. 1. 1. 1. 1. 0. 1. 1. 0. 1. 1. 1. 1. 1. 1. 1.
 0. 1. 1. 1. 1. 1. 1. 1. 1. 1. 1. 1. 0. 1. 1. 0. 0. 1. 1. 0. 0. 0. 1. 1.
 0. 0. 1. 1. 1. 1. 1. 0. 1. 1. 1. 1. 1. 1. 1. 0. 1. 0. 1. 0. 1. 1. 1. 0.
 1. 1. 0. 1. 1. 1. 1. 1. 1. 1. 1. 1. 1. 0. 0. 0. 1. 1. 1. 1. 0. 1. 0. 1.
 1. 1. 1. 0. 1. 1. 1. 0. 1. 1. 0. 1. 1. 1. 0. 0. 1. 1. 1. 1. 1. 1. 0. 1.
 1. 0. 1. 1. 1. 1. 1. 1. 1. 0. 0. 1. 1. 1. 1. 1. 1. 0. 1. 1. 0. 1. 1. 1.
 0. 1. 1. 1. 1. 1. 1. 0. 1. 1. 0. 1. 1. 1. 1. 1. 0. 0. 1. 1. 1. 0. 0. 1.
 1. 1. 1. 0. 1. 0. 1. 1. 0. 1. 1. 1. 1. 1. 1. 1. 1. 1. 1. 1. 1. 1. 1. 1.
 1. 1. 1. 1. 0. 1. 0. 1. 0. 1. 1. 0. 1. 1. 1. 1. 1. 1. 0. 1. 1. 0. 1. 1.
 1. 1. 1. 1. 0. 1. 1. 1. 1. 1. 1. 1. 0. 1. 0. 1. 1. 1. 1. 1. 1. 0. 0. 1.
 1. 1. 1. 1. 1. 1. 1. 0. 1. 0. 1. 1. 1. 1. 0. 1. 1. 1. 0. 1. 1. 1. 1. 1.
 1. 0. 1. 0.]","[0. 1. 0. 0. 0. 1. 1. 1. 0. 0. 0. 0. 0. 1. 0. 0. 1. 1. 0. 0. 0. 0. 0. 1.
 0. 0. 1. 0. 1. 0. 0. 1. 0. 1. 1. 0. 0. 0. 1. 0. 0. 0. 1. 1. 1. 0. 1. 0.
 1. 0. 1. 1. 0. 1. 1. 1. 1. 0. 1. 0. 0. 1. 1. 1. 0. 0. 0. 1. 1. 0. 1. 1.
 0. 0. 1. 0. 0. 1. 0. 1. 0. 1. 1. 1. 0. 1. 0. 1. 1. 1. 1. 1. 1. 1. 1. 0.
 0. 0. 1. 1. 1. 0. 0. 1. 1. 1. 0. 0. 0. 1. 1. 1. 0. 0. 0. 0. 1. 1. 1. 0.
 1. 0. 0. 1. 1. 0. 0. 0. 0. 1. 0. 0. 1. 1. 0. 1. 1. 1. 0. 1. 1. 0. 1. 0.
 1. 1. 0. 0. 0. 1. 1. 0. 1. 1. 0. 1. 0. 0. 0. 1. 1. 1. 0. 1. 0. 1. 1. 0.
 1. 0. 0. 1. 1. 0. 0. 1. 0. 1. 1. 0. 0. 1. 0. 0. 1. 1. 0. 1. 1. 0. 0. 0.
 0. 1. 1. 0. 0. 1. 0. 0. 1. 0. 1. 1. 1. 0. 0. 0. 1. 1. 0. 0. 0. 0. 1. 0.
 0. 1. 0. 1. 1. 1. 1. 0. 0. 0. 0. 1. 1. 1. 1. 0. 1. 1. 1. 1. 0. 1. 0. 0.
 1. 0. 0. 1. 1. 1. 1. 1. 0. 0. 1. 1. 1. 0. 0. 1. 0. 1. 0. 0. 1. 0. 1. 0.
 1. 0. 0. 0.]"
541,SVC,"{'C': 1, 'gamma': 1, 'kernel': 'sigmoid'}",0.4942636390248512,0.1728255859492256,,,0.6298770431330915,0.1321148071101246,0.5934877136211951,0.21641791044776115,0.6082089552238806,0.6082089552238805,"{0: 0.606872354644687, 1: 0.606872354644687}","{0: 0.606872354644687, 1: 0.606872354644687}",0.606872354644687,"[[107  27]
 [ 78  56]]","[0. 0. 0. 0. 0. 1. 1. 0. 0. 0. 0. 0. 0. 1. 0. 0. 1. 0. 0. 1. 1. 0. 0. 0.
 1. 0. 0. 0. 0. 0. 0. 0. 0. 0. 1. 0. 1. 1. 1. 0. 1. 1. 0. 1. 0. 1. 1. 0.
 1. 0. 1. 0. 0. 1. 0. 1. 0. 0. 0. 1. 1. 0. 0. 1. 0. 0. 0. 0. 0. 0. 0. 1.
 0. 0. 1. 0. 0. 0. 0. 1. 0. 0. 1. 0. 0. 1. 1. 0. 0. 0. 0. 0. 1. 0. 1. 1.
 0. 0. 1. 1. 1. 0. 0. 1. 1. 0. 0. 0. 0. 0. 1. 0. 0. 0. 0. 1. 1. 0. 1. 0.
 0. 1. 0. 0. 0. 0. 1. 0. 1. 1. 0. 0. 1. 0. 0. 0. 0. 1. 1. 1. 1. 0. 1. 0.
 1. 0. 0. 0. 0. 0. 1. 0. 0. 0. 0. 0. 0. 0. 0. 0. 1. 1. 0. 0. 0. 1. 1. 1.
 0. 0. 1. 1. 1. 1. 0. 0. 1. 0. 1. 0. 0. 0. 0. 0. 0. 0. 0. 0. 0. 0. 0. 0.
 0. 0. 0. 0. 1. 0. 0. 0. 1. 0. 0. 1. 0. 0. 0. 0. 0. 0. 0. 0. 0. 1. 1. 0.
 0. 1. 0. 1. 0. 0. 0. 0. 0. 0. 0. 0. 1. 0. 1. 0. 0. 0. 0. 1. 0. 0. 0. 1.
 1. 0. 0. 0. 1. 0. 1. 1. 0. 0. 0. 0. 1. 0. 1. 0. 0. 0. 1. 0. 0. 0. 0. 0.
 0. 1. 0. 0.]","[0. 1. 0. 0. 0. 1. 1. 1. 0. 0. 0. 0. 0. 1. 0. 0. 1. 1. 0. 0. 0. 0. 0. 1.
 0. 0. 1. 0. 1. 0. 0. 1. 0. 1. 1. 0. 0. 0. 1. 0. 0. 0. 1. 1. 1. 0. 1. 0.
 1. 0. 1. 1. 0. 1. 1. 1. 1. 0. 1. 0. 0. 1. 1. 1. 0. 0. 0. 1. 1. 0. 1. 1.
 0. 0. 1. 0. 0. 1. 0. 1. 0. 1. 1. 1. 0. 1. 0. 1. 1. 1. 1. 1. 1. 1. 1. 0.
 0. 0. 1. 1. 1. 0. 0. 1. 1. 1. 0. 0. 0. 1. 1. 1. 0. 0. 0. 0. 1. 1. 1. 0.
 1. 0. 0. 1. 1. 0. 0. 0. 0. 1. 0. 0. 1. 1. 0. 1. 1. 1. 0. 1. 1. 0. 1. 0.
 1. 1. 0. 0. 0. 1. 1. 0. 1. 1. 0. 1. 0. 0. 0. 1. 1. 1. 0. 1. 0. 1. 1. 0.
 1. 0. 0. 1. 1. 0. 0. 1. 0. 1. 1. 0. 0. 1. 0. 0. 1. 1. 0. 1. 1. 0. 0. 0.
 0. 1. 1. 0. 0. 1. 0. 0. 1. 0. 1. 1. 1. 0. 0. 0. 1. 1. 0. 0. 0. 0. 1. 0.
 0. 1. 0. 1. 1. 1. 1. 0. 0. 0. 0. 1. 1. 1. 1. 0. 1. 1. 1. 1. 0. 1. 0. 0.
 1. 0. 0. 1. 1. 1. 1. 1. 0. 0. 1. 1. 1. 0. 0. 1. 0. 1. 0. 0. 1. 0. 1. 0.
 1. 0. 0. 0.]"
615,SVC,"{'C': 1000, 'gamma': 1, 'kernel': 'sigmoid'}",0.4211337231317774,0.19432510958876206,,,0.5611270431330916,0.17488811620160336,0.5251717730435158,0.08208955223880599,0.5410447761194029,0.5410447761194029,"{0: 0.5644909779460904, 1: 0.5644909779460905}","{0: 0.5644909779460904, 1: 0.5644909779460905}",0.5644909779460905,"[[97 37]
 [86 48]]","[0. 0. 0. 0. 0. 1. 1. 0. 0. 0. 0. 0. 0. 0. 0. 0. 0. 0. 1. 1. 1. 0. 0. 0.
 1. 0. 0. 1. 1. 0. 0. 0. 0. 0. 0. 0. 1. 1. 0. 0. 1. 1. 0. 0. 0. 1. 1. 0.
 1. 1. 0. 0. 0. 1. 0. 1. 0. 0. 0. 1. 0. 0. 0. 1. 0. 0. 1. 0. 0. 0. 0. 1.
 0. 0. 1. 0. 0. 0. 0. 1. 0. 0. 1. 0. 0. 1. 1. 0. 0. 0. 0. 0. 1. 0. 1. 1.
 0. 0. 1. 1. 1. 0. 0. 1. 1. 0. 0. 1. 0. 0. 1. 0. 0. 0. 0. 0. 0. 0. 1. 0.
 1. 1. 0. 0. 0. 1. 1. 0. 1. 0. 0. 0. 1. 0. 1. 0. 0. 1. 1. 1. 1. 0. 0. 0.
 1. 0. 0. 0. 1. 0. 0. 0. 0. 1. 0. 0. 0. 0. 0. 0. 1. 0. 0. 0. 1. 1. 1. 1.
 1. 1. 1. 0. 1. 1. 0. 0. 1. 1. 1. 0. 1. 0. 0. 0. 1. 1. 0. 0. 1. 0. 0. 0.
 0. 0. 0. 0. 1. 0. 0. 0. 0. 0. 0. 0. 0. 0. 0. 0. 0. 0. 0. 0. 0. 0. 1. 0.
 0. 0. 0. 1. 0. 0. 0. 0. 0. 1. 0. 1. 1. 0. 0. 0. 0. 0. 0. 1. 0. 0. 0. 1.
 1. 0. 0. 0. 0. 0. 1. 1. 0. 0. 0. 0. 1. 0. 1. 0. 0. 0. 1. 0. 0. 0. 0. 1.
 0. 1. 0. 0.]","[0. 1. 0. 0. 0. 1. 1. 1. 0. 0. 0. 0. 0. 1. 0. 0. 1. 1. 0. 0. 0. 0. 0. 1.
 0. 0. 1. 0. 1. 0. 0. 1. 0. 1. 1. 0. 0. 0. 1. 0. 0. 0. 1. 1. 1. 0. 1. 0.
 1. 0. 1. 1. 0. 1. 1. 1. 1. 0. 1. 0. 0. 1. 1. 1. 0. 0. 0. 1. 1. 0. 1. 1.
 0. 0. 1. 0. 0. 1. 0. 1. 0. 1. 1. 1. 0. 1. 0. 1. 1. 1. 1. 1. 1. 1. 1. 0.
 0. 0. 1. 1. 1. 0. 0. 1. 1. 1. 0. 0. 0. 1. 1. 1. 0. 0. 0. 0. 1. 1. 1. 0.
 1. 0. 0. 1. 1. 0. 0. 0. 0. 1. 0. 0. 1. 1. 0. 1. 1. 1. 0. 1. 1. 0. 1. 0.
 1. 1. 0. 0. 0. 1. 1. 0. 1. 1. 0. 1. 0. 0. 0. 1. 1. 1. 0. 1. 0. 1. 1. 0.
 1. 0. 0. 1. 1. 0. 0. 1. 0. 1. 1. 0. 0. 1. 0. 0. 1. 1. 0. 1. 1. 0. 0. 0.
 0. 1. 1. 0. 0. 1. 0. 0. 1. 0. 1. 1. 1. 0. 0. 0. 1. 1. 0. 0. 0. 0. 1. 0.
 0. 1. 0. 1. 1. 1. 1. 0. 0. 0. 0. 1. 1. 1. 1. 0. 1. 1. 1. 1. 0. 1. 0. 0.
 1. 0. 0. 1. 1. 1. 1. 1. 0. 0. 1. 1. 1. 0. 0. 1. 0. 1. 0. 0. 1. 0. 1. 0.
 1. 0. 0. 0.]"
641,SVC,"{'C': 10, 'gamma': 0.0001, 'kernel': 'rbf'}",0.5154955327398557,0.21272442878197542,,,0.5413439308600599,0.18875472887158287,0.517117117117117,0.04477611940298509,0.5223880597014925,0.5223880597014925,"{0: 0.48540877701047, 1: 0.48540877701047}","{0: 0.48540877701047, 1: 0.48540877701047}",0.48540877701047,"[[84 50]
 [78 56]]","[0. 0. 1. 1. 0. 0. 0. 1. 0. 0. 1. 0. 0. 1. 0. 0. 0. 0. 0. 1. 1. 0. 0. 1.
 0. 1. 0. 0. 1. 0. 0. 1. 1. 1. 0. 0. 0. 1. 0. 0. 1. 0. 0. 0. 0. 1. 0. 0.
 0. 1. 0. 1. 1. 0. 1. 1. 1. 0. 1. 0. 0. 1. 0. 0. 1. 1. 1. 1. 0. 1. 0. 1.
 1. 0. 1. 1. 0. 1. 0. 1. 0. 0. 0. 1. 0. 0. 0. 0. 1. 1. 1. 1. 0. 0. 0. 0.
 1. 1. 1. 0. 0. 0. 0. 0. 1. 0. 1. 0. 0. 1. 0. 0. 0. 1. 0. 0. 0. 1. 0. 0.
 0. 0. 0. 0. 1. 0. 0. 1. 0. 1. 1. 0. 1. 1. 0. 0. 0. 0. 0. 1. 1. 0. 0. 1.
 0. 0. 1. 1. 1. 0. 0. 0. 0. 1. 1. 0. 1. 1. 1. 0. 1. 0. 1. 1. 0. 1. 1. 0.
 0. 0. 0. 0. 0. 0. 0. 1. 0. 0. 0. 0. 0. 0. 0. 0. 0. 1. 1. 1. 0. 0. 0. 1.
 0. 0. 0. 0. 0. 0. 1. 1. 0. 1. 0. 0. 1. 0. 0. 0. 1. 0. 0. 0. 1. 1. 0. 0.
 0. 0. 0. 0. 0. 1. 1. 0. 1. 0. 0. 0. 1. 1. 1. 0. 1. 1. 0. 0. 1. 0. 1. 0.
 0. 0. 1. 1. 0. 1. 0. 0. 1. 0. 0. 1. 1. 0. 0. 0. 1. 1. 1. 1. 1. 1. 0. 1.
 1. 0. 0. 0.]","[0. 1. 0. 0. 0. 1. 1. 1. 0. 0. 0. 0. 0. 1. 0. 0. 1. 1. 0. 0. 0. 0. 0. 1.
 0. 0. 1. 0. 1. 0. 0. 1. 0. 1. 1. 0. 0. 0. 1. 0. 0. 0. 1. 1. 1. 0. 1. 0.
 1. 0. 1. 1. 0. 1. 1. 1. 1. 0. 1. 0. 0. 1. 1. 1. 0. 0. 0. 1. 1. 0. 1. 1.
 0. 0. 1. 0. 0. 1. 0. 1. 0. 1. 1. 1. 0. 1. 0. 1. 1. 1. 1. 1. 1. 1. 1. 0.
 0. 0. 1. 1. 1. 0. 0. 1. 1. 1. 0. 0. 0. 1. 1. 1. 0. 0. 0. 0. 1. 1. 1. 0.
 1. 0. 0. 1. 1. 0. 0. 0. 0. 1. 0. 0. 1. 1. 0. 1. 1. 1. 0. 1. 1. 0. 1. 0.
 1. 1. 0. 0. 0. 1. 1. 0. 1. 1. 0. 1. 0. 0. 0. 1. 1. 1. 0. 1. 0. 1. 1. 0.
 1. 0. 0. 1. 1. 0. 0. 1. 0. 1. 1. 0. 0. 1. 0. 0. 1. 1. 0. 1. 1. 0. 0. 0.
 0. 1. 1. 0. 0. 1. 0. 0. 1. 0. 1. 1. 1. 0. 0. 0. 1. 1. 0. 0. 0. 0. 1. 0.
 0. 1. 0. 1. 1. 1. 1. 0. 0. 0. 0. 1. 1. 1. 1. 0. 1. 1. 1. 1. 0. 1. 0. 0.
 1. 0. 0. 1. 1. 1. 1. 1. 0. 0. 1. 1. 1. 0. 0. 1. 0. 1. 0. 0. 1. 0. 1. 0.
 1. 0. 0. 0.]"
652,AdaBoost,"{'algorithm': 'SAMME', 'learning_rate': 0.1, 'n_estimators': 96}",0.4648829446217671,0.2432151902471394,,,0.5734229013966917,0.20222862359317756,0.41416155151006423,0.06716417910447758,0.5335820895522388,0.5335820895522387,"{0: 0.4380429939852974, 1: 0.4379316106036979}","{0: 0.4380429939852974, 1: 0.4379316106036979}",0.4379316106036979,"[[ 11 123]
 [  2 132]]","[1. 1. 1. 1. 1. 1. 1. 1. 1. 1. 1. 1. 1. 1. 1. 1. 1. 1. 1. 1. 1. 1. 1. 1.
 1. 1. 1. 1. 1. 1. 1. 1. 1. 1. 1. 1. 1. 1. 1. 1. 1. 1. 1. 1. 0. 1. 1. 1.
 1. 0. 1. 1. 1. 1. 1. 1. 1. 1. 1. 1. 1. 1. 1. 1. 1. 0. 1. 1. 1. 1. 1. 1.
 1. 1. 1. 1. 1. 1. 1. 1. 1. 1. 1. 1. 1. 1. 1. 1. 1. 1. 1. 1. 1. 1. 1. 1.
 1. 1. 1. 1. 1. 1. 1. 1. 1. 1. 0. 1. 1. 1. 1. 1. 1. 1. 1. 1. 1. 1. 1. 1.
 1. 1. 1. 1. 1. 1. 1. 1. 1. 1. 0. 1. 1. 1. 1. 1. 1. 1. 1. 1. 1. 1. 1. 1.
 1. 1. 1. 1. 1. 1. 1. 0. 1. 1. 0. 1. 1. 1. 1. 1. 1. 1. 1. 1. 1. 1. 1. 1.
 1. 1. 1. 1. 1. 1. 1. 1. 1. 1. 1. 1. 1. 1. 1. 1. 1. 1. 1. 1. 1. 1. 1. 1.
 1. 1. 1. 1. 1. 1. 0. 1. 1. 1. 1. 1. 1. 1. 1. 1. 1. 1. 0. 1. 1. 1. 1. 1.
 1. 1. 1. 1. 0. 1. 1. 1. 1. 1. 1. 1. 1. 1. 1. 1. 1. 1. 1. 1. 1. 1. 0. 1.
 1. 1. 1. 1. 1. 1. 1. 1. 1. 1. 1. 1. 1. 1. 1. 1. 1. 1. 0. 1. 1. 1. 1. 1.
 1. 1. 1. 0.]","[0. 1. 0. 0. 0. 1. 1. 1. 0. 0. 0. 0. 0. 1. 0. 0. 1. 1. 0. 0. 0. 0. 0. 1.
 0. 0. 1. 0. 1. 0. 0. 1. 0. 1. 1. 0. 0. 0. 1. 0. 0. 0. 1. 1. 1. 0. 1. 0.
 1. 0. 1. 1. 0. 1. 1. 1. 1. 0. 1. 0. 0. 1. 1. 1. 0. 0. 0. 1. 1. 0. 1. 1.
 0. 0. 1. 0. 0. 1. 0. 1. 0. 1. 1. 1. 0. 1. 0. 1. 1. 1. 1. 1. 1. 1. 1. 0.
 0. 0. 1. 1. 1. 0. 0. 1. 1. 1. 0. 0. 0. 1. 1. 1. 0. 0. 0. 0. 1. 1. 1. 0.
 1. 0. 0. 1. 1. 0. 0. 0. 0. 1. 0. 0. 1. 1. 0. 1. 1. 1. 0. 1. 1. 0. 1. 0.
 1. 1. 0. 0. 0. 1. 1. 0. 1. 1. 0. 1. 0. 0. 0. 1. 1. 1. 0. 1. 0. 1. 1. 0.
 1. 0. 0. 1. 1. 0. 0. 1. 0. 1. 1. 0. 0. 1. 0. 0. 1. 1. 0. 1. 1. 0. 0. 0.
 0. 1. 1. 0. 0. 1. 0. 0. 1. 0. 1. 1. 1. 0. 0. 0. 1. 1. 0. 0. 0. 0. 1. 0.
 0. 1. 0. 1. 1. 1. 1. 0. 0. 0. 0. 1. 1. 1. 1. 0. 1. 1. 1. 1. 0. 1. 0. 0.
 1. 0. 0. 1. 1. 1. 1. 1. 0. 0. 1. 1. 1. 0. 0. 1. 0. 1. 0. 0. 1. 0. 1. 0.
 1. 0. 0. 0.]"
654,SVC,"{'C': 0.1, 'gamma': 0.01, 'kernel': 'sigmoid'}",0.4942636390248512,0.1728255859492256,,,0.6298770431330915,0.1321148071101246,0.5803945543742451,0.21641791044776115,0.6082089552238806,0.6082089552238805,"{0: 0.6087101804410782, 1: 0.6088494096680774}","{0: 0.6087101804410782, 1: 0.6088494096680774}",0.6088494096680774,"[[116  18]
 [ 87  47]]","[0. 0. 0. 0. 0. 1. 1. 0. 0. 0. 0. 0. 0. 1. 0. 0. 1. 0. 1. 0. 1. 0. 0. 0.
 0. 0. 0. 0. 0. 0. 0. 0. 0. 0. 1. 0. 1. 0. 1. 0. 1. 0. 0. 1. 0. 1. 1. 0.
 1. 1. 1. 0. 0. 0. 0. 1. 0. 0. 0. 0. 1. 0. 0. 1. 0. 0. 0. 0. 0. 0. 0. 0.
 0. 0. 1. 0. 0. 0. 0. 1. 0. 0. 0. 0. 0. 1. 0. 0. 0. 0. 0. 0. 1. 0. 0. 1.
 0. 0. 0. 1. 1. 0. 0. 1. 1. 0. 0. 0. 0. 0. 0. 0. 0. 0. 0. 1. 1. 0. 1. 0.
 1. 1. 0. 0. 0. 0. 0. 0. 0. 1. 0. 0. 0. 0. 0. 0. 0. 1. 0. 1. 1. 0. 1. 0.
 1. 0. 0. 0. 0. 0. 1. 0. 0. 0. 0. 0. 0. 0. 0. 0. 1. 1. 0. 0. 0. 1. 1. 1.
 1. 0. 1. 1. 1. 1. 0. 0. 0. 0. 0. 0. 1. 0. 0. 0. 0. 0. 0. 0. 0. 0. 0. 0.
 0. 0. 0. 0. 1. 0. 0. 0. 1. 0. 0. 1. 0. 0. 0. 0. 0. 0. 0. 0. 0. 1. 1. 0.
 0. 1. 0. 1. 0. 0. 0. 0. 0. 0. 0. 1. 0. 0. 1. 0. 0. 0. 0. 0. 0. 0. 0. 0.
 0. 0. 0. 0. 1. 0. 0. 1. 0. 0. 0. 0. 1. 0. 1. 0. 0. 0. 0. 0. 0. 0. 0. 0.
 0. 1. 0. 0.]","[0. 1. 0. 0. 0. 1. 1. 1. 0. 0. 0. 0. 0. 1. 0. 0. 1. 1. 0. 0. 0. 0. 0. 1.
 0. 0. 1. 0. 1. 0. 0. 1. 0. 1. 1. 0. 0. 0. 1. 0. 0. 0. 1. 1. 1. 0. 1. 0.
 1. 0. 1. 1. 0. 1. 1. 1. 1. 0. 1. 0. 0. 1. 1. 1. 0. 0. 0. 1. 1. 0. 1. 1.
 0. 0. 1. 0. 0. 1. 0. 1. 0. 1. 1. 1. 0. 1. 0. 1. 1. 1. 1. 1. 1. 1. 1. 0.
 0. 0. 1. 1. 1. 0. 0. 1. 1. 1. 0. 0. 0. 1. 1. 1. 0. 0. 0. 0. 1. 1. 1. 0.
 1. 0. 0. 1. 1. 0. 0. 0. 0. 1. 0. 0. 1. 1. 0. 1. 1. 1. 0. 1. 1. 0. 1. 0.
 1. 1. 0. 0. 0. 1. 1. 0. 1. 1. 0. 1. 0. 0. 0. 1. 1. 1. 0. 1. 0. 1. 1. 0.
 1. 0. 0. 1. 1. 0. 0. 1. 0. 1. 1. 0. 0. 1. 0. 0. 1. 1. 0. 1. 1. 0. 0. 0.
 0. 1. 1. 0. 0. 1. 0. 0. 1. 0. 1. 1. 1. 0. 0. 0. 1. 1. 0. 0. 0. 0. 1. 0.
 0. 1. 0. 1. 1. 1. 1. 0. 0. 0. 0. 1. 1. 1. 1. 0. 1. 1. 1. 1. 0. 1. 0. 0.
 1. 0. 0. 1. 1. 1. 1. 1. 0. 0. 1. 1. 1. 0. 0. 1. 0. 1. 0. 0. 1. 0. 1. 0.
 1. 0. 0. 0.]"
720,SVC,"{'C': 0.1, 'gamma': 0.01, 'kernel': 'sigmoid'}",0.4942636390248512,0.1728255859492256,,,0.6298770431330915,0.1321148071101246,0.5768102864877058,0.21641791044776115,0.6082089552238806,0.6082089552238806,"{0: 0.6077634216974828, 1: 0.6079304967698821}","{0: 0.6077634216974828, 1: 0.6079304967698821}",0.6079304967698821,"[[118  16]
 [ 89  45]]","[0. 0. 0. 0. 0. 1. 1. 0. 0. 0. 0. 0. 0. 1. 0. 0. 1. 0. 0. 0. 1. 0. 0. 0.
 0. 0. 0. 0. 0. 0. 0. 0. 0. 0. 1. 0. 1. 0. 1. 0. 1. 0. 0. 1. 0. 1. 1. 0.
 1. 0. 1. 0. 0. 0. 0. 1. 0. 0. 0. 0. 1. 0. 0. 1. 0. 0. 0. 0. 0. 0. 0. 0.
 0. 0. 1. 0. 0. 0. 0. 1. 0. 0. 0. 0. 0. 1. 0. 0. 0. 0. 0. 0. 1. 0. 0. 1.
 0. 0. 0. 1. 1. 0. 0. 1. 1. 0. 0. 0. 0. 0. 0. 0. 0. 0. 0. 1. 1. 0. 1. 0.
 0. 1. 0. 0. 0. 0. 0. 0. 0. 1. 0. 0. 0. 0. 0. 0. 0. 1. 0. 1. 1. 0. 1. 0.
 1. 0. 0. 0. 0. 0. 1. 1. 0. 0. 0. 0. 0. 0. 0. 0. 1. 1. 0. 0. 0. 1. 1. 1.
 0. 0. 1. 1. 1. 1. 0. 0. 0. 0. 0. 0. 0. 0. 0. 0. 0. 0. 0. 0. 0. 0. 0. 0.
 0. 0. 0. 0. 1. 0. 0. 0. 1. 0. 0. 1. 0. 0. 0. 0. 0. 0. 0. 0. 0. 1. 1. 0.
 0. 1. 0. 1. 0. 0. 0. 0. 0. 0. 0. 0. 0. 0. 1. 0. 0. 0. 0. 0. 0. 0. 0. 0.
 0. 0. 0. 0. 1. 0. 0. 1. 0. 0. 0. 0. 1. 0. 1. 0. 0. 0. 0. 0. 0. 0. 0. 0.
 1. 1. 0. 0.]","[0. 1. 0. 0. 0. 1. 1. 1. 0. 0. 0. 0. 0. 1. 0. 0. 1. 1. 0. 0. 0. 0. 0. 1.
 0. 0. 1. 0. 1. 0. 0. 1. 0. 1. 1. 0. 0. 0. 1. 0. 0. 0. 1. 1. 1. 0. 1. 0.
 1. 0. 1. 1. 0. 1. 1. 1. 1. 0. 1. 0. 0. 1. 1. 1. 0. 0. 0. 1. 1. 0. 1. 1.
 0. 0. 1. 0. 0. 1. 0. 1. 0. 1. 1. 1. 0. 1. 0. 1. 1. 1. 1. 1. 1. 1. 1. 0.
 0. 0. 1. 1. 1. 0. 0. 1. 1. 1. 0. 0. 0. 1. 1. 1. 0. 0. 0. 0. 1. 1. 1. 0.
 1. 0. 0. 1. 1. 0. 0. 0. 0. 1. 0. 0. 1. 1. 0. 1. 1. 1. 0. 1. 1. 0. 1. 0.
 1. 1. 0. 0. 0. 1. 1. 0. 1. 1. 0. 1. 0. 0. 0. 1. 1. 1. 0. 1. 0. 1. 1. 0.
 1. 0. 0. 1. 1. 0. 0. 1. 0. 1. 1. 0. 0. 1. 0. 0. 1. 1. 0. 1. 1. 0. 0. 0.
 0. 1. 1. 0. 0. 1. 0. 0. 1. 0. 1. 1. 1. 0. 0. 0. 1. 1. 0. 0. 0. 0. 1. 0.
 0. 1. 0. 1. 1. 1. 1. 0. 0. 0. 0. 1. 1. 1. 1. 0. 1. 1. 1. 1. 0. 1. 0. 0.
 1. 0. 0. 1. 1. 1. 1. 1. 0. 0. 1. 1. 1. 0. 0. 1. 0. 1. 0. 0. 1. 0. 1. 0.
 1. 0. 0. 0.]"
747,SVC,"{'C': 1000, 'gamma': 1, 'kernel': 'sigmoid'}",0.4942636390248512,0.1728255859492256,,,0.6298770431330915,0.1321148071101246,0.5768102864877058,0.21641791044776115,0.6082089552238806,0.6082089552238806,"{0: 0.6275339719313878, 1: 0.6275339719313877}","{0: 0.6275339719313878, 1: 0.6275339719313877}",0.6275339719313877,"[[118  16]
 [ 89  45]]","[0. 0. 0. 0. 0. 1. 1. 0. 0. 0. 0. 0. 0. 1. 0. 0. 1. 0. 0. 0. 1. 0. 0. 0.
 0. 0. 0. 0. 0. 0. 0. 0. 0. 0. 1. 0. 1. 0. 1. 0. 1. 0. 0. 1. 0. 1. 1. 0.
 1. 0. 1. 0. 0. 0. 0. 1. 0. 0. 0. 0. 1. 0. 0. 1. 0. 0. 0. 0. 0. 0. 0. 0.
 0. 0. 1. 0. 0. 0. 0. 1. 0. 0. 0. 0. 0. 1. 0. 0. 0. 0. 0. 0. 1. 0. 0. 1.
 0. 0. 0. 1. 1. 0. 0. 1. 1. 0. 0. 0. 0. 0. 0. 0. 0. 0. 0. 1. 1. 0. 1. 0.
 0. 1. 0. 0. 0. 0. 0. 0. 0. 1. 0. 0. 0. 0. 0. 0. 0. 1. 0. 1. 1. 0. 1. 0.
 1. 0. 0. 0. 0. 0. 1. 1. 0. 0. 0. 0. 0. 0. 0. 0. 1. 1. 0. 0. 0. 1. 1. 1.
 0. 0. 1. 1. 1. 1. 0. 0. 0. 0. 0. 0. 0. 0. 0. 0. 0. 0. 0. 0. 0. 0. 0. 0.
 0. 0. 0. 0. 1. 0. 0. 0. 1. 0. 0. 1. 0. 0. 0. 0. 0. 0. 0. 0. 0. 1. 1. 0.
 0. 1. 0. 1. 0. 0. 0. 0. 0. 0. 0. 0. 0. 0. 1. 0. 0. 0. 0. 0. 0. 0. 0. 0.
 0. 0. 0. 0. 1. 0. 0. 1. 0. 0. 0. 0. 1. 0. 1. 0. 0. 0. 0. 0. 0. 0. 0. 0.
 1. 1. 0. 0.]","[0. 1. 0. 0. 0. 1. 1. 1. 0. 0. 0. 0. 0. 1. 0. 0. 1. 1. 0. 0. 0. 0. 0. 1.
 0. 0. 1. 0. 1. 0. 0. 1. 0. 1. 1. 0. 0. 0. 1. 0. 0. 0. 1. 1. 1. 0. 1. 0.
 1. 0. 1. 1. 0. 1. 1. 1. 1. 0. 1. 0. 0. 1. 1. 1. 0. 0. 0. 1. 1. 0. 1. 1.
 0. 0. 1. 0. 0. 1. 0. 1. 0. 1. 1. 1. 0. 1. 0. 1. 1. 1. 1. 1. 1. 1. 1. 0.
 0. 0. 1. 1. 1. 0. 0. 1. 1. 1. 0. 0. 0. 1. 1. 1. 0. 0. 0. 0. 1. 1. 1. 0.
 1. 0. 0. 1. 1. 0. 0. 0. 0. 1. 0. 0. 1. 1. 0. 1. 1. 1. 0. 1. 1. 0. 1. 0.
 1. 1. 0. 0. 0. 1. 1. 0. 1. 1. 0. 1. 0. 0. 0. 1. 1. 1. 0. 1. 0. 1. 1. 0.
 1. 0. 0. 1. 1. 0. 0. 1. 0. 1. 1. 0. 0. 1. 0. 0. 1. 1. 0. 1. 1. 0. 0. 0.
 0. 1. 1. 0. 0. 1. 0. 0. 1. 0. 1. 1. 1. 0. 0. 0. 1. 1. 0. 0. 0. 0. 1. 0.
 0. 1. 0. 1. 1. 1. 1. 0. 0. 0. 0. 1. 1. 1. 1. 0. 1. 1. 1. 1. 0. 1. 0. 0.
 1. 0. 0. 1. 1. 1. 1. 1. 0. 0. 1. 1. 1. 0. 0. 1. 0. 1. 0. 0. 1. 0. 1. 0.
 1. 0. 0. 0.]"
770,AdaBoost,"{'algorithm': 'SAMME', 'learning_rate': 1.4061224489795918, 'n_estimators': 41}",0.6326319692568954,0.2040181706090217,,,0.6391826121160799,0.19218553458549498,0.610552202101498,0.22388059701492535,0.6119402985074627,0.6119402985074627,"{0: 0.6131933615504567, 1: 0.6131933615504567}","{0: 0.6131933615504567, 1: 0.6131933615504567}",0.6131933615504567,"[[74 60]
 [44 90]]","[1. 1. 0. 0. 0. 1. 1. 1. 1. 1. 0. 0. 1. 1. 0. 0. 1. 0. 0. 0. 1. 1. 0. 0.
 1. 0. 0. 1. 1. 1. 1. 0. 0. 0. 1. 0. 0. 0. 1. 0. 0. 0. 1. 1. 0. 0. 1. 1.
 0. 0. 1. 1. 0. 0. 1. 1. 1. 1. 0. 1. 0. 1. 1. 0. 1. 0. 0. 1. 1. 1. 1. 1.
 1. 1. 0. 1. 1. 0. 1. 1. 0. 1. 1. 0. 0. 1. 0. 0. 1. 0. 1. 1. 0. 1. 1. 1.
 0. 0. 0. 0. 1. 1. 1. 0. 1. 1. 0. 0. 0. 1. 1. 0. 0. 1. 1. 0. 1. 1. 0. 1.
 0. 1. 0. 1. 1. 1. 1. 0. 1. 0. 0. 1. 0. 0. 1. 1. 0. 0. 1. 1. 0. 0. 1. 0.
 1. 1. 1. 0. 1. 1. 1. 0. 1. 1. 0. 1. 1. 0. 1. 0. 1. 1. 0. 0. 1. 1. 1. 1.
 1. 1. 0. 1. 1. 0. 0. 1. 0. 1. 1. 1. 0. 1. 1. 1. 0. 0. 1. 1. 1. 1. 1. 1.
 1. 1. 0. 1. 1. 1. 0. 0. 1. 0. 1. 1. 1. 0. 1. 0. 0. 1. 0. 1. 1. 0. 0. 0.
 1. 0. 0. 1. 0. 0. 0. 0. 0. 1. 1. 1. 0. 1. 0. 1. 1. 1. 1. 1. 0. 1. 0. 0.
 1. 1. 0. 0. 1. 1. 0. 1. 0. 0. 1. 1. 1. 0. 0. 1. 0. 1. 0. 1. 0. 0. 1. 0.
 1. 0. 1. 0.]","[0. 1. 0. 0. 0. 1. 1. 1. 0. 0. 0. 0. 0. 1. 0. 0. 1. 1. 0. 0. 0. 0. 0. 1.
 0. 0. 1. 0. 1. 0. 0. 1. 0. 1. 1. 0. 0. 0. 1. 0. 0. 0. 1. 1. 1. 0. 1. 0.
 1. 0. 1. 1. 0. 1. 1. 1. 1. 0. 1. 0. 0. 1. 1. 1. 0. 0. 0. 1. 1. 0. 1. 1.
 0. 0. 1. 0. 0. 1. 0. 1. 0. 1. 1. 1. 0. 1. 0. 1. 1. 1. 1. 1. 1. 1. 1. 0.
 0. 0. 1. 1. 1. 0. 0. 1. 1. 1. 0. 0. 0. 1. 1. 1. 0. 0. 0. 0. 1. 1. 1. 0.
 1. 0. 0. 1. 1. 0. 0. 0. 0. 1. 0. 0. 1. 1. 0. 1. 1. 1. 0. 1. 1. 0. 1. 0.
 1. 1. 0. 0. 0. 1. 1. 0. 1. 1. 0. 1. 0. 0. 0. 1. 1. 1. 0. 1. 0. 1. 1. 0.
 1. 0. 0. 1. 1. 0. 0. 1. 0. 1. 1. 0. 0. 1. 0. 0. 1. 1. 0. 1. 1. 0. 0. 0.
 0. 1. 1. 0. 0. 1. 0. 0. 1. 0. 1. 1. 1. 0. 0. 0. 1. 1. 0. 0. 0. 0. 1. 0.
 0. 1. 0. 1. 1. 1. 1. 0. 0. 0. 0. 1. 1. 1. 1. 0. 1. 1. 1. 1. 0. 1. 0. 0.
 1. 0. 0. 1. 1. 1. 1. 1. 0. 0. 1. 1. 1. 0. 0. 1. 0. 1. 0. 0. 1. 0. 1. 0.
 1. 0. 0. 0.]"
818,SVC,"{'C': 0.1, 'gamma': 0.01, 'kernel': 'rbf'}",0.49132660894966323,0.16635810734058762,,,0.6173770431330915,0.11956169259454603,0.5575935436537052,0.19402985074626866,0.5970149253731343,0.5970149253731343,"{0: 0.6020828692359101, 1: 0.6020828692359101}","{0: 0.6020828692359101, 1: 0.6020828692359101}",0.6020828692359101,"[[120  14]
 [ 94  40]]","[0. 0. 0. 0. 0. 1. 1. 0. 0. 0. 0. 0. 0. 1. 0. 0. 0. 0. 0. 0. 1. 0. 0. 0.
 0. 0. 0. 0. 0. 0. 0. 0. 0. 0. 1. 0. 1. 0. 1. 0. 1. 0. 0. 0. 0. 0. 1. 0.
 1. 0. 1. 0. 0. 0. 0. 1. 0. 0. 0. 0. 1. 0. 0. 0. 0. 0. 0. 0. 0. 0. 0. 0.
 0. 0. 1. 0. 0. 0. 0. 1. 0. 0. 0. 0. 0. 1. 0. 0. 0. 0. 0. 0. 1. 0. 0. 1.
 0. 0. 0. 1. 1. 0. 0. 1. 1. 0. 0. 0. 0. 0. 0. 0. 0. 0. 0. 1. 1. 0. 1. 0.
 0. 1. 0. 0. 0. 0. 0. 0. 0. 1. 0. 0. 0. 0. 0. 0. 0. 1. 0. 1. 1. 0. 1. 0.
 1. 0. 0. 0. 0. 0. 1. 0. 0. 0. 0. 0. 0. 0. 0. 0. 1. 1. 0. 0. 0. 1. 1. 1.
 0. 0. 1. 1. 1. 1. 0. 0. 0. 0. 0. 0. 0. 0. 0. 0. 0. 0. 0. 0. 0. 0. 0. 0.
 0. 0. 0. 0. 1. 0. 0. 0. 1. 0. 0. 0. 0. 0. 0. 0. 0. 0. 0. 0. 0. 1. 1. 0.
 0. 1. 0. 1. 0. 0. 0. 0. 0. 0. 0. 0. 0. 0. 1. 0. 0. 0. 0. 0. 0. 0. 0. 0.
 0. 0. 0. 0. 1. 0. 0. 1. 0. 0. 0. 0. 1. 0. 1. 0. 0. 0. 0. 0. 0. 0. 0. 0.
 0. 1. 0. 0.]","[0. 1. 0. 0. 0. 1. 1. 1. 0. 0. 0. 0. 0. 1. 0. 0. 1. 1. 0. 0. 0. 0. 0. 1.
 0. 0. 1. 0. 1. 0. 0. 1. 0. 1. 1. 0. 0. 0. 1. 0. 0. 0. 1. 1. 1. 0. 1. 0.
 1. 0. 1. 1. 0. 1. 1. 1. 1. 0. 1. 0. 0. 1. 1. 1. 0. 0. 0. 1. 1. 0. 1. 1.
 0. 0. 1. 0. 0. 1. 0. 1. 0. 1. 1. 1. 0. 1. 0. 1. 1. 1. 1. 1. 1. 1. 1. 0.
 0. 0. 1. 1. 1. 0. 0. 1. 1. 1. 0. 0. 0. 1. 1. 1. 0. 0. 0. 0. 1. 1. 1. 0.
 1. 0. 0. 1. 1. 0. 0. 0. 0. 1. 0. 0. 1. 1. 0. 1. 1. 1. 0. 1. 1. 0. 1. 0.
 1. 1. 0. 0. 0. 1. 1. 0. 1. 1. 0. 1. 0. 0. 0. 1. 1. 1. 0. 1. 0. 1. 1. 0.
 1. 0. 0. 1. 1. 0. 0. 1. 0. 1. 1. 0. 0. 1. 0. 0. 1. 1. 0. 1. 1. 0. 0. 0.
 0. 1. 1. 0. 0. 1. 0. 0. 1. 0. 1. 1. 1. 0. 0. 0. 1. 1. 0. 0. 0. 0. 1. 0.
 0. 1. 0. 1. 1. 1. 1. 0. 0. 0. 0. 1. 1. 1. 1. 0. 1. 1. 1. 1. 0. 1. 0. 0.
 1. 0. 0. 1. 1. 1. 1. 1. 0. 0. 1. 1. 1. 0. 0. 1. 0. 1. 0. 0. 1. 0. 1. 0.
 1. 0. 0. 0.]"
832,SVC,"{'C': 100, 'gamma': 0.1, 'kernel': 'sigmoid'}",0.42470653920459345,0.1967919678634883,,,0.5647976780537265,0.17356160148369792,0.5084372707263389,0.10447761194029848,0.5522388059701493,0.5522388059701493,"{0: 0.5903876141679663, 1: 0.590387614167966}","{0: 0.5903876141679663, 1: 0.590387614167966}",0.590387614167966,"[[114  20]
 [100  34]]","[0. 0. 0. 0. 0. 1. 0. 0. 0. 0. 0. 0. 0. 0. 0. 0. 0. 0. 0. 1. 1. 0. 0. 0.
 1. 0. 0. 0. 0. 0. 0. 0. 0. 0. 1. 0. 0. 1. 1. 0. 1. 1. 0. 0. 0. 1. 1. 0.
 0. 0. 1. 0. 0. 1. 0. 1. 0. 0. 0. 1. 1. 0. 0. 1. 0. 0. 0. 0. 0. 0. 0. 1.
 0. 0. 1. 0. 0. 0. 0. 1. 0. 0. 1. 0. 0. 0. 1. 0. 0. 0. 0. 0. 0. 0. 1. 1.
 0. 0. 1. 0. 1. 0. 0. 0. 1. 0. 0. 0. 0. 0. 1. 0. 0. 0. 0. 1. 1. 0. 0. 0.
 0. 0. 0. 0. 0. 0. 1. 0. 1. 0. 0. 0. 1. 0. 0. 0. 0. 0. 1. 1. 1. 0. 1. 0.
 0. 0. 0. 0. 0. 0. 1. 0. 0. 0. 0. 0. 0. 0. 0. 0. 0. 0. 0. 0. 0. 1. 0. 1.
 0. 0. 1. 0. 1. 0. 0. 0. 1. 0. 1. 0. 0. 0. 0. 0. 0. 0. 0. 0. 0. 0. 0. 0.
 0. 0. 0. 0. 0. 0. 0. 0. 0. 0. 0. 0. 0. 0. 0. 0. 0. 0. 0. 0. 0. 0. 1. 0.
 0. 1. 0. 0. 0. 0. 0. 0. 0. 0. 0. 0. 1. 0. 0. 0. 0. 0. 0. 1. 0. 0. 0. 1.
 1. 0. 0. 0. 1. 0. 1. 0. 0. 0. 0. 0. 1. 0. 0. 0. 0. 0. 1. 0. 0. 0. 0. 0.
 0. 0. 0. 0.]","[0. 1. 0. 0. 0. 1. 1. 1. 0. 0. 0. 0. 0. 1. 0. 0. 1. 1. 0. 0. 0. 0. 0. 1.
 0. 0. 1. 0. 1. 0. 0. 1. 0. 1. 1. 0. 0. 0. 1. 0. 0. 0. 1. 1. 1. 0. 1. 0.
 1. 0. 1. 1. 0. 1. 1. 1. 1. 0. 1. 0. 0. 1. 1. 1. 0. 0. 0. 1. 1. 0. 1. 1.
 0. 0. 1. 0. 0. 1. 0. 1. 0. 1. 1. 1. 0. 1. 0. 1. 1. 1. 1. 1. 1. 1. 1. 0.
 0. 0. 1. 1. 1. 0. 0. 1. 1. 1. 0. 0. 0. 1. 1. 1. 0. 0. 0. 0. 1. 1. 1. 0.
 1. 0. 0. 1. 1. 0. 0. 0. 0. 1. 0. 0. 1. 1. 0. 1. 1. 1. 0. 1. 1. 0. 1. 0.
 1. 1. 0. 0. 0. 1. 1. 0. 1. 1. 0. 1. 0. 0. 0. 1. 1. 1. 0. 1. 0. 1. 1. 0.
 1. 0. 0. 1. 1. 0. 0. 1. 0. 1. 1. 0. 0. 1. 0. 0. 1. 1. 0. 1. 1. 0. 0. 0.
 0. 1. 1. 0. 0. 1. 0. 0. 1. 0. 1. 1. 1. 0. 0. 0. 1. 1. 0. 0. 0. 0. 1. 0.
 0. 1. 0. 1. 1. 1. 1. 0. 0. 0. 0. 1. 1. 1. 1. 0. 1. 1. 1. 1. 0. 1. 0. 0.
 1. 0. 0. 1. 1. 1. 1. 1. 0. 0. 1. 1. 1. 0. 0. 1. 0. 1. 0. 0. 1. 0. 1. 0.
 1. 0. 0. 0.]"
835,randomforest,"{'criterion': 'entropy', 'max_features': 'sqrt', 'n_estimators': 67}",0.626912316182001,0.21370042826570354,,,0.6243760048195531,0.21458399005994758,0.5891861761426979,0.17910447761194026,0.5895522388059702,0.5895522388059702,"{0: 0.59581755402094, 1: 0.59581755402094}","{0: 0.59581755402094, 1: 0.59581755402094}",0.59581755402094,"[[75 59]
 [51 83]]","[1. 0. 0. 0. 0. 1. 0. 1. 1. 0. 0. 0. 1. 0. 0. 0. 1. 0. 0. 0. 0. 1. 0. 0.
 0. 0. 1. 1. 1. 1. 1. 0. 0. 0. 1. 0. 0. 0. 1. 0. 0. 0. 1. 0. 0. 0. 1. 1.
 0. 0. 1. 0. 0. 1. 1. 1. 1. 1. 0. 1. 1. 0. 1. 0. 0. 0. 1. 1. 1. 1. 1. 0.
 1. 1. 0. 1. 1. 0. 0. 1. 1. 1. 1. 0. 0. 1. 0. 0. 1. 1. 1. 1. 0. 1. 1. 1.
 0. 0. 1. 1. 0. 1. 0. 0. 1. 0. 0. 0. 0. 1. 1. 0. 0. 1. 1. 0. 1. 0. 0. 0.
 1. 1. 1. 1. 1. 1. 1. 1. 0. 0. 0. 1. 1. 0. 1. 1. 0. 1. 0. 1. 1. 0. 1. 0.
 1. 0. 0. 0. 1. 1. 1. 0. 1. 1. 0. 1. 1. 0. 1. 0. 1. 1. 0. 0. 1. 1. 0. 1.
 1. 1. 0. 1. 1. 1. 0. 1. 1. 0. 1. 0. 0. 1. 1. 1. 0. 1. 1. 1. 0. 0. 1. 1.
 1. 1. 0. 1. 1. 1. 0. 0. 0. 0. 0. 1. 0. 0. 0. 0. 1. 1. 0. 1. 1. 1. 1. 0.
 1. 1. 0. 0. 0. 0. 0. 0. 1. 1. 1. 0. 0. 0. 1. 1. 1. 1. 1. 1. 0. 1. 0. 0.
 1. 1. 1. 0. 1. 1. 1. 1. 0. 1. 1. 0. 1. 0. 0. 1. 0. 0. 0. 1. 0. 0. 1. 1.
 1. 0. 1. 0.]","[0. 1. 0. 0. 0. 1. 1. 1. 0. 0. 0. 0. 0. 1. 0. 0. 1. 1. 0. 0. 0. 0. 0. 1.
 0. 0. 1. 0. 1. 0. 0. 1. 0. 1. 1. 0. 0. 0. 1. 0. 0. 0. 1. 1. 1. 0. 1. 0.
 1. 0. 1. 1. 0. 1. 1. 1. 1. 0. 1. 0. 0. 1. 1. 1. 0. 0. 0. 1. 1. 0. 1. 1.
 0. 0. 1. 0. 0. 1. 0. 1. 0. 1. 1. 1. 0. 1. 0. 1. 1. 1. 1. 1. 1. 1. 1. 0.
 0. 0. 1. 1. 1. 0. 0. 1. 1. 1. 0. 0. 0. 1. 1. 1. 0. 0. 0. 0. 1. 1. 1. 0.
 1. 0. 0. 1. 1. 0. 0. 0. 0. 1. 0. 0. 1. 1. 0. 1. 1. 1. 0. 1. 1. 0. 1. 0.
 1. 1. 0. 0. 0. 1. 1. 0. 1. 1. 0. 1. 0. 0. 0. 1. 1. 1. 0. 1. 0. 1. 1. 0.
 1. 0. 0. 1. 1. 0. 0. 1. 0. 1. 1. 0. 0. 1. 0. 0. 1. 1. 0. 1. 1. 0. 0. 0.
 0. 1. 1. 0. 0. 1. 0. 0. 1. 0. 1. 1. 1. 0. 0. 0. 1. 1. 0. 0. 0. 0. 1. 0.
 0. 1. 0. 1. 1. 1. 1. 0. 0. 0. 0. 1. 1. 1. 1. 0. 1. 1. 1. 1. 0. 1. 0. 0.
 1. 0. 0. 1. 1. 1. 1. 1. 0. 0. 1. 1. 1. 0. 0. 1. 0. 1. 0. 0. 1. 0. 1. 0.
 1. 0. 0. 0.]"
842,AdaBoost,"{'algorithm': 'SAMME.R', 'learning_rate': 2.7122448979591836, 'n_estimators': 85}",0.44478511207554466,0.23561581958440556,,,0.5273857247143537,0.21097309033858316,0.46771802928795875,0.0,0.5,0.5,"{0: 0.5144241479171309, 1: 0.5144241479171308}","{0: 0.5144241479171309, 1: 0.5144241479171308}",0.5144241479171308,"[[ 34 100]
 [ 34 100]]","[1. 1. 1. 1. 1. 1. 0. 1. 1. 1. 1. 1. 1. 0. 1. 1. 0. 1. 1. 1. 1. 1. 1. 1.
 0. 1. 1. 1. 1. 1. 1. 1. 0. 1. 1. 1. 0. 1. 1. 0. 1. 1. 1. 0. 0. 1. 1. 0.
 0. 0. 1. 1. 1. 1. 1. 1. 1. 1. 1. 1. 1. 1. 1. 1. 1. 0. 0. 0. 1. 1. 1. 0.
 0. 1. 1. 1. 1. 1. 1. 1. 1. 1. 1. 1. 1. 1. 0. 0. 1. 1. 1. 1. 0. 1. 0. 1.
 1. 1. 1. 0. 1. 1. 1. 0. 1. 1. 0. 0. 1. 1. 0. 0. 1. 1. 1. 1. 1. 1. 0. 1.
 1. 1. 1. 1. 1. 0. 1. 1. 1. 0. 0. 0. 1. 0. 1. 1. 0. 0. 1. 1. 1. 1. 1. 1.
 0. 1. 1. 1. 1. 1. 1. 0. 1. 0. 0. 1. 1. 1. 0. 1. 1. 0. 1. 1. 1. 1. 1. 1.
 1. 1. 1. 0. 1. 0. 1. 1. 0. 1. 1. 1. 1. 1. 1. 1. 0. 0. 1. 1. 0. 1. 1. 1.
 0. 1. 1. 1. 0. 1. 0. 1. 0. 1. 1. 0. 1. 1. 1. 1. 1. 1. 0. 1. 1. 0. 1. 1.
 1. 1. 1. 1. 0. 1. 1. 1. 1. 0. 0. 1. 0. 1. 0. 1. 1. 1. 1. 1. 1. 0. 0. 1.
 1. 1. 1. 1. 1. 1. 1. 1. 0. 0. 1. 1. 1. 1. 0. 1. 1. 1. 0. 1. 1. 1. 0. 0.
 1. 1. 1. 0.]","[0. 1. 0. 0. 0. 1. 1. 1. 0. 0. 0. 0. 0. 1. 0. 0. 1. 1. 0. 0. 0. 0. 0. 1.
 0. 0. 1. 0. 1. 0. 0. 1. 0. 1. 1. 0. 0. 0. 1. 0. 0. 0. 1. 1. 1. 0. 1. 0.
 1. 0. 1. 1. 0. 1. 1. 1. 1. 0. 1. 0. 0. 1. 1. 1. 0. 0. 0. 1. 1. 0. 1. 1.
 0. 0. 1. 0. 0. 1. 0. 1. 0. 1. 1. 1. 0. 1. 0. 1. 1. 1. 1. 1. 1. 1. 1. 0.
 0. 0. 1. 1. 1. 0. 0. 1. 1. 1. 0. 0. 0. 1. 1. 1. 0. 0. 0. 0. 1. 1. 1. 0.
 1. 0. 0. 1. 1. 0. 0. 0. 0. 1. 0. 0. 1. 1. 0. 1. 1. 1. 0. 1. 1. 0. 1. 0.
 1. 1. 0. 0. 0. 1. 1. 0. 1. 1. 0. 1. 0. 0. 0. 1. 1. 1. 0. 1. 0. 1. 1. 0.
 1. 0. 0. 1. 1. 0. 0. 1. 0. 1. 1. 0. 0. 1. 0. 0. 1. 1. 0. 1. 1. 0. 0. 0.
 0. 1. 1. 0. 0. 1. 0. 0. 1. 0. 1. 1. 1. 0. 0. 0. 1. 1. 0. 0. 0. 0. 1. 0.
 0. 1. 0. 1. 1. 1. 1. 0. 0. 0. 0. 1. 1. 1. 1. 0. 1. 1. 1. 1. 0. 1. 0. 0.
 1. 0. 0. 1. 1. 1. 1. 1. 0. 0. 1. 1. 1. 0. 0. 1. 0. 1. 0. 0. 1. 0. 1. 0.
 1. 0. 0. 0.]"
874,SVC,"{'C': 10, 'gamma': 0.0001, 'kernel': 'rbf'}",0.39828807186049886,0.2031635777602755,,,0.42837633729770824,0.18315374960232747,0.42754613807245384,-0.11940298507462677,0.44029850746268656,0.4402985074626866,"{0: 0.43651147248830474, 1: 0.43651147248830474}","{0: 0.43651147248830474, 1: 0.43651147248830474}",0.43651147248830474,"[[79 55]
 [95 39]]","[0. 1. 1. 1. 1. 0. 0. 1. 1. 0. 1. 0. 1. 0. 0. 1. 0. 0. 0. 1. 1. 0. 0. 0.
 1. 1. 1. 1. 0. 0. 0. 0. 1. 0. 0. 0. 0. 1. 0. 1. 0. 0. 0. 0. 0. 0. 0. 0.
 0. 1. 0. 0. 1. 0. 1. 0. 1. 0. 1. 0. 0. 1. 1. 0. 0. 1. 0. 1. 0. 0. 0. 0.
 1. 0. 0. 1. 0. 0. 0. 1. 0. 0. 0. 1. 0. 0. 1. 0. 0. 0. 1. 1. 0. 0. 0. 0.
 1. 0. 1. 0. 0. 0. 0. 0. 1. 0. 0. 1. 0. 0. 0. 1. 0. 1. 1. 0. 0. 1. 0. 0.
 0. 0. 1. 0. 1. 1. 0. 1. 0. 1. 0. 1. 1. 1. 1. 0. 0. 0. 1. 1. 0. 0. 1. 1.
 0. 0. 1. 0. 0. 1. 0. 1. 0. 0. 1. 1. 0. 0. 1. 0. 1. 0. 1. 0. 1. 0. 0. 0.
 0. 1. 0. 0. 0. 0. 0. 0. 0. 1. 0. 1. 0. 1. 0. 1. 1. 0. 1. 1. 1. 0. 0. 1.
 0. 0. 0. 0. 0. 0. 0. 0. 0. 1. 0. 0. 0. 0. 0. 0. 1. 1. 0. 1. 0. 0. 0. 1.
 1. 1. 0. 0. 0. 0. 0. 0. 0. 1. 0. 0. 0. 0. 0. 0. 0. 0. 0. 0. 1. 0. 1. 0.
 0. 0. 0. 1. 0. 1. 0. 0. 1. 1. 0. 0. 1. 0. 0. 1. 1. 0. 0. 1. 1. 1. 0. 0.
 0. 0. 0. 0.]","[0. 1. 0. 0. 0. 1. 1. 1. 0. 0. 0. 0. 0. 1. 0. 0. 1. 1. 0. 0. 0. 0. 0. 1.
 0. 0. 1. 0. 1. 0. 0. 1. 0. 1. 1. 0. 0. 0. 1. 0. 0. 0. 1. 1. 1. 0. 1. 0.
 1. 0. 1. 1. 0. 1. 1. 1. 1. 0. 1. 0. 0. 1. 1. 1. 0. 0. 0. 1. 1. 0. 1. 1.
 0. 0. 1. 0. 0. 1. 0. 1. 0. 1. 1. 1. 0. 1. 0. 1. 1. 1. 1. 1. 1. 1. 1. 0.
 0. 0. 1. 1. 1. 0. 0. 1. 1. 1. 0. 0. 0. 1. 1. 1. 0. 0. 0. 0. 1. 1. 1. 0.
 1. 0. 0. 1. 1. 0. 0. 0. 0. 1. 0. 0. 1. 1. 0. 1. 1. 1. 0. 1. 1. 0. 1. 0.
 1. 1. 0. 0. 0. 1. 1. 0. 1. 1. 0. 1. 0. 0. 0. 1. 1. 1. 0. 1. 0. 1. 1. 0.
 1. 0. 0. 1. 1. 0. 0. 1. 0. 1. 1. 0. 0. 1. 0. 0. 1. 1. 0. 1. 1. 0. 0. 0.
 0. 1. 1. 0. 0. 1. 0. 0. 1. 0. 1. 1. 1. 0. 0. 0. 1. 1. 0. 0. 0. 0. 1. 0.
 0. 1. 0. 1. 1. 1. 1. 0. 0. 0. 0. 1. 1. 1. 1. 0. 1. 1. 1. 1. 0. 1. 0. 0.
 1. 0. 0. 1. 1. 1. 1. 1. 0. 0. 1. 1. 1. 0. 0. 1. 0. 1. 0. 0. 1. 0. 1. 0.
 1. 0. 0. 0.]"
888,SVC,"{'C': 0.1, 'gamma': 0.01, 'kernel': 'sigmoid'}",0.4326430471411014,0.1892706091753663,,,0.5715437097997582,0.1708913870820538,0.5364467506795156,0.11194029850746268,0.5559701492537313,0.5559701492537313,"{0: 0.5904711517041658, 1: 0.5903040766317666}","{0: 0.5904711517041658, 1: 0.5903040766317666}",0.5903040766317666,"[[102  32]
 [ 87  47]]","[0. 0. 0. 0. 0. 1. 1. 0. 0. 0. 0. 0. 0. 0. 0. 0. 0. 0. 1. 1. 1. 1. 1. 0.
 1. 0. 1. 0. 0. 0. 0. 0. 0. 0. 0. 0. 1. 1. 0. 1. 1. 1. 0. 0. 0. 1. 1. 0.
 1. 1. 0. 0. 0. 1. 0. 1. 0. 0. 0. 1. 0. 0. 0. 1. 0. 0. 0. 0. 0. 0. 0. 1.
 0. 0. 1. 0. 0. 0. 0. 1. 0. 0. 1. 0. 0. 1. 1. 1. 0. 0. 0. 0. 1. 0. 1. 1.
 0. 0. 1. 1. 1. 0. 0. 1. 1. 0. 0. 0. 0. 0. 1. 1. 0. 0. 0. 0. 0. 0. 1. 0.
 1. 1. 0. 0. 0. 0. 1. 0. 1. 0. 0. 0. 1. 0. 0. 0. 0. 1. 1. 1. 1. 0. 0. 0.
 1. 0. 0. 0. 0. 0. 0. 1. 0. 0. 0. 0. 0. 0. 0. 0. 1. 0. 0. 0. 0. 1. 1. 1.
 1. 0. 1. 0. 1. 1. 0. 0. 1. 0. 1. 0. 1. 0. 0. 0. 0. 0. 0. 0. 0. 0. 0. 0.
 0. 0. 0. 0. 1. 0. 0. 0. 0. 0. 0. 0. 0. 0. 0. 0. 0. 0. 0. 0. 0. 0. 1. 0.
 0. 0. 0. 1. 0. 0. 0. 0. 0. 0. 0. 1. 1. 0. 0. 0. 0. 0. 0. 1. 0. 1. 0. 1.
 1. 0. 0. 0. 0. 0. 1. 1. 0. 0. 0. 0. 1. 0. 1. 0. 0. 0. 1. 0. 0. 0. 0. 0.
 1. 1. 0. 1.]","[0. 1. 0. 0. 0. 1. 1. 1. 0. 0. 0. 0. 0. 1. 0. 0. 1. 1. 0. 0. 0. 0. 0. 1.
 0. 0. 1. 0. 1. 0. 0. 1. 0. 1. 1. 0. 0. 0. 1. 0. 0. 0. 1. 1. 1. 0. 1. 0.
 1. 0. 1. 1. 0. 1. 1. 1. 1. 0. 1. 0. 0. 1. 1. 1. 0. 0. 0. 1. 1. 0. 1. 1.
 0. 0. 1. 0. 0. 1. 0. 1. 0. 1. 1. 1. 0. 1. 0. 1. 1. 1. 1. 1. 1. 1. 1. 0.
 0. 0. 1. 1. 1. 0. 0. 1. 1. 1. 0. 0. 0. 1. 1. 1. 0. 0. 0. 0. 1. 1. 1. 0.
 1. 0. 0. 1. 1. 0. 0. 0. 0. 1. 0. 0. 1. 1. 0. 1. 1. 1. 0. 1. 1. 0. 1. 0.
 1. 1. 0. 0. 0. 1. 1. 0. 1. 1. 0. 1. 0. 0. 0. 1. 1. 1. 0. 1. 0. 1. 1. 0.
 1. 0. 0. 1. 1. 0. 0. 1. 0. 1. 1. 0. 0. 1. 0. 0. 1. 1. 0. 1. 1. 0. 0. 0.
 0. 1. 1. 0. 0. 1. 0. 0. 1. 0. 1. 1. 1. 0. 0. 0. 1. 1. 0. 0. 0. 0. 1. 0.
 0. 1. 0. 1. 1. 1. 1. 0. 0. 0. 0. 1. 1. 1. 1. 0. 1. 1. 1. 1. 0. 1. 0. 0.
 1. 0. 0. 1. 1. 1. 1. 1. 0. 0. 1. 1. 1. 0. 0. 1. 0. 1. 0. 0. 1. 0. 1. 0.
 1. 0. 0. 0.]"
948,randomforest,"{'criterion': 'gini', 'max_features': 'sqrt', 'n_estimators': 71}",0.6248721367221078,0.19149163644712658,,,0.6320234536968408,0.18524106209060132,0.6041248606465998,0.20895522388059706,0.6044776119402985,0.6044776119402986,"{0: 0.6075406549342839, 1: 0.6075406549342838}","{0: 0.6075406549342839, 1: 0.6075406549342838}",0.6075406549342838,"[[77 57]
 [49 85]]","[1. 0. 0. 0. 0. 1. 0. 1. 1. 0. 0. 1. 1. 0. 0. 0. 1. 0. 0. 0. 1. 1. 0. 0.
 0. 0. 1. 1. 1. 1. 1. 0. 0. 0. 1. 1. 1. 0. 1. 0. 1. 0. 1. 1. 0. 0. 1. 1.
 0. 0. 1. 0. 0. 1. 1. 1. 1. 1. 0. 1. 1. 0. 1. 0. 0. 0. 1. 1. 1. 0. 0. 0.
 0. 1. 0. 1. 1. 0. 0. 1. 1. 1. 1. 0. 0. 1. 0. 1. 1. 1. 1. 1. 0. 1. 1. 1.
 0. 0. 1. 1. 1. 1. 0. 1. 1. 1. 0. 0. 0. 1. 0. 0. 0. 1. 1. 0. 1. 0. 0. 0.
 0. 1. 1. 1. 1. 1. 1. 1. 1. 0. 0. 1. 1. 0. 1. 1. 0. 1. 0. 1. 1. 0. 0. 0.
 0. 0. 0. 0. 1. 1. 1. 0. 1. 1. 0. 1. 1. 0. 0. 0. 1. 1. 0. 0. 1. 1. 0. 1.
 1. 1. 1. 1. 1. 0. 0. 1. 1. 0. 1. 0. 0. 0. 1. 1. 0. 0. 1. 1. 0. 0. 1. 1.
 1. 1. 1. 0. 0. 1. 0. 0. 0. 0. 1. 1. 0. 1. 0. 0. 1. 1. 0. 1. 1. 0. 1. 0.
 1. 1. 0. 1. 0. 0. 0. 0. 1. 1. 1. 0. 1. 0. 1. 1. 1. 1. 1. 1. 0. 1. 0. 0.
 1. 1. 0. 0. 1. 1. 1. 1. 0. 0. 1. 0. 1. 0. 0. 1. 0. 0. 0. 1. 0. 0. 1. 0.
 1. 0. 1. 0.]","[0. 1. 0. 0. 0. 1. 1. 1. 0. 0. 0. 0. 0. 1. 0. 0. 1. 1. 0. 0. 0. 0. 0. 1.
 0. 0. 1. 0. 1. 0. 0. 1. 0. 1. 1. 0. 0. 0. 1. 0. 0. 0. 1. 1. 1. 0. 1. 0.
 1. 0. 1. 1. 0. 1. 1. 1. 1. 0. 1. 0. 0. 1. 1. 1. 0. 0. 0. 1. 1. 0. 1. 1.
 0. 0. 1. 0. 0. 1. 0. 1. 0. 1. 1. 1. 0. 1. 0. 1. 1. 1. 1. 1. 1. 1. 1. 0.
 0. 0. 1. 1. 1. 0. 0. 1. 1. 1. 0. 0. 0. 1. 1. 1. 0. 0. 0. 0. 1. 1. 1. 0.
 1. 0. 0. 1. 1. 0. 0. 0. 0. 1. 0. 0. 1. 1. 0. 1. 1. 1. 0. 1. 1. 0. 1. 0.
 1. 1. 0. 0. 0. 1. 1. 0. 1. 1. 0. 1. 0. 0. 0. 1. 1. 1. 0. 1. 0. 1. 1. 0.
 1. 0. 0. 1. 1. 0. 0. 1. 0. 1. 1. 0. 0. 1. 0. 0. 1. 1. 0. 1. 1. 0. 0. 0.
 0. 1. 1. 0. 0. 1. 0. 0. 1. 0. 1. 1. 1. 0. 0. 0. 1. 1. 0. 0. 0. 0. 1. 0.
 0. 1. 0. 1. 1. 1. 1. 0. 0. 0. 0. 1. 1. 1. 1. 0. 1. 1. 1. 1. 0. 1. 0. 0.
 1. 0. 0. 1. 1. 1. 1. 1. 0. 0. 1. 1. 1. 0. 0. 1. 0. 1. 0. 0. 1. 0. 1. 0.
 1. 0. 0. 0.]"
958,SVC,"{'C': 0.1, 'gamma': 0.01, 'kernel': 'rbf'}",0.4433325312680856,0.18709775409336168,,,0.5715437097997582,0.1708913870820538,0.5113310758009899,0.11194029850746268,0.5559701492537313,0.5559701492537313,"{0: 0.5581421251949208, 1: 0.5581421251949209}","{0: 0.5581421251949208, 1: 0.5581421251949209}",0.5581421251949209,"[[115  19]
 [100  34]]","[0. 0. 0. 0. 0. 1. 1. 0. 0. 0. 0. 0. 0. 0. 0. 0. 0. 0. 1. 0. 1. 1. 1. 0.
 0. 0. 1. 0. 0. 0. 0. 0. 0. 0. 0. 0. 1. 0. 0. 1. 1. 0. 0. 0. 0. 1. 1. 0.
 1. 0. 0. 0. 0. 0. 0. 1. 0. 0. 0. 0. 0. 0. 0. 1. 0. 0. 0. 0. 0. 0. 0. 0.
 0. 0. 1. 0. 0. 0. 0. 1. 0. 0. 0. 0. 0. 1. 0. 1. 0. 0. 0. 0. 1. 0. 0. 1.
 0. 0. 0. 1. 1. 0. 0. 1. 1. 0. 0. 0. 0. 0. 0. 1. 0. 0. 0. 0. 0. 0. 1. 0.
 0. 1. 0. 0. 0. 0. 0. 0. 0. 0. 0. 0. 0. 0. 0. 0. 0. 1. 0. 1. 1. 0. 0. 0.
 1. 0. 0. 0. 0. 0. 0. 1. 0. 0. 0. 0. 0. 0. 0. 0. 1. 0. 0. 0. 0. 1. 1. 1.
 0. 0. 1. 0. 1. 1. 0. 0. 0. 0. 0. 0. 0. 0. 0. 0. 0. 0. 0. 0. 0. 0. 0. 0.
 0. 0. 0. 0. 1. 0. 0. 0. 0. 0. 0. 0. 0. 0. 0. 0. 0. 0. 0. 0. 0. 0. 1. 0.
 0. 0. 0. 1. 0. 0. 0. 0. 0. 0. 0. 1. 1. 0. 0. 0. 0. 0. 0. 0. 0. 1. 0. 0.
 0. 0. 0. 0. 0. 0. 0. 1. 0. 0. 0. 0. 1. 0. 1. 0. 0. 0. 1. 0. 0. 0. 0. 0.
 1. 1. 0. 1.]","[0. 1. 0. 0. 0. 1. 1. 1. 0. 0. 0. 0. 0. 1. 0. 0. 1. 1. 0. 0. 0. 0. 0. 1.
 0. 0. 1. 0. 1. 0. 0. 1. 0. 1. 1. 0. 0. 0. 1. 0. 0. 0. 1. 1. 1. 0. 1. 0.
 1. 0. 1. 1. 0. 1. 1. 1. 1. 0. 1. 0. 0. 1. 1. 1. 0. 0. 0. 1. 1. 0. 1. 1.
 0. 0. 1. 0. 0. 1. 0. 1. 0. 1. 1. 1. 0. 1. 0. 1. 1. 1. 1. 1. 1. 1. 1. 0.
 0. 0. 1. 1. 1. 0. 0. 1. 1. 1. 0. 0. 0. 1. 1. 1. 0. 0. 0. 0. 1. 1. 1. 0.
 1. 0. 0. 1. 1. 0. 0. 0. 0. 1. 0. 0. 1. 1. 0. 1. 1. 1. 0. 1. 1. 0. 1. 0.
 1. 1. 0. 0. 0. 1. 1. 0. 1. 1. 0. 1. 0. 0. 0. 1. 1. 1. 0. 1. 0. 1. 1. 0.
 1. 0. 0. 1. 1. 0. 0. 1. 0. 1. 1. 0. 0. 1. 0. 0. 1. 1. 0. 1. 1. 0. 0. 0.
 0. 1. 1. 0. 0. 1. 0. 0. 1. 0. 1. 1. 1. 0. 0. 0. 1. 1. 0. 0. 0. 0. 1. 0.
 0. 1. 0. 1. 1. 1. 1. 0. 0. 0. 0. 1. 1. 1. 1. 0. 1. 1. 1. 1. 0. 1. 0. 0.
 1. 0. 0. 1. 1. 1. 1. 1. 0. 0. 1. 1. 1. 0. 0. 1. 0. 1. 0. 0. 1. 0. 1. 0.
 1. 0. 0. 0.]"
972,SVC,"{'C': 100, 'gamma': 0.1, 'kernel': 'sigmoid'}",0.4942636390248512,0.1728255859492256,,,0.6298770431330915,0.1321148071101246,0.574918050121603,0.21641791044776115,0.6082089552238806,0.6082089552238806,"{0: 0.621463577634217, 1: 0.6214635776342169}","{0: 0.621463577634217, 1: 0.6214635776342169}",0.6214635776342169,"[[119  15]
 [ 90  44]]","[0. 0. 0. 0. 0. 1. 1. 0. 0. 0. 0. 0. 0. 1. 0. 0. 1. 0. 0. 0. 1. 0. 0. 0.
 0. 0. 0. 0. 0. 0. 0. 0. 0. 0. 1. 0. 1. 0. 1. 0. 1. 0. 0. 1. 0. 1. 1. 0.
 1. 0. 1. 0. 0. 0. 0. 1. 0. 0. 0. 0. 1. 0. 0. 1. 0. 0. 0. 0. 0. 0. 0. 0.
 0. 0. 1. 0. 0. 0. 0. 1. 0. 0. 0. 0. 0. 1. 0. 0. 0. 0. 0. 0. 1. 0. 0. 1.
 0. 0. 0. 1. 1. 0. 0. 1. 1. 0. 0. 0. 0. 0. 0. 0. 0. 0. 0. 1. 1. 0. 1. 0.
 0. 1. 0. 0. 0. 0. 0. 0. 0. 1. 0. 0. 0. 0. 0. 0. 0. 1. 0. 1. 1. 0. 1. 0.
 1. 0. 0. 0. 0. 0. 1. 0. 0. 0. 0. 0. 0. 0. 0. 0. 1. 1. 0. 0. 0. 1. 1. 1.
 0. 0. 1. 1. 1. 1. 0. 0. 0. 0. 0. 0. 0. 0. 0. 0. 0. 0. 0. 0. 0. 0. 0. 0.
 0. 0. 0. 0. 1. 0. 0. 0. 1. 0. 0. 1. 0. 0. 0. 0. 0. 0. 0. 0. 0. 1. 1. 0.
 0. 1. 0. 1. 0. 0. 0. 0. 0. 0. 0. 0. 0. 0. 1. 0. 0. 0. 0. 0. 0. 0. 0. 0.
 0. 0. 0. 0. 1. 0. 0. 1. 0. 0. 0. 0. 1. 0. 1. 0. 0. 0. 0. 0. 0. 0. 0. 0.
 0. 1. 0. 0.]","[0. 1. 0. 0. 0. 1. 1. 1. 0. 0. 0. 0. 0. 1. 0. 0. 1. 1. 0. 0. 0. 0. 0. 1.
 0. 0. 1. 0. 1. 0. 0. 1. 0. 1. 1. 0. 0. 0. 1. 0. 0. 0. 1. 1. 1. 0. 1. 0.
 1. 0. 1. 1. 0. 1. 1. 1. 1. 0. 1. 0. 0. 1. 1. 1. 0. 0. 0. 1. 1. 0. 1. 1.
 0. 0. 1. 0. 0. 1. 0. 1. 0. 1. 1. 1. 0. 1. 0. 1. 1. 1. 1. 1. 1. 1. 1. 0.
 0. 0. 1. 1. 1. 0. 0. 1. 1. 1. 0. 0. 0. 1. 1. 1. 0. 0. 0. 0. 1. 1. 1. 0.
 1. 0. 0. 1. 1. 0. 0. 0. 0. 1. 0. 0. 1. 1. 0. 1. 1. 1. 0. 1. 1. 0. 1. 0.
 1. 1. 0. 0. 0. 1. 1. 0. 1. 1. 0. 1. 0. 0. 0. 1. 1. 1. 0. 1. 0. 1. 1. 0.
 1. 0. 0. 1. 1. 0. 0. 1. 0. 1. 1. 0. 0. 1. 0. 0. 1. 1. 0. 1. 1. 0. 0. 0.
 0. 1. 1. 0. 0. 1. 0. 0. 1. 0. 1. 1. 1. 0. 0. 0. 1. 1. 0. 0. 0. 0. 1. 0.
 0. 1. 0. 1. 1. 1. 1. 0. 0. 0. 0. 1. 1. 1. 1. 0. 1. 1. 1. 1. 0. 1. 0. 0.
 1. 0. 0. 1. 1. 1. 1. 1. 0. 0. 1. 1. 1. 0. 0. 1. 0. 1. 0. 0. 1. 0. 1. 0.
 1. 0. 0. 0.]"
